100 135
64 65
26 29
56 59
48 49
96 97
46 47
87 88
61 62
38 39
3 4
93 94
54 55
70 71
24 25
50 53
3 4
42 43
63 64
6 7
30 31
20 23
8 11
13 14
84 85
68 71
33 34
50 51
81 82
38 41
28 29
79 80
97 98
51 52
23 24
94 95
53 54
60 61
15 16
88 89
39 40
41 42
88 89
52 53
14 17
7 8
20 21
43 44
34 35
16 17
36 37
62 63
17 18
53 54
48 49
68 69
26 27
86 89
19 20
44 45
63 64
18 19
5 6
23 24
31 32
78 79
58 59
90 91
78 79
22 23
4 5
33 34
86 87
55 56
80 83
65 66
67 68
38 39
92 95
18 19
43 44
92 93
73 74
13 14
2 3
69 70
95 96
59 60
2 5
76 77
12 13
11 12
82 83
89 90
25 26
75 76
45 46
83 84
1 2
44 47
83 84
85 86
72 73
80 81
77 78
14 15
74 77
68 69
91 92
37 38
58 59
49 50
8 9
93 94
73 74
57 58
35 36
98 99
62 65
29 30
71 72
99 100
40 41
8 9
47 48
9 10
32 33
98 99
66 67
10 11
32 35
27 28
56 57
74 75
21 22
28 29
