100 138
70 72
98 100
89 90
77 78
40 41
86 88
50 52
10 12
99 100
66 67
31 32
66 67
22 24
50 51
66 68
42 43
6 7
96 97
94 95
6 8
30 32
78 80
33 34
4 5
86 87
16 17
80 81
9 10
7 8
24 25
88 89
94 95
70 71
15 16
3 4
87 88
8 9
52 53
44 45
93 94
43 44
48 49
79 80
46 48
38 39
24 25
68 69
71 72
62 63
3 4
65 66
2 3
90 92
29 30
31 32
82 83
18 20
67 68
60 61
54 56
2 4
45 46
94 96
34 36
34 35
42 44
19 20
90 91
73 74
22 23
18 19
95 96
98 99
45 46
1 2
72 73
62 64
58 60
78 79
5 6
13 14
10 11
87 88
76 77
20 21
14 16
53 54
10 11
37 38
17 18
38 40
32 33
54 55
75 76
57 58
12 13
14 15
59 60
28 29
64 65
38 39
61 62
23 24
59 60
47 48
35 36
51 52
49 50
83 84
81 82
36 37
25 26
74 76
58 59
26 28
84 85
46 47
91 92
69 70
11 12
73 74
26 27
80 81
74 75
63 64
92 93
55 56
39 40
27 28
97 98
30 31
52 53
56 57
85 86
82 84
17 18
41 42
21 22
