100 99
98 99
79 90
82 88
15 47
53 67
48 64
97 99
32 39
88 92
20 42
1 10
77 89
59 72
41 60
49 61
46 68
52 62
21 52
57 61
37 64
55 64
18 23
28 44
44 45
83 92
6 45
13 40
50 68
3 6
84 87
45 61
29 36
22 23
66 80
25 41
96 97
99 100
7 46
26 32
67 84
92 93
61 77
94 97
87 89
35 42
30 63
80 86
78 84
75 85
23 34
65 66
51 74
8 50
16 50
70 78
91 95
2 39
9 19
81 85
4 37
93 97
39 44
68 76
40 67
95 96
43 44
58 71
36 52
5 36
31 62
56 78
47 51
64 75
74 83
72 73
12 31
73 78
69 70
76 83
14 51
34 49
38 42
19 35
42 70
24 38
86 87
17 26
27 33
71 72
10 52
33 41
89 95
60 70
63 76
62 64
54 65
90 95
11 37
85 89
