100 198
46 85
43 66
11 54
14 15
1 2
39 49
2 6
85 95
84 98
71 99
26 29
25 93
1 53
2 7
54 69
61 74
99 100
72 90
47 56
31 45
20 84
66 79
49 69
22 72
70 97
42 61
71 95
68 77
1 36
9 56
13 37
67 92
11 31
6 9
57 75
27 48
5 25
21 68
40 52
2 3
58 72
78 82
25 66
33 79
91 98
80 93
32 83
47 77
58 98
34 50
37 97
46 54
3 11
65 97
38 58
23 93
75 86
52 65
56 100
61 91
27 50
28 79
52 78
56 70
27 72
79 98
28 37
37 43
7 22
97 98
8 16
54 95
81 86
86 93
14 39
55 68
30 46
18 41
7 19
96 100
59 66
2 96
19 30
27 62
89 100
1 73
29 76
19 96
1 93
26 80
10 76
1 4
74 82
15 21
16 98
4 13
63 86
82 90
7 99
29 38
38 44
71 77
95 97
1 14
25 89
61 77
26 95
67 88
44 65
23 40
36 45
38 65
20 48
6 11
88 94
46 78
30 47
8 59
11 25
12 26
28 67
81 94
60 88
17 23
83 87
35 70
3 67
26 58
24 68
94 95
15 18
31 87
57 70
4 57
19 20
3 51
18 66
17 75
92 95
1 12
8 58
62 69
98 99
53 71
4 8
77 96
50 56
43 72
48 69
38 60
6 15
45 67
72 99
5 10
67 85
21 60
19 63
5 24
47 72
32 64
11 34
41 43
3 26
30 82
13 32
1 5
53 95
41 86
64 85
1 20
7 17
2 28
38 83
34 42
70 99
42 100
15 73
51 61
12 33
33 52
74 93
76 89
36 77
9 27
16 100
22 55
90 98
4 15
10 66
39 72
26 81
87 96
93 96
51 54
31 57
69 80
73 86
32 35
