100 100
31 32
85 86
57 58
93 94
85 87
10 12
9 11
61 63
22 24
70 72
99 100
66 68
58 60
29 30
59 60
13 14
15 16
74 76
3 4
41 43
62 64
65 66
98 100
45 46
93 95
7 8
11 12
47 48
2 4
51 52
42 44
65 67
71 72
21 22
37 39
50 52
53 55
29 31
86 88
69 71
89 90
81 82
30 32
49 51
26 28
53 54
95 96
69 70
6 8
27 28
97 99
35 36
9 10
34 36
94 96
73 75
81 83
75 76
18 20
87 88
1 3
73 74
13 15
5 7
5 6
17 19
57 59
38 40
37 38
33 35
78 80
54 56
83 84
43 44
77 79
25 26
77 78
90 92
55 56
21 23
82 84
39 40
79 80
1 2
89 91
25 27
17 18
63 64
97 98
19 20
67 68
46 48
41 42
23 24
14 16
33 34
49 50
91 92
61 62
45 47
