20
0 0 20 2806 6689
7 28 661
6 55 1757
5 56 5900
10 21 4124
4 84 339
10 93 1211
7 100 4700
2 10 171
6 15 495
8 59 287
8 97 1111
6 59 25
10 57 785
3 99 2319
2 98 399
9 40 611
7 98 227
10 16 205
5 100 2661
8 100 6109
1 0 20 3952 8820
3 81 6953
4 93 8685
8 64 1779
7 93 2266
10 64 6360
10 38 4469
8 67 5060
9 94 993
8 41 138
10 55 4265
5 63 474
10 15 2067
3 97 8810
6 99 3975
10 86 7168
2 100 679
9 98 3742
3 66 465
6 99 1213
4 13 48
2 0 20 1213 9846
6 67 6179
10 16 6254
4 3 5580
10 100 787
3 76 145
2 10 72
10 79 542
9 53 34
4 100 47
2 27 5
8 76 180
6 98 364
9 68 461
10 13 194
9 82 14
10 90 346
10 52 313
10 27 302
9 94 726
10 62 302
3 0 20 3194 7731
9 8 843
1 78 1605
3 59 4638
5 82 236
8 89 511
10 92 5477
4 42 95
10 19 4751
6 98 4255
9 65 4431
8 57 214
6 25 63
9 82 2849
4 91 2122
6 83 42
8 92 1141
10 79 2763
9 74 700
10 87 1661
10 70 929
4 1 20 1945 9414
9 45 5064
2 12 2966
9 94 3762
7 25 2810
3 35 3557
2 90 2044
9 70 337
8 99 4923
10 75 8134
3 75 3633
6 83 3605
9 99 8172
7 74 2892
10 22 8085
9 81 1268
9 33 230
2 94 1968
7 93 3286
8 84 1979
8 32 124
0 1 20 2172 7288
7 66 1863
9 20 4242
9 92 3702
9 44 3018
8 45 2197
7 85 259
3 97 2824
9 38 316
10 55 4829
9 62 204
9 65 153
10 96 5812
8 83 2427
5 86 687
10 99 4251
10 68 1994
10 78 838
3 89 2096
8 47 68
10 90 1385
1 1 20 1120 6544
5 53 3980
6 55 1921
3 82 1313
9 1 5282
9 16 3484
10 41 1350
9 65 2303
10 83 4091
6 73 542
7 89 5348
5 97 328
8 73 1296
3 99 372
9 49 1522
6 80 2331
7 90 2636
10 33 653
10 66 2244
9 71 2111
6 85 405
2 1 20 2104 6629
8 55 4378
4 38 540
5 25 1273
1 83 1493
9 63 3406
3 62 1271
7 89 760
10 78 6117
10 72 2810
8 33 2154
7 93 141
10 13 2625
10 92 257
8 96 2742
7 94 2304
4 99 4245
5 99 2996
7 95 601
4 51 111
7 95 308
3 2 20 2379 6928
8 1 84
1 47 1129
4 27 5664
9 54 552
4 76 6184
10 39 1290
10 53 3122
10 83 6443
8 63 6296
6 72 1665
7 82 995
9 57 3953
8 15 338
8 79 6242
1 20 246
10 54 4735
3 86 177
3 95 593
6 84 1564
7 39 413
4 2 20 3182 9576
10 48 8059
4 11 1136
8 32 2395
5 68 7861
4 46 6787
10 48 3921
3 60 3078
2 93 9105
6 54 1101
8 80 1372
10 6 576
2 78 1052
3 50 512
10 13 3092
1 83 5028
10 73 8230
2 10 240
3 53 824
4 83 1775
9 42 3869
0 2 20 2499 7542
3 1 3636
6 42 5740
5 83 2345
9 87 3250
3 97 856
9 10 3085
5 76 2146
3 90 855
10 5 5477
8 76 2338
10 48 1684
8 48 529
6 95 4301
4 50 1796
8 56 20
10 95 6392
9 79 2036
6 83 1636
6 87 1211
5 97 5885
1 2 20 2507 6395
3 90 401
10 55 5644
4 45 2688
9 3 2933
1 97 371
8 37 1420
9 97 3303
10 84 5365
9 84 3296
10 69 5161
2 100 984
6 74 62
8 98 4937
6 77 2166
7 12 1190
4 47 38
7 19 336
6 87 405
8 81 3195
6 95 2886
2 3 20 2761 6765
10 38 4310
5 58 2625
1 87 4692
2 72 1348
2 84 2654
8 46 248
9 46 4673
3 98 3581
4 76 6033
6 70 5722
8 68 596
6 99 3037
1 89 835
7 99 2395
7 100 1141
10 50 1726
3 99 1014
9 61 238
9 80 5746
10 20 212
3 3 20 3077 7356
1 84 5837
5 65 6068
8 36 6485
4 5 5768
10 92 21
3 99 5015
6 99 384
9 98 3180
9 97 2194
9 100 1025
10 96 913
2 100 453
9 50 4
10 97 6442
7 99 971
3 93 331
4 100 640
8 100 667
9 95 804
2 100 77
4 3 20 1390 9924
6 24 6549
6 98 4159
8 89 1395
9 82 2136
9 67 419
10 2 8626
7 97 200
10 57 7197
10 54 2659
8 23 5
10 76 350
9 90 1356
4 100 7799
7 99 6546
10 78 7444
8 47 73
10 77 1898
7 98 2592
6 100 5964
4 99 1326
0 3 20 2944 7871
9 76 557
5 100 916
1 17 266
10 18 6188
8 86 7214
8 83 1073
4 76 322
10 90 3171
7 85 2195
10 6 374
7 78 1013
6 13 255
10 93 6804
10 59 1898
10 30 1574
4 95 406
8 97 6164
3 70 155
7 96 337
10 100 2926
1 4 20 1949 9087
4 85 8825
7 46 4797
1 42 935
9 19 6372
6 50 473
7 49 7931
10 68 6394
7 44 1514
6 85 1389
3 97 4899
7 75 4349
7 98 6627
9 21 3014
3 93 4021
6 89 6110
10 46 244
9 82 4204
5 85 503
10 73 6286
3 59 156
2 4 20 1636 7097
3 98 6841
8 27 1252
5 43 945
2 67 2386
1 85 4288
9 85 1914
3 61 1776
2 96 5174
10 92 4516
2 55 643
7 94 2234
1 33 308
4 90 1824
5 96 4755
10 93 336
4 100 3851
2 69 309
2 95 2444
5 24 11
10 99 4787
3 4 20 632 7965
5 38 1742
9 74 2627
5 87 7757
5 81 2590
4 65 632
10 77 4811
8 75 2656
1 96 6378
8 72 1294
4 81 2543
3 85 411
8 79 132
4 100 4649
9 19 2579
10 43 4498
5 93 6217
10 94 5635
10 37 2674
9 74 1831
4 86 1632
4 4 20 2137 9580
5 59 2509
3 75 5024
10 74 7677
6 16 692
1 63 197
6 64 3673
2 27 576
3 87 1239
5 67 2373
9 69 3791
10 89 5557
2 100 8857
4 74 2070
2 43 28
5 88 4114
2 88 834
10 61 717
7 70 2157
7 96 7099
7 87 3034
