20
0 0 20 2167 9771
4 1 3227
5 10 842
6 2 3997
9 7 2629
9 9 7093
7 8 4174
10 3 9635
7 8 2915
9 9 2702
7 9 994
7 1 651
10 8 7951
10 2 5480
6 5 799
10 3 368
7 8 294
10 9 8993
6 10 5135
9 10 5819
10 10 1429
1 0 20 1142 8927
3 7 4112
5 8 6878
6 7 5686
10 9 3934
9 4 2598
8 9 2212
3 10 4242
2 7 258
1 8 2005
9 2 2566
3 3 184
5 1 477
10 1 1961
4 3 520
6 10 7619
1 8 992
7 4 488
4 2 134
8 7 2006
5 10 975
2 0 20 2277 9971
5 4 7974
9 7 9502
6 10 8260
9 10 616
4 6 44
2 9 504
10 4 1045
10 10 7338
8 7 364
10 7 1719
10 3 630
7 1 363
10 9 6327
6 10 544
8 5 105
3 10 151
10 10 4936
8 10 527
8 7 279
9 8 601
3 0 20 2937 7032
1 3 3654
10 10 2009
5 1 180
5 3 152
7 9 161
8 1 937
5 10 1784
9 5 1921
10 2 1831
10 1 616
9 9 1977
7 10 767
10 10 396
1 1 121
8 6 40
10 2 305
2 9 49
10 3 59
10 7 189
8 4 19
4 1 20 2787 8306
1 9 60
3 8 8167
2 9 6044
6 9 2023
9 4 3581
2 8 1092
6 10 189
5 6 123
7 7 1058
10 5 1430
5 9 32
8 6 2319
7 8 4301
7 10 1909
10 8 4811
10 6 347
7 8 1809
9 10 4533
8 8 1082
9 8 2970
0 1 20 1102 8509
9 4 301
10 2 2480
2 10 2031
6 10 489
10 6 5631
10 5 4519
4 6 447
8 8 2603
10 9 2736
4 9 41
10 9 945
10 10 2900
10 2 188
3 10 40
10 3 664
8 10 1014
5 4 266
7 7 100
9 6 610
7 3 81
1 1 20 1042 8298
9 1 2162
8 7 2804
7 9 442
1 8 75
9 6 1995
9 2 1923
8 10 368
10 8 230
10 10 6457
10 10 5169
10 10 4084
10 8 37
10 10 1763
10 10 610
2 10 332
9 9 253
4 3 1
10 9 296
10 7 33
1 4 28
2 1 20 2170 8498
8 1 6986
5 7 355
7 7 1003
8 2 5573
6 1 811
8 9 2638
10 7 99
9 8 5767
1 10 4618
9 10 2183
10 8 5398
10 9 5210
3 8 944
9 8 59
10 10 7485
8 9 1172
5 1 49
10 10 406
5 5 11
10 10 51
3 2 20 3499 7895
6 8 1162
8 3 6858
8 5 7539
9 7 4737
9 5 2586
10 6 1296
8 6 455
5 10 2867
8 9 4719
8 9 4545
7 7 843
7 10 4460
4 1 32
8 9 3144
9 10 3170
9 6 1124
7 7 232
9 1 484
10 8 2116
10 10 4041
4 2 20 1368 9359
8 2 133
2 6 2672
6 4 6658
10 1 992
10 5 9359
3 7 1803
5 7 3762
10 4 3919
6 10 1951
9 8 5958
3 8 229
9 10 3020
6 5 1286
8 5 1341
10 7 4792
7 7 954
8 8 2007
1 8 107
10 7 4431
2 9 155
0 2 20 1429 7501
3 8 822
2 10 3458
9 4 6750
10 2 609
1 9 92
4 7 6969
5 4 2577
9 6 5111
5 5 3998
10 3 5538
7 9 7239
5 4 1360
9 10 4170
9 8 3344
8 9 416
2 8 74
9 10 3103
3 10 1162
9 10 2375
10 4 3683
1 2 20 3948 8228
4 4 5943
6 10 620
5 9 439
7 8 3953
9 8 7381
10 2 4665
8 5 3456
10 4 1329
8 9 1677
5 10 97
9 9 3848
10 9 612
9 10 3425
4 3 54
10 10 2107
8 1 421
7 3 343
7 6 325
8 8 82
9 9 359
2 3 20 1413 9191
8 7 7744
6 7 2435
8 6 6632
8 8 8870
10 6 5523
9 5 575
8 8 5275
7 10 6563
7 7 1143
2 10 3797
10 9 1608
9 10 4395
9 9 1535
6 2 185
4 6 857
6 8 535
3 10 1397
4 5 282
9 10 3200
4 9 824
3 3 20 3479 9100
1 8 2516
4 8 7718
3 10 6555
10 4 4881
1 9 2061
9 8 7961
1 4 39
4 6 4490
7 7 6238
10 2 1987
10 5 3165
1 7 994
10 5 1
9 6 1258
7 10 42
9 9 7209
8 10 4426
9 10 1844
4 10 20
10 9 7135
4 3 20 2860 8150
4 7 7671
8 8 4184
2 9 1880
9 7 7545
8 8 3901
6 10 5871
9 10 5970
3 3 1221
6 9 1915
5 1 444
8 1 2278
3 2 1181
4 10 508
8 10 304
10 7 7787
9 9 59
10 10 2552
10 5 1537
10 8 765
8 10 56
0 3 20 1147 7433
4 4 4256
3 9 4262
4 2 584
6 2 6093
6 4 6840
9 10 3857
6 1 662
9 10 1525
4 5 1158
7 2 1072
10 2 1063
9 5 839
10 7 4864
3 6 1236
10 8 1178
6 5 708
10 10 194
6 6 170
6 8 122
7 2 47
1 4 20 3287 6458
1 9 2524
7 8 4549
8 8 6411
5 10 6420
6 10 5692
10 7 6243
3 5 3454
10 5 3879
10 8 1199
2 2 500
6 9 2883
10 10 1445
5 9 932
10 8 669
1 10 89
5 7 493
3 4 31
6 7 311
5 9 133
2 10 807
2 4 20 563 6460
1 9 4985
2 6 3389
8 6 6228
1 3 2160
4 5 3984
10 2 4236
5 1 3001
9 4 2835
9 6 6234
9 5 2792
1 10 254
6 9 307
8 8 5372
9 8 2139
10 3 5579
10 4 2710
7 3 706
10 6 2824
2 4 246
9 5 2071
3 4 20 3581 9892
3 3 6812
6 4 6474
6 4 2899
6 9 6414
9 9 9734
5 10 7014
4 7 6002
10 8 7680
2 8 4000
7 5 4893
8 7 4346
1 4 1584
9 6 45
10 3 6243
5 10 151
7 7 1601
10 5 7608
9 7 7212
7 10 1061
9 9 1214
4 4 20 1177 8752
7 7 2003
10 9 8708
7 3 880
10 2 6726
6 1 802
5 7 599
10 10 1616
7 9 589
4 9 276
8 5 1036
5 3 204
9 9 1264
9 2 1007
4 6 125
6 4 224
10 4 128
8 7 262
10 8 913
10 10 743
2 4 113
