20
0 0 20 3342 8811
46 6 6662
22 6 6408
71 3 5907
25 8 5878
70 4 2093
94 3 6949
29 7 8263
75 8 2886
85 8 3247
32 4 1941
92 9 4855
18 10 5477
80 2 1292
93 6 6915
69 1 87
44 5 601
95 2 8569
98 6 4487
52 10 7571
70 7 1826
1 0 20 810 8784
65 2 7279
42 3 2480
52 10 4725
10 2 2057
86 2 5667
24 5 2716
57 8 3908
51 2 1863
89 7 4120
91 6 6123
14 6 3010
30 5 3160
29 8 978
93 5 2788
92 9 159
48 3 109
60 10 7196
24 10 1900
55 8 115
97 8 8021
2 0 20 1233 6012
65 10 2331
39 4 1414
78 7 4771
97 4 2445
4 7 194
44 7 283
81 7 4468
92 9 5890
75 7 448
96 8 2246
38 2 15
47 2 335
45 10 1427
98 10 4993
91 9 4747
99 8 5420
56 9 1037
97 6 3785
97 8 370
68 9 2306
3 0 20 1090 9290
66 10 9086
15 6 2984
88 8 981
47 9 6538
68 10 5781
99 5 5760
83 10 7156
100 9 5602
83 10 4301
66 10 1349
91 10 9163
85 10 5551
97 7 1486
15 8 205
86 10 7236
86 10 3513
72 4 359
100 6 176
39 7 481
98 7 2921
4 1 20 105 8897
41 5 4613
20 8 3796
45 7 4834
43 3 2061
67 8 8314
66 3 2635
33 4 3531
93 6 5684
70 10 3715
94 7 7126
90 5 1825
40 7 3334
50 9 1497
98 8 2746
59 8 975
41 10 2547
92 2 1477
86 7 1703
99 7 6704
53 8 381
0 1 20 834 7325
65 2 951
24 3 2017
77 7 1885
99 3 3948
54 9 7077
7 8 4919
78 6 658
11 8 1943
61 10 4894
88 6 3505
95 7 3309
89 2 3289
29 4 554
83 10 4875
61 7 211
20 9 2158
98 9 4811
85 9 1990
97 2 1352
47 9 790
1 1 20 777 9736
81 9 6424
91 9 5584
46 6 1034
85 1 3526
89 5 2039
68 6 3592
54 2 1167
10 9 1244
41 10 8369
26 10 7656
96 3 8759
37 7 1603
53 8 2813
100 4 7784
59 6 179
97 3 1677
70 10 4018
96 6 7902
87 8 1718
89 10 3280
2 1 20 3735 7944
5 3 3703
81 5 6593
46 7 5129
69 5 1200
78 7 21
82 7 1092
97 1 5597
92 3 4338
2 8 2709
26 8 7666
68 8 2361
19 10 4524
92 8 6966
79 10 4519
88 7 1894
83 3 901
3 9 1994
98 5 349
38 10 2420
15 9 1540
3 2 20 1521 6091
62 4 4482
71 6 2693
27 1 946
14 8 3922
17 8 6030
14 1 256
86 9 566
68 5 523
99 9 845
33 3 431
56 10 5174
84 10 4428
48 10 2792
62 10 273
100 8 5142
3 4 190
13 8 156
88 2 737
82 3 436
92 3 602
4 2 20 1429 6436
93 1 5944
18 6 3963
82 1 5176
37 6 2541
97 5 421
5 8 1111
40 8 3944
18 7 3821
62 9 164
36 10 2997
78 9 2456
90 8 3145
51 8 121
81 10 3701
79 9 2580
19 10 721
65 9 1410
55 10 2424
99 8 4562
91 8 2249
0 2 20 3500 9003
56 7 2655
46 9 5617
40 8 1915
89 10 1758
79 5 287
19 7 559
93 4 7271
91 3 3177
95 1 2389
94 10 5983
93 8 2941
98 3 1175
95 5 8666
99 10 1000
77 1 285
38 8 95
71 8 736
95 5 112
74 7 714
100 6 5707
1 2 20 3975 7544
42 3 6010
50 8 180
45 10 1942
66 10 1994
73 8 2997
94 7 6025
88 10 3600
91 7 4950
92 6 5936
92 5 646
80 8 390
93 8 998
100 7 371
91 9 7133
96 10 3653
62 3 4
93 9 166
55 9 152
94 9 2728
47 10 1333
2 3 20 3369 7032
50 5 258
72 9 6698
43 10 4796
55 7 378
47 8 3444
70 7 4503
85 9 6681
78 10 5170
70 2 2475
25 8 307
97 5 5443
57 8 942
62 8 4431
78 9 3181
98 5 1088
82 8 896
100 2 3144
43 10 809
92 6 3673
95 9 2514
3 3 20 3359 6291
78 7 3524
84 1 4392
27 6 3438
95 8 1563
56 3 494
43 9 2661
81 7 830
66 10 5720
100 8 3615
11 4 571
86 6 859
88 3 1317
72 6 707
93 10 3366
92 6 322
32 5 219
33 4 147
97 4 174
29 8 376
11 9 48
4 3 20 2552 8089
26 7 1992
40 1 5010
44 10 7261
16 3 930
48 3 8046
74 8 4048
38 10 800
75 1 5455
25 10 719
42 9 2350
86 3 5762
90 3 6406
57 1 1578
48 3 2715
62 10 698
71 5 2116
85 7 5670
84 4 2428
96 1 1756
88 8 2725
0 3 20 2955 8360
12 9 3805
20 4 3416
98 7 4238
71 5 2693
65 6 3647
100 5 2260
7 6 1549
93 8 8017
13 9 6330
2 10 7378
56 10 2758
97 8 6652
60 7 3165
51 1 327
88 8 683
55 1 301
90 3 327
91 10 7077
53 5 276
93 6 1589
1 4 20 1600 8029
100 10 7883
70 1 2134
23 8 1324
49 1 1410
98 6 2316
25 10 5052
21 6 449
80 7 1036
78 3 788
39 10 7459
73 8 6891
69 1 407
90 7 253
19 9 2624
38 10 3193
84 10 7418
44 1 32
66 10 4967
79 2 244
61 10 4844
2 4 20 3046 6379
51 8 4248
53 6 6209
73 5 4404
62 10 3494
11 3 920
69 10 3974
88 5 5712
65 3 3779
5 1 684
14 7 1637
82 8 4499
98 6 3047
69 8 1151
90 9 2448
73 8 1974
88 1 890
19 3 302
69 10 3579
65 9 1768
34 10 2077
3 4 20 1401 6991
81 3 2835
8 1 2790
59 10 3341
91 9 5336
49 6 568
50 6 2559
98 7 1286
97 8 6254
96 1 641
80 9 3853
59 9 1212
98 10 6397
87 7 1265
30 10 247
87 8 1765
54 5 259
84 5 701
38 9 633
43 10 698
91 8 2571
4 4 20 862 7668
6 9 5455
76 3 6025
72 8 5414
69 7 65
96 2 1043
16 8 3018
26 8 32
72 9 2665
74 7 7638
90 10 4250
89 3 4019
99 10 1275
99 1 658
5 10 364
68 9 317
91 3 73
55 10 759
93 3 874
100 1 1050
90 10 904
