20
0 0 20 352 7517
53 4 173
19 25 6169
61 11 5476
15 63 6102
21 43 1395
24 68 236
48 15 7475
40 78 4029
58 81 4256
92 71 7160
18 93 3350
89 2 5658
57 31 106
67 100 4869
34 63 3307
59 66 1778
41 96 2862
97 5 7057
73 78 351
90 63 2484
2 2 20 1383 7194
83 43 676
19 97 4080
88 94 6198
36 77 5550
19 87 3764
23 57 1330
93 94 5194
91 90 4635
69 77 2996
84 59 690
87 90 4
70 98 1907
97 90 1765
98 75 728
100 77 7149
9 92 572
84 91 3908
87 93 2838
100 18 4039
100 8 665
4 4 20 1125 8166
59 2 6505
92 20 1506
60 68 2097
61 67 3078
94 9 4896
15 21 1266
41 72 1172
23 7 293
30 88 6691
95 72 185
40 81 1898
72 83 193
39 88 3097
84 78 3346
84 96 1631
89 74 2828
99 52 1121
66 96 1537
66 37 56
26 91 597
6 6 20 634 8839
80 32 3747
38 24 3512
82 49 5303
59 82 1833
23 30 1752
23 62 771
66 59 6357
93 74 1009
47 87 3238
63 11 16
77 16 815
39 97 5516
73 84 575
92 33 612
48 91 7149
95 35 5155
29 77 568
1 89 5185
63 91 2766
100 3 2256
8 8 20 513 8480
93 78 7244
41 17 5456
94 87 4722
35 8 1760
50 9 1809
31 83 2064
2 80 637
37 53 4710
53 91 4278
37 35 2369
98 24 6346
20 98 4307
24 75 738
51 39 1519
73 78 866
90 31 805
61 45 188
69 97 1488
95 38 4605
99 9 2343
10 10 20 428 9991
88 69 2832
80 42 452
25 97 5537
14 85 5101
38 70 2245
28 80 8242
12 83 1438
92 91 6250
19 76 1064
93 89 3458
95 25 8256
42 57 197
88 93 4044
100 79 4179
44 87 1597
78 51 1704
77 95 2954
29 20 148
69 20 120
45 92 2687
12 12 20 2538 7897
64 20 4514
21 59 4242
70 39 1895
3 52 1660
69 53 3252
33 88 2059
35 83 4166
92 78 2927
36 39 584
31 94 3056
19 17 304
37 94 2623
80 28 1376
95 71 1095
34 54 226
22 89 536
96 74 6820
60 22 896
63 73 24
50 99 5040
14 14 20 2809 9228
40 69 7029
15 66 3922
87 32 6028
75 61 5747
72 20 701
79 32 2009
100 72 8891
14 83 6297
25 34 199
9 97 1824
88 39 362
42 95 6514
41 79 2447
99 90 3657
89 3 2423
91 91 4564
3 67 1473
36 55 1281
1 58 687
52 98 5523
16 16 20 1758 8296
67 17 7752
24 33 3444
48 76 6139
58 85 4139
41 86 1591
100 39 2680
55 31 41
92 39 364
63 68 3931
80 76 5090
98 51 4943
89 79 6851
76 81 2355
21 91 846
28 94 4934
69 93 7466
64 88 5006
96 74 6849
85 74 5777
35 94 8247
18 18 20 2391 8486
80 28 5443
46 80 4978
12 22 4187
20 76 739
75 92 7995
88 99 6079
65 18 1564
88 88 4628
40 98 4315
80 60 3304
40 77 1199
81 64 3783
73 3 2036
75 86 2439
37 94 3450
89 66 3986
13 93 2079
58 65 1885
85 75 2391
89 93 3814
20 20 20 2063 8491
86 27 838
5 88 4667
38 63 2536
47 76 8309
34 4 343
69 15 426
60 51 3985
71 60 596
76 82 1040
28 100 6158
60 84 4775
57 89 2794
66 86 4119
96 1 3226
98 49 7503
53 47 188
66 88 5679
23 89 2102
12 97 3659
81 96 1954
22 22 20 2666 9913
69 45 797
90 53 2768
13 89 2970
21 66 8382
32 64 11
71 77 1058
85 61 5443
94 80 7650
73 91 5457
96 39 7452
85 38 489
92 82 6942
77 87 4885
68 80 1448
59 99 341
58 60 233
100 79 2100
35 14 186
83 78 1544
90 50 1267
24 24 20 3286 6133
70 49 5872
80 90 1731
54 47 942
91 100 2816
95 1 1851
12 29 909
71 42 1239
91 64 1571
62 85 1514
9 36 668
98 80 1762
13 91 1571
99 20 2153
53 92 2658
26 65 243
54 22 874
60 73 751
92 91 982
27 31 704
80 64 513
26 26 20 2941 7756
94 10 3063
22 57 6982
44 48 728
68 69 7592
39 89 1425
68 96 6652
72 67 5495
74 20 3328
49 32 5439
75 85 6000
77 73 1489
91 64 6600
82 78 5375
96 83 5557
93 63 1390
100 72 4071
56 85 4949
93 99 1549
45 16 1215
93 100 4829
28 28 20 1755 6790
15 79 4288
41 62 2822
8 57 1252
37 36 2673
52 70 2341
64 78 840
67 10 1881
67 82 2076
89 89 1303
34 29 246
100 80 1426
58 58 9
84 98 1275
91 25 653
98 78 443
73 93 1075
34 92 461
59 5 265
95 3 105
99 84 5657
30 30 20 608 6105
35 42 3686
5 57 2316
41 32 5439
79 47 73
24 92 2417
88 20 5074
96 73 3329
48 50 2948
19 57 178
95 27 1527
89 92 5526
68 89 4536
77 49 2073
82 76 3284
76 83 4984
32 56 1150
10 100 3061
90 1 1419
99 73 2593
68 65 890
32 32 20 593 8718
71 74 3708
96 31 2939
3 9 2535
90 41 1858
66 83 4340
98 41 2081
85 45 1969
78 63 3760
43 58 2915
62 91 6490
7 91 3259
27 94 4388
9 93 3829
44 87 3230
42 49 2912
21 62 1038
9 65 77
45 39 924
20 20 596
46 47 1917
34 34 20 3075 8484
80 16 2663
56 57 1263
35 43 1147
51 78 5269
6 45 150
19 4 749
81 76 7368
60 53 1268
23 64 1612
93 97 266
94 84 1161
37 100 3615
92 7 264
96 58 6783
8 21 264
97 71 4996
100 48 1726
96 65 741
85 58 166
100 35 219
36 36 20 2406 6365
43 60 4844
84 11 5114
27 65 5504
3 79 3717
30 3 3895
94 21 1016
94 100 2376
19 49 1032
70 54 510
97 45 3468
71 26 1238
36 100 1678
86 86 172
92 95 1741
17 93 693
100 65 2952
18 32 147
98 30 2588
96 67 973
99 76 3482
38 38 20 2891 7162
55 66 4817
32 69 714
73 71 3005
76 3 2489
86 44 6732
47 74 4332
84 98 1710
100 40 7057
39 69 921
64 50 1376
24 85 180
98 32 5737
47 3 708
64 47 617
38 81 1568
35 99 6890
90 47 3995
81 72 216
7 25 135
73 86 1620
