20
0 0 20 3887 7625
42 91 4368
97 39 3291
70 86 2561
15 76 2173
57 97 5522
80 5 1984
89 95 4586
19 44 192
98 73 88
49 85 183
92 87 2885
100 6 4678
75 97 112
20 100 6417
93 84 8
69 100 7444
94 86 1407
18 100 494
99 68 7114
90 89 5290
2 2 20 2158 8477
40 99 5153
71 25 5777
44 34 4248
46 72 3054
71 49 4287
94 80 431
71 61 197
71 90 5609
4 12 125
99 60 549
87 82 6528
100 78 6453
50 98 5323
85 47 45
81 84 2609
98 66 1041
53 78 248
95 97 3572
28 91 2755
45 91 1869
4 4 20 825 8375
52 72 7133
3 49 5018
70 47 5457
33 28 5224
5 43 1725
83 69 7243
41 74 3872
85 48 2189
25 90 7285
86 93 2688
43 24 1282
89 78 5289
90 27 487
92 26 4405
100 75 2531
40 48 1867
56 40 1699
45 100 7109
51 50 1451
96 98 3363
6 6 20 2644 7701
3 13 4491
31 51 1785
38 14 2689
52 78 6818
6 56 4962
87 99 1972
33 61 668
5 36 482
35 12 349
58 42 62
92 27 4701
99 95 7304
10 65 1755
49 80 1260
70 14 1892
73 98 1695
28 70 171
90 59 329
46 84 1192
48 90 1678
8 8 20 924 8683
72 69 4756
73 97 221
81 99 6737
85 39 5604
25 99 5003
83 41 5384
87 29 2671
52 94 141
56 23 7
97 51 3103
67 98 810
94 91 8191
100 52 919
78 90 2010
100 84 6785
76 19 837
87 74 3551
85 87 6447
21 81 53
80 91 4287
10 10 20 970 9090
85 40 2619
16 67 5064
65 94 785
94 95 443
88 99 5038
100 46 6500
25 28 414
98 82 4812
20 60 241
45 22 101
96 97 7750
97 100 5730
41 96 3710
22 37 336
100 27 5137
99 51 8816
24 80 185
96 67 4117
99 86 8082
38 99 3911
12 12 20 828 9506
18 41 1296
13 81 2914
59 64 5470
60 64 5106
74 55 5716
35 97 38
98 33 4982
39 82 4685
65 66 986
74 55 4293
89 74 4775
71 76 940
95 71 694
54 78 566
83 84 339
33 100 6680
100 37 7138
84 78 2448
53 87 1987
56 76 212
14 14 20 3036 9851
5 43 7926
93 24 3652
2 17 2754
97 74 438
34 88 3635
21 74 298
8 100 5106
99 78 4820
35 63 150
15 97 8708
34 92 4384
27 94 7169
95 90 3294
69 37 102
24 92 2406
50 82 1761
68 8 46
99 29 3563
31 93 3471
47 99 2610
16 16 20 1737 7688
82 32 4920
70 60 2630
96 74 4848
20 40 2162
41 77 83
90 39 1119
75 71 3330
65 81 3737
82 84 2367
71 90 3257
76 88 5556
89 22 46
58 52 1546
35 99 7091
88 75 849
30 98 6004
13 92 2155
78 85 3890
81 86 3126
99 58 180
18 18 20 1833 9100
43 87 3205
68 39 6869
67 95 7162
60 55 1741
80 3 2415
54 13 1541
94 38 7717
96 75 5091
27 74 3018
84 18 3421
27 79 441
72 64 4432
15 38 228
46 82 2493
39 90 5280
92 83 5131
21 95 194
95 38 1251
97 35 5720
100 79 6050
20 20 20 3549 7994
60 23 5883
25 68 5389
70 63 331
54 66 860
6 97 1061
55 80 3662
81 89 5662
79 47 4974
95 3 5629
42 99 520
91 69 3000
99 9 216
81 85 4287
54 68 1116
86 61 2255
92 84 1687
91 90 4425
82 99 1633
34 84 101
42 100 3583
22 22 20 2844 8754
29 64 3446
3 23 1530
28 88 1698
92 42 1343
31 58 6464
9 49 391
29 86 5709
20 59 1182
49 99 7179
62 75 904
93 47 7835
94 63 5646
96 97 7798
62 97 2530
71 67 6290
83 66 1247
79 98 3883
95 8 976
43 76 375
6 77 31
24 24 20 1562 7816
96 44 2520
34 49 1146
3 99 5804
52 60 2296
72 97 96
80 52 6401
77 63 4265
73 81 3336
95 56 3771
30 99 4120
100 84 4530
100 93 5726
98 41 3060
51 100 3510
54 99 4099
87 55 1013
96 75 3110
96 93 3209
84 36 446
83 94 387
26 26 20 1551 6321
31 33 4163
57 76 3152
6 69 1728
14 60 2067
68 28 1739
93 2 4245
15 17 586
99 57 4099
34 79 4945
65 53 1082
84 88 412
85 37 591
64 90 2996
16 49 122
72 53 349
9 89 224
95 81 4623
94 100 4035
87 85 120
52 42 65
28 28 20 851 9277
90 60 2791
95 80 6007
76 84 6099
40 80 1313
73 49 880
36 87 3781
46 67 4674
49 99 833
89 77 4563
63 97 1237
25 100 5191
91 71 1745
84 40 1286
22 58 262
71 96 8148
81 10 411
72 20 755
80 82 6535
61 99 3485
68 86 472
30 30 20 3334 9402
59 78 358
69 61 3615
60 32 1646
8 19 39
70 98 8704
88 30 3813
54 91 5362
93 20 4506
90 72 1008
96 10 7801
97 61 1009
89 100 7217
100 21 3237
12 28 103
78 81 1921
59 94 1878
84 94 3802
57 66 3
22 98 2930
23 92 562
32 32 20 3083 7059
85 31 7027
63 20 6634
85 7 6378
32 32 3049
81 44 1283
12 91 3813
96 77 630
55 84 4129
36 100 3311
73 96 6145
98 87 47
84 96 4755
85 91 6566
90 89 5850
46 88 4561
68 100 4536
85 88 2508
61 94 625
86 89 1
95 92 2950
34 34 20 1971 8290
12 91 3965
61 58 7798
11 99 7892
65 21 6242
58 55 2685
95 10 4900
6 48 832
7 12 1151
32 71 4293
97 82 1049
8 56 716
51 90 173
55 87 5224
99 24 3522
67 95 4191
98 86 7653
75 93 4497
2 99 6051
20 99 7248
30 96 1492
36 36 20 3929 9499
95 38 9192
56 80 4988
28 22 1439
85 57 6428
44 74 3835
73 82 5674
84 69 5436
36 77 3417
44 4 1019
93 4 9145
86 100 3984
71 4 127
30 87 1667
96 31 4733
72 62 70
75 69 3086
100 54 8726
86 80 2703
94 33 442
92 58 5717
38 38 20 665 6502
41 52 33
39 62 3463
80 92 2774
26 93 1297
32 57 1137
100 48 1708
88 36 1570
65 10 365
49 78 2630
74 45 1208
99 95 728
3 54 130
85 31 40
92 90 356
98 24 131
100 50 1967
53 54 14
30 98 6288
24 77 19
36 97 3874
