20
33 96 20 1680 8498
20 4 2755
44 55 622
100 96 3056
50 19 3051
78 69 2324
39 98 7991
67 50 2228
49 18 156
7 95 1904
73 37 479
50 98 29
74 22 2099
58 78 846
82 42 2572
76 25 2185
91 72 96
67 100 2854
95 92 2996
70 77 2024
88 79 2391
-36 34 20 1428 9074
98 81 3339
9 76 538
89 97 3312
33 9 1207
97 8 3336
72 30 1031
44 2 141
100 21 6344
30 90 2798
58 39 942
97 85 1154
96 97 6072
11 32 120
27 98 4005
100 69 2893
42 43 638
46 6 60
48 88 3107
99 16 1400
86 5 90
-36 25 20 551 7476
43 41 5577
60 1 5990
95 31 3209
47 40 4433
43 100 6497
96 29 2615
21 77 5552
97 36 2321
79 81 6897
95 39 7141
20 24 292
6 56 4785
77 57 4768
23 61 1121
93 85 3939
64 45 3066
22 45 961
45 34 1022
35 37 595
10 65 1342
-89 37 20 3543 7279
26 42 3715
100 98 4606
36 42 4260
62 30 2926
18 95 121
51 13 976
72 9 564
66 59 1716
56 80 3627
99 99 7140
21 84 1208
89 79 201
72 88 2321
100 27 4578
22 97 572
53 81 67
92 19 163
93 35 1951
96 72 4264
37 83 1043
-93 60 20 2490 9967
84 19 6269
95 84 1210
72 93 7263
89 85 9683
60 61 609
80 42 627
2 35 207
15 43 596
61 50 443
55 48 23
97 30 3201
95 87 673
97 42 7740
95 100 8669
76 45 373
95 22 17
19 89 6530
99 83 7056
85 99 7556
85 51 330
-30 -87 20 3473 8668
81 6 445
88 34 7650
77 49 2150
86 57 7482
33 75 4980
85 70 8458
72 33 1352
17 72 4660
93 14 4742
80 47 7152
65 19 1313
18 64 4544
86 17 940
69 65 6353
76 66 3065
80 29 1604
89 54 4558
14 69 423
57 86 8498
87 71 5598
31 67 20 3487 9092
75 89 6093
24 7 3514
92 52 409
96 53 5183
53 64 5623
76 59 8608
84 99 3361
97 24 5611
96 31 3550
90 94 7480
3 87 2139
54 97 1639
68 100 6050
94 19 2780
12 58 918
81 81 1972
18 65 1558
25 7 177
21 92 1162
97 42 2284
84 22 20 1104 7533
42 70 6161
97 53 5211
97 95 563
72 25 47
92 97 5926
46 99 532
18 91 435
94 16 308
100 29 3335
58 99 3913
75 63 529
16 83 357
65 88 382
66 61 174
10 100 6813
86 90 13
82 98 7163
41 100 3425
62 100 5973
95 2 559
-46 80 20 3915 7417
25 51 4881
82 25 5280
85 77 7011
42 60 5705
96 61 4148
65 83 2732
95 67 3270
60 44 565
100 91 4009
6 61 1303
1 69 2055
100 53 2539
1 93 5710
67 42 1088
80 69 1948
79 87 385
85 41 1429
91 48 1325
58 95 1887
70 90 194
-77 14 20 3336 7371
9 37 1971
15 83 6521
61 17 3815
13 83 6104
69 65 6109
40 96 3062
95 37 317
72 99 2502
91 94 4033
60 80 605
76 95 421
72 79 79
54 97 644
93 44 598
86 61 517
82 77 281
93 95 5273
96 80 3930
100 56 246
89 74 3294
-2 -89 20 1211 8162
19 68 2148
44 15 2042
37 70 815
39 17 2159
90 40 2906
99 13 4051
47 69 644
65 92 3632
91 16 8137
11 98 7943
41 96 6808
52 79 2900
56 47 1437
66 30 2624
75 74 7972
3 89 3514
71 95 6920
77 53 6439
37 87 1141
82 86 7991
50 55 20 2080 6093
62 16 2688
43 28 2782
25 34 2302
32 13 852
92 1 3763
93 47 4476
75 24 2226
11 87 1805
46 39 4287
97 86 3858
51 98 1314
70 40 964
27 71 356
52 84 3175
68 96 2227
41 62 432
64 83 523
86 21 3474
83 45 1866
92 53 2636
-3 3 20 3919 6697
54 62 4739
72 63 5109
100 56 6093
77 68 6204
83 36 3840
73 74 653
58 98 4803
98 19 772
85 86 4788
2 100 1949
19 95 4367
96 90 5343
27 90 3559
93 78 3554
46 94 3522
66 20 299
16 95 2653
9 90 492
62 86 3863
87 51 2729
-67 6 20 2371 9911
25 81 8140
35 61 1316
60 48 4546
88 30 4981
19 79 1787
91 40 5384
78 97 674
91 88 1919
93 31 3083
94 65 5401
98 98 767
86 11 233
49 32 578
6 33 532
60 45 349
99 7 5619
34 17 245
73 87 210
68 80 186
75 35 42
41 -33 20 2480 9286
25 40 3435
57 77 6635
61 19 2650
38 6 2208
86 31 3798
55 6 78
39 91 212
89 69 2095
59 44 1761
61 96 5936
73 75 1553
92 78 5503
90 74 4273
7 99 3736
94 30 7207
66 85 3058
97 3 2999
99 9 8246
79 47 1156
75 71 4179
4 47 20 3944 7999
95 95 6757
19 15 2469
74 23 1566
3 24 5959
59 71 564
44 72 5648
89 29 5081
87 5 623
2 93 1234
74 56 3315
69 100 6674
68 64 5894
90 65 2399
17 85 5444
69 84 4796
44 74 2251
57 76 748
61 54 1764
97 13 2246
57 51 561
73 -45 20 1316 6359
33 58 3327
41 19 3964
34 71 5232
85 85 6001
96 27 3831
83 48 3515
47 38 3471
57 61 3768
62 13 576
63 75 1481
84 9 503
13 36 249
22 38 50
93 84 506
98 100 5445
96 50 1579
53 82 275
96 54 84
81 94 2587
88 63 444
-97 -30 20 2551 6102
1 3 3997
40 72 5986
16 39 3161
2 100 2167
49 79 176
73 38 3568
62 64 5901
75 63 2552
59 85 5941
30 95 4468
72 57 1137
92 14 1722
83 56 788
29 83 3234
47 82 2127
36 69 68
60 69 193
34 96 5670
91 61 1591
83 98 5180
-71 16 20 51 6810
39 30 342
72 36 2971
76 75 5424
32 47 4358
4 44 320
16 86 3208
71 59 1425
88 88 3912
29 90 1338
22 59 1086
84 68 2069
99 96 1164
68 75 231
81 74 1024
89 55 1159
23 95 286
62 99 4663
39 24 173
92 100 291
98 54 359
-29 -76 20 3578 8760
94 39 7057
96 47 5940
68 54 4608
43 4 495
65 60 3637
48 67 2781
81 97 558
84 72 959
84 78 208
62 35 97
89 63 1449
37 98 4745
91 78 611
55 99 1383
61 59 32
25 88 35
93 50 4171
82 84 6035
13 91 44
98 95 2143
