20
0 0 18 643 9308
3 4179 775
4 5942 1556
3 5713 1411
1 2166 497
1 4204 46
4 6914 686
5 2511 7613
2 8514 2284
4 7295 4735
2 7123 1541
5 7395 4634
5 940 1407
5 7432 6205
1 6535 301
4 2529 682
1 9305 2859
3 8740 4625
3 7830 24
0 0 15 97 9311
6 7338 9309
5 1825 5013
6 9827 5260
6 4155 3090
4 4960 3877
3 8033 3120
2 6678 1833
3 8756 3804
2 8942 21
4 8128 4134
6 7450 968
4 8586 4430
4 9496 4550
6 9179 1180
3 10000 1580
0 0 16 326 9602
12 9830 7967
1 625 3203
11 8529 6325
13 9123 9516
11 7515 5233
8 8127 5021
2 6515 2669
3 9789 289
8 5712 392
11 9450 3726
5 5875 3230
11 9099 2443
10 127 1853
12 6363 323
6 9549 3337
6 9624 5461
0 0 17 975 9945
32 3654 3377
20 8489 8118
21 7770 6325
22 1332 508
27 2435 430
21 8119 5108
31 9746 1086
20 5518 854
1 1623 60
16 8915 1034
23 9337 551
16 1386 76
32 2334 541
8 5584 211
24 3113 82
28 80 79
30 9952 1804
0 0 18 859 9469
67 1823 1977
61 5432 3399
38 9927 938
68 2287 4359
54 7657 7320
58 7245 9444
53 6392 212
54 7591 1930
58 1135 924
69 9432 7336
61 9086 2303
32 6462 659
14 6714 648
48 9814 8310
69 121 3505
66 4422 5788
45 6717 1507
46 9785 139
0 0 16 499 9337
83 6428 1466
123 180 5525
23 7912 8022
58 7953 2588
86 3831 2966
48 9952 5020
93 8034 3677
124 3814 4451
9 9981 1816
86 8513 9837
82 8322 3942
57 9534 635
68 4423 592
93 8912 9572
92 408 2351
74 5232 695
0 0 16 748 9157
145 685 1355
197 8241 428
162 8610 2062
143 9973 5664
102 9310 5583
216 6167 3682
204 1664 383
16 515 57
200 9339 9389
80 8791 4331
219 1015 9877
12 9423 908
12 9431 3898
198 8178 6196
220 436 1885
13 5500 355
0 0 20 607 9060
232 8555 8455
203 2006 975
303 2955 3921
228 6316 5491
153 7121 7445
169 9288 6823
250 2257 2953
17 4618 509
222 6899 3750
192 1696 585
274 7989 1923
148 7961 832
295 4604 190
111 9781 3933
333 2487 7907
334 1982 9358
86 7473 307
151 9606 782
340 4468 8681
242 8907 1453
0 0 15 968 9965
144 7761 8594
301 6178 1393
441 5165 2966
448 3387 6756
361 9796 7141
473 2236 3288
186 9302 1728
35 8275 1063
297 6401 328
194 9108 6917
385 8266 7209
121 8776 1599
301 6921 1176
438 6556 1922
410 765 443
0 0 16 388 9286
355 2835 2218
691 611 220
418 2602 5052
583 5018 5683
656 925 4289
412 1524 2021
317 8559 6482
571 1636 3440
476 2298 1012
70 9638 1434
683 7590 9560
713 4160 442
415 6855 4244
423 4311 44
555 9544 208
710 4977 1443
0 0 16 621 9681
579 4210 5796
377 6358 420
823 4890 4959
358 9946 4410
876 2142 1223
676 4000 2107
610 8910 7124
559 5148 3601
226 6686 3730
546 8143 5199
280 6553 4351
513 7022 4815
803 3662 572
315 7043 1007
925 983 2860
813 6167 1854
0 0 18 349 9284
454 6717 8574
512 5102 1467
810 8927 1210
269 6786 24
729 9959 984
835 6082 6383
851 861 3560
1254 8745 361
868 9741 7775
1183 2650 173
1092 9968 1719
795 9978 3954
289 7317 131
1286 9777 2059
296 6263 168
1302 1929 6956
1290 6222 1169
1306 2087 1317
0 0 20 529 9892
1683 2838 6994
1666 4001 2646
1507 7697 898
841 8630 7013
927 6700 147
1584 5979 1596
1518 9320 3527
1106 9767 5498
194 9700 4177
993 9065 2089
415 3695 100
1578 8168 2397
356 9749 328
1497 8968 199
1035 2266 118
1635 1183 488
1690 3865 5739
1445 9691 6170
362 9089 2878
1650 5171 7843
0 0 18 799 9240
2202 6922 2691
2022 7406 9144
1781 8620 3061
857 5041 788
469 8785 94
1526 1179 257
1213 9922 7313
1922 8915 6877
1020 1772 2208
2051 1247 1439
2043 8482 6271
1901 8828 6053
825 8306 117
1739 9233 2535
1723 3099 2082
2055 9316 279
2194 4885 725
1819 9722 5902
0 0 17 812 9083
1283 9308 5289
857 8475 4150
1391 9486 5230
1468 7293 8234
1676 8680 431
2135 4296 2975
2290 6730 3252
2139 2345 408
2380 5010 5831
1633 6217 320
314 9841 22
1980 7922 9780
2669 883 4367
2217 4003 1915
2728 3539 4886
2669 4538 3088
2301 99 2193
0 0 16 891 9980
60 5071 4284
1866 770 3614
2066 7142 9427
1214 4072 8298
61 9727 7108
1542 772 2043
656 6386 2084
1175 8309 863
1208 7457 420
2027 4640 246
3274 1067 8695
2146 4872 3887
2387 921 2594
2188 2246 7957
1458 7038 6387
3151 4430 4635
0 0 15 197 9430
843 1672 4547
1557 5346 4796
1390 5256 2779
2607 1105 3524
3945 563 4826
1828 3082 2220
2197 3269 1966
426 6415 1313
2583 6835 8632
1055 9538 3744
1059 1367 1472
3763 4792 1601
2383 1941 958
475 2826 1389
2015 4927 4590
0 0 20 1 9518
490 4463 1660
24 6186 761
3140 4286 8868
3901 3109 5884
4476 6820 6698
3077 5099 2984
2244 9732 5143
3031 6819 439
3681 5037 4189
2259 9046 8159
3413 2672 2959
3795 2768 5286
4742 5980 8754
4054 7641 3302
1851 9536 3406
4495 6594 8842
4068 2499 5125
3123 6902 1997
292 4293 165
4811 2150 442
0 0 18 508 9485
5300 5712 8112
2852 359 469
3173 3443 2527
5473 2052 6438
2670 8515 5852
5627 9693 3274
2911 982 1154
5674 2648 660
4049 9863 3801
1017 7908 1777
924 9454 1374
5692 1578 4766
3406 3130 1949
4021 6448 145
5784 3865 9800
5168 6910 2410
4494 3158 1276
574 8155 367
0 0 19 644 9533
1933 8820 3442
4578 2250 4478
3330 6698 1981
4035 2618 6962
2439 9663 4584
5991 4316 2353
3358 5555 2663
5379 7724 2583
4170 7102 1058
5519 6105 5343
2691 8893 8694
4091 9227 1933
4400 7257 436
5948 5205 1551
3836 10000 5508
6068 4987 7733
6045 9729 3228
6339 2570 9290
2519 9932 244
