20
-9695 6556 20 283 7629
679 9362 2041
1501 2380 2077
1357 9978 6525
8392 5787 1600
1517 8526 8807
1302 7644 2992
6144 6427 3075
9144 8346 6248
4092 4061 235
8303 8688 2476
8980 2072 1582
9897 7036 4269
7510 9518 3980
8449 2671 3073
4448 2894 1260
7789 7202 2467
4482 6540 1797
9201 6654 601
1360 8879 1730
7554 3269 42
2594 -4646 20 2743 9545
7963 3590 9108
7541 8376 4243
7017 8844 8801
402 9467 6647
280 1014 2151
150 8190 2694
8351 3884 1628
9680 1372 1966
784 7753 3830
6161 7596 1573
9085 1468 355
9022 7710 4770
1014 9832 9686
9280 4099 8547
4508 9655 9446
9542 8539 8761
1417 9204 3305
9611 7703 4858
7952 4510 2877
3157 5327 210
8025 -695 20 2617 6528
4798 7441 5671
7587 6219 5027
3592 7360 4300
2633 9983 1429
8615 2849 6142
7556 3421 2530
9184 4583 2667
952 8891 192
5708 7310 6840
6237 6989 177
8177 2850 2438
9848 9874 1780
8995 6149 376
7560 9083 293
6329 3431 59
8544 5158 105
9293 2653 1272
9881 9455 4979
17 9093 974
9503 2238 1668
-7138 -6627 20 936 9688
6934 3990 9173
7616 3248 963
8611 4829 3671
9523 645 5674
4859 8345 1718
8374 7635 264
8812 4440 6280
3849 9129 4453
9388 6785 4260
8490 9648 2806
8603 3563 2019
8572 1802 1297
9374 5538 2817
8249 7813 823
9532 9441 1031
6508 97 150
9773 4044 9129
9597 1290 1429
9652 3359 5855
8702 9923 5979
2807 1716 20 2319 7002
8464 1342 6269
3906 5722 3523
9127 8858 1190
4606 3055 7
9403 7867 3315
6011 2119 10
9664 8076 9572
9734 5171 265
9538 6828 6992
3050 9574 1705
6110 9387 8978
9727 7953 4782
7637 9359 1986
5702 9360 842
9347 8356 7784
1130 9955 8033
8247 8521 805
4350 5560 27
5473 9407 2416
4241 9448 8306
-3697 -2447 20 2323 7270
5827 8142 7019
1513 7081 1912
1751 7489 562
6517 9105 6333
8345 4858 7484
7680 8443 981
5074 2043 12
7216 2777 31
8258 8701 2619
1510 5087 332
3075 8035 636
2224 9545 435
7729 6147 1514
9829 4806 7338
8442 3812 13
8992 3431 1533
8088 9573 6627
9721 9441 3985
4935 6157 914
7848 3922 1903
-8463 1613 20 207 6255
3022 2193 6697
6565 370 9619
9664 8473 101
3249 9287 7709
9678 1623 8986
7246 9547 5148
3342 9327 2465
2809 9683 4308
7282 9650 6294
9986 1927 3334
4563 8618 19
4815 7508 96
9681 4799 8312
7844 9414 8782
9832 3963 8828
6647 8904 1349
3769 9282 3918
6475 9454 2606
9953 9042 2946
802 9461 2857
7702 7417 20 3072 7402
5780 5394 6685
8193 9063 7474
6746 7210 2932
7477 7694 1942
7300 9440 6087
1024 943 841
4438 9293 4892
5843 8582 825
9630 7408 3332
8762 5173 2631
1225 9843 3796
9748 2726 7241
7523 209 2136
8605 1048 2038
5486 9633 7724
9733 5678 522
9009 5767 1786
2996 8228 758
7502 9632 9521
857 9098 3294
-2545 -5917 20 3344 6168
5616 5781 4418
5866 349 7025
804 6527 6389
6793 2658 5829
5818 2694 6558
22 6333 2097
9368 3482 3969
4490 1015 1310
3237 9535 3671
9740 2287 2441
6372 5662 6784
9250 9766 6389
8182 6301 946
5051 9198 2930
5891 8625 5857
1516 9122 659
1716 6941 2197
7502 9001 2936
9422 5252 8808
8005 6548 305
6704 -5843 20 1866 7148
8217 7422 4691
5050 2318 1817
785 9128 7131
6974 3568 326
9681 7635 943
8539 8388 7910
4319 9222 4668
8655 9566 2693
4880 4514 837
9609 8700 6667
4578 8250 1120
3158 9569 3857
8400 9298 623
9092 4375 275
1016 9704 6447
1570 7359 349
6795 8380 136
8732 9126 2458
9633 5741 269
9912 7519 670
2143 -5 20 1621 8411
2238 7941 886
6269 4119 1296
1269 9153 5517
8341 7643 7414
6929 8706 9096
9804 8843 9243
8497 1094 7193
344 8705 5187
9760 9355 9071
2875 1360 1059
2735 6122 3063
4086 8836 5131
8191 9378 8312
8386 8604 4753
4287 8975 1409
8211 8053 1608
2348 9882 2266
9378 8429 5406
7984 1646 1556
8693 795 389
-8717 2703 20 2531 6264
2144 3332 2399
5829 4020 5476
5950 8266 4372
1596 6914 1180
9544 1066 568
7172 5693 2856
5490 6316 2446
5123 5262 2263
6375 7478 2289
6433 7662 8700
7763 7802 6178
2399 9740 2945
9735 2336 4551
5717 9339 4915
9994 3706 4674
3082 4722 1804
9201 8302 1146
8098 7213 172
6165 8961 1852
5127 9667 5279
-3784 7241 20 1626 9095
9012 2120 801
4370 8470 9837
8592 8744 7462
8776 6951 170
5998 9220 6799
9699 2542 6937
2408 7212 4358
3319 9219 5764
8099 9098 8008
8425 8288 5774
9443 6431 7398
4019 9568 4221
9231 5539 1191
9597 7493 5664
5418 9239 339
201 9636 8457
9760 6171 8569
6696 9343 2894
6364 9606 7706
9767 7782 2926
-5215 -3167 20 319 6753
198 723 9631
9835 2821 5001
4857 1718 1045
9901 3022 1280
9056 6738 7361
7545 9053 2471
8859 7176 8224
9247 4272 6317
9285 5251 4001
8278 5771 7248
8900 3945 3126
2093 7728 131
1207 9733 4087
6818 5600 625
9270 6559 6628
3010 9374 7014
5708 9115 3452
2336 9993 8487
9917 8418 8408
2307 4784 258
-5755 -7522 20 2912 8357
7892 5567 6442
3090 9927 5157
446 2380 4666
4815 2123 2719
7667 6988 3643
7019 7497 4146
2220 8721 3769
9909 4260 5789
8634 1435 1858
6460 2767 203
8549 919 1549
8754 3515 4108
9237 7086 1365
3344 7325 3147
79 7750 2109
4977 9686 3144
7577 9058 3591
7008 9965 8897
5140 4404 205
7500 7212 3486
6385 -3016 20 1093 6330
7372 2879 9410
9265 5366 3626
726 6755 62
202 8343 4521
9794 9759 9817
3233 8722 2133
6738 8397 3605
6308 8094 3557
4929 9885 2130
3274 3706 222
5953 6161 1332
6405 6861 3551
3858 138 896
9500 3894 3083
6303 7119 2287
9404 7958 4112
7217 9528 5805
7794 295 994
3296 6663 1967
9671 3422 1859
5210 -3267 20 118 9409
8012 4610 83
8786 7794 1695
1424 9479 5573
8644 9565 7335
6452 9702 899
6472 8790 2330
8887 9568 4470
8510 9807 7640
9054 505 6394
7826 8613 198
9873 5289 7474
9540 1873 2067
8910 2748 4168
9256 3540 5214
9780 2958 1371
9300 8969 7119
9000 2480 529
8105 2466 240
4403 9950 8751
9967 5847 7017
2066 -1326 20 841 9122
9260 7723 126
9794 9679 3082
2756 7726 2542
5586 9937 3187
8990 9524 1409
9826 2024 6435
7393 9708 5573
7494 9962 5706
2317 8202 46
5359 9915 2439
2882 9514 284
9285 7550 667
9849 2678 8901
9826 4180 3331
9812 97 3109
6585 9968 1103
3960 4117 19
6749 8282 962
9754 3557 2242
6902 9846 3240
-32 -4237 20 1926 8251
4652 8935 119
7799 2211 8240
5645 5708 3429
9136 3190 545
8462 7072 3713
5769 7902 8978
5210 8196 9285
7091 4322 784
2787 9720 6555
3889 9573 8278
8776 8489 4421
9364 1128 7661
7137 241 91
9911 1680 5757
5232 4793 3390
8230 8538 1244
9389 5432 4225
9331 2907 3809
359 9795 2839
8140 9222 3326
-3356 -1723 20 3467 9203
9351 7423 8235
657 7991 8947
9984 2175 5308
2525 8366 1389
4912 737 68
8707 2695 7015
6818 147 1602
5011 6548 6520
8627 3264 3607
6570 1326 1083
9904 5469 7795
8443 7890 7979
7408 6720 1821
3340 7591 6562
8770 6984 316
7290 9956 9078
1498 9604 5074
656 9182 3156
5987 9476 2982
3023 9660 8014
