20
-2587 -4324 20 1414 9784
5114 6269 1621
5073 6631 7553
9726 6337 9372
9459 3338 9044
1798 5820 958
6731 9014 1893
8996 4554 2375
7525 3023 388
9626 1929 3012
8301 4898 653
9682 2472 5999
1799 5225 213
3527 9696 891
3334 7120 217
3894 8035 505
9620 2517 567
7164 6124 8763
8939 6586 5669
4462 7976 1316
8374 8805 7600
6439 5546 20 3445 6692
7277 3401 5927
2235 1879 813
8836 3168 4502
3929 5566 7094
650 6125 858
9546 655 7666
1528 8961 3534
9390 6496 4121
2199 4363 557
8022 8861 1078
5596 3385 188
8310 4570 2591
9446 6924 449
8928 8423 82
6218 8428 76
3647 8945 3888
9784 6691 1
9704 6875 675
2294 9474 996
7981 9770 1193
9869 -6789 20 611 6835
9679 9383 3348
14 7352 2205
2531 5195 380
3540 9894 1172
1435 1437 90
4748 5529 2967
750 7305 1050
7708 2415 494
8973 2069 2660
5283 8389 3020
5058 3524 2228
1066 3039 220
9165 9793 9667
8572 9081 2878
9330 9601 1744
8618 925 539
5127 3818 1157
5737 9632 10
9934 3482 9677
1823 9648 683
-7866 6939 20 2847 7828
4251 8663 4578
1889 4646 2958
7972 7274 4833
5842 8111 1219
7452 9618 3489
8348 5104 2747
9734 8359 3463
9454 8427 1944
6038 1500 953
5924 7630 733
7289 4492 1107
4278 8917 1536
7892 9831 9296
9838 8561 782
9393 9044 9287
1739 9318 2404
2372 9966 7562
3483 9587 2946
208 2532 715
9618 9219 6331
-9986 -3022 20 509 6099
10000 8294 6578
3261 902 1768
6106 7391 2983
4911 3215 1485
6394 7164 1470
8507 2891 3346
8282 2691 2630
9908 8831 8624
2529 9092 5334
7735 2884 2098
8229 4652 2323
1697 1853 903
8401 8787 7182
6934 8298 3583
8573 2130 6430
8597 3392 275
5587 8604 2012
2008 9827 4474
4089 6903 1018
5283 5117 877
-6865 3515 20 1068 7726
2968 6915 5797
4907 9222 4015
9875 6498 1068
9895 4322 5599
2840 9096 2035
8767 4092 109
2403 9734 6372
9330 9635 6881
6094 6654 5108
7000 9807 4499
5164 2406 47
9963 5043 9672
6387 7412 3090
4286 4100 212
8842 5685 407
4003 6439 141
1110 6707 1555
5135 7676 631
6929 8165 1426
531 8440 1179
-9886 -7077 20 3663 9634
5695 8103 2906
8469 5754 2968
5568 8593 3962
3299 9087 1589
3264 8940 735
4652 7510 920
8351 7970 7865
3146 8075 405
9187 118 1328
9151 5993 9115
8858 7031 3594
9098 7646 8905
9565 131 2261
9383 7073 1446
9782 6855 4680
1442 9981 6236
8080 7535 5624
9980 562 2643
9558 8227 813
3638 4381 591
-5125 -839 20 3826 8385
2865 8949 8248
5985 1961 129
9085 9713 8629
6470 3399 2304
1050 9882 6946
4651 4476 3681
6826 2553 7953
9585 7259 4849
6976 7206 4516
8757 8310 2835
6699 8840 1630
5386 5295 1377
5825 7764 267
8231 7708 1784
8893 908 890
8799 9172 692
2722 9334 7584
9978 184 8317
8936 3895 1568
3119 9281 5264
181 8 20 1163 6980
1624 8558 8255
2040 5853 6307
5691 5323 4546
7246 5555 8735
6124 1795 599
9674 3671 483
1966 8471 6784
3579 8764 451
5015 6370 4257
9830 1692 941
3669 8648 5849
5800 5229 1667
4695 7051 5229
9977 7615 9817
8504 8849 2400
9686 6173 8776
8749 3719 54
9490 6966 6252
8361 6632 474
4078 8307 43
9491 -6940 20 3235 9143
790 6199 5336
1155 1039 7919
7193 1857 7216
9222 7942 7175
7146 1871 719
7380 2780 1942
7523 9842 1058
8765 2169 6180
9777 6404 2164
7551 8000 7139
8297 9355 8068
9698 9747 2632
561 7188 339
7597 7660 1162
7379 4519 985
7854 9168 1543
8594 7082 250
2348 7655 890
9050 6062 1933
7625 5111 13
-3147 9622 20 2885 8037
8457 2538 1218
3224 8572 1634
6581 8750 8758
9076 5001 7284
7936 9669 2710
5754 1896 920
9324 457 1445
8858 1667 6298
3640 5654 2419
9365 9898 107
1598 1628 69
9857 220 6579
9886 3738 4538
9999 691 875
9405 9248 5429
9764 5911 4824
9389 5061 487
3893 9938 8735
9848 5283 276
9690 7728 2918
2086 8550 20 3209 6349
4986 1241 1862
5446 2915 1942
9917 4595 1538
6589 8155 4025
8825 6808 3569
4876 7329 1714
9956 7246 2256
6809 8042 9532
8130 8441 9178
5718 5706 848
3780 9276 1291
7341 7474 7305
4412 3431 495
1102 3867 256
3875 8350 5970
8231 9196 3040
2379 9378 7981
9070 9227 7623
6636 6285 619
1058 4412 378
-1315 -7774 20 768 9711
8090 4931 4735
703 7613 5767
6340 7997 4361
4536 70 3486
9769 5484 6687
8654 8721 5893
3446 3000 4234
6347 9542 1067
9545 4916 3547
7503 1935 3512
3334 8116 942
8730 5550 5852
7643 8750 5559
8846 9363 7240
6800 6993 1971
9636 7805 2199
9727 3824 4095
7863 5148 1701
7037 9284 4224
1720 9972 2084
6787 -6436 20 524 6433
9798 7441 2339
4299 9641 8921
6967 9996 7091
5844 9770 4280
7876 5256 932
313 9901 2194
4855 7314 758
9662 4097 641
8975 6382 831
5656 9407 3143
9800 2599 5830
9980 7572 6984
8740 4934 292
9999 261 4846
3678 8392 2520
4715 9723 665
7161 7891 8302
9287 7295 608
8399 8149 2517
2145 7365 90
-7776 -5991 20 1455 9436
5186 963 2326
5076 2949 3329
3569 4532 9878
2418 5080 2958
6579 210 3179
4213 6229 9013
7430 9069 1012
8792 7064 9729
9264 118 3379
2769 9862 4130
8431 8653 4200
8473 1386 6584
130 6151 142
8659 789 1961
7150 4722 887
9347 6750 6988
7976 4080 1480
617 9470 1708
9511 192 7478
7895 5151 337
-4406 2450 20 3645 9710
7732 2031 9080
755 9973 4462
8688 2247 7803
2604 723 2500
2299 5830 6901
4027 6445 1853
4413 7822 9598
6662 7126 718
2215 8853 8453
9238 9413 4290
8622 7449 479
9328 1793 9902
9919 835 1926
2771 4557 329
9822 1879 7667
4121 8058 157
1998 6918 77
789 9486 5550
9950 386 18
1421 9288 3564
-8406 -176 20 1786 6525
6816 4386 8864
7023 2748 3724
772 4048 8522
3224 1970 3147
3673 4426 6035
4090 7932 4745
9198 5009 8636
656 7878 1740
4937 5830 969
3819 8384 9152
8633 5725 2253
7133 8921 1512
6428 6567 1398
1830 9588 3989
9904 6509 2381
2050 9762 9431
7142 6711 9088
584 9127 3727
8970 7890 8759
7415 8652 9378
-3796 3653 20 71 6556
2703 3353 3059
5809 8216 3932
6821 2712 1938
7384 3711 6987
3842 9766 4512
915 4355 3373
9788 4359 6155
7250 435 4462
8758 6639 4130
9292 1980 2898
9524 6484 6308
6359 7248 9521
7297 9337 5635
6517 9317 822
8770 4279 2902
1003 9922 8802
9830 5258 9778
8977 7669 6473
7600 3660 1606
7870 6766 1272
8676 3296 20 752 8443
7498 3222 4602
6529 6942 9119
637 2977 514
6075 112 616
7643 3889 8140
3839 7125 3243
8254 5286 106
5061 9783 4351
9911 5619 3913
7161 1097 33
7469 5803 4753
5876 8272 4113
6869 5939 8871
2173 7132 2739
2970 7915 328
8354 6368 2327
795 9604 4148
5152 9697 5812
8645 2351 2988
1103 8854 3555
2951 9979 20 932 8526
2569 3355 4690
4744 5547 1933
6005 8148 1942
8804 3304 4774
9742 8432 8517
6294 3382 4468
7457 8550 9216
5800 9657 8145
7059 5170 5065
9406 352 5487
6773 475 2994
6642 2216 2475
9396 1293 5039
6873 3239 2115
6822 3371 3515
7201 96 520
5421 8926 7041
9480 2001 2680
1610 8924 3727
8060 4111 131
