20
5273 2646 20 3762 9885
1342 3078 3386
5148 677 7944
8544 5074 9553
8429 6075 1367
4935 9075 6693
535 8163 4726
9419 814 6679
8893 7818 7093
5955 8179 1775
3355 8742 1985
8506 4737 5275
9236 7958 64
9850 5155 7566
199 9129 7658
9242 5210 5288
8587 8228 9583
4274 8340 3074
9076 8179 1858
2924 9786 1115
6523 9295 8838
-4840 2706 20 3989 7665
3071 389 9622
3792 3672 5160
1787 9401 7141
8802 3363 9981
1163 5524 1771
912 4724 908
6764 5220 7327
7364 817 9861
3825 3061 984
3743 9020 18
4435 8951 8187
8034 5488 6802
7750 9287 6313
7327 6151 3872
5342 6740 5063
5476 4510 1026
5972 3654 798
9728 8201 8874
8424 4769 2373
4076 7424 1904
6640 -4574 20 3329 9167
3847 5625 6506
2746 2915 454
4329 8103 6858
3093 5889 840
7555 8798 7905
1679 8841 6405
4157 4467 4016
2632 5898 1324
3249 5627 2547
8220 7357 5572
9221 3590 757
7147 9339 6859
9360 9005 6155
8768 8752 5151
3568 4174 2280
9503 2758 8799
5706 7325 3741
3025 9070 813
3498 6901 1023
6498 5680 1661
-3963 -3828 20 1364 9698
3340 7024 7939
8990 2190 2009
2117 7280 8361
6772 8599 2169
6027 2640 1618
6534 5611 246
9677 3261 502
8865 7016 4098
2812 6470 402
5957 6241 1009
9893 7684 2662
9406 8187 9239
9770 4576 2
7920 5275 1428
1301 8782 5405
9473 5650 871
6060 9769 565
9291 9141 6471
7722 9375 4398
7930 9739 5201
9662 -8540 20 3415 9735
8500 6290 3670
50 1172 1763
1480 9189 1658
5007 5345 468
8506 6491 5183
2115 8473 1285
2734 8371 5962
4726 9528 2436
9558 3970 3048
8508 5453 2386
9302 4263 4854
7192 2437 392
830 9654 4739
6937 8821 7150
7458 9531 5527
8889 8399 1456
7147 8750 962
9394 4021 4037
7242 9810 5680
9159 4885 536
6271 3255 20 60 9197
4239 6342 352
9380 2160 3140
2914 8592 5156
7564 4522 9985
4414 5640 7349
6097 839 906
9759 117 3463
3591 9615 2189
4420 1459 244
1497 4244 129
56 4309 27
3426 8994 545
5144 2594 2720
9874 4309 5349
5707 1679 2140
9380 8681 3635
9550 8479 2521
7216 9322 8685
4600 7896 1255
8958 5731 317
-6592 6769 20 1343 9637
8926 5888 5024
5945 1041 4683
9841 6467 9950
3120 2285 1951
4930 5358 1184
6805 7573 3574
7308 7184 2971
1195 8662 8351
6767 9835 4797
9039 3726 4048
7940 3337 3490
8699 4705 2377
8072 7594 7619
5215 4396 1638
9697 3785 8517
9966 6080 5561
4666 7457 92
785 9870 2112
9179 9322 4696
7334 6142 907
1127 -162 20 2942 7239
6310 4165 2602
8478 2082 6708
4120 8536 4800
9107 1721 5951
9079 5445 6598
2523 8294 1694
8029 6014 8366
4425 9652 6095
1668 1463 1679
2973 797 2491
6879 5191 3650
9631 6296 974
5786 7888 8864
7560 7638 4736
3901 775 816
4921 9189 1417
9728 2011 6089
5193 9296 7281
2046 9730 9642
1559 9651 1769
3819 -114 20 2938 6486
4518 3795 1778
6095 3115 959
1197 7087 2792
9251 324 4390
7708 9371 9801
2271 9929 2477
7662 3478 3464
9543 2528 7436
9450 9142 5548
5932 7444 2549
6686 8403 188
2748 9320 24
8046 9158 2082
9170 6752 4154
9645 1474 1271
9960 8899 1694
3676 9710 2373
4515 9329 2794
8554 1866 1588
9118 2670 798
-5593 -6991 20 3473 8280
6277 8120 4392
8138 1495 4939
8589 4497 6007
4960 9459 9350
9996 5951 3757
9820 2875 850
6790 9442 1524
3298 3008 1318
9484 6954 9136
5639 3962 1032
8093 9610 4181
8046 9479 546
4685 3474 275
9894 8513 8133
2608 4935 143
3156 4055 307
9501 8400 8027
9595 6241 4457
9849 7877 7289
9985 1634 372
4998 -8240 20 1824 7773
5630 4426 837
8481 4981 1261
521 8963 4616
3361 9126 5068
5457 6625 4168
4578 7998 3887
2052 9846 1780
4265 5366 892
5934 6109 3499
5814 7361 6401
2502 8447 4766
8682 2241 773
7050 6241 1849
3633 8179 4906
9083 8247 4337
4895 9417 3452
3455 9612 1392
6789 9889 9822
8725 8902 1809
6791 7528 849
7828 3216 20 947 9596
3286 4806 6855
8153 756 457
8356 3807 7673
9593 3526 6119
5046 5744 6187
430 6540 9825
9132 9987 5020
8297 2942 2333
3049 4794 2632
659 2016 1960
9926 8999 2252
306 7820 1760
3272 4874 1498
7068 9107 3103
9202 9825 1739
8806 4673 677
8952 1636 241
9386 5814 1221
5646 708 84
5336 8014 1574
-1599 -3528 20 674 9579
881 1734 6516
560 5579 2155
9458 9679 2859
7667 5570 521
4476 7174 675
9900 1384 7933
2018 5810 178
3989 7821 921
8372 2555 911
4769 5445 142
7661 9700 7571
9718 4651 1794
6844 7432 466
8085 8378 1267
1056 9218 360
9943 226 9638
7062 7043 740
9702 5275 6775
3748 830 133
1283 8150 61
2385 386 20 892 8410
9365 3284 4277
5564 565 3696
2092 3638 7590
6576 5803 6884
8294 3637 4815
8860 8543 868
4414 3643 642
4848 9848 932
6696 9061 2252
9200 5998 2377
9876 5838 8309
9512 7739 514
9090 8892 168
9723 2058 6245
9409 9307 7162
9917 7541 9278
9136 8796 6549
3057 9914 4848
7651 9873 3283
9560 6772 7855
-8882 -306 20 576 6234
5533 3900 778
2762 7336 5316
8000 586 9091
2258 5632 2675
9734 3313 6361
4375 4815 6077
3921 6971 1842
6725 5333 9487
8612 3716 6331
2621 9014 1994
1948 9131 827
7017 8971 3281
8633 4178 2177
5943 9371 3608
9336 1512 4500
7078 9719 7462
1203 9132 2050
2472 8096 1727
8085 8896 1130
6636 9927 3353
-4345 6242 20 805 7521
7470 5103 5548
5691 5634 4749
3236 1700 240
9962 3393 204
800 9927 1831
4820 7045 7703
9976 7069 7501
1178 8962 5931
8284 9113 9214
3662 6382 982
5343 8467 9086
237 9542 888
6942 7734 7574
6485 8987 4468
4613 9766 5929
7533 3714 3333
7451 8353 6974
6563 9925 1881
358 9339 1103
9915 4235 3630
8279 -470 20 785 6142
2893 7092 7816
2251 227 6013
7857 3875 8947
4522 5389 6096
4997 5911 6719
9223 9953 2360
6138 2403 923
1812 9170 683
9168 7087 946
8249 9703 389
1516 1166 384
9768 6596 7265
9303 8112 1720
201 7510 178
9632 7077 1346
8821 9051 2290
1455 2830 376
9576 9674 8819
9912 5697 6924
9188 4192 565
3963 -6493 20 3868 8268
227 7563 3980
7490 4273 9637
7741 4627 5599
4870 3495 4255
9455 3430 9345
7852 2122 7364
290 3881 1653
5341 9597 5108
8680 3172 8951
1300 3205 4053
8390 9518 4305
6431 2908 1076
2620 2176 488
9515 489 8301
8690 9309 1171
8705 6666 4910
9997 4546 4393
9953 9765 7215
4918 561 128
5901 7727 888
-3667 1485 20 3588 9017
6979 3719 2707
2840 7450 6508
650 9609 6438
5240 9812 8266
4583 6186 1992
7552 2369 1228
3800 9216 2533
2641 6706 932
7199 8832 9276
4907 7194 2265
6352 5830 4580
8288 4376 9790
6330 8524 8184
4935 3940 4522
9258 43 2855
328 9567 4857
8232 3738 6655
9801 3598 4966
8908 2316 3060
2636 9859 2091
-3130 -255 20 3650 7144
1000 9434 602
7705 2289 7019
1492 7655 592
2558 4682 4003
2481 8236 5475
4290 5614 7342
6040 4752 1207
5352 8749 4588
6262 1144 6598
5542 4775 7076
8585 3283 8982
7706 1382 1418
6884 5695 2385
8718 7108 3380
9353 863 8547
2390 8145 200
6364 9716 7288
8685 8974 7567
9853 8423 574
9316 9033 3258
