20
-7988 -2980 20 3685 9435
2467 7339 776
9110 486 9810
5040 7119 8402
5135 2459 7843
1356 8358 6192
4264 6397 3406
5051 2239 2933
9777 7404 7021
6154 9020 50
8606 8756 8042
7053 9557 7788
6495 6523 1959
8358 8222 5459
7134 1776 363
6163 9295 1898
7343 7685 4524
9494 5532 4860
7841 9476 3226
8500 9321 929
6222 9907 6208
5227 -648 20 1300 8246
7421 9051 4566
9902 8355 6133
9875 476 3788
1935 9341 6533
4391 3142 913
8285 7013 2894
5621 8433 785
8379 5964 1489
3344 5727 372
9092 6054 10
2171 9492 1223
7730 8419 8167
2416 9680 708
4134 9369 2876
8559 7754 1380
4345 8921 2527
4292 9257 5053
5251 8984 18
8971 8179 2666
6787 9936 6733
354 -6098 20 2258 8683
6444 5029 5260
9215 4572 9930
1163 9754 8272
6512 4230 624
819 6241 635
5287 6217 966
5556 6746 7928
3527 6225 1720
9783 8358 2861
9673 8685 1023
8559 3562 662
3424 8697 3141
1333 9059 6082
1472 8958 1626
3585 7485 447
4688 2055 448
8078 7332 273
7464 9205 9609
5177 9536 8732
9068 9550 2118
-3765 5986 20 3611 7643
9103 6025 4960
1431 6142 3967
6971 6341 8640
9595 5578 3393
7009 8327 9369
4215 1318 1557
9959 7167 7172
198 7354 5541
9598 8342 916
8883 5589 870
9711 3591 361
1850 9796 9409
274 9350 8595
2835 8556 9699
7271 4458 573
5239 8374 5591
9818 2282 184
8617 7441 521
2637 8739 1520
9648 5352 3233
-9639 7314 20 2954 8564
2644 2896 7118
2198 7956 3376
8494 1254 3189
6451 6810 9725
7188 4830 7296
4281 5779 8646
1662 8754 5503
5658 4359 2711
1890 362 1568
6275 6721 5448
4606 415 100
9252 7331 3962
6985 9443 1941
7397 3580 803
3145 5145 842
8487 3273 216
9930 9201 8711
8214 7928 2257
8721 3467 215
248 9130 1510
1873 5126 20 1911 7594
1226 4067 1682
7206 8349 7733
8328 5368 1458
7546 9006 2807
5545 6240 337
2243 9908 2354
3823 8667 1347
9687 271 1984
9681 2511 3709
8504 2867 6638
6855 9585 4918
9305 2113 722
9037 7596 1128
3479 9972 1669
9833 786 9839
5763 2547 840
7948 7783 7795
6467 9166 215
9105 6457 67
9150 6533 6319
6338 5432 20 1935 7291
4871 1299 2020
5575 2 8704
4010 8786 4863
1873 5935 2026
2219 9622 1278
9209 2010 4313
7872 9771 450
9329 5090 3509
4770 7490 153
9844 3075 5391
4983 9877 5511
9912 2788 3921
8586 1688 1705
9666 4011 5665
9331 179 1444
8383 6395 6614
8435 4771 1140
9959 8906 5348
8975 777 2340
9493 6529 2710
-7641 5691 20 3305 8043
7110 8824 256
9151 9387 6206
8872 4829 4633
6954 9596 1618
2344 6504 210
9602 3802 3163
7825 2511 1294
8665 8740 2353
2544 7056 156
292 9806 5308
6470 8779 86
9120 9845 1279
9552 5375 6276
8317 6270 1222
2477 9867 1766
9403 6506 9358
9536 283 1710
3240 9937 3201
9418 7659 8267
9711 760 1663
-4805 -3795 20 2432 8178
4824 7022 2599
9795 5985 2828
2603 7128 305
8438 7831 2972
7426 43 2519
6858 1780 1459
8830 9415 4426
3777 1036 464
9858 6470 7134
7695 8848 721
7151 9477 2756
9927 4737 3396
597 7633 229
7764 3163 61
9287 8665 3443
9106 9490 7802
4186 6952 27
9744 7727 3231
3725 9329 2337
1358 9912 4224
4786 -5363 20 3517 7204
6672 7585 7522
7365 4597 9285
3926 1577 3790
8332 5442 5483
2234 9705 3619
5664 170 973
3232 6952 6026
9923 3926 2262
3385 7852 8847
3295 9705 6331
3736 8078 8243
8282 9697 872
9976 6946 710
527 960 595
1455 9767 4267
2525 7077 197
2752 4814 310
3423 4839 103
9013 7922 3162
9177 7751 4010
6104 -6681 20 2131 8609
5027 6665 2543
7751 2616 2842
6710 270 2783
6667 9535 6072
1343 7149 775
8574 5554 1453
3770 9813 9221
3098 8490 4959
6863 9127 9789
9329 4024 1514
4851 3701 325
9296 9739 2698
1094 7788 1468
9747 6875 3788
7153 4488 1273
7247 1612 873
9276 5901 2390
9950 3308 5850
31 2526 112
9576 2807 938
-5307 -251 20 2230 6207
6143 905 6405
7923 8879 4141
7607 3478 2696
4479 4348 1204
2842 7561 1725
9772 5659 5703
9160 9403 437
3120 95 11
7728 4748 281
9454 8328 8318
1698 9913 3626
9897 9298 9947
9745 4400 4566
9438 5630 4269
9805 6357 8234
7812 4904 121
9754 6088 6691
8721 1894 415
6655 9878 9899
9330 7761 3141
8734 -1093 20 2400 9065
3340 9697 6876
4057 9197 1241
9800 566 8448
9226 4829 5260
6755 843 1519
2373 7258 1237
6546 9021 2483
8492 7113 5759
2837 9448 5471
1615 1008 24
6625 2879 1910
4333 3197 1306
8578 8796 1970
9252 668 8651
9872 3886 8925
9602 2767 5057
4360 5566 933
5162 5432 1389
9857 2459 2773
5544 9462 8863
9649 3623 20 1051 9198
8906 4568 1078
2931 7497 6186
6568 7806 2460
730 9542 5081
9252 8616 407
8677 9100 9159
9550 9110 1495
3288 8818 1027
7088 8828 591
1357 4527 349
8182 9720 4672
3721 9112 2354
9823 7674 6784
9552 4806 2146
209 5045 393
5751 8059 345
1565 9895 7918
4932 9913 8496
28 9445 1357
7502 9916 7291
-2795 4286 20 3367 8247
830 2839 2947
504 1476 672
7057 49 2409
4168 9205 4213
8961 9086 3607
9986 1035 3638
1243 5958 2174
912 9927 8047
4416 9840 6663
6003 1068 2219
2798 6080 2528
9230 1297 1693
3562 3763 3110
1032 5244 687
2393 6516 3190
6582 3855 1666
9050 5130 3271
8732 1573 2265
7222 4233 1353
5352 7480 2980
9122 9241 20 1867 9303
1961 8322 9045
574 3401 419
7951 2720 7691
8217 7340 1126
8088 9265 242
7113 9375 8909
8353 2503 8440
3897 9840 2767
9804 9524 6045
9895 5212 5246
5814 9683 4116
8598 361 4015
8739 7492 960
8669 4593 950
9913 2185 5151
4743 5771 17
6710 9743 4131
8848 1890 2176
1547 9898 153
6704 9774 1052
-1589 3400 20 898 7149
3920 1333 8515
3588 6739 5716
9274 4207 4155
4072 6979 403
7715 9629 8858
3710 6982 726
5856 8219 5815
3971 8593 2458
3196 8193 1232
8923 7108 9186
3336 9019 6587
4728 8228 34
6056 4269 3146
5424 4389 1556
5808 4295 291
9673 8914 2581
9717 3235 5231
7345 1349 1315
8710 8922 8670
5289 6145 1396
-3983 9014 20 746 7273
4265 8649 2565
4726 8436 6437
1121 9814 1606
9060 819 1358
9218 2351 468
9282 9428 3525
6983 7428 2559
7753 5134 1445
2968 7525 1542
9331 9674 1812
6983 9860 118
9446 3072 191
8538 6752 915
9931 1245 9733
7852 9808 7497
9816 8277 7073
7162 9648 930
9503 9418 129
7583 9685 2830
852 9985 4548
-1351 -7977 20 3085 6504
8012 9999 6654
6079 3613 3191
1801 8829 273
9077 5399 7062
7688 1837 5632
7779 4624 4633
9051 2049 3329
8130 6512 1052
5869 7198 265
9302 3035 4872
7229 4067 81
7762 7983 252
2737 9473 1078
5754 8062 363
1648 9852 686
5342 8503 4920
9802 1877 9134
2765 8698 2418
9650 622 1877
8658 2109 4751
6981 1085 20 2593 9994
5860 3396 4925
3200 4038 8592
3078 6511 4599
8162 3070 1744
3618 3291 2492
4335 1443 1734
1551 3300 2343
8767 6049 9949
117 6818 2358
5696 8881 3128
8358 7756 6109
6867 8592 6199
2335 9453 5629
111 4760 1560
7877 7959 5376
6281 4602 70
5050 9023 4016
9052 6320 5446
1173 6671 2396
8039 4404 5323
