20
-6662 -6126 20 3074 9758
5159 7493 3099
3118 2224 2552
4294 6676 2722
8000 3017 7721
3698 7681 3826
4251 9143 8667
9916 1268 2040
7628 6747 9867
62 3204 17
9947 3913 4267
3101 8405 2102
8143 9210 7872
2993 8658 985
7188 9123 2447
3472 96 434
8922 4950 4138
8042 540 875
5585 3641 1524
1375 5416 688
1765 9151 705
2231 5146 20 1031 8372
1398 9478 1636
8461 2587 4514
2684 3249 9140
7198 7420 717
7993 6787 3467
4998 8606 8058
8633 8134 5854
5878 9958 9499
9553 5664 949
7903 9218 7609
405 4446 436
3531 7845 26
7420 6580 1610
8735 5033 670
5446 8718 5964
6509 9824 4025
8783 6724 7222
9124 6227 1276
9126 2539 256
3767 9980 1764
-7454 -1969 20 2600 6740
3017 65 8555
7019 7071 7352
1837 2887 1000
6373 1675 4796
3748 4635 6574
5486 9812 8343
7230 9825 3439
1063 5830 2397
4923 4876 1543
8322 4377 1753
6228 6158 3094
8907 5141 2476
8112 7214 8594
9319 771 5616
4168 5662 3034
3121 7703 2769
4359 7633 2455
8689 9596 3521
3720 8128 138
4458 9451 2844
-6237 -1039 20 234 7696
1461 1683 7642
3666 215 1165
3249 5479 434
8467 9572 5229
9658 4463 6794
4794 3404 1491
9446 5951 6759
8777 8623 1033
6393 9534 3379
9459 7502 6299
5957 5801 516
7670 8443 103
7580 8931 3887
9162 5994 2810
2482 9906 3276
8646 9147 7475
9402 3064 3069
9660 6806 2966
3964 9773 8010
8065 9503 4199
-910 7509 20 2310 7884
5924 7536 8545
4496 9145 6507
5212 5758 3209
309 8175 5192
4720 9811 5569
7434 5006 1451
7726 5933 9152
2826 6464 1398
9831 183 8859
9417 9637 6682
5058 4323 634
2557 8608 1527
8028 2221 3195
8910 8465 507
9601 8760 4820
4334 9595 4413
4838 9122 5457
3883 3465 62
8617 9824 5064
9440 2756 3790
-7044 -4334 20 3489 8812
87 7238 64
5508 5783 238
9967 1105 7194
2538 9202 7896
2766 6126 8056
6695 7661 8728
6965 1264 1278
4034 5834 1183
7341 1506 975
7625 6209 7795
3641 8635 919
7750 1879 818
1585 9869 8247
9579 567 4447
8037 2286 8831
4179 6021 857
8994 7150 2592
8534 4670 776
5691 8265 8653
9609 7569 7014
9929 3438 20 1251 9814
6328 4909 5935
3106 8225 3871
4760 8161 9696
8707 2575 22
4483 7276 8241
576 5535 1814
3107 8905 6169
7795 3067 8459
4694 7844 4063
8124 5123 7043
4156 3262 1997
6799 9704 9367
5019 5233 6534
6691 2820 4876
5449 7831 7019
9139 5887 3134
7776 2908 2999
8563 3101 1140
946 9326 7511
9282 6880 2217
5665 3171 20 353 9242
5588 3969 6457
1006 8234 6367
3145 1609 368
9554 6956 6735
2272 2263 5001
4399 4594 3423
3351 308 2987
2515 9028 8511
597 5607 4595
3853 188 1278
1263 3039 1464
6763 4200 700
5150 9269 9681
1209 2173 575
8914 7275 466
3693 8370 1127
4961 9446 271
7995 7310 6089
7608 7363 7276
8166 9303 2866
-9672 -3839 20 407 8753
2346 6609 6321
1727 1461 2253
9999 5983 4084
9660 4554 2984
7304 3767 2378
3545 3654 1545
6525 3883 1767
8411 7557 9235
8709 4814 1789
8661 8771 7011
2028 9704 3227
8875 7555 4416
241 1521 1421
476 7892 3089
4604 5400 401
4541 7302 2058
6733 9313 816
9800 3032 574
6885 6351 3350
7745 8691 4294
-7292 8781 20 2252 6826
6140 3356 5965
9408 872 2313
4879 9021 4133
7203 955 2144
900 9757 2394
1077 9210 4245
9213 2777 254
9139 6076 3562
1146 3216 2332
8639 6431 2885
8277 3978 808
9320 6014 6273
5657 9165 5973
9522 2872 4167
5682 4679 394
643 4367 179
949 2499 85
5191 9865 5162
1371 9129 2922
2925 4941 866
-5703 -5986 20 436 8807
1724 7372 7414
9301 4601 4905
4756 3636 2462
7789 7608 5793
342 5565 1473
219 3822 89
7254 4185 4521
173 9136 59
448 5062 2010
1915 6392 4121
6528 2741 2888
6103 8056 2625
1184 6066 2381
9208 5985 6284
4560 6062 1692
7643 4819 912
3221 8334 8491
1985 8579 325
6822 9069 7348
8859 6440 1327
4312 -5995 20 3316 6806
894 4923 3661
7208 5864 2698
4050 6010 2414
234 9321 8913
2865 6826 5698
8435 3852 8108
6074 8203 1810
9623 136 5028
7647 9996 8148
5493 9523 2500
9084 4933 2159
6257 9181 6177
7747 1463 1250
5443 5196 1037
5308 5770 1063
9732 8221 9014
4293 937 472
9263 9839 3138
7349 7636 415
9770 6360 7614
-6502 -1036 20 1448 6438
4351 3924 7509
6614 9810 3952
4330 9147 1788
5712 7748 3495
5908 1795 856
9374 1005 8043
9719 4103 3963
4492 6100 1063
7127 3472 305
913 4636 780
8015 1868 3620
9194 4148 5027
8156 8365 3499
7220 4337 1512
6084 9604 2235
9030 7160 1033
416 9015 1537
7779 9423 28
1341 9918 8135
6901 9865 2957
-6307 1603 20 3255 9956
6522 9639 7724
354 3325 2452
1384 9502 2137
5485 2422 3538
5666 5700 5121
5398 5847 3424
3500 5917 1410
7600 7722 8520
9793 3437 5836
9268 8364 6005
7284 8953 5870
7214 265 1157
4979 5174 739
8454 2381 1393
774 9894 4190
2839 6002 398
6139 9505 4079
6365 9324 2218
9707 9638 2028
3176 8678 303
7894 -4180 20 1853 8082
4655 3194 5914
830 2295 2885
5935 6320 4546
8510 143 2577
8422 9465 8783
583 2879 1952
1340 6672 7608
4134 3472 3909
9361 5295 965
291 1021 370
160 9635 4382
2727 6396 1461
9085 9453 1503
9790 1575 2965
5785 9913 9447
630 4850 406
6429 6034 1376
7540 369 778
6508 8069 796
2800 9265 1345
1360 5691 20 454 6992
6238 1586 1646
4134 5239 4593
4111 9232 316
9402 3895 379
7553 7028 9446
9301 984 45
7079 8686 6817
9633 111 9852
7765 4367 1629
2712 9735 9242
9801 7031 4374
7906 8622 8160
1629 1316 199
7547 8738 2446
8037 9504 7072
7789 5810 2797
9693 9877 1648
1553 9533 507
7160 8376 516
2173 1472 89
-7470 321 20 2477 6794
4285 2231 8421
8105 5278 4679
6647 3572 854
9859 6684 9447
1805 6924 5910
2951 9052 9267
4928 8324 2697
4650 6470 1822
7194 7579 6589
2968 6586 1877
5386 5070 85
7156 5540 3471
9245 7156 6593
1522 7896 2472
4512 8394 3436
5490 5804 6525
9322 191 8933
1616 9135 5613
9212 8697 335
3513 9338 4528
-3726 5260 20 1192 7580
168 1730 8555
8935 4800 1630
9433 2341 646
8511 8710 7238
9326 8106 8726
7191 7165 5459
8676 6600 7354
3510 9507 6008
1129 6399 1324
4243 9381 6122
4495 8628 428
8805 5745 1749
4122 9770 9288
3605 9393 4365
1784 9745 1862
9464 2259 6769
5923 4104 1472
5953 7725 3230
6768 7437 2401
4454 9270 925
8876 -102 20 3838 7830
4351 496 9757
2029 8195 5133
2108 9983 3143
2069 3731 819
6319 572 8544
7815 9278 7859
3054 3089 423
7879 49 5230
3488 2801 4291
6317 9994 4520
9359 6075 1432
2661 5407 66
6997 6223 7749
6935 7934 5604
7648 6334 7277
9642 6327 6948
9833 2533 8839
4205 7331 2596
9891 4210 1117
3864 8652 305
1562 -6381 20 650 7766
9706 1620 4638
461 9367 5617
9921 7430 2703
6532 9334 5112
1670 4622 181
6086 9362 3387
7445 8938 2009
7516 9419 3504
9366 5990 2014
9967 9930 3149
8680 9518 1032
9979 3778 7672
1782 3721 99
5777 5620 181
9395 1507 29
2986 1827 107
2070 9964 7231
8645 4547 968
9447 5254 2291
3461 9936 1517
