20
5127 -5463 20 2032 8911
287 8585 9815
6693 2764 4092
4825 8425 2442
1800 7291 959
1649 9046 4672
3171 7467 395
9686 9979 2470
8843 8054 210
9015 3596 2024
9710 389 8352
8534 9825 1690
8056 687 181
2226 2723 6
9506 4740 417
8330 8196 1458
9989 4498 5918
9456 8070 1544
3579 8018 189
4125 753 43
8030 8743 8
4120 -7797 20 2128 6711
5059 7616 7914
1514 8378 2588
3705 3585 5330
6717 2278 3988
4190 931 2842
651 9001 3217
8061 459 4347
8930 9034 2755
3733 8569 965
9564 1597 2840
398 9446 9546
8969 9601 7871
6826 7752 2625
2828 5644 890
9990 7092 5826
9422 4772 2843
3747 9366 7038
9396 9532 6194
34 9508 761
2204 9058 5441
-4647 1051 20 1812 7575
5605 5406 6065
2876 8622 3408
4645 2547 2020
8124 7111 1676
4698 3273 1161
8423 3427 5611
526 3999 1594
9575 565 1765
5232 8612 6980
8435 2982 9238
219 7441 326
119 8060 2160
9834 4587 1003
5973 5652 141
3671 9986 380
7470 9237 7804
8253 9157 9426
6914 9259 550
7009 8343 5563
9599 6940 7294
-6403 9031 20 3954 9263
6414 2239 5026
4031 8858 2521
9101 378 9430
8339 3871 3130
4132 8674 5264
8501 9740 292
9691 8849 9538
8910 3216 5932
9280 2655 7734
9244 1016 5240
9908 9783 7357
5804 4666 62
9340 5545 3433
9918 793 2605
3392 3424 59
5972 8405 269
8610 6879 5690
9863 5805 7008
805 5102 8
9911 1348 7602
2235 -8101 20 1207 9720
4589 8083 5892
6289 1894 48
7510 7990 4340
1827 9587 4168
8520 1230 678
4741 3452 677
978 9310 2511
3560 7318 938
8817 4362 6099
748 10000 7765
4529 3461 607
6501 9212 9263
9410 890 5266
7676 8715 6505
9777 1690 5105
4673 9678 5265
9454 9215 3371
9909 9533 5398
1121 18 32
1208 3184 138
4710 3177 20 3460 7539
3102 2936 6544
252 5410 6404
1071 6755 789
6268 1058 2825
8164 1085 9324
2144 4120 7893
2761 2835 934
829 9265 2854
6237 7236 4324
6747 8162 3
9480 9896 5793
8161 3959 2466
7738 6135 3616
9127 2030 4704
9237 1655 3836
7102 8635 5748
9367 6597 224
8765 8404 2601
6650 8939 361
6718 8541 5665
1053 1326 20 2715 9288
5696 8823 3198
6462 1565 5133
6710 3360 1364
7228 4192 9575
6616 9858 6721
7079 6053 3277
8765 9585 6860
1522 4419 1402
6676 5355 2334
5503 2795 397
8600 9989 4063
2991 6006 2083
9678 761 92
4192 7061 1260
9051 911 430
9760 8930 2440
9925 9981 2369
3984 8855 1615
5060 8540 1160
7146 8947 770
-6141 -4755 20 941 9476
5970 6781 494
9045 2787 450
5806 8647 6877
2559 7937 404
7906 5517 894
9160 6569 5356
9518 5482 8510
3359 3070 9
6186 6411 116
5213 9082 9801
7368 6489 4925
2124 8779 8737
4523 7022 1531
4518 9356 1472
4071 9503 1324
9340 4398 744
8026 6981 3535
2196 9587 1845
2697 9618 2236
7664 7841 5836
788 -5768 20 1219 7143
9067 6239 748
7121 9900 6361
1233 6850 50
7994 7978 8991
6857 8901 16
7905 7284 1608
9981 5642 5674
1522 9323 1258
5595 9093 3142
9297 3044 3535
9949 3419 3395
9733 7661 2327
8333 3935 156
9307 8891 5658
4482 9761 3217
9701 3460 1142
9307 5512 433
8434 8492 2056
9895 7014 4332
9570 5122 1349
4626 -9790 20 3344 6246
8415 1939 2599
6191 6026 2001
9574 542 8282
7926 2633 3051
7641 7300 2893
9288 7553 8554
1715 9644 3897
5355 9199 3752
5875 8969 2434
3482 6108 1097
4049 2623 940
9867 245 5482
6355 2761 2710
5924 1500 797
7121 199 974
2372 9656 3627
5058 7775 641
3502 4300 354
3230 7536 126
6138 6974 1704
-3805 6814 20 3954 8543
1389 3431 4312
2628 7153 3212
4952 9882 756
7008 1795 7442
7532 1887 1717
8392 1860 934
8061 9841 729
8077 2880 9541
9306 744 9698
8246 3186 4164
8847 6799 3713
372 4937 259
4131 1782 705
9241 4857 627
9496 7092 7659
9430 5782 3584
8207 8404 2305
8130 5485 580
9531 8995 9554
6670 3349 531
-1284 3542 20 1227 7806
2105 7171 5603
5773 4174 6647
9880 5364 3666
7887 6372 7720
7741 7489 588
4797 8431 3156
6725 203 417
1680 6857 324
8144 8443 6679
8729 9178 4948
2121 8652 541
8432 3195 1470
8993 9172 1784
9698 1266 1925
8963 9240 3671
6639 9124 234
9156 7922 6508
9705 2550 1674
530 3262 136
1734 9823 6325
-6990 3714 20 139 7413
8720 2761 7700
3877 9830 5318
7252 5492 3660
235 5539 3621
8178 7318 9209
5709 6579 7849
7238 9250 9406
6391 7286 8586
5079 9568 5190
9703 897 7856
2809 9764 4594
570 1664 893
7788 2582 2848
9964 9368 2164
6840 9474 3376
147 9932 1099
2409 3079 1210
9611 4707 576
9568 4914 1490
7212 6833 52
-5589 4436 20 702 9273
5966 756 493
5705 5083 5675
9941 4488 597
1154 7611 6586
9318 5208 3871
2207 7516 1487
1677 8347 3713
4527 8955 1715
2104 9434 4235
6461 8554 7332
8017 6341 9424
4136 2489 380
5550 6854 1270
9806 5404 6174
7521 7050 6312
6661 9249 4711
6309 8109 1401
4285 5092 636
7504 4921 109
4717 9759 8520
-8740 -7022 20 793 8492
5577 879 9770
5263 3530 4435
4564 9435 3255
7333 2153 9991
8318 2284 623
9617 7190 9302
7193 7611 7805
8419 4884 184
9590 1938 3417
9132 7581 5459
8428 3423 3105
2942 6291 2910
3699 4888 2037
77 5975 1995
3591 9899 6908
3908 9981 9177
5201 5526 4555
9906 6846 9208
3936 9693 4123
9874 7842 4878
-5337 215 20 1354 8680
3934 5668 7922
1868 2172 925
2261 3433 5957
303 9402 1953
4274 2610 8383
9424 5451 8049
5268 4284 5591
9719 6474 6188
5285 8475 1053
6509 3596 4382
318 8814 5156
1131 9233 1921
7032 4061 5674
4110 9739 2281
6417 4621 2093
8971 8986 5661
3138 7624 764
5824 5209 706
8430 3859 4155
2940 3115 548
9622 -7385 20 267 6125
1311 2087 582
2467 5443 8123
1673 8127 8439
1482 3725 32
9967 1083 1165
8438 1348 6986
5208 3518 2481
1908 7869 517
4973 9776 7053
3902 7510 3908
6953 6492 830
5852 9178 9379
9934 5482 15
4130 8058 6519
6342 7872 6108
9705 9746 5297
8121 9871 7180
5307 9931 9524
8045 8499 318
9893 7621 7405
330 5979 20 3986 8704
1879 243 9729
5461 6010 6001
2376 6482 605
65 9366 295
4837 3049 1433
4467 5958 825
7794 7927 3507
7159 7429 2467
9566 6801 4821
4481 931 1261
5212 7377 1764
7114 9237 8945
3538 9293 2867
7496 3285 3064
6790 7919 228
9295 1196 4403
4860 8458 1061
6189 8173 640
9775 5935 6256
9395 1856 3417
3508 5781 20 788 9741
2184 7156 6067
2449 3558 8247
8710 1065 6526
4636 6388 6579
2738 564 5821
9148 9133 6263
4774 1627 1367
8219 7174 3952
9644 4197 400
5387 5066 1705
1736 8390 812
6992 9321 4109
1545 9432 9728
3878 9384 8819
4012 6068 196
9762 9952 5493
2558 8390 1594
8615 9872 1337
7226 5006 913
9996 3324 9490
2858 9988 20 1037 9776
6443 1948 7392
8070 2670 223
4196 8506 2176
9302 4084 5078
7395 5906 8709
9953 3950 8828
5994 6804 2558
7534 9749 1294
9855 5362 6432
8366 4472 5824
7517 5597 1263
6002 2395 85
5283 3664 785
4846 9784 2521
9936 5156 9817
8338 8325 5892
8756 4975 2950
2694 4269 728
8643 5749 6817
9138 50 4260
