20
63 76 20 2548 6354
97 14 2807
33 99 63
77 51 5954
58 97 5869
89 91 2225
49 38 1460
57 24 1969
58 92 4659
46 18 1372
91 17 2070
42 48 1908
71 98 6323
37 13 609
72 37 159
99 50 3886
57 99 5155
61 97 5345
58 39 983
84 60 82
90 76 3019
63 76 20 857 9091
97 14 2807
33 99 63
77 51 5954
58 97 5869
89 91 2225
49 38 1460
57 24 1969
58 92 4659
46 18 1372
91 17 2070
42 48 1908
71 98 6323
37 13 609
72 37 159
99 50 3886
57 99 5155
61 97 5345
58 39 983
84 60 82
90 76 3019
45 -64 20 779 7496
17 56 4127
87 15 5903
80 73 3925
76 94 5909
25 38 2579
98 24 2801
17 85 334
46 45 1419
44 5 92
35 59 3513
42 98 3233
45 87 1116
46 44 669
49 76 2167
96 64 4077
70 97 3283
85 74 3646
84 54 1983
74 22 639
96 66 896
45 -64 20 83 9150
17 56 4127
87 15 5903
80 73 3925
76 94 5909
25 38 2579
98 24 2801
17 85 334
46 45 1419
44 5 92
35 59 3513
42 98 3233
45 87 1116
46 44 669
49 76 2167
96 64 4077
70 97 3283
85 74 3646
84 54 1983
74 22 639
96 66 896
74 -21 20 3717 9178
38 75 4668
14 87 4676
86 84 2988
88 53 4487
43 24 887
87 52 1494
12 92 3846
34 18 154
19 33 822
63 92 8236
79 89 5495
17 89 214
22 80 747
44 98 6473
100 54 7185
64 66 1794
63 95 1499
88 35 4079
97 34 5977
38 61 1481
74 -21 20 79 9684
38 75 4668
14 87 4676
86 84 2988
88 53 4487
43 24 887
87 52 1494
12 92 3846
34 18 154
19 33 822
63 92 8236
79 89 5495
17 89 214
22 80 747
44 98 6473
100 54 7185
64 66 1794
63 95 1499
88 35 4079
97 34 5977
38 61 1481
17 21 20 474 6289
38 65 696
93 93 5697
85 23 1668
70 53 4516
20 97 4652
25 91 127
66 100 1227
28 31 475
91 40 3414
84 55 3592
91 93 4656
89 83 3973
93 15 3507
17 80 86
94 9 3544
69 29 3251
44 49 338
90 61 71
69 87 2429
98 32 6074
17 21 20 205 9535
38 65 696
93 93 5697
85 23 1668
70 53 4516
20 97 4652
25 91 127
66 100 1227
28 31 475
91 40 3414
84 55 3592
91 93 4656
89 83 3973
93 15 3507
17 80 86
94 9 3544
69 29 3251
44 49 338
90 61 71
69 87 2429
98 32 6074
-92 2 20 933 9591
37 32 4877
62 70 2790
4 62 1266
4 60 129
83 17 6238
100 9 5640
89 75 4343
19 85 7676
57 95 3473
95 64 8040
8 21 746
90 37 1504
72 66 972
35 98 7283
85 59 3318
77 23 1427
97 3 5282
99 38 2572
97 61 2243
65 20 318
-92 2 20 907 9166
37 32 4877
62 70 2790
4 62 1266
4 60 129
83 17 6238
100 9 5640
89 75 4343
19 85 7676
57 95 3473
95 64 8040
8 21 746
90 37 1504
72 66 972
35 98 7283
85 59 3318
77 23 1427
97 3 5282
99 38 2572
97 61 2243
65 20 318
62 -55 20 1589 8189
89 23 32
6 97 2719
13 57 875
77 36 6951
96 99 3472
49 28 324
100 17 2189
72 93 2110
57 49 490
8 68 898
61 68 280
96 28 2091
60 69 1193
99 70 3586
94 37 1232
74 60 740
7 97 669
45 96 535
87 50 1213
5 100 4608
62 -55 20 230 9994
89 23 32
6 97 2719
13 57 875
77 36 6951
96 99 3472
49 28 324
100 17 2189
72 93 2110
57 49 490
8 68 898
61 68 280
96 28 2091
60 69 1193
99 70 3586
94 37 1232
74 60 740
7 97 669
45 96 535
87 50 1213
5 100 4608
95 93 20 997 7137
43 63 5866
19 69 1667
44 89 1609
91 80 6326
94 79 5674
97 56 1980
70 91 4335
53 1 1628
61 19 1043
76 78 2657
52 97 308
99 98 3459
78 99 6027
27 31 248
100 62 3408
71 38 1503
52 74 184
90 57 1407
80 35 1219
81 39 1107
95 93 20 783 9586
43 63 5866
19 69 1667
44 89 1609
91 80 6326
94 79 5674
97 56 1980
70 91 4335
53 1 1628
61 19 1043
76 78 2657
52 97 308
99 98 3459
78 99 6027
27 31 248
100 62 3408
71 38 1503
52 74 184
90 57 1407
80 35 1219
81 39 1107
47 -25 20 959 8602
42 41 4176
17 20 2821
69 41 1805
35 60 3927
31 70 3619
55 88 8168
36 87 1848
93 26 2
24 81 1297
39 73 2417
91 99 321
92 80 3889
99 4 6802
94 99 4328
95 33 5798
99 56 2394
11 100 5129
96 67 6846
1 43 110
94 77 960
47 -25 20 676 9233
42 41 4176
17 20 2821
69 41 1805
35 60 3927
31 70 3619
55 88 8168
36 87 1848
93 26 2
24 81 1297
39 73 2417
91 99 321
92 80 3889
99 4 6802
94 99 4328
95 33 5798
99 56 2394
11 100 5129
96 67 6846
1 43 110
94 77 960
32 -2 20 1412 9075
84 77 2503
50 17 1320
76 91 1485
4 98 1167
22 85 877
60 51 1240
54 28 58
59 81 806
89 61 4721
91 15 5649
34 92 8516
83 80 2336
90 17 4944
84 91 7171
80 26 1033
57 94 6957
90 82 925
18 71 451
93 31 6003
62 59 131
32 -2 20 750 9525
84 77 2503
50 17 1320
76 91 1485
4 98 1167
22 85 877
60 51 1240
54 28 58
59 81 806
89 61 4721
91 15 5649
34 92 8516
83 80 2336
90 17 4944
84 91 7171
80 26 1033
57 94 6957
90 82 925
18 71 451
93 31 6003
62 59 131
89 36 20 2011 9537
21 81 909
97 58 7325
43 67 4803
77 83 2241
67 92 3949
89 87 1762
95 26 298
16 100 433
70 38 107
58 95 1016
53 53 937
74 61 781
91 41 5059
91 70 7376
99 59 7480
92 44 3009
84 88 8785
29 98 4409
61 100 3022
98 17 1377
89 36 20 736 9966
21 81 909
97 58 7325
43 67 4803
77 83 2241
67 92 3949
89 87 1762
95 26 298
16 100 433
70 38 107
58 95 1016
53 53 937
74 61 781
91 41 5059
91 70 7376
99 59 7480
92 44 3009
84 88 8785
29 98 4409
61 100 3022
98 17 1377
