20
-23 -75 20 877 8703
15 84 582
81 8 1399
54 45 6954
80 59 5560
49 46 1106
92 10 361
64 69 8350
86 12 3147
94 87 8638
48 14 103
76 32 3725
100 68 4368
93 44 3987
82 42 167
15 41 32
61 73 4799
60 44 2467
82 86 6457
48 56 4062
86 94 1051
-23 -75 20 506 9063
15 84 582
81 8 1399
54 45 6954
80 59 5560
49 46 1106
92 10 361
64 69 8350
86 12 3147
94 87 8638
48 14 103
76 32 3725
100 68 4368
93 44 3987
82 42 167
15 41 32
61 73 4799
60 44 2467
82 86 6457
48 56 4062
86 94 1051
94 -79 20 3752 9938
27 27 6032
69 46 9618
75 17 1817
80 57 2788
95 19 9723
91 100 5042
18 16 899
89 66 1498
79 73 4816
99 91 4494
65 99 2339
68 35 1098
100 80 1908
81 51 17
99 95 6802
92 82 3972
61 89 1510
13 95 847
92 99 5032
59 91 1548
94 -79 20 547 9673
27 27 6032
69 46 9618
75 17 1817
80 57 2788
95 19 9723
91 100 5042
18 16 899
89 66 1498
79 73 4816
99 91 4494
65 99 2339
68 35 1098
100 80 1908
81 51 17
99 95 6802
92 82 3972
61 89 1510
13 95 847
92 99 5032
59 91 1548
8 61 20 3915 8548
38 53 1473
24 74 4554
8 62 173
50 59 5345
45 82 4064
56 16 4927
28 94 2765
34 88 7779
53 99 4689
55 49 1910
41 52 2045
74 88 4070
94 29 3148
94 63 3431
79 26 169
15 98 1615
40 62 1893
96 51 3511
26 67 586
100 97 4913
8 61 20 752 9263
38 53 1473
24 74 4554
8 62 173
50 59 5345
45 82 4064
56 16 4927
28 94 2765
34 88 7779
53 99 4689
55 49 1910
41 52 2045
74 88 4070
94 29 3148
94 63 3431
79 26 169
15 98 1615
40 62 1893
96 51 3511
26 67 586
100 97 4913
44 -27 20 952 9256
76 54 6906
33 95 3163
29 68 289
93 13 4424
17 85 754
52 63 9028
47 25 6235
12 75 417
37 62 382
83 39 4196
51 76 3150
78 88 4083
84 45 1661
37 69 2099
97 7 7776
41 64 1282
78 91 1210
39 45 917
23 75 176
61 37 359
44 -27 20 214 9407
76 54 6906
33 95 3163
29 68 289
93 13 4424
17 85 754
52 63 9028
47 25 6235
12 75 417
37 62 382
83 39 4196
51 76 3150
78 88 4083
84 45 1661
37 69 2099
97 7 7776
41 64 1282
78 91 1210
39 45 917
23 75 176
61 37 359
-40 18 20 3822 7468
89 72 5396
47 6 3500
84 73 4532
82 43 4156
39 89 5849
10 7 3548
88 22 4900
29 3 3032
27 66 3593
50 20 312
95 68 1418
66 77 915
71 94 4805
98 98 6527
12 35 76
81 15 1044
61 94 995
31 96 4402
92 36 531
77 94 259
-40 18 20 602 9732
89 72 5396
47 6 3500
84 73 4532
82 43 4156
39 89 5849
10 7 3548
88 22 4900
29 3 3032
27 66 3593
50 20 312
95 68 1418
66 77 915
71 94 4805
98 98 6527
12 35 76
81 15 1044
61 94 995
31 96 4402
92 36 531
77 94 259
-42 -88 20 2240 9806
65 49 7515
34 62 783
53 88 3917
95 60 6910
57 43 1450
65 79 1707
39 94 7903
65 58 1645
56 80 1426
27 36 585
91 86 4220
95 81 9408
80 63 2898
22 70 740
92 14 4327
33 96 7731
49 84 3122
75 89 1263
86 96 6725
82 38 3792
-42 -88 20 554 9152
65 49 7515
34 62 783
53 88 3917
95 60 6910
57 43 1450
65 79 1707
39 94 7903
65 58 1645
56 80 1426
27 36 585
91 86 4220
95 81 9408
80 63 2898
22 70 740
92 14 4327
33 96 7731
49 84 3122
75 89 1263
86 96 6725
82 38 3792
-49 -52 20 448 8969
93 53 3823
8 55 325
88 45 2447
55 77 257
70 100 8565
79 3 617
4 49 62
72 69 5335
94 23 481
74 45 974
61 60 3944
79 90 6961
96 38 7231
48 93 4204
81 70 124
94 100 6556
76 97 5591
83 69 1721
53 61 7
93 84 2054
-49 -52 20 731 9277
93 53 3823
8 55 325
88 45 2447
55 77 257
70 100 8565
79 3 617
4 49 62
72 69 5335
94 23 481
74 45 974
61 60 3944
79 90 6961
96 38 7231
48 93 4204
81 70 124
94 100 6556
76 97 5591
83 69 1721
53 61 7
93 84 2054
-28 42 20 709 6556
11 22 1033
84 22 3654
79 26 2603
77 53 5027
89 36 6405
98 42 6544
5 46 1752
94 11 6393
35 94 3372
71 60 1969
20 39 233
5 59 1400
27 48 1408
7 83 1923
71 49 262
86 44 1570
89 48 2
90 70 4438
25 67 175
79 50 774
-28 42 20 47 9566
11 22 1033
84 22 3654
79 26 2603
77 53 5027
89 36 6405
98 42 6544
5 46 1752
94 11 6393
35 94 3372
71 60 1969
20 39 233
5 59 1400
27 48 1408
7 83 1923
71 49 262
86 44 1570
89 48 2
90 70 4438
25 67 175
79 50 774
71 -23 20 3179 9092
7 1 3949
89 50 2825
94 15 3858
54 92 8552
4 54 1432
83 55 4712
72 15 783
9 58 4608
46 86 5952
57 99 650
92 78 2781
70 93 7130
58 73 31
93 50 2346
87 3 1282
77 66 1951
92 79 4213
95 69 8373
94 49 8151
83 52 2745
71 -23 20 495 9045
7 1 3949
89 50 2825
94 15 3858
54 92 8552
4 54 1432
83 55 4712
72 15 783
9 58 4608
46 86 5952
57 99 650
92 78 2781
70 93 7130
58 73 31
93 50 2346
87 3 1282
77 66 1951
92 79 4213
95 69 8373
94 49 8151
83 52 2745
3 85 20 11 8348
84 85 5351
81 19 2699
85 70 2020
87 21 7929
71 94 7454
61 86 2679
43 34 894
88 59 7986
96 12 6437
24 73 2614
5 99 8075
97 22 3502
45 84 2310
4 96 3797
86 14 2444
80 11 1105
93 66 6074
30 96 332
98 27 3514
70 20 1584
3 85 20 186 9971
84 85 5351
81 19 2699
85 70 2020
87 21 7929
71 94 7454
61 86 2679
43 34 894
88 59 7986
96 12 6437
24 73 2614
5 99 8075
97 22 3502
45 84 2310
4 96 3797
86 14 2444
80 11 1105
93 66 6074
30 96 332
98 27 3514
70 20 1584
