20
19 -19 20 1500 6415
10 47 1078
19 36 1550
77 42 4153
96 87 268
33 89 5137
43 98 1454
54 100 3878
73 91 853
100 1 1467
77 92 1206
98 94 6410
23 84 212
97 38 4018
84 97 3369
57 84 20
97 89 5359
3 96 1014
98 20 259
89 51 43
79 64 46
19 -19 20 208 9366
10 47 1078
19 36 1550
77 42 4153
96 87 268
33 89 5137
43 98 1454
54 100 3878
73 91 853
100 1 1467
77 92 1206
98 94 6410
23 84 212
97 38 4018
84 97 3369
57 84 20
97 89 5359
3 96 1014
98 20 259
89 51 43
79 64 46
-42 -85 20 1916 8524
24 74 3936
59 36 4500
65 35 5507
35 52 8319
38 52 4932
77 72 8055
4 74 2009
57 80 6644
35 100 4871
77 57 6295
62 75 7921
19 82 1453
100 62 3829
49 87 1131
2 58 149
57 70 4348
89 83 7103
70 61 3101
54 95 7406
62 30 2025
-42 -85 20 782 9727
24 74 3936
59 36 4500
65 35 5507
35 52 8319
38 52 4932
77 72 8055
4 74 2009
57 80 6644
35 100 4871
77 57 6295
62 75 7921
19 82 1453
100 62 3829
49 87 1131
2 58 149
57 70 4348
89 83 7103
70 61 3101
54 95 7406
62 30 2025
95 69 20 347 6804
73 42 5968
61 61 4153
98 18 1327
71 29 3109
20 79 2294
83 43 2302
99 14 1908
73 71 1350
90 91 2443
12 96 6326
85 61 2394
59 33 1031
44 8 737
46 47 1114
95 72 3419
11 75 2181
85 78 1942
59 6 939
53 54 1234
21 95 3703
95 69 20 446 9554
73 42 5968
61 61 4153
98 18 1327
71 29 3109
20 79 2294
83 43 2302
99 14 1908
73 71 1350
90 91 2443
12 96 6326
85 61 2394
59 33 1031
44 8 737
46 47 1114
95 72 3419
11 75 2181
85 78 1942
59 6 939
53 54 1234
21 95 3703
77 -37 20 1166 6733
28 62 3204
47 33 2188
90 32 2066
51 87 3546
94 73 1676
69 87 2055
71 76 481
46 88 2574
6 70 356
26 58 52
96 6 3212
85 86 5620
94 17 875
17 91 4764
100 3 6025
80 91 6522
41 85 1033
56 97 4465
75 24 699
65 95 6628
77 -37 20 249 9528
28 62 3204
47 33 2188
90 32 2066
51 87 3546
94 73 1676
69 87 2055
71 76 481
46 88 2574
6 70 356
26 58 52
96 6 3212
85 86 5620
94 17 875
17 91 4764
100 3 6025
80 91 6522
41 85 1033
56 97 4465
75 24 699
65 95 6628
-3 -10 20 1383 6911
16 99 6878
5 28 4498
92 63 2669
16 44 1046
86 88 3120
79 34 2585
16 31 835
97 1 4022
25 48 1228
52 93 6572
6 83 279
66 39 2615
76 98 4258
62 12 2045
35 49 1592
12 77 2956
94 37 5329
43 18 2550
36 14 1332
48 3 714
-3 -10 20 426 9253
16 99 6878
5 28 4498
92 63 2669
16 44 1046
86 88 3120
79 34 2585
16 31 835
97 1 4022
25 48 1228
52 93 6572
6 83 279
66 39 2615
76 98 4258
62 12 2045
35 49 1592
12 77 2956
94 37 5329
43 18 2550
36 14 1332
48 3 714
-49 25 20 301 8747
29 73 7232
37 74 598
77 56 7711
67 24 5774
45 42 6978
63 93 4547
55 3 2578
96 31 6156
62 16 1700
66 88 5087
84 21 3337
26 87 39
74 84 6137
37 74 68
75 6 1011
97 89 2270
97 94 6057
89 33 204
2 94 2327
3 98 3961
-49 25 20 914 9335
29 73 7232
37 74 598
77 56 7711
67 24 5774
45 42 6978
63 93 4547
55 3 2578
96 31 6156
62 16 1700
66 88 5087
84 21 3337
26 87 39
74 84 6137
37 74 68
75 6 1011
97 89 2270
97 94 6057
89 33 204
2 94 2327
3 98 3961
79 76 20 3092 6846
61 54 3287
93 9 4995
76 98 3812
66 67 1482
15 14 376
24 4 1321
66 25 1158
87 31 1899
58 58 773
91 30 4850
83 88 3351
11 77 2606
76 49 2265
85 67 5644
4 89 3221
93 53 3947
79 66 387
90 61 5761
78 1 171
91 93 395
79 76 20 566 9883
61 54 3287
93 9 4995
76 98 3812
66 67 1482
15 14 376
24 4 1321
66 25 1158
87 31 1899
58 58 773
91 30 4850
83 88 3351
11 77 2606
76 49 2265
85 67 5644
4 89 3221
93 53 3947
79 66 387
90 61 5761
78 1 171
91 93 395
24 -85 20 1626 8139
30 88 2219
6 48 578
41 76 770
29 84 1632
72 68 4775
63 19 1879
91 59 4457
44 43 2624
66 18 4008
56 84 3705
90 68 6553
79 72 7272
89 95 3658
54 81 3011
100 56 1329
28 65 337
90 56 521
86 57 2403
92 94 5843
86 95 3016
24 -85 20 835 9598
30 88 2219
6 48 578
41 76 770
29 84 1632
72 68 4775
63 19 1879
91 59 4457
44 43 2624
66 18 4008
56 84 3705
90 68 6553
79 72 7272
89 95 3658
54 81 3011
100 56 1329
28 65 337
90 56 521
86 57 2403
92 94 5843
86 95 3016
-34 -87 20 3342 8415
72 59 8371
15 48 5085
23 57 3056
84 77 867
7 90 3314
74 94 5196
87 47 1559
83 43 99
35 83 3385
95 33 404
31 86 1431
79 100 3141
97 3 6977
91 56 1060
73 73 451
100 84 6928
91 90 549
97 21 6335
74 91 1121
32 99 1105
-34 -87 20 899 9686
72 59 8371
15 48 5085
23 57 3056
84 77 867
7 90 3314
74 94 5196
87 47 1559
83 43 99
35 83 3385
95 33 404
31 86 1431
79 100 3141
97 3 6977
91 56 1060
73 73 451
100 84 6928
91 90 549
97 21 6335
74 91 1121
32 99 1105
-22 51 20 1036 9531
13 62 3920
99 46 2714
49 90 7993
11 47 976
96 85 8239
34 89 3930
100 82 6989
46 62 876
87 85 1442
45 95 3372
42 88 3246
11 86 2755
91 1 1279
68 50 1022
100 66 2303
66 54 1018
26 11 350
45 96 3353
55 93 4188
96 71 5848
-22 51 20 319 9668
13 62 3920
99 46 2714
49 90 7993
11 47 976
96 85 8239
34 89 3930
100 82 6989
46 62 876
87 85 1442
45 95 3372
42 88 3246
11 86 2755
91 1 1279
68 50 1022
100 66 2303
66 54 1018
26 11 350
45 96 3353
55 93 4188
96 71 5848
