20
-10000 0 20 89 9786
10000 3 1214
9999 48 673
9998 86 8288
9997 59 2368
9996 66 4175
9995 73 2386
9994 81 4400
9993 85 7016
9992 51 200
9991 19 176
9990 57 43
9989 96 7618
9988 84 6278
9987 91 1029
9986 100 8903
9985 98 7194
9984 99 6134
9983 82 273
9982 95 2046
9981 74 216
-9999 0 20 1448 6269
9999 48 5864
9998 44 728
9997 99 1828
9996 18 672
9995 36 171
9994 69 284
9993 77 1012
9992 66 103
9991 79 29
9990 98 1154
9989 90 1075
9988 86 700
9987 22 17
9986 100 3968
9985 90 664
9984 91 354
9983 96 1050
9982 77 24
9981 88 107
9980 100 19
-9998 0 20 1312 7297
9998 50 974
9997 48 475
9996 76 4410
9995 74 3421
9994 88 7256
9993 63 1787
9992 78 4658
9991 86 2505
9990 26 180
9989 95 294
9988 98 4795
9987 100 3843
9986 15 34
9985 97 3644
9984 43 243
9983 35 217
9982 100 3542
9981 22 40
9980 96 1611
9979 97 2003
-9997 0 20 3932 7707
9997 23 3143
9996 70 2674
9995 91 5990
9994 95 1389
9993 7 854
9992 48 556
9991 82 1085
9990 99 4746
9989 73 221
9988 51 152
9987 98 2747
9986 100 6819
9985 87 100
9984 88 256
9983 99 3649
9982 99 1349
9981 17 78
9980 100 6100
9979 98 589
9978 100 4197
-9996 0 20 2752 6780
9996 20 3786
9995 50 1705
9994 94 5859
9993 26 528
9992 99 2803
9991 53 1261
9990 40 883
9989 89 1056
9988 25 213
9987 92 694
9986 27 446
9985 67 418
9984 95 466
9983 65 316
9982 89 291
9981 13 107
9980 49 79
9979 78 279
9978 86 75
9977 51 63
-9995 0 20 1686 8184
9995 26 6484
9994 1 268
9993 31 6656
9992 66 7412
9991 77 5107
9990 12 941
9989 20 881
9988 40 1953
9987 81 4357
9986 94 1282
9985 62 981
9984 77 1220
9983 50 46
9982 63 1163
9981 59 460
9980 97 2323
9979 28 43
9978 67 189
9977 95 650
9976 100 5411
-9994 0 20 1264 6816
9994 82 2302
9993 16 1007
9992 67 1824
9991 100 5387
9990 88 3332
9989 90 1280
9988 11 914
9987 11 658
9986 94 4430
9985 96 1050
9984 99 3565
9983 20 68
9982 15 55
9981 47 3
9980 79 537
9979 87 1028
9978 72 45
9977 98 2109
9976 86 858
9975 71 22
-9993 0 20 3914 9600
9993 71 4323
9992 92 563
9991 97 2191
9990 64 430
9989 98 4763
9988 99 7596
9987 93 62
9986 27 36
9985 43 61
9984 98 1994
9983 99 6656
9982 96 515
9981 99 2134
9980 98 1025
9979 100 9598
9978 99 1158
9977 83 55
9976 79 21
9975 97 236
9974 99 672
-9992 0 20 1250 9789
9992 49 527
9991 96 9550
9990 65 6977
9989 71 2794
9988 94 873
9987 73 824
9986 76 236
9985 98 465
9984 6 102
9983 100 9177
9982 89 438
9981 99 4709
9980 99 1086
9979 95 99
9978 99 176
9977 100 4128
9976 85 82
9975 39 57
9974 72 16
9973 38 14
-9991 0 20 1579 6520
9991 25 3815
9990 2 704
9989 56 5539
9988 50 4761
9987 4 786
9986 95 997
9985 86 68
9984 92 404
9983 96 5358
9982 96 1881
9981 96 1107
9980 98 1791
9979 99 3371
9978 100 1515
9977 98 1442
9976 48 34
9975 100 1417
9974 19 1
9973 88 166
9972 73 41
10000 0 20 1670 6443
10000 82 1269
9999 3 70
9998 52 1211
9997 33 976
9996 84 463
9995 94 5787
9994 90 3605
9993 96 28
9992 99 3603
9991 98 145
9990 99 1236
9989 98 30
9988 94 11
9987 38 4
9986 100 5580
9985 99 697
9984 100 1957
9983 99 343
9982 95 3
9981 100 1879
9999 0 20 2997 8035
9999 24 1324
9998 53 6125
9997 91 918
9996 100 2078
9995 3 798
9994 96 1316
9993 98 1406
9992 82 852
9991 62 729
9990 10 228
9989 100 1385
9988 23 645
9987 5 218
9986 13 357
9985 30 401
9984 39 65
9983 90 581
9982 58 179
9981 48 7
9980 76 230
9998 0 20 636 6319
9998 12 2405
9997 90 5421
9996 91 6186
9995 56 4341
9994 82 3251
9993 100 4356
9992 17 979
9991 46 2201
9990 87 3969
9989 91 870
9988 95 3898
9987 74 157
9986 92 1639
9985 89 492
9984 97 3715
9983 82 36
9982 94 1385
9981 100 901
9980 83 249
9979 97 732
9997 0 20 3651 6644
9997 67 737
9996 67 322
9995 95 5904
9994 71 4690
9993 13 239
9992 81 2353
9991 69 1056
9990 75 1327
9989 82 5792
9988 87 876
9987 73 54
9986 77 406
9985 90 148
9984 96 5157
9983 95 3975
9982 95 413
9981 97 4657
9980 100 5315
9979 99 4080
9978 96 3371
9996 0 20 2008 9394
9996 60 3941
9995 98 5179
9994 40 3027
9993 10 2114
9992 36 3021
9991 36 2529
9990 69 3107
9989 70 2268
9988 76 3141
9987 42 1340
9986 6 1242
9985 52 262
9984 99 909
9983 16 225
9982 4 196
9981 71 731
9980 94 547
9979 4 58
9978 65 337
9977 45 20
9995 0 20 2878 9304
9995 36 4089
9994 80 4375
9993 96 5028
9992 100 1769
9991 86 1003
9990 73 189
9989 75 265
9988 82 883
9987 19 1
9986 21 66
9985 99 1517
9984 96 7
9983 100 1768
9982 100 1031
9981 100 647
9980 97 73
9979 82 2
9978 99 119
9977 100 422
9976 100 15
9994 0 20 3957 8612
9994 78 17
9993 92 3410
9992 100 3648
9991 85 2943
9990 86 146
9989 95 442
9988 98 84
9987 99 2054
9986 99 1418
9985 100 142
9984 83 68
9983 90 67
9982 10 7
9981 32 5
9980 26 3
9979 74 13
9978 92 73
9977 99 3
9976 100 84
9975 38 2
9993 0 20 818 9352
9993 97 243
9992 98 686
9991 76 23
9990 100 3800
9989 99 3477
9988 100 795
9987 84 240
9986 82 40
9985 86 228
9984 4 9
9983 44 6
9982 98 439
9981 89 19
9980 90 229
9979 100 19
9978 97 10
9977 35 4
9976 99 7
9975 7 3
9974 58 4
9992 0 20 2484 7647
9992 28 4620
9991 1 4581
9990 82 3368
9989 27 2252
9988 37 1147
9987 81 3161
9986 11 1079
9985 13 10
9984 38 246
9983 87 2494
9982 52 470
9981 62 2018
9980 89 6479
9979 97 2276
9978 84 456
9977 59 244
9976 99 1230
9975 98 128
9974 14 8
9973 57 8
9991 0 20 1596 8533
9991 38 2439
9990 89 6616
9989 13 1278
9988 33 2356
9987 83 530
9986 93 8283
9985 91 6637
9984 97 3100
9983 92 376
9982 95 1763
9981 99 5220
9980 98 5193
9979 85 88
9978 2 62
9977 100 5327
9976 24 51
9975 99 700
9974 94 97
9973 96 424
9972 100 2496
