20
-10000 0 20 1313 9188
10000 66 3279
9999 89 605
9998 67 53
9997 89 174
9996 90 8988
9995 95 4681
9994 97 2012
9993 74 27
9992 93 1464
9991 100 2197
9990 92 153
9989 96 89
9988 100 721
9987 100 481
9986 97 435
9985 99 174
9984 13 1
9983 100 368
9982 81 9
9981 53 8
-9999 0 20 2401 6369
9999 36 2740
9998 54 4432
9997 43 3388
9996 8 1086
9995 66 2812
9994 24 1259
9993 44 91
9992 97 5972
9991 82 5857
9990 80 2131
9989 56 1916
9988 100 1396
9987 66 1373
9986 49 427
9985 46 170
9984 84 1251
9983 74 981
9982 100 1280
9981 66 231
9980 76 423
-9998 0 20 1379 7817
9998 99 3595
9997 47 3345
9996 73 2392
9995 45 2337
9994 56 926
9993 68 944
9992 16 390
9991 100 96
9990 16 65
9989 78 27
9988 92 75
9987 61 11
9986 52 8
9985 89 9
9984 94 77
9983 95 10
9982 27 4
9981 95 8
9980 52 5
9979 97 36
-9997 0 20 3758 6185
9997 41 1119
9996 81 4183
9995 65 1605
9994 67 2620
9993 87 2064
9992 96 2502
9991 53 1024
9990 65 1022
9989 48 782
9988 99 1615
9987 49 150
9986 78 1263
9985 90 1169
9984 77 95
9983 85 139
9982 91 1341
9981 96 1510
9980 88 957
9979 47 66
9978 16 57
-9996 0 20 1173 7183
9996 41 3908
9995 3 3829
9994 5 1949
9993 88 942
9992 31 322
9991 92 3586
9990 74 210
9989 97 3794
9988 100 2092
9987 96 316
9986 48 113
9985 97 528
9984 65 203
9983 100 1759
9982 48 75
9981 99 1580
9980 73 113
9979 89 247
9978 97 326
9977 99 1407
-9995 0 20 3960 7549
9995 60 2043
9994 63 1908
9993 16 1400
9992 64 6080
9991 89 4475
9990 94 6414
9989 22 983
9988 76 71
9987 83 1832
9986 81 545
9985 98 820
9984 93 815
9983 100 1259
9982 82 612
9981 3 8
9980 63 1
9979 95 750
9978 99 146
9977 90 40
9976 100 331
-9994 0 20 2880 9955
9994 1 6899
9993 23 575
9992 63 9810
9991 55 3834
9990 73 942
9989 61 39
9988 90 1650
9987 75 1378
9986 92 9844
9985 91 7706
9984 79 1237
9983 90 464
9982 68 72
9981 98 4185
9980 99 8735
9979 98 3964
9978 97 629
9977 99 7337
9976 73 194
9975 88 199
-9993 0 20 396 6012
9993 51 605
9992 78 5135
9991 79 5868
9990 44 538
9989 71 2485
9988 93 1472
9987 95 3979
9986 97 838
9985 46 231
9984 72 381
9983 85 340
9982 100 2499
9981 28 10
9980 69 225
9979 32 91
9978 95 689
9977 99 1820
9976 50 195
9975 94 56
9974 99 1234
-9992 0 20 1517 8447
9992 99 522
9991 9 18
9990 17 75
9989 72 18
9988 75 347
9987 100 1939
9986 62 10
9985 96 54
9984 92 36
9983 100 1392
9982 63 6
9981 100 1117
9980 100 264
9979 27 2
9978 100 219
9977 99 61
9976 97 49
9975 98 9
9974 94 3
9973 99 35
-9991 0 20 3296 9745
9991 91 4206
9990 2 902
9989 60 2593
9988 87 1360
9987 16 1333
9986 82 272
9985 96 9405
9984 10 215
9983 94 9161
9982 95 2690
9981 100 3648
9980 93 1535
9979 99 2172
9978 87 540
9977 95 384
9976 14 183
9975 97 798
9974 29 74
9973 68 63
9972 94 290
9999 0 20 1981 8491
10000 92 3891
9999 82 3281
9998 26 1787
9997 84 1134
9996 94 7917
9995 34 198
9994 70 326
9993 81 683
9992 41 146
9991 94 5536
9990 99 32
9989 100 1561
9988 83 14
9987 100 193
9986 66 1
9985 91 17
9984 100 123
9983 85 11
9982 84 1
9981 85 3
9998 0 20 2259 9900
9999 67 2818
9998 54 1277
9997 38 355
9996 96 9741
9995 60 2442
9994 99 1555
9993 83 1007
9992 71 720
9991 12 261
9990 97 1150
9989 14 105
9988 24 222
9987 100 8374
9986 60 481
9985 81 284
9984 100 6380
9983 62 215
9982 41 144
9981 88 881
9980 98 900
9997 0 20 265 6148
9998 91 5130
9997 99 4988
9996 83 336
9995 100 1687
9994 8 180
9993 94 1014
9992 12 326
9991 28 219
9990 15 137
9989 95 482
9988 73 83
9987 22 80
9986 85 10
9985 98 1066
9984 88 273
9983 94 43
9982 100 753
9981 99 551
9980 100 501
9979 99 406
9996 0 20 915 7168
9997 61 1832
9996 86 1853
9995 88 1985
9994 96 2587
9993 94 2289
9992 35 460
9991 75 192
9990 78 69
9989 99 353
9988 100 1007
9987 81 340
9986 94 214
9985 67 29
9984 82 111
9983 37 6
9982 100 703
9981 87 13
9980 100 59
9979 63 7
9978 95 25
9995 0 20 1499 7452
9996 59 6446
9995 76 148
9994 79 6416
9993 91 2134
9992 96 4440
9991 83 1163
9990 100 2382
9989 69 82
9988 98 591
9987 100 1026
9986 89 276
9985 97 482
9984 78 90
9983 59 37
9982 92 31
9981 95 476
9980 100 256
9979 94 77
9978 14 7
9977 18 9
9994 0 20 3766 9383
9995 34 6380
9994 44 5381
9993 19 39
9992 89 1174
9991 56 385
9990 97 1007
9989 99 6622
9988 100 1968
9987 79 76
9986 99 1435
9985 100 1804
9984 86 816
9983 96 463
9982 81 100
9981 15 20
9980 83 277
9979 95 221
9978 23 39
9977 100 1767
9976 70 68
9993 0 20 2814 8568
9994 15 5304
9993 4 4381
9992 61 1809
9991 9 457
9990 81 1209
9989 95 6668
9988 13 665
9987 82 5296
9986 94 1318
9985 30 952
9984 51 298
9983 100 1333
9982 13 113
9981 9 103
9980 65 905
9979 89 1057
9978 59 599
9977 83 913
9976 83 329
9975 16 297
9992 0 20 3109 6150
9993 80 5964
9992 55 169
9991 61 1210
9990 59 858
9989 68 5180
9988 91 3387
9987 100 2070
9986 84 1739
9985 75 874
9984 3 121
9983 95 1320
9982 63 828
9981 97 739
9980 31 29
9979 80 655
9978 84 281
9977 59 71
9976 57 13
9975 98 1712
9974 95 209
9991 0 20 3626 7906
9992 61 2074
9991 16 729
9990 79 4248
9989 99 7391
9988 63 2711
9987 52 1382
9986 91 5731
9985 18 621
9984 77 57
9983 77 17
9982 94 2625
9981 100 7738
9980 82 1068
9979 100 2754
9978 83 1015
9977 92 1201
9976 80 216
9975 98 1132
9974 42 3
9973 100 2274
9990 0 20 3978 6821
9991 21 733
9990 38 2592
9989 80 3838
9988 90 6131
9987 61 1499
9986 56 1069
9985 64 3492
9984 55 327
9983 99 6269
9982 94 2570
9981 58 697
9980 70 682
9979 86 464
9978 99 1717
9977 28 164
9976 6 9
9975 99 134
9974 38 2
9973 39 20
9972 100 6682
