20
-10000 0 20 845 6561
10000 64 1913
9999 97 3701
9998 87 3666
9997 70 1658
9996 72 3257
9995 52 690
9994 82 2356
9993 20 357
9992 79 8
9991 81 644
9990 98 3106
9989 98 377
9988 83 113
9987 99 5324
9986 100 2273
9985 64 1
9984 86 312
9983 99 456
9982 91 360
9981 100 1180
-9999 0 20 415 7464
9999 59 183
9998 99 4564
9997 66 619
9996 86 2509
9995 17 175
9994 68 886
9993 84 1723
9992 95 862
9991 82 150
9990 12 32
9989 96 3921
9988 53 42
9987 94 190
9986 97 304
9985 9 25
9984 99 777
9983 92 18
9982 98 271
9981 100 3352
9980 100 88
-9998 0 20 106 9561
9998 19 2754
9997 51 8531
9996 89 2891
9995 21 2061
9994 68 828
9993 49 452
9992 59 319
9991 97 9403
9990 79 1889
9989 91 3504
9988 99 5766
9987 99 364
9986 42 9
9985 80 19
9984 85 310
9983 100 9554
9982 92 107
9981 100 8684
9980 100 7750
9979 100 7286
-9997 0 20 989 6994
9997 85 4757
9996 82 3105
9995 87 4607
9994 15 1318
9993 16 1841
9992 99 2238
9991 52 2172
9990 81 52
9989 11 44
9988 83 1268
9987 100 3035
9986 85 552
9985 96 1021
9984 99 472
9983 96 454
9982 82 326
9981 98 38
9980 13 8
9979 99 183
9978 57 14
-9996 0 20 1995 6148
9996 86 4374
9995 30 2328
9994 76 1919
9993 68 1536
9992 89 1869
9991 85 1005
9990 100 5928
9989 62 714
9988 91 1130
9987 62 33
9986 95 195
9985 100 563
9984 34 12
9983 66 150
9982 72 7
9981 98 448
9980 86 100
9979 73 38
9978 98 268
9977 74 43
-9995 0 20 2123 6834
9995 73 4985
9994 90 2305
9993 12 1216
9992 42 1019
9991 90 1250
9990 37 141
9989 60 114
9988 70 438
9987 91 5542
9986 100 6639
9985 96 1600
9984 74 1082
9983 79 790
9982 100 1822
9981 90 880
9980 11 72
9979 91 206
9978 29 78
9977 65 14
9976 80 157
-9994 0 20 2448 9624
9994 19 2281
9993 31 8688
9992 95 9441
9991 79 607
9990 80 7387
9989 86 1563
9988 13 71
9987 100 6008
9986 97 4501
9985 92 439
9984 76 436
9983 54 185
9982 76 214
9981 100 5640
9980 93 881
9979 80 145
9978 41 119
9977 97 1972
9976 88 378
9975 98 2573
-9993 0 20 2715 7927
9993 18 278
9992 64 1309
9991 55 1289
9990 100 6623
9989 54 271
9988 89 5744
9987 80 1513
9986 92 936
9985 100 4700
9984 98 2798
9983 98 874
9982 20 139
9981 99 632
9980 99 619
9979 65 594
9978 72 458
9977 62 126
9976 87 382
9975 95 307
9974 100 978
-9992 0 20 1538 7129
9992 84 3880
9991 91 251
9990 99 3198
9989 23 49
9988 92 693
9987 100 2120
9986 90 166
9985 96 233
9984 65 108
9983 59 22
9982 87 46
9981 94 20
9980 99 1415
9979 20 1
9978 99 620
9977 100 1302
9976 96 60
9975 97 613
9974 100 309
9973 35 6
-9991 0 20 758 7824
9991 30 5135
9990 38 4377
9989 54 4738
9988 80 3087
9987 91 380
9986 61 40
9985 80 117
9984 100 6086
9983 94 1152
9982 19 13
9981 95 1688
9980 99 4447
9979 98 3158
9978 100 5008
9977 31 19
9976 92 146
9975 99 2092
9974 100 2861
9973 66 22
9972 82 95
9998 2 20 2244 6269
10000 22 1300
9999 41 1197
9998 49 4422
9997 99 928
9996 7 604
9995 89 296
9994 91 898
9993 71 85
9992 100 6064
9991 90 374
9990 99 193
9989 100 2538
9988 97 91
9987 73 7
9986 35 4
9985 100 1042
9984 77 21
9983 100 995
9982 84 53
9981 85 45
9997 2 20 447 6785
9999 23 3435
9998 95 3514
9997 29 521
9996 69 2911
9995 67 1463
9994 43 1051
9993 93 3019
9992 34 800
9991 76 287
9990 100 5242
9989 88 1654
9988 78 226
9987 90 1586
9986 98 44
9985 99 1220
9984 82 16
9983 99 1041
9982 100 3918
9981 100 2019
9980 100 258
9996 2 20 818 6345
9998 3 4439
9997 30 4158
9996 33 1562
9995 99 1708
9994 95 1627
9993 9 578
9992 83 1615
9991 78 1326
9990 36 412
9989 64 730
9988 80 153
9987 100 1019
9986 91 462
9985 1 38
9984 76 120
9983 96 440
9982 39 40
9981 89 14
9980 96 27
9979 98 762
9995 2 20 3592 9737
9997 19 8016
9996 48 635
9995 57 729
9994 60 7611
9993 63 7889
9992 61 659
9991 75 8886
9990 64 7102
9989 88 5110
9988 97 1592
9987 71 522
9986 76 833
9985 88 867
9984 99 3130
9983 77 141
9982 92 207
9981 94 47
9980 100 5617
9979 99 578
9978 52 2
9994 2 20 1705 7523
9996 33 1606
9995 50 1007
9994 56 6292
9993 23 411
9992 100 6798
9991 55 6222
9990 59 103
9989 88 1596
9988 92 6420
9987 75 522
9986 97 4413
9985 91 1174
9984 94 538
9983 75 449
9982 66 23
9981 100 4461
9980 82 50
9979 85 13
9978 86 320
9977 98 1159
9993 2 20 692 9737
9995 45 7579
9994 18 6347
9993 90 7825
9992 54 5653
9991 59 3602
9990 83 533
9989 96 5569
9988 94 4506
9987 74 6
9986 96 179
9985 100 3965
9984 80 159
9983 80 108
9982 93 119
9981 98 3067
9980 99 133
9979 100 1124
9978 94 76
9977 91 72
9976 77 15
9992 2 20 1065 6989
9994 1 3798
9993 63 1839
9992 35 1769
9991 80 6928
9990 79 1184
9989 80 6315
9988 85 866
9987 83 771
9986 95 1208
9985 100 2364
9984 56 253
9983 84 350
9982 65 87
9981 93 444
9980 97 2095
9979 81 19
9978 100 531
9977 92 165
9976 95 320
9975 100 116
9991 2 20 1184 6535
9993 28 6075
9992 68 4731
9991 2 96
9990 80 5797
9989 68 208
9988 96 6258
9987 81 4687
9986 20 154
9985 72 3842
9984 87 5163
9983 94 4564
9982 84 627
9981 87 823
9980 64 130
9979 92 980
9978 98 3644
9977 81 564
9976 97 2298
9975 99 2810
9974 97 183
9990 2 20 1626 6518
9992 44 3023
9991 46 1675
9990 56 3194
9989 91 740
9988 80 443
9987 35 95
9986 94 5090
9985 100 5532
9984 100 1932
9983 94 805
9982 92 451
9981 82 177
9980 95 149
9979 100 1642
9978 85 56
9977 99 608
9976 49 18
9975 21 15
9974 79 3
9973 99 475
9989 2 20 3082 9377
9991 25 6527
9990 42 2209
9989 76 3818
9988 80 259
9987 96 6221
9986 99 2876
9985 56 9
9984 82 1807
9983 99 1236
9982 85 1161
9981 59 181
9980 77 184
9979 100 7552
9978 86 881
9977 78 230
9976 98 610
9975 81 27
9974 100 702
9973 97 465
9972 91 181
