20
-10000 0 20 2078 9948
10000 42 9061
9999 15 6703
9998 13 2266
9997 90 9452
9996 78 5794
9995 72 4495
9994 5 221
9993 39 1247
9992 87 4923
9991 98 8947
9990 53 818
9989 63 1181
9988 79 4247
9987 86 3338
9986 96 7702
9985 72 519
9984 98 5112
9983 100 5499
9982 13 251
9981 94 1316
-9999 0 20 2288 6408
9999 2 484
9998 96 3500
9997 46 397
9996 79 2582
9995 99 4615
9994 73 1618
9993 51 627
9992 85 1730
9991 86 2306
9990 98 1495
9989 81 1432
9988 79 1251
9987 70 940
9986 62 856
9985 67 595
9984 96 1295
9983 99 2570
9982 68 921
9981 79 893
9980 41 181
-9998 0 20 1921 6868
9998 14 5486
9997 63 2202
9996 45 1126
9995 55 868
9994 71 6069
9993 81 3501
9992 71 2356
9991 83 4566
9990 89 6385
9989 78 1164
9988 89 1074
9987 92 4004
9986 1 772
9985 11 373
9984 77 738
9983 14 172
9982 37 113
9981 92 2191
9980 82 532
9979 93 1599
-9997 0 20 1194 8582
9997 41 7476
9996 12 3033
9995 96 7274
9994 72 5658
9993 33 934
9992 7 260
9991 99 5296
9990 49 2503
9989 97 497
9988 33 121
9987 98 42
9986 99 1444
9985 100 3316
9984 100 951
9983 75 18
9982 100 496
9981 99 386
9980 83 25
9979 23 9
9978 59 9
-9996 0 20 1074 8672
9996 58 3262
9995 77 8111
9994 70 4465
9993 84 8037
9992 15 1038
9991 90 4329
9990 37 1932
9989 51 1925
9988 43 1089
9987 11 775
9986 95 1547
9985 4 140
9984 84 248
9983 96 2258
9982 98 6800
9981 98 1568
9980 86 91
9979 99 5979
9978 100 5628
9977 11 1
-9995 0 20 89 9604
9995 92 4166
9994 34 3997
9993 55 619
9992 39 612
9991 57 3799
9990 18 554
9989 91 3919
9988 61 371
9987 97 5090
9986 100 6195
9985 77 3410
9984 2 344
9983 65 2060
9982 18 180
9981 97 3486
9980 88 428
9979 94 1010
9978 80 89
9977 100 4278
9976 96 2317
-9994 0 20 2861 6052
9994 84 4409
9993 11 3887
9992 76 4042
9991 27 2740
9990 91 5482
9989 23 2624
9988 62 2015
9987 67 358
9986 98 1187
9985 4 107
9984 97 727
9983 60 335
9982 91 711
9981 91 520
9980 10 300
9979 99 4792
9978 67 270
9977 70 477
9976 88 56
9975 99 1005
-9993 0 20 2768 7981
9993 64 4487
9992 94 4440
9991 28 1035
9990 50 1285
9989 30 722
9988 84 1182
9987 87 1267
9986 61 785
9985 26 660
9984 91 2937
9983 14 488
9982 65 817
9981 95 4843
9980 100 6337
9979 85 1136
9978 97 6331
9977 97 1796
9976 99 510
9975 93 48
9974 100 2500
-9992 0 20 1314 7331
9992 13 5725
9991 92 3779
9990 33 302
9989 49 278
9988 72 1367
9987 100 5303
9986 82 789
9985 68 255
9984 40 151
9983 61 162
9982 100 5243
9981 96 1510
9980 85 1049
9979 87 1020
9978 89 1420
9977 97 2199
9976 44 52
9975 69 153
9974 100 2054
9973 81 211
-9991 0 20 1404 7948
9991 96 3121
9990 22 2467
9989 2 1582
9988 46 170
9987 68 2383
9986 83 1710
9985 87 612
9984 67 24
9983 90 2750
9982 97 5310
9981 89 568
9980 23 21
9979 78 258
9978 68 142
9977 75 205
9976 97 683
9975 82 194
9974 99 1541
9973 35 9
9972 100 4819
9980 1 20 1053 9130
10000 71 512
9999 92 4198
9998 96 7853
9997 72 2607
9996 94 4810
9995 92 3521
9994 2 321
9993 95 4404
9992 97 4649
9991 97 1933
9990 99 3102
9989 88 627
9988 13 40
9987 93 1323
9986 100 4532
9985 65 159
9984 89 1164
9983 98 329
9982 99 2308
9981 100 2596
9979 1 20 1629 9743
9999 19 4263
9998 98 9420
9997 96 3047
9996 3 82
9995 66 1253
9994 24 713
9993 43 325
9992 96 2274
9991 98 6889
9990 80 513
9989 66 309
9988 99 9387
9987 85 2170
9986 25 239
9985 99 6263
9984 98 508
9983 32 212
9982 61 74
9981 76 70
9980 100 8451
9978 1 20 282 6265
9998 13 3565
9997 16 3297
9996 21 140
9995 29 509
9994 85 3879
9993 81 3556
9992 8 72
9991 82 431
9990 100 5092
9989 100 1536
9988 46 90
9987 93 490
9986 97 118
9985 73 11
9984 88 63
9983 98 1123
9982 100 844
9981 95 2
9980 99 53
9979 100 248
9977 1 20 2905 9408
9997 80 7848
9996 47 3280
9995 79 1728
9994 83 2801
9993 96 3506
9992 85 2123
9991 85 567
9990 89 1048
9989 100 8911
9988 85 3
9987 96 2395
9986 97 5638
9985 99 2847
9984 100 5300
9983 91 1410
9982 98 30
9981 100 4422
9980 100 3980
9979 93 8
9978 100 300
9976 1 20 3510 6169
9996 33 4880
9995 6 3555
9994 91 210
9993 98 2155
9992 95 1395
9991 92 206
9990 56 63
9989 99 848
9988 100 2261
9987 93 649
9986 99 620
9985 100 716
9984 99 13
9983 54 7
9982 96 3
9981 100 199
9980 55 1
9979 100 121
9978 100 115
9977 100 99
9975 1 20 3370 8568
9995 88 2616
9994 92 7751
9993 66 1131
9992 89 4769
9991 96 556
9990 54 62
9989 99 7987
9988 100 2511
9987 97 798
9986 83 408
9985 42 30
9984 77 356
9983 85 319
9982 56 254
9981 60 190
9980 99 286
9979 57 141
9978 61 187
9977 100 974
9976 98 70
9974 1 20 2279 8261
9994 54 7645
9993 33 5895
9992 57 4038
9991 98 7009
9990 76 2141
9989 86 3625
9988 96 3965
9987 63 338
9986 58 299
9985 99 593
9984 2 93
9983 86 299
9982 5 188
9981 100 7491
9980 89 441
9979 100 2451
9978 52 9
9977 64 285
9976 92 72
9975 95 244
9973 1 20 2788 6584
9993 4 5580
9992 74 5306
9991 69 2477
9990 89 560
9989 84 147
9988 92 6002
9987 97 1721
9986 2 13
9985 90 1609
9984 96 444
9983 54 112
9982 57 80
9981 98 5493
9980 71 23
9979 99 4893
9978 81 133
9977 97 333
9976 98 2846
9975 100 4287
9974 99 3623
9972 1 20 3781 9134
9992 63 3075
9991 81 7709
9990 55 2136
9989 72 1747
9988 94 3407
9987 2 586
9986 18 1100
9985 70 264
9984 78 1171
9983 98 7661
9982 34 45
9981 94 1739
9980 77 16
9979 92 662
9978 86 290
9977 95 5304
9976 94 1685
9975 97 5332
9974 90 275
9973 96 2154
9971 1 20 3286 6565
9991 69 5310
9990 27 4748
9989 72 1429
9988 14 125
9987 45 312
9986 74 1835
9985 88 4224
9984 51 457
9983 81 569
9982 96 538
9981 99 5201
9980 47 34
9979 98 1192
9978 99 5172
9977 66 72
9976 96 493
9975 100 2866
9974 99 1486
9973 89 77
9972 92 335
