20
1 1 19 1 9363
2 57 1510
60 14 7781
100 65 1593
97 99 4592
58 30 1199
92 61 1393
69 68 4196
76 79 3173
87 72 4060
82 97 3483
85 66 3710
79 99 2168
87 77 1273
77 23 1083
85 79 3879
54 99 1243
98 70 4955
43 41 1012
98 95 3638
0 0 19 1 9418
62 84 1873
85 19 9123
49 59 1631
70 20 3309
91 93 3325
51 38 1529
76 1 2953
73 51 2795
92 39 5462
59 95 3224
84 50 3049
98 10 5410
64 96 1138
76 52 2753
39 99 1945
88 44 1627
87 96 1500
35 47 1031
100 76 1870
2 2 17 1 9584
100 94 8297
30 84 7587
82 91 5353
91 100 4720
50 67 3261
93 89 7947
50 51 2690
100 100 1556
80 94 1101
50 28 1096
48 79 1025
87 20 1235
91 99 1041
100 66 1028
60 27 1019
52 97 1011
94 77 1173
2 2 16 1 9803
55 50 1585
48 68 3313
59 86 3175
94 43 7905
82 88 5138
15 100 2409
89 44 1031
56 100 3841
95 80 9639
66 99 8415
64 67 3142
39 56 2308
4 63 2038
87 50 5754
60 85 4772
91 93 9258
-2 -2 17 1 9552
5 96 6886
66 64 6078
70 33 9781
50 72 3503
14 48 1755
72 45 1878
32 92 5202
91 13 2492
82 49 4968
65 36 1458
26 64 1564
24 95 7476
74 11 1143
37 77 1932
96 17 5211
91 50 1619
72 86 9440
1 1 20 1 9617
19 25 7819
37 38 7823
50 5 1565
45 20 2539
26 26 2173
71 78 5509
8 84 1476
94 40 5131
4 85 6137
79 85 9316
16 90 8543
65 70 4771
84 9 4578
32 83 2156
96 59 5486
59 15 4471
27 92 8431
58 79 8960
83 62 3899
55 85 7238
2 2 17 1 9400
77 10 6496
15 27 7585
43 87 1896
58 43 2027
79 86 2428
67 26 2045
16 93 1528
100 86 6556
88 71 3915
87 99 4168
89 83 6272
67 82 1610
88 43 3004
52 16 1295
90 23 6461
91 20 6382
65 72 1086
-1 -1 16 1 9793
55 81 9942
62 19 8990
37 37 1971
48 78 6694
80 1 6130
71 78 8147
15 53 1510
20 81 7904
80 10 6785
75 24 7148
6 91 2454
51 25 7589
93 80 1052
100 16 4285
79 93 1469
48 100 5896
0 0 18 1 9712
30 50 6535
15 58 2287
57 61 4077
7 68 1881
13 43 1694
57 73 6562
74 45 8027
82 46 6373
72 82 1536
89 31 8689
38 91 6989
30 92 4727
95 54 9461
85 44 1553
91 73 7350
94 3 6670
96 38 6075
47 96 3106
2 2 16 1 9911
34 43 3571
66 32 1976
48 75 1479
88 30 8037
45 98 2504
90 45 5269
60 98 7192
96 20 9926
62 60 2485
53 75 1952
63 78 6612
9 28 1184
51 86 4856
91 9 5570
8 99 8859
93 23 2871
0 0 16 1 9688
34 31 6748
65 12 6137
95 12 8354
25 87 5827
9 84 5217
83 56 2913
77 82 9315
73 45 2522
63 64 6240
47 92 5297
77 32 2897
34 98 7680
67 72 5596
73 58 8759
19 68 5013
74 68 6383
1 1 20 1 9680
82 95 4932
27 95 3172
83 52 9388
24 51 2957
100 97 3934
58 55 1348
20 98 8646
41 89 2024
71 70 3164
96 98 5202
67 23 2137
63 60 2021
76 20 2667
84 34 1887
67 99 3551
73 99 7589
91 71 2360
94 21 2345
23 100 7826
48 49 1211
-2 -2 16 1 9807
86 85 3866
58 63 3268
93 6 3889
15 86 4079
77 70 2991
8 54 2858
92 70 1269
51 86 3545
65 92 2311
2 93 1203
21 99 6287
90 79 8132
93 32 8532
79 82 1945
35 95 5244
94 66 9192
1 1 16 1 9270
91 60 4146
96 20 7454
15 25 1659
97 23 3149
54 76 4250
80 63 9927
67 84 2622
82 72 5155
44 80 2393
42 93 4782
36 18 1388
98 17 6774
100 53 5753
65 94 6958
47 60 1065
77 38 4067
2 2 19 1 9200
82 36 2301
62 36 1387
96 72 7551
25 43 2327
12 60 3926
93 36 5628
33 76 9032
11 76 6151
18 96 2946
86 78 9024
79 69 6016
51 60 1455
64 44 5900
53 74 2498
98 43 4509
96 80 8902
46 77 4440
87 93 2034
7 78 1617
-1 -1 18 1 9850
16 1 3492
89 32 9775
65 17 6044
57 18 3578
76 6 2959
91 40 8642
41 51 4884
38 84 9732
37 59 4264
14 68 1851
49 83 4447
63 72 3829
48 73 2728
50 80 4353
69 13 8324
6 87 9200
27 87 4287
72 10 2348
-1 -1 15 1 9725
12 33 8786
62 21 9324
35 82 3723
29 94 8474
55 66 8631
74 91 2620
15 97 7502
80 24 3410
95 73 1590
100 96 5359
62 33 1564
99 67 3302
45 95 1578
21 46 1365
82 81 5141
-2 -2 15 1 9790
38 33 1951
66 49 3615
30 64 2416
60 16 1362
67 1 3019
100 12 1994
92 35 8238
13 67 9290
72 94 5259
47 40 1777
100 14 7637
33 79 2870
52 70 1065
64 24 3390
33 81 1785
0 0 15 1 9875
61 98 4241
52 29 3081
85 47 9153
66 35 8462
77 21 8452
15 100 5812
68 93 1054
95 62 8616
70 94 6350
100 24 5020
35 100 4053
79 44 4914
97 59 4209
91 71 1517
57 99 2838
-1 -1 19 1 9540
5 37 5858
16 66 6799
24 21 7103
84 39 3482
35 64 6395
46 13 2586
75 61 2080
49 64 8515
46 77 9287
80 56 1697
58 73 6633
84 59 1697
32 82 8902
99 45 3788
97 65 7672
50 12 1417
67 94 1084
100 20 7598
96 80 5722
