100
966117
452911
415944
396530
60654
513796
111549
118515
275293
570077
93208
866790
776282
36671
987194
343792
929401
318190
653166
123639
705127
985405
368286
473014
542024
365342
491396
140614
753666
895901
208617
524359
948137
254729
603814
952511
672140
724565
16920
63461
937878
838196
992292
496113
159989
395552
769909
218368
708668
30396
102242
597191
905456
618973
250562
613158
95081
779639
821967
841001
951371
802592
250705
72493
471007
723507
800239
35615
82374
559775
496482
607880
569861
440682
323659
353373
929899
37603
64140
384522
599679
61214
58071
620920
149199
778046
665050
590864
77280
228963
96804
28506
751583
942323
768332
609364
113511
658903
418333
825872