100
874309
801978
392365
937612
687177
384138
820599
864507
592847
922769
919856
501562
270661
752840
523800
797350
965731
167989
264138
368472
337560
956487
479382
403305
18909
969252
606659
880294
582847
108858
496226
51857
639445
669734
439119
49459
448745
19138
916202
703906
446411
402905
684358
748058
552105
742044
455394
298081
268127
416849
283871
254148
461321
12280
410021
146259
455903
645446
807859
43897
193220
938981
593643
439404
926908
577480
990533
490769
974371
285543
141131
643590
291644
145574
259427
39338
875497
547601
569799
923341
420050
856666
828322
710281
370150
147408
118273
121231
51951
424131
486579
761019
94653
379915
903382
162027
365741
38180
340598
198982