100
879978
728970
739266
420437
592304
234604
242405
495480
216149
296339
470433
936970
76301
419442
186595
106077
501486
996371
253133
659655
280585
736754
993436
795112
935031
443212
220994
564337
955638
601062
499718
73034
815402
219238
851594
813278
797981
690465
20845
547883
906531
287491
823550
281824
149577
606725
416440
310785
481836
448266
813506
210492
208946
295335
821041
382139
270658
590381
792755
787842
309395
169224
554019
31600
634846
935387
181032
223248
321892
39624
137652
101728
408048
201836
642130
232203
398330
760231
196865
597777
244442
868443
310812
795201
208850
604128
712547
360948
477164
616472
807777
354591
470867
177817
283546
377366
74168
922128
741999
73049