100
799155
227269
318725
719212
364434
937819
955995
834326
55216
431273
93488
175978
301450
700832
807059
702754
413431
935757
928256
516402
435599
713553
467975
525248
590618
22953
807397
406336
895373
481789
297874
28494
385789
534334
914809
820509
238240
590932
914838
558507
308854
304776
461126
992185
772513
844185
740390
115574
399344
476035
961847
857486
999675
704215
780448
273078
544722
389251
326047
42475
485729
160225
797703
512501
442348
676865
223052
905865
248628
198582
487947
820542
465615
862407
447745
73840
725353
870858
547697
955982
989152
778557
545212
403029
525368
414569
18465
398853
494761
176819
19385
506994
975872
918310
174341
387045
229852
113237
468375
206824