100
399156
958504
928536
28174
531290
624781
750670
161540
290016
211142
931983
573032
24806
50339
617577
371288
588815
523998
776699
249498
913599
333227
871307
475820
670263
402444
577676
903891
372413
360154
382715
294393
258064
701083
510185
602788
434318
671267
803344
391829
638655
940135
269687
359266
143625
747754
708082
925382
682100
654340
110729
943465
343082
237534
239553
91673
761619
375613
291318
681726
175655
240001
967685
207864
96776
419597
202550
326991
728334
45235
447211
363233
378247
871857
913270
255779
714661
905511
579508
980129
900014
626378
38498
513651
798960
587256
273050
520831
475220
159995
833552
580003
842366
787183
454721
910794
33671
670399
689530
546140