100
589146
114782
585640
673974
120970
123694
630348
722328
705514
446425
436744
837264
370513
27995
644901
224186
25437
876953
60304
789584
933003
31953
679275
895113
911758
159315
95008
869951
556347
227469
696691
282764
294294
403926
533509
406270
410876
289362
54717
634280
513525
733157
975252
978887
442221
379845
380265
545188
82506
448918
444025
950679
92191
200835
404113
277412
124007
369440
497450
368451
741751
872511
640635
32177
176055
868193
708417
86520
30031
753930
940226
650595
143524
836359
712331
227241
565125
321930
408541
257359
153296
823352
115316
362170
962657
554598
159670
279735
992714
454254
137127
786064
740174
479907
490651
437321
490271
199204
555771
702682