100
259940
302434
690770
30575
244299
629613
94487
961658
461094
567118
425721
953672
326615
437223
222860
330448
570176
239040
775623
525113
576108
227055
771689
337966
644364
295369
364807
624059
899930
673348
832537
681919
976144
502516
367700
21935
107697
233101
317630
727866
674964
500342
621527
718826
201708
578482
455626
89109
708963
811673
946016
126859
74021
745817
465480
221872
599621
114194
849355
217245
110588
327295
151618
318561
597018
767867
586645
572196
567391
734468
397131
926437
239180
244849
833635
455580
849945
957486
863941
715442
937808
190717
241559
494071
929600
516653
655970
778526
18454
574379
793613
822711
662926
370355
838631
324480
694841
79638
24692
708182