100
579685
719024
94804
874468
940293
911950
200800
998255
800437
228803
830811
634313
649375
538054
628470
194408
349978
448659
691411
856999
859423
642137
395453
232500
915674
540962
327157
783000
297730
180843
401038
762664
830639
358025
144969
153904
107381
621018
262478
93610
444310
193177
482749
26488
802371
586010
521698
828801
659099
861199
61493
93139
968471
693145
102068
679946
386581
907241
594913
943423
314644
52547
798616
548892
154696
329252
839260
413861
512972
885048
614375
620669
142516
939254
266466
456545
771964
425453
534446
724962
643957
818398
150862
748636
713649
377561
168870
571144
917549
243127
262036
449573
575765
347912
554952
830179
231314
466283
484410
949858