100
85611
412977
141031
439605
852495
631921
514365
690678
295454
584878
109628
58727
847913
949408
877686
814614
788454
219762
812236
122099
996271
52290
46805
606788
279897
164763
704121
909679
115688
361796
155151
83786
806014
192326
458855
779545
516696
710362
774924
410166
388893
999593
91366
124854
183327
422915
756691
206866
47644
342422
666512
267415
469425
817940
705876
184528
204120
68379
991338
35679
447012
839508
511582
346640
438244
71604
554326
563996
469052
243137
403623
219571
805671
780197
362305
261069
489680
130200
949894
312993
917875
812905
516663
160962
460481
730108
252246
138117
667037
652100
893331
391200
100522
88121
760892
806814
706343
264717
383305
461769