100
854159
479008
999884
250022
76580
96734
738085
622062
462259
576628
160479
716328
502878
624042
926162
778644
668174
26733
623117
268447
577078
364493
936401
413626
661527
324582
840779
664111
215875
453680
116480
601045
397348
85507
349038
972375
409329
396581
387455
814780
134891
764151
60667
68966
631683
344434
111214
150159
787813
736900
280110
381545
316035
251029
454763
527062
557432
123446
818181
117614
537346
688004
508828
32615
622684
572507
233822
530899
975538
598838
186736
737549
406388
718914
914551
802689
944053
365422
11203
610197
508216
508431
150971
282348
458016
40071
10113
691265
557932
91327
905801
949611
91567
466650
881852
959804
545565
559939
51068
727065