100
671980
83603
962073
952173
272961
893558
117746
692882
221861
607972
613690
286051
151944
354779
399261
754205
502573
545257
944777
729843
924758
647124
640532
424972
193174
131351
768370
298916
618240
958768
120465
344703
57012
689168
653862
568540
178191
339375
647081
310034
653840
57428
608359
269816
677021
216999
974893
486935
272188
719773
417854
999287
924099
922033
795176
69203
914966
108172
997899
198644
282914
446847
397891
740882
479169
879608
464960
411090
782225
765092
634214
748363
339812
398285
806231
635237
165607
963221
622116
520635
773827
596188
96140
389972
335307
700565
381489
966089
938560
407727
125310
152572
324190
294310
605807
140352
445988
687010
596321
520793