100
660698
745568
274111
134985
658346
426920
687259
795013
963482
845970
67750
474724
371459
599104
119129
686103
563399
879484
925799
756709
486957
670151
690179
618510
560386
208580
962687
564615
821149
669833
570262
942133
776857
320668
162951
696251
663752
721701
789144
951288
797972
393763
208510
333922
226051
852541
609800
614374
125417
612017
979080
213793
276524
774520
698479
618742
441157
591972
520469
280230
688242
510342
528568
492670
899486
334238
121270
812518
158018
973708
150577
156043
672444
188078
470571
747183
296393
222741
24456
52903
425719
226517
224097
758638
323085
543326
998382
350614
763693
768407
853956
280899
508006
49816
466079
57682
165477
320075
375753
155941