100
943907
723423
817964
759088
444383
84510
769088
637160
128067
125279
987591
388224
379784
174558
444509
685486
793076
818767
394428
665540
975791
334730
915691
732800
123739
325106
252972
245403
220617
368612
917935
83770
401708
304107
469178
89054
909044
983612
245580
493149
679682
528721
822140
690654
83139
911699
748534
343192
400990
780521
731183
236857
298789
66024
694980
984884
514836
410699
12358
162279
817731
782760
504268
685806
338598
547166
293464
347757
988716
317604
312054
778227
792295
530648
495634
180826
984600
759139
178229
586638
973013
772005
706978
259110
908362
772803
356209
199098
250677
633373
824143
12888
540553
183801
667425
868031
286695
219518
908428
421552