100
882969
160372
697339
981730
553556
955571
94402
139690
589330
969182
688306
949856
244668
462500
731960
542434
796986
987223
772263
420113
423084
163034
615349
346474
517178
594750
964599
506066
175378
818982
725556
578141
829790
176801
205397
956157
575619
358919
686989
548302
45165
184770
562656
722481
327910
929503
855336
436139
574514
444554
696705
216710
589862
732375
510682
493262
266575
276251
27622
397904
357802
207164
880203
408014
290778
923081
491438
896890
484907
40876
678598
968082
108843
45327
887372
508406
79595
918356
873347
288688
945501
131768
971343
646963
182458
940744
811291
445380
983062
625149
841657
682091
38718
442172
109915
307309
457431
177201
776351
948567