100
723262
667318
894769
381647
832837
424713
768799
699588
171745
105988
104494
961701
570498
442142
627177
77918
54233
233959
327534
70828
935702
809451
457699
84388
897520
713761
685646
414227
883872
479218
689213
201201
727987
67816
858980
677418
89177
582790
758108
328425
175902
417485
95512
299518
974396
576720
119672
399636
468246
198556
179761
267242
847254
416856
766649
753904
21348
669283
135116
656021
713479
51371
614319
578539
558924
280519
396389
396743
462107
268426
932922
780782
354960
365162
973613
962160
749471
970813
830976
168776
480774
213733
275185
744769
885121
223763
939908
304913
416677
260339
634222
807618
692193
201295
52096
367945
801432
65302
404889
692017