100
563655
231257
662388
382126
382524
796620
523993
386024
991721
22252
711538
727128
163915
80142
553623
830390
941993
228368
561342
702450
188048
538219
242301
791393
771550
757856
389616
200915
840583
245421
671363
811393
997804
961988
21161
455858
523282
918389
856026
143406
459900
775649
198268
590894
858438
515915
279694
142410
302836
579226
207161
860903
729704
489498
306708
178506
649604
17190
815470
328924
175975
678761
545418
489618
610845
106656
95396
247571
96513
562873
186456
654414
742496
856449
408938
774074
548561
938571
996950
596183
972543
361449
153939
759599
129127
645675
155128
888437
693843
257126
116737
310969
972134
747641
89878
256858
802107
662334
470704
491489