100
854724
856673
493842
328395
474350
985845
25647
860696
308386
672411
579442
616762
414908
129789
580458
509812
901514
933472
501284
300469
851339
241597
572566
350612
177560
595827
542617
175147
872310
59364
662008
171804
216713
568100
415740
511010
570754
560310
167122
226708
130834
629932
819564
325859
695945
948445
840014
210532
549561
385513
152656
846107
551933
847123
406261
586714
274071
673738
809916
960278
414671
866036
593562
104082
860717
963471
577900
488356
344590
875774
929733
688186
795238
796064
294729
793033
793849
978830
758751
296091
478986
734241
652363
146083
76149
848543
910065
294762
694952
324025
594955
193167
79164
256990
856008
924279
225546
494549
857512
276968