91
7 12
0 5
25 6
22 25
24 13
10 14
11 9
2 13
6 8
11 5
29 12
17 11
12 11
4 5
12 3
7 24
9 18
11 24
1 26
9 27
30 10
30 16
29 26
2 16
15 28
25 3
4 21
15 4
15 23
7 16
3 16
3 14
2 22
12 25
11 18
15 5
10 10
25 5
21 24
22 18
5 4
22 30
7 21
28 28
12 7
2 26
7 27
13 15
11 23
30 23
7 22
20 27
9 9
5 26
3 8
10 6
16 4
21 1
11 28
3 4
9 5
18 28
4 19
0 23
5 7
21 4
4 15
25 23
29 9
21 30
12 5
16 9
19 6
12 29
22 29
30 27
9 28
0 20
16 28
4 7
18 12
8 15
20 13
2 14
13 9
6 24
20 23
9 10
4 16
6 11
6 16
1 0 0 0 0 5 8 75 2 