5 13 73617
5493 2537 2399 9098 6259 7374 7499 7621 4457 923 7123 
9931 0 0 0 0 9636 8758 0 0 6538 0 
5222 4837 919 6106 8091 9192 3290 3032 2734 3010 901 
9226 2330 3442 0 0 0 5484 0 0 0 0 
1825 9978 4304 1584 8161 7205 5759 9144 1029 6243 887 
1645 0 0 301 3150 3404 1686 558 0 0 0 
2094 0 0 0 0 0 0 0 0 6466 0 
5765 4603 0 0 5843 0 7524 0 0 0 2966 
990 6971 0 0 0 0 0 7572 0 807 2548 
5593 0 0 0 0 0 0 0 0 0 5299 
7423 0 0 0 2944 8544 7003 1507 0 0 7554 
7242 0 0 0 0 0 0 0 0 1018 0 
4970 0 0 0 0 0 0 0 2273 0 7071 
