5 12 75378
7816 0 0 4212 3582 5882 0 2466 0 0 1632 
7256 0 9343 0 0 0 0 0 0 0 4945 
3931 13 3911 5033 6745 2700 523 5525 5708 4480 9541 
6656 2247 1079 0 718 2318 0 0 0 0 0 
4010 0 0 0 0 0 0 391 0 1308 0 
4098 9853 476 6150 6987 6156 2954 2740 3590 7401 6672 
6815 6023 0 6166 0 0 0 2649 0 2031 0 
6037 4487 2952 8471 1135 8321 1934 8306 38 3613 4955 
9727 4872 9706 199 7852 2066 6561 6129 230 4996 1753 
2117 3638 6849 740 5271 1414 2745 138 7462 8819 7173 
2585 2079 1062 6985 6043 3721 6290 5620 4274 1213 3739 
5016 5497 2571 4792 8122 3072 55 2240 9493 4118 9888 
