2 13 74171
6964 9304 189 3259 9313 2172 571 3599 8154 6093 5814 
4629 0 0 0 2318 5064 0 6765 1607 0 5073 
609 0 0 9590 0 0 0 4098 0 0 1610 
4319 0 0 0 3699 0 2960 0 0 3258 6779 
8170 0 774 8357 0 4208 0 7526 2180 0 0 
8271 0 8332 0 0 0 0 2253 0 0 0 
1030 0 0 1601 0 0 0 0 0 0 0 
6293 462 3792 4579 4906 2651 4089 9587 9350 3661 1389 
9886 2684 8514 4168 1205 3935 0 1646 0 6652 0 
7311 0 0 0 0 0 0 0 0 3157 0 
7691 0 0 0 8672 0 3644 0 0 0 0 
6820 0 0 0 0 2821 0 0 0 0 2660 
1017 235 1903 5913 5536 9031 718 5637 3125 8096 7227 
