3 13 66981
3969 9587 3023 2375 4217 4701 9550 9672 2922 6546 9187 
848 8936 0 0 0 0 0 1926 0 0 0 
8734 0 0 1287 0 0 0 0 0 0 0 
5021 0 1978 0 0 0 0 0 0 8421 0 
1878 0 0 0 0 0 0 0 0 0 6758 
5329 5973 0 0 0 0 0 0 0 0 0 
7957 3719 0 0 0 762 0 9774 2795 5598 5117 
8927 3761 0 11 0 2301 9164 0 0 1679 4556 
5519 7380 530 2116 7123 1598 4598 5751 9439 2980 4277 
2588 7444 9662 3 832 3231 3534 7588 4145 6365 440 
5560 0 0 0 0 0 0 0 0 2365 0 
4289 4113 5532 7347 5260 2231 2830 2818 7906 4568 9130 
3555 0 7695 0 0 0 0 9504 3200 0 0 
