4 13 76888
9295 0 0 0 0 0 0 0 0 7635 0 
7462 7084 0 0 0 2013 0 3422 0 5772 0 
8876 0 0 0 0 3900 0 0 5 9518 0 
7391 711 2952 5410 1944 1698 8505 504 1387 970 6458 
1842 0 8002 0 0 899 3721 1588 113 0 0 
5639 8870 1526 4948 6849 4349 3989 4811 1719 499 2544 
5298 0 0 0 0 0 2430 0 0 4293 3421 
1090 0 0 0 0 0 7694 0 5048 0 0 
9371 0 3659 0 9960 1041 4217 0 0 0 0 
593 5028 0 0 0 0 0 0 5429 0 7563 
4824 5558 6271 3472 7632 7976 8909 8919 8801 2462 802 
5094 0 0 0 0 2828 0 0 0 0 8873 
3499 0 0 0 0 0 0 8678 0 0 0 
