abaabaaaaaaabaabababbbaaaaabaaababbabbaaabababbbbbabbbbbabaababbbbbaabbbbaabbbbbaababaabbaaaabaaabbb
83
11 80
35 82
7 20
37 84
66 70
56 73
42 55
60 89
55 68
9 93
71 74
50 67
16 24
13 99
11 87
56 70
11 67
2 31
33 45
36 49
8 86
13 90
11 63
33 45
70 100
63 70
24 89
4 19
1 38
9 46
68 82
38 59
26 70
56 88
63 79
70 84
76 91
19 78
27 30
2 23
40 84
3 25
6 51
16 71
32 40
16 30
8 71
34 79
26 89
53 77
37 67
21 81
4 100
6 11
81 96
12 22
77 99
60 81
67 100
90 100
74 79
2 37
86 92
5 90
43 75
52 65
49 100
44 69
62 81
1 23
58 89
6 48
16 67
2 82
80 88
10 60
51 71
4 61
9 66
31 48
4 35
64 76
54 62
