phxbzjihyzgshwcidlnkwkltarrnbvkgkzdakoyzeuhoeizcoemcdrtqrsesggbnvltdwrjahpekhylmtkwfcxrvgzdcarhtxkhejosurcntcgsycxkrkxspdqfcwiscudscsmfxjqxmxacgdzjupbaqbfzpsasyrvrpuhuusulurpmwfllpgbtgqnslvjupnpvgfvrdlowwsoaqsepmzdsirpmklgugblxexfxhtjigkhiwndihqsnowlrbyxeqczhyesczvuwthgvidmwtarmbokalyabzmdddcegplfpnbintdpgypmmckxipxojkamsmofkgmfvrsfojsxtbskbroywajssbpslwsuojhyhjnuezsziiirzozrtxdeedympmylpqduaacfvsyzjheffxylpxfesqeohbelfhvpmndwskdvhxfnxemdconhzxrdpxwcwyjtsdkcqkklpmhmtvslfaabauscalpgcxektmjmhzkljexibkpjiynzjhwlptlenqjrcgxkrnfptwhhobwmvkajocmzeewbufdrfeguiwckkxtisahlijgbrtxgseclipjgbrcbkaijaslptppranbmhudxkctubltwpdtridcanitscgvscjmxbzlqscqlffurpuxmnbvlddsobkdylxpwksarzyxgsixxudqxniejoycckjumxuznujvigfwcgtnaitrbgftxejtuyqhlrbprrofsrpfzeqbbgfmaohtulxrozlbeohburipqnywbewjbdbnotipghzsqdfltuntesnmppfbzjvgkimtobjexnmrvbioewymyrugsbpdzlltgounalvpepaeazgfyvxvppzozaqwwquxmxgpiscgkdyvnzrcnfjinflztjqohqoxhssiuqhkbifiomtmuxzmaymvqvgzyjfcefjmmbgoojorwowassnrzdlzrsupjqvpbzwfevlxpswhmfgvxzxyijhkbga
10000
421 692
7 22
682 770
161 809
700 886
457 614
563 849
426 822
170 727
670 820
83 525
516 560
257 435
395 833
621 779
928 961
395 854
982 996
627 715
160 250
604 693
91 706
451 466
116 436
29 621
703 935
375 553
267 730
23 729
48 353
722 975
120 317
303 832
39 382
21 198
544 551
261 891
360 554
711 989
255 475
21 333
574 958
148 627
227 360
170 274
632 891
252 949
7 930
175 968
195 388
90 858
658 900
122 216
183 753
208 577
149 927
829 888
380 642
868 955
49 659
145 294
316 859
246 713
322 340
629 684
534 693
116 490
532 596
331 698
208 458
138 278
31 606
30 171
410 904
42 72
186 872
365 735
501 531
451 742
58 870
328 374
671 784
190 443
319 693
526 888
74 89
600 663
119 612
528 770
440 812
315 599
884 917
53 342
338 423
87 131
381 401
75 458
168 820
264 486
75 436
510 931
164 597
113 282
133 802
572 730
332 537
378 806
139 779
476 719
205 725
525 607
109 984
196 519
728 783
167 681
535 777
596 940
56 628
146 188
434 875
679 890
130 488
269 271
270 989
395 664
194 638
666 919
182 442
829 862
148 466
915 924
5 515
60 788
146 933
167 499
811 845
313 940
336 583
132 526
496 796
137 920
762 909
14 722
127 587
274 842
57 761
61 122
199 829
40 264
206 765
499 683
54 995
309 362
494 581
80 754
213 677
45 136
363 858
59 489
368 900
424 763
584 804
404 782
443 636
324 966
648 652
621 822
107 650
154 850
600 607
154 732
208 289
570 777
70 755
62 438
578 744
166 781
189 551
110 867
551 836
203 353
178 411
64 743
205 596
138 724
127 291
334 460
160 579
569 903
914 964
495 926
710 712
186 580
371 818
216 373
130 568
495 541
241 666
524 870
661 757
597 883
951 976
220 454
46 139
942 972
13 871
391 644
504 970
326 830
264 965
394 698
116 536
125 934
356 461
36 994
46 515
838 996
494 977
453 553
26 398
39 448
192 838
602 696
355 732
25 995
323 642
392 779
249 757
36 903
630 901
72 675
419 829
594 832
810 967
388 835
288 836
480 793
399 597
179 332
123 753
251 996
642 684
444 778
684 811
399 444
390 588
42 926
223 635
36 762
153 605
790 893
587 908
376 509
474 905
581 840
94 516
203 580
361 656
390 566
49 884
556 833
278 794
420 486
251 432
41 375
168 323
235 933
232 674
582 663
506 705
144 167
520 746
99 346
111 831
79 408
164 718
634 995
123 957
338 392
293 712
432 536
288 880
477 770
356 519
63 147
149 861
290 304
555 814
322 844
389 729
31 922
560 892
852 945
287 602
168 815
2 519
354 881
47 807
329 362
344 402
186 396
412 685
229 410
244 731
552 993
384 918
199 582
401 531
923 971
142 817
738 741
98 660
390 543
64 824
465 639
38 171
502 650
642 979
730 805
714 726
21 361
568 862
139 968
113 396
136 814
174 558
754 874
420 575
67 638
167 705
26 337
596 662
308 838
491 578
116 215
141 476
235 708
262 374
599 657
406 417
500 713
510 894
257 473
243 849
19 34
60 948
275 613
116 655
236 920
526 956
451 666
355 605
297 616
816 898
197 308
236 909
53 727
422 903
194 525
149 479
100 212
486 538
116 633
476 521
50 351
435 721
636 790
330 852
231 329
525 671
458 906
188 357
778 959
94 407
243 891
106 885
262 346
591 894
35 461
374 732
85 728
456 640
521 705
495 770
170 856
298 317
655 995
425 877
356 438
208 251
16 600
356 862
362 867
679 742
901 972
477 905
704 933
148 468
561 963
420 917
56 139
737 970
85 713
72 771
522 978
46 242
518 913
278 827
388 509
24 212
405 420
41 112
276 508
179 837
100 394
260 449
158 916
343 870
4 117
446 941
18 107
411 930
241 624
132 931
75 669
77 146
106 494
108 770
287 614
11 530
306 789
380 463
709 722
336 632
200 758
1 775
306 411
628 849
571 759
244 783
833 849
240 251
348 954
24 491
553 554
422 859
265 721
245 893
366 500
127 529
449 619
821 845
452 860
354 697
215 404
51 597
256 837
133 221
108 244
624 661
716 965
443 901
607 689
58 797
30 249
184 648
8 698
481 496
117 379
593 834
355 520
564 775
115 784
222 827
454 948
587 802
168 422
114 491
292 774
91 723
274 460
161 374
201 790
561 580
319 906
96 349
659 673
127 787
367 953
318 928
331 653
672 904
399 740
437 706
610 796
73 163
536 990
154 194
329 714
158 693
789 952
506 628
451 552
338 817
189 429
58 759
761 962
354 504
63 284
893 940
106 859
852 965
122 642
890 965
662 756
52 711
454 557
263 824
33 520
461 565
542 629
223 393
507 576
710 897
559 840
421 606
495 946
196 511
164 536
215 404
455 825
202 846
112 932
946 964
434 551
183 348
570 975
406 576
69 476
119 547
239 645
188 967
143 166
598 618
26 250
78 813
400 662
200 255
69 693
142 247
489 502
400 430
925 978
805 967
324 844
517 562
488 492
634 670
291 573
155 822
236 967
636 820
632 939
248 890
11 952
432 495
444 844
426 831
640 692
19 396
487 912
500 898
173 323
455 816
384 609
561 619
304 580
135 258
72 246
256 383
27 797
390 607
442 644
259 815
5 134
277 411
776 966
212 312
766 869
31 256
378 512
794 877
56 815
16 65
47 318
240 989
118 847
382 681
121 212
216 939
139 254
143 546
777 834
355 706
305 546
843 961
679 816
635 724
659 734
619 700
778 896
612 933
548 993
617 759
37 479
211 894
443 537
353 374
223 707
84 688
16 964
535 831
182 646
303 389
11 760
659 922
537 709
260 595
135 454
23 410
533 836
73 620
283 973
425 446
449 683
37 618
337 491
373 902
672 761
209 435
54 692
17 404
511 611
663 964
605 745
281 377
1 445
273 647
718 893
579 991
31 91
121 427
441 493
116 252
177 460
470 868
406 434
195 944
20 778
764 831
131 386
830 964
131 240
400 943
395 878
526 968
345 646
318 786
62 569
238 821
215 949
110 386
224 620
253 640
5 87
311 327
217 295
64 268
464 534
214 415
659 778
126 306
228 543
289 831
116 656
527 984
556 790
373 413
625 699
704 972
303 631
18 847
81 517
54 118
332 464
245 389
614 990
142 371
125 161
196 430
780 876
183 573
435 475
58 906
23 881
653 761
107 698
503 623
541 778
166 597
872 905
410 785
522 700
602 926
280 825
528 797
159 979
25 514
457 930
399 571
255 734
55 841
558 952
387 653
102 983
818 893
232 811
257 601
451 851
679 858
659 730
131 808
155 561
245 938
8 735
340 741
395 989
505 944
812 872
521 893
262 798
533 789
313 493
268 789
650 763
416 946
80 232
148 793
154 392
161 654
131 993
43 822
311 330
186 907
145 431
2 863
692 790
109 399
27 111
376 709
245 760
49 992
196 245
398 708
365 507
479 557
304 361
592 600
430 553
618 777
779 860
404 475
492 722
438 503
798 832
151 595
199 963
211 510
221 314
528 820
10 505
301 786
233 820
381 786
81 253
36 327
730 779
275 430
455 933
210 632
654 782
620 804
238 900
217 750
282 378
883 957
181 211
444 672
4 972
153 256
56 479
211 835
132 640
33 586
496 664
154 795
370 522
273 693
447 679
61 410
290 728
858 863
458 470
225 473
377 433
488 648
775 778
246 906
278 421
415 917
133 862
235 990
655 686
257 427
136 836
317 783
103 129
518 565
560 789
910 912
170 481
324 944
262 569
683 774
192 767
523 632
325 436
786 899
125 216
159 181
396 972
24 883
451 498
462 978
244 375
333 893
220 856
121 200
789 973
479 723
89 169
34 333
604 819
235 649
313 954
749 849
635 708
130 873
10 338
111 253
7 632
491 505
147 704
532 935
178 601
337 609
347 370
941 950
99 192
69 522
274 331
43 918
714 909
92 918
55 202
94 686
128 518
101 274
145 552
132 665
468 729
79 277
141 837
948 949
239 474
21 570
748 938
532 580
543 655
421 629
434 744
238 791
258 951
99 985
120 809
542 764
508 960
348 620
105 492
220 263
240 966
637 752
101 287
220 675
640 829
227 496
77 464
211 947
199 642
454 965
318 652
825 995
539 616
97 720
316 950
919 982
475 738
495 559
698 944
173 697
341 399
196 337
406 782
207 427
176 604
842 881
799 827
446 590
261 606
89 215
841 991
57 319
616 732
599 813
237 905
299 578
227 415
13 834
740 961
268 439
140 243
113 886
622 962
226 256
232 344
76 360
338 417
315 989
51 952
192 592
810 956
186 689
228 447
118 968
411 557
159 550
191 719
359 684
614 812
47 830
193 958
43 219
357 529
212 484
407 723
286 596
288 536
392 684
509 734
148 575
733 985
617 708
923 976
395 658
148 513
394 705
341 667
613 869
27 744
277 353
390 872
559 925
163 950
532 817
110 462
371 964
505 762
82 688
396 404
350 916
544 974
234 804
564 846
590 676
513 952
862 902
424 747
750 910
286 297
679 730
315 617
53 81
45 134
368 688
449 957
288 992
441 934
421 799
290 399
14 722
274 796
25 627
143 300
440 854
505 507
122 820
47 174
92 820
227 511
459 675
472 666
329 591
110 393
319 750
683 791
44 69
402 590
13 545
810 866
318 904
376 945
141 422
42 960
268 433
395 892
786 862
456 481
118 511
787 849
563 829
394 793
551 795
306 483
119 263
170 352
357 647
38 417
73 79
301 425
266 695
132 240
484 721
521 587
235 359
232 983
625 842
396 779
9 423
606 879
47 154
403 775
733 801
793 820
124 811
81 221
461 738
132 225
105 718
339 665
1 896
245 842
28 524
161 867
952 959
2 476
117 174
405 837
148 906
633 641
191 773
721 928
157 852
76 261
493 740
493 519
640 764
87 258
419 791
666 953
301 352
417 667
526 991
177 355
142 809
252 995
506 639
183 662
258 414
907 923
445 918
323 481
212 501
567 922
444 839
143 511
182 795
244 480
176 656
238 599
389 517
489 894
160 592
559 573
405 769
403 690
646 770
174 901
70 661
747 908
28 261
822 970
442 453
538 986
33 588
421 695
28 107
187 238
618 716
391 680
6 125
84 814
178 651
640 718
468 758
551 785
525 649
14 530
519 897
551 929
30 169
58 273
196 510
164 813
230 843
207 274
211 769
91 423
308 728
67 69
200 537
773 848
306 981
861 882
336 745
694 734
11 424
619 671
520 835
436 669
562 601
373 862
692 952
3 716
684 702
803 987
162 763
147 574
358 989
32 657
613 685
41 354
695 945
139 579
783 934
307 807
500 673
195 600
319 548
118 155
108 940
105 877
374 791
171 703
122 732
283 348
556 807
308 505
504 887
210 643
374 744
167 517
40 966
282 437
278 399
221 592
392 426
140 245
416 766
501 762
48 537
347 768
604 996
31 852
418 806
241 553
677 791
680 720
5 716
121 993
403 632
137 748
27 381
712 888
653 716
136 257
621 904
148 603
378 903
178 712
338 716
188 430
18 907
114 653
154 911
237 569
625 785
731 905
10 796
367 725
372 502
901 992
409 428
143 235
241 725
444 866
58 578
516 794
884 907
92 719
581 980
688 875
209 783
138 342
502 708
863 874
214 687
542 789
118 852
697 843
96 486
210 593
7 543
32 351
124 833
73 816
704 947
427 832
654 769
159 970
480 756
36 693
446 745
159 484
600 855
330 615
344 459
131 807
163 386
161 222
153 206
829 958
23 388
664 676
160 637
640 835
396 790
256 762
414 458
249 977
272 498
536 595
646 956
345 346
426 808
487 933
448 498
520 765
352 755
200 915
909 954
228 478
667 733
129 989
71 241
109 262
624 658
618 797
66 273
4 882
292 411
908 936
624 659
418 432
551 895
336 807
428 733
39 98
389 947
146 459
175 192
641 769
441 798
310 990
196 427
837 993
407 852
70 669
24 479
377 487
574 742
108 921
146 478
866 938
88 96
207 249
182 889
896 899
209 253
679 892
324 808
440 731
32 663
65 800
55 290
441 548
468 951
432 472
333 533
221 549
420 469
521 675
361 574
423 614
318 783
110 216
129 575
791 840
563 606
580 775
140 852
131 726
522 607
81 144
302 855
198 692
370 690
719 971
145 944
588 730
383 723
511 759
222 603
226 827
4 169
331 941
143 461
590 670
671 983
761 813
508 972
665 958
680 797
639 664
150 825
211 317
80 793
18 641
602 786
764 770
18 790
634 852
228 479
385 525
261 898
149 793
30 768
381 489
710 940
156 458
13 473
588 725
152 472
77 662
430 938
651 766
324 367
506 845
551 951
153 372
215 221
88 903
251 468
395 960
331 470
341 344
862 928
72 337
83 734
333 940
87 103
453 594
24 346
222 816
294 974
191 192
198 515
18 765
332 585
728 916
72 802
183 587
174 919
844 921
180 907
865 913
202 462
290 547
431 485
366 382
476 724
242 494
511 673
10 262
657 843
101 568
283 648
158 570
456 921
287 415
105 283
123 226
332 744
153 773
62 762
410 534
31 458
134 651
542 581
308 315
241 335
809 875
617 952
302 993
716 877
203 901
2 325
130 666
577 822
262 818
275 804
265 671
246 306
318 767
633 826
986 994
792 967
508 798
104 747
424 547
626 819
371 741
421 870
410 450
151 246
53 712
306 425
237 650
551 555
340 380
191 337
81 290
91 132
508 799
114 931
269 853
480 640
354 597
926 980
229 723
80 358
202 424
438 664
218 994
337 992
106 518
594 807
107 645
534 817
447 931
469 636
787 948
199 307
182 225
236 948
315 330
309 531
658 972
655 889
114 804
551 992
509 830
361 856
101 157
393 524
35 861
163 741
281 733
957 967
206 462
711 908
141 440
102 246
36 58
149 676
591 781
614 699
103 979
260 473
84 866
38 783
650 865
386 699
149 669
267 530
98 795
238 244
238 409
259 274
386 935
171 422
45 449
552 784
261 943
30 731
50 517
699 984
305 606
9 453
195 278
902 992
69 292
154 530
412 478
803 863
148 270
719 953
192 741
139 194
921 924
88 890
444 991
512 668
520 600
44 798
714 945
10 793
17 946
414 459
265 282
201 471
157 332
193 444
386 817
502 741
233 589
634 676
150 504
107 267
310 589
227 824
258 621
156 195
490 614
528 691
728 798
133 166
358 805
576 625
81 664
290 896
590 923
17 496
762 992
123 505
867 992
173 731
491 806
367 900
423 815
224 595
546 760
274 276
41 772
624 899
112 772
365 444
859 954
301 950
344 544
378 539
112 214
704 712
2 917
263 527
125 816
286 406
681 804
559 845
381 456
232 472
492 835
450 516
697 817
245 323
164 700
377 703
418 731
4 571
420 530
159 833
242 575
382 444
7 842
150 302
307 622
453 719
380 968
81 172
414 788
245 871
37 867
171 767
174 289
341 628
97 624
122 786
154 258
103 503
80 653
386 404
198 856
28 497
119 748
459 497
532 741
334 568
424 532
338 820
598 598
145 371
80 614
186 871
153 688
232 974
264 301
381 538
81 565
828 878
378 684
210 219
43 543
574 707
964 967
317 488
566 607
103 552
606 737
759 974
348 871
532 990
175 451
175 832
20 633
623 922
15 136
761 973
471 598
470 488
439 706
895 924
236 370
30 841
7 30
378 603
517 797
829 972
664 967
70 906
301 992
235 532
131 217
131 648
520 687
49 140
38 229
464 972
408 922
228 437
831 848
649 734
271 486
161 624
154 613
71 374
522 608
528 658
578 738
310 349
101 369
249 397
293 406
712 733
218 939
69 94
693 747
717 963
237 264
128 310
118 877
408 603
54 639
70 301
379 631
649 731
49 747
76 979
261 614
478 729
476 742
173 547
187 492
59 648
106 451
251 877
223 483
658 782
536 727
6 170
29 654
695 820
622 802
691 883
339 423
284 815
88 830
579 987
49 937
151 311
31 155
297 561
142 434
82 889
87 789
63 817
660 802
206 436
130 608
12 946
295 472
559 684
129 674
61 985
131 643
299 717
162 859
17 595
19 920
407 712
25 469
453 605
195 888
722 810
821 937
332 671
119 279
167 810
870 952
155 518
453 921
86 238
175 235
159 600
10 113
57 870
246 399
593 661
57 474
318 993
218 908
248 337
61 190
66 503
578 851
503 775
661 950
189 780
303 835
347 867
140 312
630 923
386 588
146 442
463 981
203 359
295 526
404 539
587 961
361 389
462 892
59 416
556 838
314 604
144 870
184 375
30 929
238 925
74 617
522 680
457 958
724 751
186 487
78 993
150 467
357 532
335 362
917 947
96 554
154 239
337 347
279 534
366 462
517 903
120 535
428 991
1 75
487 665
260 663
329 404
133 680
414 860
19 810
114 254
287 407
273 633
663 806
832 948
191 352
645 854
205 391
391 560
228 279
538 797
204 810
787 942
650 884
359 822
464 532
670 935
211 938
307 604
62 936
130 556
333 333
723 775
338 458
37 736
485 833
198 299
957 984
164 844
443 557
669 940
527 974
614 836
738 840
443 597
901 918
237 727
175 425
632 879
682 915
170 371
488 671
388 631
395 552
398 952
70 914
891 895
432 517
258 730
97 275
99 854
504 934
112 335
137 928
613 743
38 971
646 703
94 525
200 920
565 598
482 795
587 613
107 297
30 49
284 323
46 62
422 980
485 676
95 417
733 838
707 949
575 875
276 323
396 589
157 166
960 993
503 559
497 855
530 545
733 884
787 850
212 794
283 833
808 847
544 619
491 608
174 406
450 986
578 729
845 894
734 761
216 778
187 278
74 716
742 878
453 532
170 731
487 744
372 475
337 910
938 945
115 405
274 394
6 484
252 971
628 820
521 932
123 844
718 837
463 758
134 718
452 994
224 661
595 858
139 199
509 996
67 833
115 340
230 518
124 266
9 770
671 705
438 449
170 747
279 429
632 996
549 562
372 785
153 214
272 304
351 812
192 337
306 648
597 797
743 782
516 920
514 710
145 162
811 952
154 331
243 882
73 725
364 434
513 567
517 736
759 787
551 950
122 128
179 644
918 921
429 761
142 361
199 505
74 223
319 553
227 482
299 358
210 711
583 642
103 202
382 960
852 889
833 936
15 974
583 815
855 931
219 500
698 992
218 643
771 882
690 917
51 367
139 576
682 721
141 883
522 823
636 846
378 602
275 575
82 616
13 394
512 932
613 848
133 259
903 985
144 679
510 743
649 882
9 334
150 606
220 353
591 985
888 988
486 590
86 129
99 487
423 523
139 610
274 743
262 317
461 569
316 860
433 890
201 819
726 766
906 968
82 482
894 989
374 488
459 479
536 885
62 477
91 311
120 504
437 753
245 686
469 897
480 710
680 901
532 671
330 423
331 580
397 905
202 324
722 804
344 580
61 610
405 841
71 525
268 823
953 961
781 987
346 471
250 414
74 946
403 840
343 372
200 734
740 977
321 547
702 901
315 890
219 881
79 951
347 743
627 697
223 687
331 568
81 744
155 818
661 693
477 985
8 214
108 667
194 349
217 815
31 253
54 57
132 249
11 911
398 627
461 621
317 791
192 398
458 929
75 472
514 948
63 441
86 90
111 279
247 438
18 610
71 197
365 666
202 596
279 600
226 659
144 463
255 373
780 831
108 255
621 905
206 887
211 981
95 896
338 490
261 427
458 867
457 497
618 822
25 56
141 202
284 683
60 584
367 459
566 810
621 718
190 746
94 528
427 957
188 370
368 684
555 716
216 825
651 931
753 906
595 894
111 281
101 614
260 559
73 980
48 524
157 710
161 194
74 250
437 588
275 363
82 725
553 749
297 603
53 127
513 721
543 866
922 967
105 161
144 449
98 497
588 807
653 781
903 968
479 774
140 263
673 987
221 346
437 464
590 948
409 464
235 279
80 927
91 169
184 617
154 281
37 741
12 690
445 899
222 516
381 698
361 973
501 689
76 322
274 937
350 585
737 819
548 667
716 818
6 677
256 831
206 293
217 495
860 902
39 421
5 419
122 286
316 730
637 786
727 805
394 910
571 996
136 547
161 954
266 838
441 959
88 592
10 733
305 638
263 789
794 978
24 602
83 917
673 868
482 557
471 518
517 795
850 961
125 983
172 807
689 882
397 613
269 777
5 327
119 827
267 808
868 912
751 994
428 788
269 786
307 829
547 659
623 744
400 650
211 667
473 822
358 819
599 869
199 626
456 523
318 790
153 188
581 858
151 293
289 856
41 561
86 223
587 749
845 987
403 435
121 148
907 939
425 780
54 462
898 984
139 430
537 697
202 292
362 398
494 607
58 221
306 647
158 280
48 59
148 381
188 482
393 528
130 952
96 511
913 925
278 499
56 119
347 734
56 320
628 813
582 848
232 790
73 77
55 309
40 376
435 522
563 882
613 834
757 849
127 606
545 765
820 883
541 664
90 903
596 717
181 640
353 488
332 485
426 641
385 539
894 936
503 826
663 779
119 460
245 435
69 204
710 871
297 943
415 953
203 930
593 762
5 34
119 366
464 489
31 926
848 865
678 924
291 627
264 409
90 619
158 574
287 742
608 948
367 583
564 705
81 220
254 471
85 509
539 573
388 972
523 743
176 371
344 467
528 917
10 795
150 372
87 891
578 954
84 502
324 986
464 789
70 183
154 717
179 691
586 646
92 566
332 741
462 596
131 382
127 926
276 311
301 317
170 799
275 591
518 882
580 674
649 981
621 856
470 722
291 799
59 368
311 383
33 764
163 906
36 70
92 380
231 313
320 617
115 811
910 916
332 494
237 594
66 373
708 857
580 763
741 918
304 947
55 979
880 988
61 66
157 835
69 360
389 976
388 423
222 710
46 343
635 856
202 620
152 978
331 914
253 561
512 659
476 633
414 467
399 437
275 527
556 887
264 864
571 786
291 500
633 792
430 465
492 586
54 563
304 567
132 481
63 556
563 952
615 896
55 422
299 869
330 774
593 679
388 641
167 851
807 879
275 487
312 898
285 860
351 465
509 865
482 984
48 927
465 939
285 943
165 520
157 849
835 938
365 583
226 451
37 437
333 844
231 565
15 665
53 849
281 365
766 917
269 767
211 813
236 679
495 755
571 844
527 785
409 891
291 555
265 648
511 598
415 661
3 166
595 934
56 959
219 892
487 648
464 663
617 818
67 116
496 830
686 942
19 538
749 756
24 493
400 923
621 734
587 786
186 736
644 711
68 862
607 716
193 272
103 888
89 930
429 923
533 918
294 460
53 471
212 963
76 531
697 889
188 399
406 923
584 969
558 572
168 754
29 211
233 280
213 837
322 683
243 561
219 854
622 689
833 906
575 981
367 467
554 601
786 927
293 401
819 958
577 864
49 994
328 605
231 365
540 552
24 52
270 714
340 877
786 879
96 457
383 690
215 844
633 856
65 180
845 883
141 713
109 463
630 988
356 860
356 895
335 407
53 838
597 718
312 399
327 507
121 855
622 709
335 569
178 399
27 748
205 809
659 668
292 917
197 659
18 76
95 410
345 933
382 861
574 613
5 263
41 940
125 652
379 663
144 760
697 892
706 901
368 624
464 572
154 580
655 660
172 675
436 984
370 531
108 300
562 982
112 925
156 602
188 501
534 644
234 948
459 577
86 139
630 865
448 550
133 784
26 875
13 807
234 341
382 533
288 369
18 400
136 619
556 636
93 727
284 598
247 742
178 305
46 748
221 934
413 641
353 438
164 519
371 672
424 672
208 792
225 959
19 196
671 764
494 654
683 857
95 929
272 523
157 274
95 238
494 650
655 766
12 98
382 929
277 769
57 897
936 988
107 125
888 954
531 777
305 464
392 399
396 914
553 591
111 748
524 567
145 401
293 332
146 242
713 931
422 690
413 831
549 955
506 520
220 767
40 991
351 683
3 314
188 824
218 475
575 961
741 895
109 954
231 271
103 863
205 444
39 476
28 776
219 913
453 603
413 439
125 518
763 831
127 951
601 658
172 236
565 833
134 594
284 790
812 864
71 988
259 546
38 946
574 782
30 257
389 695
442 826
129 739
660 866
3 241
94 390
476 875
529 926
472 639
259 733
454 803
250 712
199 352
670 845
926 980
292 795
160 624
121 286
288 700
155 290
465 940
304 339
233 343
734 868
524 792
249 912
165 330
601 881
283 554
266 450
248 483
30 478
327 598
315 615
302 390
165 824
131 854
120 504
284 295
79 773
688 818
71 327
131 772
58 671
44 684
90 243
211 720
39 538
242 354
156 463
663 899
440 627
34 134
317 479
255 428
169 395
641 862
239 637
772 910
379 614
856 953
168 469
507 580
625 821
780 780
287 446
682 833
635 885
367 967
318 951
269 541
326 487
725 910
605 882
499 558
515 983
359 455
602 858
230 882
665 682
888 929
115 534
724 919
173 614
47 210
670 852
316 342
149 996
881 986
548 753
304 659
662 982
38 587
523 919
128 736
587 668
621 935
125 582
297 544
120 673
344 971
346 659
236 265
225 727
70 483
373 772
145 757
38 182
267 480
6 24
527 611
385 593
155 718
618 886
9 934
281 294
560 899
138 859
589 824
363 893
138 991
60 189
146 815
5 161
185 625
11 75
523 715
379 869
164 269
102 491
277 704
100 302
165 267
15 237
599 673
668 827
20 657
475 727
165 887
479 710
409 991
704 709
87 852
19 582
355 992
120 551
422 699
650 886
506 887
182 820
409 650
69 849
499 589
463 754
310 942
304 387
94 274
17 129
100 518
68 454
107 513
135 925
448 498
940 953
308 763
59 717
417 827
705 925
172 330
602 639
37 988
310 942
6 878
105 359
399 426
479 831
327 452
900 966
824 909
56 856
676 834
16 772
480 665
914 940
546 571
476 607
341 457
382 837
199 223
487 621
544 885
456 995
215 345
818 958
257 678
17 852
515 708
103 787
192 731
20 762
200 495
293 576
133 836
958 978
331 368
522 794
256 897
470 712
245 534
422 431
135 368
197 569
79 984
190 672
611 638
757 872
110 168
336 865
297 300
550 846
371 664
267 839
192 978
232 436
515 663
569 777
950 974
32 142
733 961
222 602
17 347
362 376
184 617
164 403
13 834
421 952
222 304
264 495
123 495
558 850
81 631
34 130
191 608
492 982
127 923
17 274
143 378
246 569
733 914
648 751
523 665
176 888
439 664
306 786
160 933
267 934
397 710
241 967
507 872
434 732
2 748
144 627
49 199
389 962
851 956
520 717
482 812
149 331
254 637
110 935
205 716
47 429
521 934
32 669
404 809
385 811
15 75
43 874
133 187
8 904
146 644
427 628
459 757
632 776
317 634
36 742
708 759
203 464
136 645
154 378
459 538
192 453
472 985
495 525
175 503
321 432
70 778
449 868
458 647
84 775
205 825
810 963
198 457
89 105
243 253
482 712
593 780
88 176
582 583
676 700
9 55
78 916
787 832
213 526
358 610
562 987
358 721
448 814
456 918
174 839
244 698
402 805
837 893
342 577
200 479
487 937
174 857
484 925
567 930
141 924
132 463
409 820
772 776
558 693
236 400
786 853
563 595
258 323
411 754
584 889
525 953
50 299
305 702
871 974
119 635
101 719
131 170
841 941
402 827
557 982
266 721
287 838
100 860
274 610
117 853
86 730
304 641
779 945
10 677
564 740
462 715
665 884
509 512
342 748
228 830
327 474
169 493
277 760
188 293
44 470
410 556
693 970
396 779
708 839
76 582
276 790
47 860
558 597
268 372
125 900
150 495
598 987
238 281
267 425
494 737
389 903
85 216
796 914
400 638
475 626
223 901
188 189
764 784
59 747
55 570
103 469
639 700
460 877
646 980
305 397
306 693
223 521
23 698
101 439
660 984
496 803
683 808
495 991
391 661
365 473
234 575
793 834
198 217
101 673
862 977
172 498
594 720
215 612
742 970
315 326
730 877
132 688
46 417
186 727
578 707
95 860
156 848
353 656
68 332
454 930
233 951
25 746
556 674
340 880
198 450
330 665
716 848
268 938
47 681
391 914
12 625
175 780
830 860
57 847
86 430
238 700
384 644
903 977
204 786
240 573
903 904
754 822
543 763
228 941
778 810
438 538
710 712
141 493
197 466
343 471
47 626
628 929
534 690
813 830
73 243
69 389
215 897
363 743
607 897
590 710
132 389
71 102
212 763
232 594
328 936
622 874
253 902
596 726
479 706
332 948
552 641
372 937
683 855
675 734
248 293
389 681
299 379
65 702
299 510
217 838
239 838
64 635
15 284
659 720
763 911
238 592
452 555
333 609
138 266
11 350
319 513
811 951
656 698
211 796
932 955
117 968
526 693
180 707
759 810
351 496
673 862
151 733
265 317
454 483
413 530
47 723
677 732
433 777
337 496
295 643
431 535
128 331
64 510
754 873
108 192
372 784
28 969
289 934
292 340
662 822
389 753
488 788
69 488
405 920
486 984
418 619
940 949
8 465
223 383
574 800
96 330
303 362
123 219
415 511
177 559
160 315
485 947
553 802
438 645
425 878
54 420
763 994
231 293
5 675
453 804
172 703
453 899
925 942
439 672
234 360
439 535
548 939
273 389
416 746
217 917
95 890
636 857
887 928
11 811
384 526
539 618
10 361
74 934
306 745
296 585
751 898
27 449
335 693
112 721
85 561
99 328
455 884
265 955
735 885
80 185
192 618
201 802
875 978
138 208
354 544
445 792
108 739
720 814
77 458
81 752
23 83
179 397
137 886
581 625
660 942
137 809
201 614
103 338
395 412
310 875
25 748
324 775
61 763
419 840
174 518
460 920
103 176
66 776
159 361
24 690
24 502
161 225
39 418
247 450
556 732
249 404
572 580
102 347
520 632
73 110
693 949
533 869
312 971
134 934
547 672
77 616
52 237
10 760
10 574
310 379
565 627
68 713
202 734
334 753
258 443
746 950
282 396
370 742
513 599
109 423
149 500
120 724
487 656
129 154
416 508
463 900
58 99
180 967
305 832
13 932
601 667
66 883
628 882
319 356
151 698
299 427
154 201
339 777
387 560
930 975
316 814
872 878
334 768
55 89
76 906
102 743
511 984
316 728
7 535
605 634
64 705
824 825
166 217
605 696
458 552
370 594
395 773
30 165
167 219
119 162
48 140
558 824
47 556
501 874
482 511
110 190
575 933
19 711
22 543
331 493
5 924
777 782
323 946
409 727
88 845
136 570
398 904
613 950
490 873
358 374
483 921
419 468
339 406
53 360
383 948
773 952
231 558
553 653
383 428
515 961
151 454
58 570
187 851
647 927
304 676
520 925
396 707
49 938
801 991
329 752
105 297
527 628
284 582
3 13
586 963
448 736
21 421
195 713
207 563
803 842
770 866
326 576
89 268
545 889
182 793
398 564
195 897
402 925
478 927
335 983
782 814
158 722
358 802
352 929
117 920
710 735
64 806
209 814
251 753
352 706
274 549
369 750
388 678
771 786
109 528
345 772
418 810
502 615
774 775
547 619
205 810
332 540
269 540
357 439
297 983
765 791
180 544
138 567
145 828
356 672
132 856
21 669
442 549
207 247
139 674
865 869
200 878
70 412
688 740
509 956
303 674
724 853
781 846
344 990
612 699
391 665
605 750
63 222
270 967
29 469
257 863
744 897
232 457
120 814
326 920
597 995
548 642
374 397
427 717
310 958
339 894
93 353
335 423
314 393
524 702
390 421
242 959
58 339
473 791
378 396
120 376
667 913
21 290
367 983
10 296
249 348
113 521
360 535
674 855
303 847
272 299
261 612
433 669
599 905
463 976
225 502
141 275
92 216
78 430
359 582
293 750
406 626
274 986
53 860
583 711
355 801
902 966
66 338
559 584
25 246
470 484
527 758
538 610
959 973
479 616
241 828
232 867
157 506
21 776
282 478
731 832
86 636
71 721
283 973
142 575
62 308
532 754
65 739
295 716
28 830
118 268
349 662
58 738
753 774
255 758
412 954
90 960
51 731
34 943
17 608
89 244
589 620
1 332
216 604
51 631
49 88
630 819
436 796
214 372
53 473
350 388
398 465
313 515
132 267
148 382
390 794
312 387
312 929
536 718
527 688
171 496
695 909
129 134
420 628
104 267
473 655
454 937
56 686
107 375
756 952
254 670
149 485
60 81
697 797
247 617
308 707
6 662
539 711
59 170
134 326
194 606
567 900
546 955
256 841
65 132
238 600
669 801
723 860
443 669
209 480
609 707
275 835
377 712
690 985
42 467
660 935
648 838
117 230
485 716
700 957
481 616
340 938
73 584
203 741
602 946
478 950
312 708
752 943
89 660
555 637
575 702
138 273
287 337
56 309
270 771
311 756
617 670
650 742
124 773
73 406
279 298
550 610
226 987
476 995
36 805
430 473
531 610
702 867
15 896
590 842
204 601
793 820
141 394
264 538
90 863
256 387
66 806
56 916
316 951
759 970
351 446
193 801
814 975
591 794
437 828
35 387
41 131
102 747
288 444
365 533
75 621
140 839
350 759
115 304
88 994
348 982
178 453
73 431
663 992
148 743
103 454
64 698
448 584
31 165
529 656
483 730
73 326
422 789
8 823
645 921
631 830
272 286
264 728
636 643
783 927
33 390
91 240
96 744
180 458
117 774
181 709
701 766
426 478
127 353
304 771
137 277
325 468
57 342
732 977
662 699
92 683
614 923
102 630
480 670
367 809
441 516
286 467
146 892
272 683
248 987
524 962
47 291
389 912
267 647
289 965
232 972
845 977
2 818
411 478
211 481
1 777
168 651
206 796
63 888
231 987
798 873
674 765
87 589
77 353
239 365
241 390
141 260
81 239
143 636
491 543
192 846
421 463
359 588
140 341
51 480
201 491
169 923
929 965
45 757
205 916
330 365
229 589
467 506
568 590
4 27
114 872
115 497
216 393
88 356
487 734
228 406
252 608
316 496
104 993
308 541
790 912
144 672
101 382
531 891
557 668
702 895
13 352
122 568
209 326
63 843
172 616
210 227
343 526
446 722
186 442
357 673
268 975
281 420
369 870
40 95
430 989
661 702
782 922
193 251
39 911
233 530
130 362
472 676
321 807
252 917
427 593
325 528
860 948
152 525
620 741
95 192
612 772
457 796
558 908
472 707
859 866
921 995
225 600
470 951
310 840
207 270
734 822
515 605
43 605
350 757
662 868
198 444
163 643
124 654
74 285
595 859
147 519
291 857
42 250
246 802
452 559
304 991
109 509
634 908
552 588
137 983
350 459
26 334
432 988
149 425
276 744
287 342
147 186
148 633
316 798
794 949
173 943
101 281
12 456
834 927
600 740
67 978
93 401
7 444
76 392
587 868
158 819
924 928
224 484
75 539
27 285
336 457
436 890
349 658
368 495
199 887
239 265
251 788
585 715
695 976
566 790
486 532
338 644
459 867
454 821
30 410
480 665
293 486
25 67
312 561
562 759
202 720
909 944
532 970
627 668
420 432
158 917
801 951
258 414
3 591
867 920
32 270
437 589
483 533
47 504
69 844
806 965
753 788
681 877
288 508
273 719
430 847
560 802
154 737
139 744
739 925
668 770
118 180
211 600
712 714
479 647
376 702
413 447
52 327
97 259
369 754
605 898
461 718
330 791
201 468
539 860
130 316
433 633
309 763
940 953
400 523
25 422
868 898
437 869
118 454
131 792
742 948
320 384
332 649
178 453
40 716
316 355
765 868
707 993
555 663
936 954
189 281
10 979
72 339
190 878
792 929
458 901
224 880
216 841
22 792
668 831
658 983
109 426
774 815
332 423
362 402
290 590
192 563
520 634
401 530
246 743
333 647
137 703
547 790
352 585
23 488
149 339
447 925
575 702
186 917
587 954
202 247
100 764
358 619
402 887
24 148
56 276
758 795
412 508
228 763
97 716
435 705
553 784
362 882
71 179
136 202
404 577
302 676
171 579
299 492
322 389
445 640
358 517
126 929
354 865
615 961
244 989
320 776
125 716
62 894
195 263
691 949
174 666
370 757
668 752
145 252
811 909
430 589
172 634
282 957
816 987
841 899
164 979
679 699
288 660
402 516
389 922
96 512
386 562
192 318
57 443
382 886
178 890
239 349
520 527
229 438
74 259
242 340
237 938
445 940
459 601
447 766
782 847
333 958
73 171
147 570
515 951
36 692
274 844
294 961
193 713
731 972
75 266
137 423
16 80
617 787
458 556
67 229
341 944
431 561
20 54
454 578
8 613
70 771
807 950
443 984
66 719
252 338
474 793
674 728
384 553
268 931
254 859
163 204
121 643
60 554
135 696
514 623
503 668
317 398
304 456
441 840
26 182
692 738
289 575
132 390
657 672
535 982
148 831
658 951
215 710
15 329
350 448
937 951
191 950
329 338
181 494
440 769
282 385
101 857
410 673
349 908
893 987
821 883
544 960
593 695
678 709
31 921
80 795
949 967
228 985
201 402
329 890
610 841
278 862
390 950
275 301
265 302
108 117
9 996
571 704
253 592
336 436
203 416
94 234
222 368
321 489
624 649
382 388
263 659
253 572
448 612
793 834
632 829
641 941
516 829
344 348
603 768
780 970
17 22
310 983
159 308
718 782
103 956
93 142
266 681
296 714
430 713
53 348
262 994
94 908
179 433
124 358
141 782
17 723
4 77
235 952
311 673
190 936
775 949
332 459
218 965
675 930
398 727
201 579
113 644
673 996
291 950
123 992
94 140
90 719
143 674
245 373
184 351
49 562
136 813
273 428
106 781
102 206
327 752
320 681
277 359
319 569
230 442
243 565
287 501
252 563
496 880
234 935
420 600
283 655
237 710
928 937
57 735
410 959
383 563
729 741
839 968
234 988
333 798
154 833
88 405
399 967
257 821
125 424
327 676
82 832
13 956
694 773
735 986
27 372
221 676
37 63
270 647
970 979
47 987
78 735
57 371
195 964
12 313
618 908
338 620
297 744
440 552
541 910
98 937
318 833
536 869
186 380
62 273
52 88
319 742
49 689
798 932
34 804
425 944
285 941
48 608
502 600
51 335
144 148
195 896
465 730
764 768
749 835
40 922
278 720
587 768
388 887
624 694
421 571
42 286
10 775
200 893
609 944
535 672
95 729
560 572
263 463
221 247
287 932
67 655
484 653
347 374
45 970
385 987
33 464
162 590
42 487
362 570
354 816
165 368
548 656
847 930
98 839
155 774
221 384
352 787
698 793
165 837
155 591
146 974
107 735
68 140
145 421
498 637
240 722
707 866
301 716
143 641
715 813
120 836
192 855
651 907
809 991
324 412
69 477
176 301
135 360
163 280
720 780
23 697
445 566
730 745
206 294
808 938
647 928
706 978
758 888
360 491
691 882
814 870
38 171
306 965
132 398
181 505
205 851
124 299
691 773
816 963
694 986
757 917
265 738
626 942
549 905
354 436
173 600
228 690
196 211
528 995
327 423
181 708
628 751
322 399
286 447
61 436
817 899
167 276
479 901
31 113
548 730
333 385
532 641
851 942
727 861
382 974
13 287
78 914
397 684
134 159
219 682
504 570
845 956
438 671
670 703
388 403
174 692
655 814
227 600
668 874
464 969
751 771
848 982
588 669
248 667
722 849
295 805
357 764
64 947
125 653
433 653
59 826
128 633
275 644
235 236
72 620
208 842
113 294
693 801
701 861
426 471
200 713
641 989
624 883
12 939
280 595
258 364
345 491
810 908
685 965
146 756
273 588
601 801
298 305
9 606
162 996
355 794
199 915
86 787
462 729
17 661
248 300
512 918
731 790
399 423
568 619
158 211
759 761
69 931
540 976
61 994
272 460
578 854
190 564
571 583
217 519
235 384
76 818
532 895
321 726
348 930
91 808
478 572
413 769
561 668
558 872
335 728
506 829
833 938
73 419
289 432
666 938
672 679
490 741
214 390
147 810
622 737
158 219
117 926
551 677
426 598
158 249
681 906
437 754
827 847
282 855
39 716
631 867
399 531
124 612
920 934
661 679
479 836
515 799
273 685
116 206
273 698
302 455
132 183
738 949
517 958
155 917
25 156
551 554
476 594
90 399
531 688
929 979
447 781
55 368
483 973
261 675
635 755
857 896
558 766
648 810
884 994
153 488
828 958
307 627
555 636
10 706
327 688
693 938
229 393
369 747
711 927
470 963
485 783
175 250
63 344
261 822
233 866
413 698
43 194
8 748
678 713
757 924
325 619
620 637
291 847
562 925
221 892
706 951
124 598
861 880
187 625
125 972
537 857
673 970
500 681
101 721
317 402
29 641
24 568
201 790
130 858
83 275
149 941
542 708
273 511
379 406
139 450
354 915
31 986
409 888
612 631
510 947
538 933
512 876
29 712
670 887
761 864
705 889
17 600
170 209
34 575
172 587
940 944
10 854
890 897
266 524
432 775
369 395
236 826
168 265
541 837
155 306
625 963
561 930
104 486
519 769
359 598
546 610
222 619
116 403
519 668
559 870
447 873
162 602
330 702
167 866
24 90
392 714
325 906
278 395
50 428
30 913
328 526
495 550
148 897
585 586
67 568
380 934
541 940
540 565
409 870
731 880
126 353
262 517
451 715
577 798
493 684
16 747
245 939
90 485
73 145
596 633
59 975
2 490
439 949
233 567
221 282
116 554
347 632
717 735
270 315
438 954
189 728
670 969
353 457
418 679
278 449
507 970
176 463
429 615
336 915
617 767
139 882
94 405
437 828
45 707
147 483
664 794
556 591
467 943
16 149
284 384
257 347
522 890
322 640
60 975
240 826
299 515
608 631
703 988
359 748
425 618
154 205
222 744
688 760
610 695
837 894
82 187
74 891
628 713
137 608
376 611
129 357
594 908
301 656
19 899
440 968
125 443
644 665
327 788
276 321
25 116
26 138
212 222
770 836
844 972
301 379
272 657
427 865
87 568
169 390
25 60
387 829
104 396
55 811
251 722
136 666
193 366
508 691
324 451
172 201
426 501
550 697
161 896
566 649
654 982
926 958
634 791
317 737
190 291
552 832
541 607
501 827
116 799
127 258
458 566
218 991
687 958
42 612
181 586
492 690
652 754
391 421
366 657
132 475
603 868
310 412
213 731
15 162
419 766
61 335
278 876
249 757
860 964
474 799
412 960
718 965
309 983
32 352
163 966
747 757
685 976
172 897
254 710
399 832
672 812
472 653
94 902
232 977
34 685
374 649
342 366
290 352
321 571
460 704
374 404
92 220
311 353
909 983
564 664
160 385
42 479
492 551
782 863
393 551
736 766
105 123
32 412
456 522
83 653
976 981
124 456
729 987
434 819
715 918
103 486
1 885
64 551
300 926
336 612
481 991
302 523
99 333
475 855
511 774
477 758
410 933
400 801
238 665
223 303
79 628
79 325
389 436
629 736
318 885
351 718
652 799
165 818
23 904
296 681
453 772
362 862
166 628
216 265
324 407
402 518
763 955
394 401
155 949
133 392
484 837
34 640
59 198
461 963
220 676
567 672
371 849
537 919
18 721
58 261
52 576
10 663
262 983
403 416
536 935
696 807
840 939
339 917
719 957
180 883
318 374
608 851
226 311
163 530
588 952
7 424
87 90
16 348
418 992
763 930
493 873
629 735
257 887
217 656
462 529
317 846
171 835
458 980
402 907
147 357
498 570
363 584
298 579
574 851
537 715
507 512
60 950
210 250
905 946
346 479
371 662
129 248
625 753
113 158
259 536
434 953
748 796
330 461
17 315
731 823
253 852
166 725
312 416
182 934
203 324
580 614
747 785
541 743
376 855
618 831
117 971
707 784
171 690
117 706
406 859
181 360
35 526
347 905
842 941
188 448
947 964
752 802
548 697
216 992
406 753
442 746
457 727
229 340
265 627
36 49
47 409
81 216
124 854
347 798
794 885
773 905
710 744
365 528
261 664
360 586
110 340
31 71
179 566
116 330
379 443
72 489
207 707
490 564
331 836
139 285
193 634
301 911
363 903
87 585
30 945
369 673
623 974
359 543
609 802
168 578
649 987
577 617
70 856
110 184
388 905
168 462
3 580
406 683
271 365
314 493
89 139
116 602
711 881
436 578
160 493
483 604
184 728
23 507
126 173
1 616
513 704
96 463
69 706
74 422
339 914
307 398
6 908
513 636
95 792
76 288
174 679
690 901
712 782
412 954
837 947
353 874
340 574
283 369
328 790
276 587
582 627
632 984
494 500
191 289
266 514
497 687
190 864
512 649
822 843
526 662
404 713
291 935
227 663
573 991
20 849
581 646
354 488
201 847
391 907
60 425
556 577
35 444
546 665
17 490
312 542
29 76
865 930
319 532
160 811
179 446
583 946
744 937
357 864
267 787
178 766
674 691
325 726
122 910
138 195
403 507
398 599
388 535
331 773
490 839
288 507
94 588
157 255
513 950
42 660
220 779
394 430
674 893
43 934
157 587
910 991
514 663
121 311
562 901
743 813
55 324
563 950
30 337
290 817
542 859
244 949
2 382
557 814
599 976
566 672
666 676
342 399
183 630
7 383
119 195
169 749
442 702
651 698
392 731
196 987
174 940
175 360
245 916
144 908
439 583
38 630
32 173
275 379
581 681
282 695
800 950
165 864
438 656
310 863
829 853
6 426
705 716
100 881
544 928
28 902
434 657
606 939
242 609
193 801
86 922
645 888
675 955
614 810
36 676
844 865
193 452
92 790
890 897
444 972
741 919
178 350
292 500
112 704
508 533
224 379
35 513
27 471
709 836
9 745
435 772
533 887
326 884
784 898
139 793
151 879
420 715
61 138
632 684
88 169
195 393
466 627
413 427
21 60
172 945
607 724
180 720
417 607
318 425
314 564
114 385
446 748
426 804
439 886
58 113
227 527
450 912
773 797
328 794
500 776
423 742
30 386
446 602
30 912
230 683
513 796
614 879
341 547
308 356
341 780
230 414
487 783
65 264
313 503
282 977
642 732
624 761
31 229
130 943
179 812
96 691
531 629
1 573
801 969
357 672
65 770
471 901
476 886
654 979
202 634
184 933
200 808
230 617
746 956
58 96
111 481
15 669
245 739
15 712
371 965
307 949
64 132
424 540
1 21
142 442
545 635
78 834
356 614
236 983
3 363
293 843
113 881
852 857
50 791
18 487
166 793
149 887
234 844
608 864
53 234
9 788
6 598
545 873
532 619
32 901
245 454
566 747
129 527
178 341
242 747
116 327
6 464
311 475
87 239
179 392
59 107
184 576
113 728
373 731
183 324
556 636
306 568
126 697
466 753
794 994
217 909
244 680
718 834
990 992
92 724
388 783
199 491
282 311
142 574
325 961
520 898
469 880
9 746
89 422
395 883
339 611
582 715
214 553
127 303
548 947
219 855
417 733
349 934
411 647
512 611
413 735
55 538
800 881
467 890
145 861
483 776
395 414
528 984
290 966
438 654
160 872
216 812
212 485
750 858
185 895
393 553
367 597
94 401
90 480
234 294
344 989
636 658
327 623
189 296
832 843
653 992
638 869
807 850
277 560
175 711
27 744
264 727
393 740
482 665
224 878
567 635
274 791
121 149
337 896
336 732
183 909
727 821
537 701
594 977
21 228
155 684
255 801
567 868
456 544
53 687
337 607
51 258
326 881
91 780
427 662
435 765
165 339
43 589
186 622
562 939
97 413
169 587
40 897
158 364
130 495
55 752
232 736
540 802
557 893
142 324
243 758
501 906
418 843
388 463
405 603
869 936
41 421
241 446
81 603
495 604
578 652
250 312
809 972
289 851
98 788
34 431
340 856
454 622
678 916
13 284
244 801
143 664
589 841
841 904
115 431
340 687
13 589
2 741
564 852
34 355
384 870
308 729
643 761
274 324
206 600
528 763
10 590
430 850
182 257
217 695
688 954
700 903
546 824
34 364
317 599
308 472
616 700
124 267
300 397
590 820
121 602
531 586
711 936
385 812
3 196
883 948
774 956
425 506
601 870
124 458
110 766
515 810
305 639
80 524
589 955
347 481
630 853
15 264
319 792
79 987
241 947
120 794
223 724
249 545
16 922
126 292
611 806
835 855
448 934
327 363
446 629
79 807
485 821
280 342
64 341
191 304
291 904
424 934
50 888
66 186
477 733
111 268
207 965
26 574
388 822
271 900
710 937
350 425
455 691
518 625
35 735
245 741
168 642
183 611
368 975
632 676
706 765
819 891
674 844
468 499
156 372
96 690
43 85
459 520
68 653
608 976
721 802
367 852
808 954
707 978
246 577
14 342
164 287
880 904
295 927
86 303
666 992
181 671
621 954
133 530
113 608
141 414
753 913
484 700
601 870
119 194
102 455
52 308
538 875
191 469
174 413
554 839
408 655
285 433
199 566
806 815
598 955
143 354
791 843
665 837
367 951
388 703
409 755
695 947
633 806
339 726
222 812
489 550
470 921
588 834
490 652
91 398
531 540
325 364
125 306
673 909
79 616
64 407
294 679
357 846
488 615
576 629
68 431
182 820
936 988
402 412
511 729
45 412
272 776
290 578
122 900
174 898
157 737
308 950
585 835
246 800
203 299
553 875
366 976
277 297
708 915
430 598
14 440
394 631
683 789
132 612
305 725
433 465
382 740
140 339
142 248
371 386
184 440
725 923
163 223
2 921
523 850
213 431
456 824
168 844
431 975
159 779
135 204
543 585
794 881
46 644
33 942
305 416
136 262
33 299
405 874
178 300
320 650
391 775
158 397
827 942
136 724
259 985
452 778
575 763
336 411
202 620
363 955
499 506
141 459
465 717
336 936
575 642
589 952
353 985
113 298
169 736
724 941
427 722
99 114
300 355
524 920
556 886
798 981
388 938
108 363
406 618
47 968
196 555
548 923
544 956
283 845
48 789
474 926
514 945
507 814
34 303
657 778
378 920
231 762
129 320
259 645
305 746
536 942
383 780
327 493
342 342
389 529
54 378
568 782
293 326
305 628
246 881
89 409
95 262
320 501
223 578
70 888
605 802
585 833
250 987
252 831
283 511
560 564
266 661
55 986
359 478
538 723
243 946
425 812
44 55
186 925
552 994
78 277
523 910
433 782
163 536
593 605
168 819
161 483
135 433
392 830
414 929
557 576
292 879
4 842
266 929
32 817
109 846
17 372
798 938
25 725
333 338
80 617
420 697
562 773
832 873
249 606
86 806
608 824
377 748
373 642
404 680
382 449
399 432
294 741
120 469
238 377
774 801
144 456
475 937
230 916
526 814
398 543
145 611
154 988
526 892
495 553
850 855
205 864
177 608
296 418
655 996
593 720
52 433
827 863
783 909
60 726
312 377
272 922
345 441
337 833
310 790
643 751
168 618
264 768
149 189
148 479
75 844
280 867
47 734
30 955
9 520
604 751
385 875
676 825
143 433
85 932
662 756
499 829
270 297
16 446
378 494
225 593
384 569
424 615
121 453
560 573
180 461
314 765
909 974
40 514
265 518
926 971
277 393
494 678
662 693
44 939
191 455
188 679
532 838
297 878
789 904
361 369
594 888
57 865
490 507
691 824
12 798
208 621
195 302
701 776
563 915
109 739
22 927
779 787
7 382
289 581
795 941
577 686
539 634
474 965
47 301
58 659
22 283
136 186
505 886
423 832
453 574
394 451
161 424
176 805
167 676
98 881
621 674
83 570
231 963
51 278
187 629
128 255
440 832
260 264
19 250
622 682
56 592
19 936
114 216
302 744
761 790
186 334
359 675
416 589
386 641
747 866
18 45
769 874
61 484
32 733
79 633
278 591
296 688
530 823
197 330
123 128
233 958
240 456
791 907
551 828
180 618
117 301
99 662
69 806
159 837
238 722
3 394
85 828
219 361
548 828
477 875
438 590
112 965
22 597
429 759
493 858
793 966
631 894
703 891
699 970
344 464
211 857
42 347
565 861
322 692
36 798
491 625
160 602
593 756
275 623
108 119
56 77
832 949
627 646
330 576
43 619
593 829
819 939
683 790
35 427
299 382
753 789
10 832
394 522
591 936
619 796
59 851
695 810
326 724
303 459
2 575
171 265
87 750
34 544
380 689
498 987
254 762
691 699
89 96
217 600
932 952
222 930
707 836
434 743
85 125
656 659
126 920
750 876
703 926
343 618
86 840
529 847
18 231
26 462
247 678
202 625
533 766
135 243
526 797
596 610
175 921
51 193
18 862
926 943
192 568
485 573
17 35
52 344
247 805
78 413
486 622
614 938
312 668
185 837
468 700
313 450
562 795
363 812
212 427
759 994
167 403
357 571
183 834
329 349
326 642
51 762
299 947
182 988
176 887
22 278
392 796
590 594
872 953
384 409
7 91
301 409
177 791
359 686
18 628
273 628
263 393
133 323
235 611
315 501
330 336
129 699
292 727
604 642
88 971
94 907
131 981
162 423
112 922
440 473
49 71
311 666
383 908
443 994
146 677
418 476
17 120
604 663
170 332
190 419
100 144
128 432
231 854
76 209
649 885
548 933
217 639
26 167
129 530
274 939
210 360
226 669
197 400
651 809
2 366
429 989
22 424
252 476
282 685
170 327
257 874
27 895
15 193
63 920
642 862
256 852
146 925
1 545
125 809
119 410
111 731
752 838
317 534
815 923
5 253
261 905
50 931
160 980
3 47
46 689
302 865
14 464
150 464
194 478
197 516
603 847
444 626
163 602
448 760
685 898
700 726
669 865
660 944
573 626
618 947
238 815
701 839
748 908
149 169
105 285
664 707
135 213
154 656
375 834
107 196
442 726
310 921
398 504
258 890
54 208
291 512
274 942
613 992
84 186
290 681
288 348
422 917
560 990
1 854
107 827
192 970
832 894
153 502
402 759
47 455
478 886
665 751
580 751
367 856
51 583
70 870
318 986
215 797
215 899
574 650
321 547
76 841
346 445
229 766
28 195
144 913
672 728
346 667
312 953
126 894
7 115
244 768
104 902
44 922
121 618
361 575
168 420
437 532
585 765
221 713
364 779
374 629
96 220
327 639
96 764
23 224
878 911
266 901
310 737
827 857
405 847
221 934
577 744
470 513
165 690
229 863
777 974
240 989
799 916
16 239
462 486
38 288
223 297
112 953
532 858
302 813
187 953
240 930
534 709
446 618
322 594
219 485
295 644
211 214
366 449
149 852
106 831
51 143
174 329
7 780
36 739
86 222
325 695
152 155
37 521
278 770
118 178
332 497
627 741
111 546
80 694
830 962
28 720
52 800
201 726
236 831
468 916
86 377
244 452
200 238
927 972
13 478
28 974
345 768
524 810
523 878
427 843
150 356
79 790
201 991
36 804
150 195
447 871
119 281
438 898
238 873
288 715
315 805
73 612
86 140
882 964
313 662
730 938
382 524
20 583
438 744
507 538
412 938
222 953
450 854
579 688
650 866
326 379
184 938
270 451
1 257
157 662
489 806
523 870
253 543
456 610
210 913
121 151
249 993
293 698
771 871
309 344
635 741
722 844
97 496
37 496
193 273
81 761
604 919
175 634
14 70
279 785
825 926
178 349
641 821
515 796
108 436
100 859
504 742
161 943
520 980
656 792
96 737
18 476
114 264
193 253
47 897
531 972
645 799
74 389
364 869
799 904
686 896
562 898
193 844
633 722
382 827
348 923
42 824
225 860
857 972
477 903
872 927
440 878
729 871
96 829
663 736
563 814
345 715
128 457
483 769
93 233
74 441
79 115
188 939
48 259
735 914
710 950
665 751
153 318
626 981
292 413
231 640
774 984
865 901
351 365
457 674
584 747
662 817
8 782
44 604
55 442
8 699
155 287
227 679
308 604
132 937
519 771
171 297
679 955
47 201
310 794
423 813
244 465
170 478
6 171
146 213
367 831
73 521
122 751
667 725
62 798
581 665
493 755
175 877
1 634
141 943
563 715
183 679
160 726
352 897
85 484
46 451
118 239
360 891
562 789
8 850
363 593
354 855
154 271
904 949
75 93
789 850
532 576
305 891
166 612
125 616
90 569
71 807
128 881
90 916
98 446
689 729
47 610
507 880
120 460
194 788
472 561
51 902
17 716
276 628
320 881
167 374
237 330
104 457
122 194
296 487
211 984
219 820
726 950
74 703
109 494
187 580
13 975
551 991
728 746
533 542
69 708
398 906
929 945
774 986
46 73
256 396
535 977
930 995
184 622
292 923
34 39
17 791
46 265
11 773
14 552
3 309
138 184
52 320
71 98
36 41
90 356
212 986
210 890
77 840
686 751
288 790
3 719
726 764
267 657
281 461
132 689
283 315
522 827
366 817
406 539
549 772
682 983
538 575
117 301
572 867
779 987
580 709
310 781
52 397
777 966
101 252
454 469
219 416
781 975
518 955
111 731
70 792
527 717
290 833
781 828
704 818
287 564
348 450
516 766
319 485
546 570
19 586
27 921
237 922
196 625
363 735
432 926
450 566
660 878
403 709
30 444
11 450
316 900
279 752
589 597
139 240
91 745
37 157
313 669
218 958
324 508
357 872
326 675
477 923
329 985
189 352
278 559
283 513
462 561
268 970
81 508
112 171
176 268
208 765
89 501
12 982
333 857
289 927
186 215
94 407
463 516
366 740
78 648
176 459
212 444
212 432
544 951
130 383
510 731
235 894
598 799
167 850
455 660
765 781
191 589
779 971
148 706
634 783
795 809
245 926
256 597
130 141
144 443
180 794
952 993
33 474
119 796
327 379
31 493
85 147
222 925
847 975
612 992
554 710
344 718
520 559
318 700
381 569
66 748
179 938
211 665
384 415
249 661
741 762
692 908
745 833
723 757
603 752
160 258
466 521
28 798
44 119
613 647
420 633
284 598
574 948
728 908
255 976
20 572
187 720
468 848
528 939
114 546
203 291
588 625
426 811
536 855
186 465
391 884
594 738
235 405
136 546
146 720
115 638
740 754
511 744
145 687
178 958
156 164
468 780
282 752
130 291
60 514
370 396
138 321
725 964
372 433
438 780
156 814
79 815
491 822
249 635
210 432
587 812
203 374
129 291
404 420
419 464
734 853
97 753
720 871
167 821
156 524
232 604
341 602
50 831
299 347
389 779
124 508
369 881
326 579
729 929
2 271
116 774
9 869
799 870
512 614
588 885
141 412
401 819
17 788
155 364
90 543
66 518
354 666
322 911
175 933
644 854
445 679
373 632
425 471
176 903
43 64
103 494
236 396
412 504
27 658
37 695
125 760
554 790
38 795
705 970
272 969
418 827
382 870
345 790
807 885
171 769
664 869
268 791
298 899
599 925
298 876
4 881
358 977
713 934
157 341
49 907
612 658
386 406
100 959
670 689
840 984
461 776
176 507
47 329
473 566
177 272
62 783
195 683
419 908
575 621
252 531
544 784
112 929
75 193
32 862
683 936
68 705
135 715
243 682
463 635
251 639
37 907
105 620
43 719
343 932
108 537
84 794
825 891
17 87
819 964
506 868
496 903
573 622
630 815
16 307
373 557
283 574
198 593
235 308
160 163
578 696
270 375
164 700
203 636
26 170
41 603
451 510
27 456
55 89
361 761
24 137
598 837
340 353
567 715
587 874
88 729
3 493
196 462
166 585
256 751
358 530
216 980
672 787
761 926
610 680
45 704
746 881
9 225
157 859
575 743
308 656
152 831
216 230
268 315
22 720
173 570
299 786
9 76
5 381
64 769
534 813
204 687
617 831
212 773
693 707
352 440
194 934
167 424
409 691
53 401
632 971
145 851
221 680
64 859
145 552
47 679
288 654
882 905
17 488
185 681
44 723
456 660
237 879
566 746
151 573
129 618
45 762
644 979
761 982
51 627
236 673
524 729
330 534
432 738
36 550
197 922
80 301
316 776
184 526
676 881
422 596
640 804
188 706
93 287
391 913
63 626
509 791
153 759
248 504
500 718
345 540
539 914
645 693
828 854
142 659
428 657
84 155
191 300
506 861
175 284
342 346
771 800
61 873
308 533
380 952
29 839
300 862
381 944
159 479
620 696
127 817
281 900
281 500
65 95
298 926
191 239
563 959
623 961
417 835
138 851
372 799
671 897
201 585
67 539
238 359
99 686
284 886
3 564
17 310
159 549
314 787
349 796
314 669
343 427
117 650
26 565
385 915
503 696
158 585
489 944
99 395
46 678
904 964
166 217
714 900
137 375
424 724
17 933
279 957
443 530
11 395
233 555
175 395
656 900
148 332
647 847
246 812
154 248
413 700
290 603
50 665
394 740
312 676
192 410
852 874
272 721
280 783
101 504
83 374
705 920
231 690
275 396
506 523
129 469
759 855
731 825
347 474
142 658
73 471
769 946
246 413
32 141
565 612
53 985
647 972
614 877
666 888
95 197
334 665
193 223
347 953
693 937
82 351
274 343
46 552
293 797
379 433
749 990
1 721
648 979
596 696
285 448
407 564
299 741
233 521
499 853
398 793
196 668
469 874
14 349
306 435
149 813
659 817
579 806
541 708
150 161
227 598
445 554
85 664
237 298
74 188
505 736
866 931
96 663
110 323
15 677
83 335
413 913
143 900
444 496
645 850
1 604
166 969
251 554
556 771
407 663
146 844
172 633
267 996
299 323
296 313
551 919
315 336
218 467
478 962
251 662
189 531
251 696
81 804
636 866
277 578
303 345
394 422
422 977
279 580
664 876
511 586
430 826
816 841
47 322
628 782
316 573
737 823
737 931
551 801
52 377
1 599
397 422
377 912
495 763
350 656
90 294
643 936
780 915
463 882
26 168
513 518
173 483
264 337
814 910
141 210
141 866
266 808
483 723
169 642
141 221
435 519
311 378
1 229
161 463
34 106
547 630
36 623
719 887
373 552
433 704
493 761
492 494
678 976
138 244
68 279
464 586
633 694
633 963
48 843
100 876
153 649
426 696
69 685
586 977
213 620
305 413
626 906
307 796
805 854
550 873
136 934
462 688
349 631
244 477
263 396
357 548
702 912
247 520
752 770
314 500
885 912
514 538
337 742
550 820
114 294
249 426
231 808
856 861
104 160
342 555
366 698
26 201
193 323
97 720
223 864
330 752
59 867
269 800
93 127
241 353
386 699
409 536
189 430
400 589
292 741
67 657
12 362
685 778
204 501
701 988
724 950
702 743
16 820
505 866
28 777
30 333
399 439
828 868
191 627
340 838
406 852
137 418
199 418
541 821
445 700
347 532
279 398
52 141
214 556
161 927
256 956
493 655
284 318
486 864
474 826
329 705
47 155
466 572
210 245
37 864
568 575
214 892
185 766
899 953
740 883
63 916
475 762
84 574
758 979
156 947
576 728
404 883
622 789
378 786
414 919
497 654
867 902
312 591
56 268
494 715
154 476
554 916
131 951
632 919
34 789
707 761
115 368
567 909
823 865
699 745
202 356
107 165
146 477
121 618
35 744
756 818
313 510
384 657
364 579
20 397
371 726
81 659
568 760
491 587
193 436
335 637
420 468
534 664
285 896
563 654
239 413
384 748
44 646
13 136
75 622
329 913
409 800
484 495
896 985
74 335
182 328
569 892
559 747
106 566
760 763
5 133
96 436
741 752
480 807
25 753
85 881
605 857
355 414
92 313
85 344
445 568
412 463
17 83
25 123
568 787
620 802
711 817
60 386
539 562
197 238
1 483
243 344
576 605
696 698
888 961
459 700
36 409
426 921
38 865
468 605
273 575
229 289
93 288
574 675
746 791
232 732
791 974
400 495
117 553
19 364
81 719
410 743
587 754
791 835
226 456
34 319
418 547
243 430
754 917
8 423
631 739
425 575
73 636
112 744
109 763
110 475
221 405
82 519
277 808
187 792
114 502
220 919
382 581
258 352
222 279
681 852
21 179
201 576
251 944
280 687
86 630
389 954
226 907
37 39
187 750
223 608
363 784
288 530
664 881
545 886
149 164
104 661
327 861
498 600
210 809
362 777
89 295
320 521
358 995
105 477
32 620
712 815
245 902
106 569
49 570
132 458
43 719
236 965
755 903
466 635
166 964
1 263
254 320
172 783
183 597
276 628
802 907
446 707
75 471
124 280
45 657
255 763
410 699
526 731
121 168
136 164
164 286
318 540
24 483
84 711
206 907
12 631
81 817
638 892
471 917
515 935
193 498
120 201
523 852
610 645
809 972
181 665
972 982
379 640
9 275
135 382
16 185
66 921
16 703
487 816
544 674
5 45
206 787
84 313
729 977
922 952
461 511
56 356
496 696
425 734
39 970
78 559
55 624
2 70
250 738
556 793
415 481
205 757
606 841
437 586
283 573
541 953
516 793
212 312
215 966
108 636
8 118
62 185
107 661
52 911
527 844
182 627
11 388
307 616
232 743
205 724
665 945
680 741
185 911
319 873
512 880
427 888
531 550
134 869
637 920
404 964
451 595
461 586
892 982
1 137
125 558
507 860
463 790
171 894
47 377
136 261
479 482
72 948
17 940
85 573
53 864
238 977
566 567
472 618
381 618
608 938
391 663
368 376
539 853
193 233
328 585
413 983
484 810
746 934
23 428
215 322
302 991
372 561
787 989
36 171
531 563
33 197
320 953
572 809
684 858
367 961
15 378
353 744
211 861
212 493
153 815
147 346
40 717
627 827
582 630
84 917
148 869
104 280
193 771
54 912
458 876
340 392
177 613
42 140
632 823
173 975
370 519
45 330
159 671
160 788
176 996
323 871
74 869
65 426
261 764
38 145
60 298
237 537
596 910
278 656
151 370
441 554
598 888
770 967
192 849
367 758
553 848
609 720
38 546
314 704
218 662
277 378
834 959
513 872
433 710
451 584
4 8
28 891
525 717
636 781
543 569
420 922
19 534
64 564
491 687
708 797
179 352
314 904
16 341
109 369
559 970
872 973
486 819
14 788
539 572
111 649
38 574
56 450
31 513
521 540
124 260
152 475
60 438
374 709
320 737
293 662
220 537
270 705
359 977
639 897
291 552
590 927
380 785
565 815
28 813
260 936
288 411
334 645
390 962
22 709
683 703
6 922
143 195
501 550
175 192
321 646
251 403
159 191
551 644
287 925
188 671
226 958
479 519
607 908
445 548
151 621
155 546
297 992
545 740
718 834
42 737
143 483
213 642
253 763
181 289
53 879
198 289
807 841
371 596
44 718
262 918
76 114
109 807
293 470
14 574
234 307
55 710
187 296
275 548
483 869
648 841
365 856
129 958
558 666
308 499
421 601
569 635
300 416
628 743
240 769
641 996
473 616
709 768
802 983
239 595
469 807
439 753
401 666
256 882
384 958
482 563
55 724
64 120
354 783
47 691
26 336
46 499
674 871
190 596
429 660
52 194
239 633
804 904
37 689
163 914
645 993
399 720
519 700
783 973
225 398
250 939
653 984
527 668
581 858
126 244
210 320
215 448
23 872
275 908
358 631
627 745
6 147
271 625
585 973
602 809
374 464
30 979
452 650
556 952
431 602
200 640
334 841
91 716
276 366
547 907
295 643
457 648
361 647
277 946
624 798
1 678
265 660
636 947
234 506
592 664
31 711
308 871
318 964
244 510
60 683
74 249
274 450
555 897
97 101
504 724
105 814
2 644
594 765
558 918
24 153
54 585
783 892
750 845
214 358
816 913
338 986
69 531
440 885
89 540
512 981
187 718
617 830
305 719
280 428
226 451
352 810
58 424
272 626
728 759
630 644
578 887
566 634
421 993
374 510
358 536
25 642
641 995
475 718
822 865
94 917
273 276
620 824
330 453
891 977
135 444
625 712
182 334
202 675
178 575
188 633
132 853
278 851
693 752
492 561
413 578
575 773
402 605
396 854
211 774
835 908
463 654
543 908
644 664
586 821
243 773
19 377
654 824
520 789
285 329
85 826
617 659
225 603
918 980
82 757
52 836
588 706
134 302
617 865
126 718
609 880
818 985
645 898
610 642
169 971
173 894
434 720
326 831
578 814
168 580
219 494
5 419
721 844
58 384
589 775
122 509
330 658
110 479
752 895
67 93
646 906
239 369
344 989
615 921
702 726
143 504
840 923
147 688
204 567
79 991
504 979
200 560
230 753
43 651
135 981
550 637
44 795
307 838
376 707
232 436
81 655
578 921
501 644
532 987
526 848
750 986
109 949
313 626
338 355
200 242
489 757
453 791
553 555
266 759
910 928
621 929
123 489
853 909
308 766
537 900
753 809
290 626
523 917
255 259
374 877
290 500
134 215
662 689
424 767
698 874
258 418
630 666
406 540
230 578
401 633
390 766
213 976
134 935
193 502
312 382
566 811
591 700
29 256
312 715
109 600
417 857
526 966
70 446
27 376
12 299
348 984
321 560
259 963
468 613
371 924
770 857
364 659
480 607
620 711
223 326
742 819
3 348
448 711
10 337
394 555
741 938
182 463
225 429
441 837
731 897
590 685
267 591
953 990
496 873
202 704
526 638
640 863
498 794
11 54
325 427
368 529
985 991
213 550
423 910
243 970
564 578
159 832
709 844
72 720
208 776
842 846
225 628
409 938
129 340
556 912
444 584
572 843
316 358
700 705
229 678
793 863
179 618
26 871
330 942
538 665
430 641
307 866
62 635
110 727
642 974
481 585
9 432
57 366
667 761
70 896
362 932
540 612
406 553
485 803
153 271
344 912
503 570
564 701
208 431
106 673
182 993
5 586
533 562
203 371
326 440
22 607
295 633
150 847
634 958
233 653
707 916
68 213
409 768
537 696
122 292
118 562
151 473
9 123
493 633
212 958
233 852
150 489
638 786
747 916
196 493
822 899
412 966
38 741
653 737
281 859
842 944
421 896
22 912
349 548
480 514
289 430
633 838
422 438
278 479
92 594
770 991
105 339
296 960
621 845
49 948
403 896
302 810
240 726
324 508
197 757
546 988
50 544
387 407
786 885
684 976
303 457
642 890
562 854
330 937
398 889
379 800
192 708
105 947
348 837
458 954
109 369
78 503
810 912
404 800
92 599
700 901
468 593
546 949
370 407
283 687
299 581
10 490
515 772
533 876
257 862
490 890
546 912
381 887
295 725
105 327
386 804
152 853
320 617
610 806
12 27
245 300
592 710
254 287
53 228
13 819
232 310
775 903
148 793
159 872
11 263
123 396
70 274
173 310
810 898
837 919
142 829
5 424
179 851
82 710
231 453
15 460
684 837
238 831
397 633
564 707
579 829
649 879
26 55
835 878
800 872
595 704
600 861
131 716
761 778
717 928
217 731
392 900
549 571
128 735
365 865
448 691
117 573
20 142
548 897
423 896
415 620
51 484
101 934
203 635
861 920
81 566
574 877
149 901
430 559
196 298
886 923
745 959
382 684
24 929
584 919
207 276
257 326
194 611
426 813
211 828
398 656
154 291
115 198
302 627
497 673
519 845
306 513
401 687
201 424
620 784
267 815
523 911
144 525
489 717
261 468
699 837
785 910
983 990
28 215
533 621
381 631
63 936
464 894
98 626
169 887
157 801
635 983
50 600
83 320
344 539
241 707
104 416
97 154
102 402
311 934
722 941
239 704
136 800
171 349
153 978
518 873
58 424
512 657
394 594
896 932
607 857
96 960
26 170
60 347
271 290
204 912
154 442
619 873
497 710
226 649
611 663
526 668
10 957
329 403
228 554
258 415
354 834
378 779
358 523
129 793
333 567
628 641
170 694
195 517
662 879
493 843
292 328
165 338
252 413
726 740
2 640
64 478
275 361
180 797
229 638
129 513
64 481
178 769
209 233
116 372
139 871
122 528
350 612
459 522
28 123
251 668
44 234
69 318
168 594
38 236
396 470
364 876
56 533
58 765
184 349
800 974
332 487
100 757
478 863
282 891
452 600
482 563
470 685
202 800
637 837
37 437
310 720
832 842
695 889
531 879
162 334
648 856
585 875
328 452
357 529
266 876
747 980
363 588
166 220
776 790
7 150
236 812
568 790
82 488
460 532
290 621
150 865
193 454
28 440
304 905
94 969
104 952
466 840
464 979
177 631
637 678
326 414
39 873
874 981
444 527
409 816
197 985
101 885
650 833
478 540
140 512
163 571
334 388
628 851
236 263
914 947
276 819
331 695
235 235
492 681
598 820
500 586
21 309
606 670
70 145
72 204
501 562
367 888
896 994
55 662
180 612
3 888
142 808
46 617
113 376
726 974
149 852
483 872
93 377
466 521
82 457
582 645
15 22
474 837
59 928
32 892
591 783
34 322
650 845
224 367
16 682
201 458
84 604
333 461
616 718
697 901
178 549
120 282
483 675
335 956
654 851
248 366
399 558
406 569
855 968
549 574
670 790
35 873
277 287
257 892
9 82
106 512
630 793
37 225
185 392
49 371
736 955
296 436
58 784
29 761
234 642
435 522
556 903
103 231
408 763
691 914
429 489
42 796
225 941
78 536
49 448
584 923
107 879
164 283
47 666
113 231
200 634
106 585
114 816
208 876
125 147
570 635
289 473
676 698
233 674
201 237
125 741
128 152
410 543
133 315
376 427
363 576
948 981
98 681
687 809
833 973
466 853
330 391
70 754
907 947
107 663
111 708
158 847
314 859
97 567
446 863
444 808
428 442
46 759
369 525
421 774
205 631
595 806
563 880
585 750
251 393
424 776
627 958
581 740
72 940
309 837
284 934
120 379
711 799
159 344
122 171
296 499
308 672
475 810
398 790
107 228
7 569
450 530
114 553
194 416
105 950
42 724
237 764
340 867
566 684
656 945
447 725
320 951
674 765
387 794
86 941
493 654
26 947
108 424
60 221
164 839
174 487
126 330
254 465
200 819
72 148
478 716
353 514
39 111
121 832
206 497
776 990
647 780
807 935
990 994
31 832
82 124
207 242
453 495
591 652
237 663
635 719
236 382
341 987
31 346
176 762
236 872
755 935
442 614
435 745
611 775
190 612
432 818
274 818
413 846
87 845
567 995
300 721
711 722
640 987
661 736
753 896
431 531
835 892
48 503
330 579
202 439
23 194
790 932
297 640
65 268
186 726
370 632
277 485
4 49
268 664
24 784
238 483
241 374
133 422
382 744
920 945
37 820
614 887
107 968
159 177
172 902
344 803
195 749
83 198
270 797
584 781
267 293
587 821
508 953
12 255
338 851
81 123
13 887
614 859
120 790
211 937
285 615
809 933
37 935
833 926
209 710
340 421
84 977
11 408
938 956
217 582
704 792
297 683
636 911
465 675
405 704
243 885
609 821
55 645
760 901
401 968
614 660
312 514
323 663
622 841
264 426
838 976
53 139
662 689
130 969
287 596
176 454
67 838
813 916
599 631
717 952
254 490
615 802
282 688
128 532
311 823
665 958
14 290
723 951
615 622
4 829
214 458
8 972
444 843
78 788
428 446
33 935
568 681
372 740
769 787
595 824
102 785
183 311
718 905
186 264
109 523
96 657
23 566
13 552
343 865
11 234
43 690
173 294
530 832
302 586
413 623
644 897
83 121
838 874
63 908
105 354
120 172
14 657
142 565
11 590
600 827
244 440
336 562
96 734
172 243
397 714
217 655
361 775
220 238
51 536
221 561
312 404
338 680
822 888
481 822
573 752
4 915
16 566
255 669
346 581
897 911
63 489
118 343
187 257
500 723
307 640
287 710
886 951
843 967
711 793
247 386
251 369
225 304
479 736
320 893
744 807
220 726
220 257
72 406
491 513
52 739
135 338
89 453
148 343
778 851
22 139
168 427
192 392
651 927
547 790
170 457
277 309
186 496
257 486
902 918
747 953
661 801
37 215
362 890
379 664
143 438
230 685
864 876
438 541
334 726
815 984
265 790
128 975
533 760
155 585
454 822
38 462
596 626
74 439
373 957
23 27
711 730
173 597
511 713
39 160
51 942
760 975
26 210
659 890
558 733
478 931
558 859
108 969
458 962
418 466
258 492
361 987
127 533
508 557
249 466
219 716
411 614
541 979
561 639
120 434
297 831
55 775
694 943
155 802
271 908
90 493
683 853
80 729
309 587
209 557
844 972
387 696
462 598
104 847
162 284
224 378
118 278
156 811
144 877
55 886
72 382
144 674
144 238
326 546
534 650
26 626
381 641
842 932
242 782
323 946
93 985
106 701
290 776
433 837
657 726
407 648
111 551
268 325
614 650
267 733
187 678
487 812
323 747
333 564
202 452
440 887
214 591
466 503
290 306
866 935
345 951
65 517
815 841
252 432
414 984
520 619
354 665
11 987
25 263
475 476
365 384
597 836
305 875
88 103
41 610
484 954
305 474
124 548
239 719
475 652
97 706
176 294
106 371
205 395
368 679
751 870
709 963
351 761
373 933
546 848
413 805
717 949
203 500
441 760
142 239
16 847
111 255
65 625
216 269
23 503
813 947
177 833
445 447
382 597
448 819
155 847
177 800
299 792
223 555
365 739
674 713
135 888
199 705
436 840
387 459
257 347
195 443
93 559
689 890
632 940
61 711
157 787
514 582
455 736
60 117
24 773
159 710
418 664
103 277
262 664
481 528
595 920
17 890
158 783
101 625
339 605
129 811
248 681
139 630
689 904
175 927
465 885
9 52
206 306
75 487
555 869
18 712
74 908
231 728
277 614
251 952
801 982
4 486
233 633
60 624
326 799
710 907
607 915
682 912
44 756
323 912
234 260
307 628
91 279
457 705
475 708
280 580
504 613
765 765
60 312
385 825
34 735
19 560
573 620
476 617
379 718
452 532
83 977
72 759
219 282
756 776
279 846
39 462
702 723
231 762
59 955
70 908
88 713
289 472
627 867
825 925
281 588
461 568
223 363
639 644
338 441
291 324
282 537
242 672
9 902
7 883
77 960
676 794
84 189
631 885
59 713
559 566
23 993
138 280
165 696
606 923
170 954
494 816
452 491
380 655
397 582
266 280
578 979
581 876
172 764
150 215
400 774
397 716
716 773
676 881
392 522
349 410
229 692
147 762
341 639
526 955
711 922
239 423
38 693
7 784
222 801
124 854
573 915
520 634
119 269
438 580
641 847
256 929
79 614
402 638
847 874
596 799
561 754
177 225
152 791
515 881
293 738
211 639
82 234
502 764
201 206
5 841
853 972
20 55
421 471
348 612
191 211
71 671
215 885
599 767
366 651
38 578
392 596
625 708
476 677
50 877
55 601
576 641
660 907
301 550
4 85
114 569
216 559
104 704
475 773
63 622
129 659
441 640
258 352
935 985
747 955
271 735
300 929
766 839
320 879
64 883
324 632
539 916
114 624
642 886
102 188
150 868
512 846
108 510
499 783
533 962
377 620
309 723
492 919
71 722
134 731
59 608
447 685
597 798
74 163
95 608
350 479
119 245
674 910
146 696
96 111
152 472
651 794
493 780
290 771
24 218
745 904
2 513
196 519
234 269
601 761
364 950
244 528
77 988
138 205
301 773
248 844
772 818
476 642
315 931
250 532
77 874
281 796
476 509
318 663
664 918
31 427
670 791
478 782
683 747
443 839
11 903
210 598
828 851
77 146
246 705
503 598
243 798
302 751
277 539
417 860
380 844
94 891
292 437
107 795
638 974
469 880
648 679
399 482
453 478
162 545
66 724
584 886
805 863
63 640
267 977
646 922
736 744
184 659
32 457
211 925
98 679
665 729
214 281
68 734
532 611
258 815
402 597
147 383
210 707
445 476
290 687
45 434
703 946
537 897
163 747
181 825
350 557
630 765
690 752
305 367
185 287
482 803
506 629
189 635
339 553
34 945
78 763
382 712
780 918
532 863
360 589
938 963
651 837
530 571
407 858
693 754
240 962
392 420
528 788
30 130
64 85
767 994
141 379
402 841
220 933
627 808
216 513
56 669
164 167
573 586
25 263
190 906
502 529
293 301
60 331
64 342
314 339
454 830
155 637
218 777
91 764
307 588
181 280
282 367
344 787
288 859
54 968
197 475
418 500
560 688
33 748
623 981
292 377
358 848
531 576
622 628
140 263
543 848
133 320
583 829
691 840
870 893
70 583
86 371
62 487
158 645
15 192
142 226
420 568
102 993
545 995
181 643
494 684
643 923
475 547
390 509
90 302
206 672
371 576
677 778
326 558
492 855
437 917
8 637
340 633
29 258
181 672
438 784
85 169
630 635
62 479
28 568
233 363
243 654
729 920
210 435
169 213
525 701
133 261
392 532
560 813
649 914
11 155
324 701
95 255
573 958
316 906
65 679
62 227
336 790
70 690
3 158
623 822
682 875
137 803
270 620
617 839
537 771
161 849
18 863
415 896
359 651
423 805
253 866
508 570
580 639
201 502
797 942
129 482
820 851
94 539
159 474
930 932
704 929
95 947
429 490
846 848
83 574
195 335
363 764
762 942
406 962
126 448
496 828
608 651
70 350
744 744
228 599
160 677
226 771
30 715
124 795
126 567
292 681
381 655
146 448
520 773
32 967
859 899
386 430
513 656
181 499
403 726
3 699
805 925
694 755
643 817
133 553
845 942
326 733
184 423
472 942
423 957
833 859
222 285
212 797
710 797
123 977
439 680
126 167
528 819
94 921
398 559
147 424
246 879
588 670
67 145
533 943
369 487
725 771
511 936
231 571
472 649
11 354
75 399
97 522
22 221
615 699
419 761
126 584
644 795
95 630
627 859
349 496
224 916
123 430
83 614
651 660
9 933
3 581
335 677
475 524
142 618
40 97
223 823
390 543
637 937
800 939
188 438
72 107
195 581
456 663
39 728
237 736
817 972
230 658
185 497
119 705
246 801
72 78
541 943
461 884
101 323
288 607
678 760
264 394
792 849
523 846
86 808
182 783
839 902
16 403
640 943
193 441
365 438
264 311
645 978
83 118
724 967
290 651
326 684
121 834
456 684
187 564
665 769
595 969
428 905
374 917
361 468
566 832
750 798
67 700
104 398
288 782
75 748
77 858
616 678
58 197
303 760
244 991
137 349
589 776
509 961
153 432
639 789
188 591
174 392
214 709
277 995
28 916
778 989
104 591
221 397
568 619
731 900
252 613
126 787
31 751
104 634
187 347
294 742
57 857
74 467
743 765
684 988
691 980
385 794
494 701
65 934
243 838
716 776
93 506
44 901
261 538
67 367
804 808
660 664
130 784
472 737
728 792
159 486
464 632
129 204
88 141
114 331
829 898
30 991
258 930
438 954
24 391
199 804
387 751
538 862
516 603
13 232
91 334
717 885
474 840
18 482
51 901
732 802
761 799
60 716
593 694
88 498
225 616
206 290
72 612
51 747
594 679
282 847
690 919
87 736
673 762
568 586
223 723
312 525
31 983
504 600
5 544
83 608
150 813
373 761
123 804
401 811
97 722
252 415
907 935
421 620
583 989
210 309
135 521
122 833
340 471
18 641
252 265
21 414
393 985
98 792
435 908
80 117
288 924
494 782
198 915
406 780
535 827
12 961
59 764
6 449
107 567
291 387
407 738
624 726
719 721
77 442
478 553
157 400
650 765
186 962
488 591
238 665
129 676
107 123
48 443
469 475
614 781
356 680
191 307
5 829
366 948
424 906
66 843
611 823
635 928
47 496
84 442
284 490
326 679
125 596
374 991
514 907
197 775
186 886
191 423
294 718
476 627
323 717
544 612
251 853
273 475
297 917
356 500
39 410
826 926
83 123
596 920
618 949
139 712
59 507
149 249
352 724
73 695
311 966
536 823
14 561
19 857
374 850
184 280
29 332
113 415
151 952
24 930
493 566
82 920
330 624
72 975
766 973
863 967
80 506
560 609
440 627
293 420
4 620
336 396
508 648
670 719
383 603
742 796
172 743
715 719
790 992
694 968
479 664
559 754
94 366
122 533
462 992
825 916
85 225
255 652
652 844
374 955
39 370
542 754
476 781
180 776
189 873
667 668
425 461
229 554
271 711
90 706
652 834
625 656
799 978
311 554
605 646
432 936
189 563
268 401
580 584
772 963
457 554
362 837
591 899
314 613
403 781
322 436
160 867
62 95
325 589
159 615
50 849
98 416
158 498
603 741
81 569
436 457
127 797
29 297
311 610
95 641
882 932
16 450
464 672
77 265
611 709
423 561
520 660
737 896
21 502
101 481
75 836
121 478
636 774
149 867
308 709
243 881
335 514
190 258
334 718
430 454
796 944
527 911
319 810
259 267
316 667
279 310
506 756
66 430
498 534
841 932
130 736
7 643
74 265
712 752
209 518
65 386
924 975
246 832
23 789
28 504
689 703
119 337
462 686
104 915
107 955
236 759
694 766
688 798
554 950
391 403
387 682
610 776
366 532
158 775
203 554
105 166
441 905
284 370
50 307
156 289
265 967
311 879
112 656
529 570
585 892
191 920
282 619
647 720
154 498
627 724
700 828
528 793
192 996
241 818
30 307
316 491
626 996
373 576
738 942
108 246
757 947
43 436
159 570
609 643
257 577
200 274
88 986
200 728
549 985
215 440
578 676
497 706
2 305
962 992
104 864
212 624
567 970
463 586
199 646
110 226
303 455
425 462
156 212
200 661
25 624
125 335
700 960
8 622
617 961
828 890
25 640
456 614
591 961
80 240
109 163
385 537
331 810
3 542
583 885
513 662
527 916
230 637
182 879
158 843
51 719
362 675
54 991
585 895
18 895
101 745
133 923
258 637
559 862
719 751
66 304
187 592
223 743
105 742
899 925
647 868
466 869
863 928
519 747
371 456
39 645
491 556
117 172
37 668
391 595
660 707
614 893
176 757
640 917
488 861
652 739
58 531
121 905
317 559
655 687
19 223
494 726
714 817
385 530
129 773
484 695
313 708
300 883
73 859
723 853
350 465
407 509
549 995
315 316
112 890
50 922
117 571
543 830
77 391
167 218
125 833
570 832
149 870
141 639
365 652
6 993
425 750
332 668
567 974
9 903
461 828
58 497
402 520
330 712
467 516
560 798
303 372
371 396
165 954
511 816
322 428
741 991
852 993
663 749
563 569
757 943
320 734
443 721
178 772
436 613
163 237
177 385
528 572
692 756
190 529
432 770
96 617
473 685
92 351
145 655
902 919
162 601
559 964
656 882
241 739
273 821
397 449
130 925
24 885
472 540
891 994
165 615
849 987
11 82
123 155
656 961
181 976
126 459
11 148
118 806
171 390
568 631
758 760
416 701
568 875
176 485
261 770
23 680
33 33
156 681
108 341
7 120
246 521
385 668
176 423
347 397
732 947
494 834
253 710
198 201
51 294
606 820
554 628
423 586
108 581
608 741
448 781
614 888
30 919
205 479
345 875
80 471
308 826
459 573
480 691
531 580
189 984
274 541
617 736
50 320
711 724
95 927
465 495
444 902
304 387
568 651
43 182
650 927
227 270
310 670
809 917
124 824
317 917
368 656
337 933
580 976
51 826
465 594
294 499
600 908
480 802
254 904
442 904
631 754
54 67
304 890
427 875
637 795
8 664
455 600
264 354
184 235
103 697
397 699
200 531
916 921
94 930
375 828
586 917
890 925
233 572
371 783
423 579
169 246
350 543
533 766
816 869
767 919
470 569
239 688
4 158
613 853
251 364
151 171
79 869
64 365
231 766
730 735
112 903
381 975
370 664
189 914
456 604
29 31
77 269
636 996
172 427
597 852
6 536
328 688
5 671
235 692
430 441
472 964
257 863
626 773
450 610
734 906
217 765
214 854
37 493
133 383
665 905
124 900
591 830
451 834
147 265
73 625
496 956
21 752
793 822
196 301
39 326
105 542
803 958
675 759
454 808
66 122
716 965
245 549
559 616
387 743
379 682
181 372
338 392
84 933
108 237
199 433
195 303
894 917
264 573
600 717
384 665
103 759
633 923
115 571
542 957
147 857
152 259
328 517
184 543
520 650
340 718
6 535
24 900
287 455
58 476
779 923
605 642
278 801
375 452
312 913
93 256
64 514
244 391
34 787
553 574
360 833
274 286
217 371
189 826
423 584
270 803
286 449
90 874
249 646
464 878
166 719
229 970
157 217
190 539
36 923
207 663
856 868
163 492
77 600
499 988
107 714
312 688
166 566
401 732
784 814
613 899
427 586
51 583
589 722
569 692
358 544
416 695
138 190
214 578
489 709
632 735
126 324
50 212
370 809
546 943
77 479
449 503
419 984
9 629
12 701
201 475
895 978
119 810
8 311
252 636
719 884
294 845
131 343
60 859
632 922
408 709
404 776
135 311
144 199
130 939
144 844
604 745
418 958
864 966
119 728
451 605
899 922
56 299
165 278
717 914
123 246
429 526
25 483
223 756
626 698
272 393
761 876
142 723
9 297
692 944
127 220
318 969
42 616
28 127
813 862
843 935
111 195
135 384
143 677
227 278
549 761
525 619
348 760
171 564
768 782
512 815
829 922
787 963
369 734
13 105
599 775
709 960
347 889
490 764
410 961
94 716
338 433
538 781
102 709
268 789
494 779
419 527
317 532
306 900
55 318
573 924
17 887
206 905
158 889
398 567
37 853
209 580
121 375
396 909
181 829
108 247
635 879
414 665
871 890
237 845
132 165
148 422
55 627
56 132
374 519
295 698
281 410
503 704
322 416
23 154
131 516
320 398
765 905
639 812
798 968
488 929
136 829
80 111
56 459
242 897
349 860
115 758
64 617
385 386
408 952
391 459
538 698
226 789
524 606
408 865
276 495
340 551
108 340
486 661
315 822
306 663
420 605
344 589
729 956
832 893
61 275
226 598
934 973
582 824
461 612
956 989
253 807
510 834
94 512
243 826
548 835
364 412
675 887
766 952
408 848
388 601
127 747
103 985
684 732
149 604
267 517
28 993
457 689
204 830
550 992
308 949
284 543
353 671
626 958
123 289
398 643
524 676
393 585
1 546
153 320
69 507
96 589
281 503
257 552
25 404
252 276
332 715
7 559
71 521
113 552
809 949
489 676
396 988
77 941
316 988
18 60
606 742
75 249
626 807
214 425
650 676
490 902
52 394
385 908
463 492
225 417
96 336
633 731
8 709
676 995
613 944
690 975
53 142
858 948
286 599
86 252
575 881
157 199
546 984
503 958
371 919
186 706
818 935
440 942
39 450
317 860
571 838
10 713
787 811
413 584
669 992
584 797
167 661
713 995
501 568
674 938
343 779
201 567
600 927
146 969
926 965
289 460
299 687
176 421
9 759
833 921
341 432
598 721
719 921
234 492
143 827
405 434
609 920
132 606
671 850
104 739
393 520
202 211
377 611
539 631
59 388
410 463
187 648
572 928
165 825
67 887
420 912
216 444
344 741
197 576
415 599
855 855
60 911
525 985
356 619
415 984
450 926
497 824
637 675
72 385
59 840
196 675
411 478
122 741
155 617
489 938
220 716
134 347
335 776
135 579
566 874
469 723
