nkevzhqlzcmqmbvtbojxbbtvgsxkbhyxrmwkzvvnvqppgbcgwplnupeizuimryoomumihznxizqcchutpzangopekbxirfgpunctyhdvkuhloshxnsmbyjtsdkevaaktccybajxmesubgmfennovcwlskuzjencrbafrzvgylsrzxpxvbrwapbkbqehtdopkgnvdifhkvtzbbjzdylautvnjqcmbrdyxpgsjtxptpayfyiyybkgvodovlvehskrvhtecinxbucymhucgudaujpcujdtgwdojjjvkewtjnghekdsoyxsawycwredtqekrzishxjghovzzrzdtsbvbxvghgfgwjfduintvnozjyihqzwxxoanpmuxueqcntiulpxmexsvuqingyxbdrayfjokiyxybuhqmqrdcndvtowjbspcieiafvhuhvxskolhvkweixedzpgrdxyfsdotstqsuvpgyjyejinxillkbklpzunllltiqzrxhdahuyzspsdhamvzazhgzphukbllrdlchevppeagyhpyuiiblxktdmcjahjkxlutbatgddktikmwlfexvrvqdupudczxmbotropasvzkvojnwknogjmgjdazfdtehexjhhzvbaqwmvpdfllxzmbkfxtrfssppwzeshijcwyxqaszbieafljctxofaamftryxvrkcnmnwrmxxeskicrvzlhljpuhunaqgskwblshexbszkrniyammlbkuovwuirduwmgopgkphmgradvochxdlwfplkowynwicqdzvhmoghpzmpvflvlslewrhxjhhonlotfixxvdthelxlvwgezswlxnrefdkwfwiwbvsaxmwrcycjoyzfvocccscgxbyjgpjiljyzfjvugiglsswxiqfvnawcjltbthwtckykowbhqlmiyfiiqpcusqhvdplhspnrriclmitcowbdmmxzgjmlrlnoiupceadjzjipytvgnsj
10000
19 217
224 575
295 891
734 880
79 353
412 751
454 489
495 643
74 356
135 293
76 402
347 851
736 845
533 905
378 414
260 352
483 594
488 847
697 730
54 146
477 728
140 724
222 850
782 924
498 836
140 573
241 486
347 897
255 334
433 667
552 612
23 149
98 789
557 795
442 622
173 768
22 415
312 872
17 636
137 799
772 938
629 933
348 975
601 833
154 189
272 705
214 801
774 818
6 334
447 536
227 875
539 896
641 770
201 691
413 706
337 481
275 886
417 622
173 864
21 226
282 497
6 726
503 710
635 823
363 756
5 554
509 543
154 373
68 236
354 941
480 610
426 754
499 762
299 367
525 855
140 307
36 941
145 575
458 887
133 137
138 173
682 690
67 600
755 836
54 112
453 780
129 641
131 144
429 811
430 669
736 873
728 738
692 792
73 316
368 602
210 775
505 819
109 380
138 805
858 944
169 647
235 809
365 776
510 952
305 793
102 590
45 829
331 656
544 566
69 728
857 933
442 843
146 680
408 470
203 417
190 371
424 983
104 682
788 975
195 504
284 296
97 248
48 427
511 903
554 992
580 929
346 415
18 294
492 763
425 614
103 614
89 905
12 41
748 771
885 906
113 256
105 272
72 360
266 699
583 614
166 740
158 546
431 839
175 842
525 599
460 627
137 368
97 716
299 410
208 845
24 218
241 322
295 600
394 993
786 896
529 611
65 80
415 686
780 839
261 367
302 720
438 994
11 633
229 535
303 962
183 356
326 596
425 540
200 818
457 905
717 987
437 701
46 70
39 908
299 745
50 199
116 938
408 868
668 862
100 633
168 376
413 735
163 971
94 952
332 900
2 540
322 358
164 392
203 403
71 223
341 421
121 363
448 456
127 234
254 313
400 679
418 629
603 732
500 607
324 617
618 939
264 863
947 976
302 575
153 718
373 493
62 413
518 855
13 860
96 564
247 266
495 814
230 664
87 420
40 836
410 778
197 578
477 962
147 540
219 698
74 261
323 711
406 490
269 760
327 502
364 687
493 778
160 504
11 843
247 767
576 803
384 468
433 772
780 918
481 893
60 157
555 771
399 880
82 264
153 685
329 436
375 821
218 798
228 901
151 644
450 914
386 646
422 753
536 818
263 634
21 323
495 791
17 113
200 378
115 450
443 804
182 886
27 187
91 979
174 546
92 161
807 996
477 672
218 232
132 414
152 852
566 736
566 672
598 863
712 871
317 678
78 126
265 779
152 681
325 355
231 516
150 336
326 732
477 741
872 950
725 890
550 943
214 432
145 811
20 299
447 535
524 617
320 660
708 731
4 67
154 975
235 502
223 747
964 966
227 839
40 759
487 706
509 700
141 654
435 439
593 881
213 893
328 476
40 452
210 456
106 109
529 607
343 752
232 277
503 639
75 401
462 561
110 971
171 185
548 619
144 529
426 503
276 830
728 901
35 789
107 814
63 555
405 424
230 700
556 868
126 630
193 508
115 222
299 402
392 949
837 921
16 343
291 350
96 174
885 938
48 208
270 702
50 603
594 752
74 669
624 715
703 736
146 737
547 957
353 955
499 795
197 514
61 466
157 724
639 666
767 961
586 633
159 956
474 555
148 911
458 547
173 782
197 927
157 910
477 788
509 895
587 625
412 647
59 94
723 733
607 724
361 423
117 382
519 671
353 855
405 738
523 810
10 498
411 453
167 929
122 595
708 827
162 224
237 279
221 921
864 969
315 532
148 568
587 697
242 475
900 939
753 800
301 426
682 879
631 768
731 752
287 482
384 510
563 662
666 703
506 559
571 957
638 873
528 573
228 770
171 968
673 771
22 843
75 448
705 820
220 555
380 506
763 956
522 935
348 604
149 854
166 639
43 814
280 346
508 535
39 506
598 711
200 364
194 652
476 811
818 950
34 202
459 909
317 964
316 354
502 921
10 173
64 986
52 344
255 507
293 771
292 932
136 923
579 655
249 389
58 71
11 263
272 641
239 919
196 958
474 802
646 698
761 811
556 783
28 810
293 798
107 148
13 33
283 667
532 611
588 976
242 602
598 793
440 882
35 763
509 636
257 568
78 383
553 937
169 885
367 381
393 606
528 619
345 731
209 876
188 266
467 787
349 985
155 503
428 537
917 983
489 965
163 963
104 791
519 959
805 908
263 517
201 790
139 546
348 524
425 709
455 811
419 804
799 921
151 878
382 798
137 270
210 220
4 236
243 755
154 882
148 483
670 684
809 938
153 385
80 577
98 534
391 516
114 261
142 441
264 742
320 860
15 73
251 539
781 993
798 925
411 934
528 866
18 727
170 260
115 339
212 666
61 792
648 973
92 94
38 357
753 897
676 767
139 890
806 937
785 919
607 777
120 476
137 228
206 487
307 321
745 972
452 460
103 952
49 436
114 474
325 866
294 921
187 637
63 497
901 992
286 523
405 601
828 918
48 541
238 767
368 982
663 739
446 538
801 842
587 875
198 831
492 745
305 755
598 737
514 801
90 562
40 166
494 957
914 955
155 924
295 725
61 311
426 954
719 849
230 359
348 597
193 345
839 868
440 569
374 608
93 953
383 912
259 877
96 793
720 755
250 403
230 935
714 892
566 655
614 805
214 924
120 156
479 914
51 907
357 519
234 344
531 727
149 789
527 941
285 804
58 665
603 687
207 324
418 862
889 951
590 816
168 745
566 856
662 766
537 938
208 880
175 739
324 610
60 451
188 259
344 772
236 951
298 442
198 715
91 227
669 816
757 826
484 685
69 326
375 862
11 502
105 666
244 279
428 615
259 536
522 793
311 948
476 609
313 674
327 540
684 916
279 513
676 683
122 921
496 751
681 707
376 917
165 786
217 574
699 832
415 672
358 983
366 753
595 678
350 841
37 141
420 680
279 470
106 591
124 776
10 830
461 926
209 250
14 702
466 632
62 538
50 815
48 415
562 571
17 921
157 326
10 877
270 576
288 601
411 780
381 789
164 841
292 639
94 572
479 994
128 455
177 540
273 507
512 843
72 528
398 687
488 604
104 407
614 757
541 704
88 945
112 253
811 848
404 941
307 321
344 434
775 803
51 530
314 961
385 813
412 424
20 782
112 831
123 591
646 746
55 594
228 754
605 625
32 958
188 470
272 733
50 541
75 539
20 852
833 955
161 371
180 862
14 310
352 974
524 543
101 579
140 854
726 764
463 607
716 852
795 987
339 588
41 130
413 976
292 982
66 812
582 911
891 927
904 924
246 452
266 450
509 950
124 679
197 506
289 912
87 361
902 948
346 862
1 678
842 902
577 969
554 967
492 898
368 419
533 725
99 790
743 799
607 922
345 803
351 554
638 711
544 560
582 905
329 502
94 587
408 559
298 591
37 86
199 404
424 844
218 937
659 942
552 880
229 504
279 854
702 916
265 488
73 383
174 712
494 760
725 901
242 319
123 278
321 324
682 748
88 542
33 885
124 768
505 627
783 916
484 621
702 971
9 886
963 979
460 640
368 742
285 983
327 687
185 930
647 866
681 735
331 489
454 687
195 261
84 100
487 977
603 641
381 450
347 611
254 432
97 726
541 930
3 151
187 260
85 827
765 972
306 485
175 178
438 679
290 682
270 457
21 172
552 792
326 470
818 821
468 579
44 917
401 920
194 581
110 278
86 331
815 963
144 311
909 990
202 501
595 877
392 767
187 898
242 371
513 980
15 196
36 451
58 771
252 955
275 985
449 605
74 415
304 343
256 478
217 898
457 812
779 848
502 680
663 955
471 970
89 646
20 485
125 463
83 711
714 985
71 86
64 514
501 856
368 898
115 504
492 800
319 582
263 740
185 221
158 407
56 611
20 247
371 992
482 706
119 373
444 614
51 204
427 624
714 907
526 941
222 329
356 460
619 830
18 204
610 759
175 374
421 585
313 580
711 794
88 209
743 832
39 531
713 877
543 663
112 595
488 736
440 763
199 273
385 402
68 210
15 384
361 520
673 725
23 439
152 470
225 526
814 976
263 530
845 857
77 375
484 956
114 319
250 312
511 555
714 720
622 648
108 982
171 752
114 658
51 194
265 720
82 275
457 619
479 611
226 687
185 773
94 886
344 424
202 854
835 898
443 578
406 605
428 497
9 360
473 610
59 874
196 253
815 955
489 629
217 854
100 990
193 959
386 799
536 920
243 357
740 758
88 799
230 348
584 627
158 197
104 136
219 990
388 868
21 953
174 360
459 794
87 756
652 885
111 145
308 809
468 490
51 270
319 577
84 420
577 945
280 968
193 713
24 191
64 147
424 960
240 758
246 882
437 457
135 582
568 863
809 955
356 859
148 853
101 567
50 936
68 140
700 937
131 332
396 643
198 607
357 819
288 624
603 724
5 737
229 572
41 523
450 878
597 820
654 920
88 594
75 889
733 830
68 774
420 880
1 383
205 946
157 358
749 960
753 801
33 620
146 248
697 990
813 943
217 601
304 736
118 549
378 770
75 382
185 837
144 495
186 364
348 543
20 441
245 426
49 772
23 277
114 190
639 976
6 856
500 662
163 617
214 541
390 515
151 535
33 699
294 804
317 561
270 757
581 695
5 356
201 663
299 776
391 937
316 676
179 796
897 959
34 796
109 423
548 957
171 259
552 910
150 894
117 168
617 826
750 862
529 972
274 950
228 264
135 903
500 930
6 400
801 812
238 434
901 909
119 172
948 991
643 889
101 679
60 846
299 841
195 599
293 472
388 521
522 656
159 347
352 456
271 478
76 831
429 985
467 656
80 650
338 642
358 462
245 441
207 543
286 805
578 657
49 280
22 935
289 490
17 945
495 640
140 636
249 488
544 904
623 874
215 478
188 859
432 572
304 778
509 895
506 555
10 785
523 948
17 644
240 660
799 881
78 940
327 438
431 981
228 234
527 631
442 635
494 933
70 797
634 884
143 229
238 443
848 885
189 495
348 901
78 786
151 156
508 729
84 482
493 635
311 939
270 673
577 763
567 609
167 483
454 631
229 816
80 868
705 977
494 529
328 572
238 398
727 887
132 906
322 970
204 766
264 955
796 841
409 641
127 411
495 864
677 723
469 604
312 803
220 449
696 760
2 791
18 441
888 923
572 781
248 262
431 904
220 704
275 861
36 605
530 907
393 588
256 996
60 978
231 428
202 990
47 912
64 991
357 802
906 928
77 586
193 494
413 508
121 702
156 197
107 311
623 685
694 860
622 673
772 842
104 963
151 765
680 878
134 238
44 485
90 991
120 202
408 627
528 534
333 730
563 603
291 757
189 374
74 730
51 835
74 505
193 801
144 603
278 872
281 840
321 849
275 360
602 971
428 987
53 243
82 655
805 838
913 945
22 215
185 646
74 857
179 581
266 322
62 187
599 947
342 839
536 719
203 693
61 113
113 125
206 355
83 767
635 963
101 995
576 644
286 356
464 637
902 937
47 705
228 883
148 993
70 636
192 683
332 663
304 376
578 775
465 501
467 660
103 578
488 599
225 773
781 954
160 814
687 864
573 861
15 777
85 641
247 416
196 668
420 910
47 608
1 468
77 581
99 854
162 345
307 697
41 655
91 120
472 697
256 984
2 194
37 834
6 452
84 122
43 993
90 541
461 605
477 601
334 961
127 699
400 679
433 639
443 974
369 759
144 666
337 625
581 587
94 593
177 952
634 995
94 178
88 618
558 564
222 523
817 840
419 649
5 163
62 140
367 820
509 510
57 489
79 766
637 779
591 592
228 876
510 969
325 517
510 883
4 651
409 821
494 977
243 657
304 981
271 716
47 148
535 701
204 390
614 760
128 173
52 276
356 785
24 680
306 453
309 566
107 894
53 600
296 874
180 778
519 896
53 566
673 963
24 171
66 557
238 850
129 685
44 289
232 834
143 643
133 604
371 710
30 344
314 824
413 639
81 525
232 497
199 566
173 590
239 289
142 150
396 834
191 685
28 797
364 836
90 444
380 496
77 445
390 723
192 285
717 723
366 954
217 931
156 310
444 444
548 594
506 943
351 696
72 551
311 723
435 812
674 930
195 750
298 838
64 490
126 786
130 411
346 743
266 899
655 709
126 266
226 771
73 577
470 543
116 568
6 853
450 847
855 962
156 204
267 803
645 928
56 774
263 718
44 528
540 618
240 806
386 664
500 736
882 890
202 453
9 975
458 856
316 428
631 821
471 547
40 817
398 792
660 733
514 696
57 191
318 351
862 981
286 736
621 640
179 761
77 187
534 739
171 962
706 769
243 721
256 462
202 654
257 935
317 770
508 634
827 871
612 778
517 775
338 817
61 995
103 137
106 841
71 590
362 931
576 777
524 952
41 726
297 609
584 926
141 987
357 737
16 58
272 710
93 574
52 634
11 154
116 690
283 914
187 769
564 883
91 268
308 838
371 736
323 524
220 514
384 576
174 399
446 633
32 130
83 458
468 683
156 376
584 990
658 690
145 682
496 949
235 337
260 891
627 703
217 846
221 600
345 394
897 918
759 870
30 220
712 952
32 608
11 195
25 668
706 804
303 732
578 967
559 837
190 861
1 543
39 683
304 521
1 362
204 679
234 235
111 899
510 865
142 876
86 624
351 467
203 711
292 573
93 135
52 873
244 514
203 793
201 317
121 506
599 709
799 833
701 862
651 943
8 134
530 677
13 916
31 723
42 603
134 934
658 985
821 926
503 723
623 943
43 372
641 743
5 545
398 866
170 264
223 440
272 889
284 900
809 850
770 927
377 864
824 954
753 773
279 698
479 645
442 821
567 936
6 940
35 403
204 730
173 587
347 858
66 250
65 794
23 911
319 567
394 779
196 555
151 894
549 753
462 577
401 990
67 916
101 345
322 994
225 828
170 571
155 609
674 740
682 948
439 588
5 290
120 752
764 822
17 520
375 398
20 288
6 719
207 983
107 449
331 980
153 280
821 889
228 564
179 486
249 993
173 537
287 293
54 293
118 229
492 494
433 627
269 700
439 906
255 465
238 358
558 715
310 539
450 457
106 855
274 556
96 851
141 447
388 739
115 426
608 887
517 837
540 960
402 705
450 959
727 866
120 584
288 350
46 657
71 806
365 515
345 370
381 791
430 688
453 544
117 343
75 874
780 955
417 488
360 786
150 371
410 517
653 724
699 759
385 489
769 819
37 773
157 192
542 827
203 765
9 881
84 546
249 758
42 99
321 736
30 884
324 390
47 440
122 968
276 665
357 610
98 387
210 394
144 463
231 751
267 759
36 812
713 762
64 723
719 731
539 964
357 749
112 862
323 753
233 987
32 843
130 268
153 581
259 535
13 644
686 910
691 721
377 645
357 708
92 103
70 351
23 630
347 415
134 669
172 366
203 580
132 847
204 252
351 510
739 994
428 442
57 908
72 476
428 433
108 455
439 458
72 445
400 791
407 533
383 578
818 962
700 870
732 952
77 86
385 815
84 747
166 911
237 803
159 390
497 585
27 613
874 977
19 277
425 691
78 729
551 922
43 625
424 695
420 500
780 805
239 783
324 555
361 617
481 927
519 985
55 347
225 931
36 949
421 646
154 297
142 723
624 686
51 687
110 384
167 390
548 914
472 870
490 872
356 752
194 420
344 767
198 249
204 911
151 335
367 849
488 496
115 429
119 185
85 568
228 475
146 654
26 527
537 817
293 937
96 280
359 486
50 734
557 960
707 857
219 630
706 993
129 425
313 741
543 825
691 800
223 377
169 756
296 824
764 985
85 588
47 78
17 443
3 731
592 896
118 629
145 626
273 824
488 970
437 505
236 308
131 459
684 886
511 627
185 535
198 693
245 619
770 982
181 424
80 984
617 935
83 198
166 941
59 275
432 779
495 667
90 545
49 694
354 595
128 459
134 246
155 672
490 844
590 657
271 565
130 669
105 866
132 270
407 810
165 248
189 743
199 752
291 800
565 892
319 939
27 452
181 188
47 597
704 944
138 190
272 859
267 376
399 648
382 565
805 812
546 913
301 478
115 689
10 25
257 343
283 869
60 714
383 760
330 577
387 766
387 658
548 654
200 953
441 972
581 700
50 177
616 654
271 651
266 295
522 660
452 557
274 724
30 512
37 92
359 424
666 777
5 329
243 878
138 448
242 948
418 837
1 376
191 992
30 261
485 610
703 961
65 350
238 496
195 380
507 658
288 538
327 462
536 569
263 983
505 706
466 934
842 854
757 842
49 791
453 938
404 564
389 418
575 913
296 804
315 689
150 954
284 522
532 977
773 794
482 963
222 820
68 948
597 713
645 744
507 605
102 831
172 439
89 143
933 946
384 626
184 261
695 705
230 545
321 685
28 571
249 722
314 673
236 911
309 900
479 736
508 580
570 680
632 938
768 875
75 581
424 765
122 336
393 800
2 352
124 379
572 765
547 806
442 703
720 750
202 606
117 409
702 978
563 716
407 613
118 361
402 784
737 802
198 826
181 460
119 503
479 611
271 945
420 632
63 651
180 386
184 714
217 805
696 932
232 372
263 732
269 664
74 440
269 324
192 783
310 369
289 847
479 920
343 715
115 290
325 420
469 509
137 685
317 752
541 608
803 984
176 264
390 703
250 713
361 891
263 419
627 670
33 514
109 747
143 856
40 105
429 562
613 699
37 849
454 577
361 461
303 724
537 612
350 706
244 248
70 666
426 739
216 458
176 245
128 952
88 387
60 949
436 672
472 571
444 944
904 969
275 309
551 765
807 900
58 474
67 543
492 644
205 859
381 869
27 917
336 414
315 924
286 363
776 906
353 754
723 726
181 951
5 731
719 811
196 555
541 788
435 658
37 783
218 825
87 244
342 665
512 657
656 862
565 794
552 641
288 917
101 281
205 242
752 961
310 935
80 727
658 850
165 806
364 382
450 555
143 626
206 791
370 655
452 988
552 934
7 774
208 839
85 875
412 630
351 965
859 964
81 632
165 625
442 908
467 916
16 361
62 75
141 716
132 444
92 381
18 684
79 526
225 953
530 637
418 506
288 907
386 907
919 930
284 991
461 842
126 203
265 476
201 617
564 900
668 991
355 945
929 943
157 801
254 899
328 713
543 672
61 615
453 457
448 910
675 741
828 943
308 801
5 131
35 844
515 568
436 945
790 877
382 514
204 954
590 767
442 451
137 985
422 509
336 446
110 956
788 930
56 734
19 107
658 782
141 150
9 220
13 505
807 886
526 763
14 217
276 385
412 658
4 293
738 921
259 800
192 767
511 743
529 926
507 849
314 989
534 656
165 917
466 726
912 971
492 904
132 768
292 709
103 585
632 943
246 890
747 933
6 181
679 851
531 710
361 943
21 443
363 400
185 786
79 93
504 621
672 982
195 198
298 384
702 936
244 867
749 910
754 803
95 405
608 724
855 969
301 590
909 990
97 584
596 699
175 323
23 80
218 994
277 301
435 978
240 598
769 989
495 512
526 666
198 900
253 758
170 842
82 979
566 755
98 457
85 192
107 779
271 696
244 468
1 678
240 369
141 280
152 711
636 738
240 539
492 935
28 220
202 257
29 932
126 687
392 771
95 237
507 798
790 961
790 974
347 643
842 950
25 407
46 556
682 795
504 620
210 724
386 567
595 845
321 536
633 640
230 876
647 947
307 440
204 912
154 558
27 470
323 877
878 967
653 842
270 596
196 725
763 913
114 761
281 355
300 921
530 987
637 720
480 946
395 996
73 154
543 872
99 198
343 986
189 995
594 642
378 837
242 294
356 523
58 804
278 630
540 648
291 727
180 210
99 241
314 525
172 320
190 856
203 438
179 436
311 740
688 950
195 581
27 901
470 958
103 830
159 401
642 885
692 741
19 852
463 760
169 851
28 782
44 143
143 150
380 499
452 882
71 466
566 891
413 956
246 853
931 978
624 647
262 820
288 838
51 117
285 304
9 901
232 865
72 302
11 570
681 892
672 941
282 430
566 694
342 389
371 859
277 429
100 914
205 690
726 857
84 176
14 996
12 166
83 784
467 794
71 652
516 610
742 811
312 946
338 428
210 653
628 929
545 639
252 948
670 808
765 978
811 911
764 823
552 996
386 825
269 401
457 798
202 916
612 865
513 959
170 207
173 834
22 811
303 970
972 982
701 963
436 660
347 798
182 797
10 898
91 187
410 563
330 888
424 764
198 201
324 386
290 558
82 231
292 384
204 278
279 825
164 938
264 961
288 445
110 682
454 788
120 784
354 927
41 117
314 354
161 660
450 558
221 639
433 681
804 942
224 710
632 873
85 815
292 838
263 443
321 637
234 440
424 507
371 460
547 644
693 708
254 307
81 448
681 892
757 880
489 593
44 980
389 984
150 779
45 280
520 592
601 745
944 960
254 255
407 722
104 817
48 353
277 433
93 415
38 298
526 849
753 810
122 489
271 740
272 939
236 783
383 756
346 532
704 786
34 519
259 431
57 783
226 334
220 640
257 346
198 937
670 702
114 870
534 792
385 983
476 540
769 858
299 304
6 127
14 565
444 956
16 744
231 969
269 370
613 614
473 546
171 732
67 605
284 778
142 588
538 764
51 456
319 350
366 680
275 693
234 850
60 597
170 210
438 490
106 499
48 56
498 707
138 564
315 342
265 377
32 929
914 980
156 408
91 253
521 527
375 703
681 682
850 891
384 892
291 394
266 409
362 827
419 972
211 314
579 760
587 613
504 530
596 937
579 768
104 947
298 653
398 978
212 339
154 751
516 962
467 844
231 748
127 674
171 988
337 930
570 923
23 546
65 350
928 960
832 910
54 951
272 487
745 951
484 706
3 818
288 671
821 846
444 956
130 947
207 435
924 979
53 529
322 946
513 829
254 269
128 663
73 322
276 400
817 883
558 901
495 805
574 765
320 724
21 190
375 853
317 836
222 369
172 288
691 720
864 920
586 988
313 991
314 578
398 509
120 333
875 924
644 828
71 502
371 442
228 260
576 817
42 983
194 865
133 559
913 973
346 825
260 562
141 144
569 574
461 693
340 902
541 733
46 983
357 803
407 982
147 504
410 482
189 350
241 523
360 828
97 217
188 699
328 356
762 929
146 817
546 722
90 485
378 391
55 104
461 668
9 95
490 608
425 716
759 947
510 956
97 310
497 606
795 962
480 745
565 814
363 625
34 210
372 507
424 426
15 610
618 807
30 418
32 454
57 710
324 932
224 634
32 829
54 746
714 718
229 532
286 774
415 894
190 807
154 921
454 615
169 425
118 992
762 943
571 818
656 894
674 879
451 705
505 632
349 375
226 523
432 880
300 698
110 766
611 887
264 425
68 352
770 979
389 455
925 959
277 585
776 870
231 387
22 498
655 872
291 800
94 399
155 618
791 921
601 728
455 911
442 946
186 719
425 574
177 273
373 456
235 777
166 168
385 664
109 959
319 539
763 857
413 837
127 479
130 681
139 648
597 960
69 581
239 925
335 642
21 121
708 898
175 873
560 985
17 460
3 442
128 336
748 779
181 965
649 794
230 445
193 708
45 212
203 261
140 822
260 538
169 842
21 81
69 961
425 500
86 941
341 347
73 129
92 957
230 885
459 609
254 320
298 572
531 832
421 590
578 958
343 770
50 850
14 363
782 839
438 924
704 727
268 719
279 753
679 982
87 211
340 364
451 935
558 981
691 978
272 495
268 859
614 908
41 897
879 921
283 602
252 726
986 993
742 970
195 572
282 727
95 783
237 621
102 949
141 643
83 555
834 941
372 822
772 783
192 697
665 793
395 979
49 888
311 938
426 634
284 514
300 707
251 298
251 456
273 516
355 813
75 651
220 816
942 991
137 602
191 611
513 849
505 897
405 735
839 958
164 276
245 870
495 543
45 870
317 713
389 529
463 591
103 730
48 283
645 804
104 259
953 994
502 692
100 773
241 535
404 977
225 810
198 228
162 687
101 403
398 490
932 988
952 954
158 722
6 370
29 962
548 959
243 981
385 758
262 625
242 296
30 948
69 387
77 257
150 278
400 547
255 767
539 642
184 212
137 800
473 765
24 166
150 647
35 187
368 827
47 579
451 530
836 992
172 519
589 912
315 449
139 219
489 677
701 861
584 860
336 837
6 352
2 280
76 386
822 953
455 753
206 868
783 905
45 348
955 957
407 936
78 195
626 684
410 675
308 538
148 993
268 794
74 77
69 189
145 462
138 890
600 682
344 428
388 468
426 775
268 714
383 833
382 712
70 390
297 791
707 847
444 644
437 974
166 640
25 505
231 319
163 830
4 426
261 391
813 956
5 817
573 673
308 387
376 954
668 697
548 672
39 378
115 275
476 755
440 900
670 779
222 861
145 423
290 604
27 536
356 563
31 159
417 848
467 725
87 792
396 467
554 693
505 669
887 900
330 427
129 804
920 945
266 990
94 283
629 869
309 435
339 904
514 675
675 980
403 470
798 986
544 856
285 414
216 304
188 562
553 911
396 690
683 860
662 953
534 886
118 505
332 889
377 406
10 55
309 412
298 445
133 224
466 761
508 976
616 769
245 541
155 530
313 641
306 757
189 566
613 759
651 684
944 980
873 976
38 208
208 402
340 506
190 546
57 725
170 417
592 630
46 662
306 704
358 465
531 547
34 293
163 637
31 864
620 843
578 903
35 55
480 979
294 528
23 669
505 758
20 439
104 312
65 935
329 423
403 859
357 969
55 76
913 939
5 537
785 908
118 759
20 942
162 239
468 831
181 892
512 620
743 911
643 976
682 972
8 322
214 754
284 829
201 268
273 691
480 657
104 774
162 965
324 713
104 207
78 308
509 995
830 927
256 573
729 857
54 468
146 864
72 267
534 894
272 589
726 928
829 988
153 625
261 717
396 844
365 473
155 283
85 902
81 116
577 764
937 965
724 817
34 87
795 927
621 986
270 519
430 917
23 465
583 739
726 898
94 586
295 740
200 296
332 744
280 325
99 220
213 916
246 863
6 662
176 546
615 651
492 736
48 758
550 956
500 685
90 452
698 746
749 914
497 865
148 249
347 741
287 953
153 186
112 122
217 734
389 657
396 751
799 880
77 759
272 577
448 723
69 586
338 392
260 982
234 754
327 498
501 613
374 606
415 686
423 717
298 632
386 811
613 614
108 690
377 380
190 744
26 775
338 812
36 718
517 710
844 871
211 375
380 505
69 901
621 919
412 554
226 838
455 860
760 967
60 68
257 270
216 803
538 951
553 906
73 259
134 619
750 836
220 428
178 332
100 208
619 873
574 634
357 765
12 528
79 327
507 517
255 313
129 732
288 770
39 949
280 577
6 120
330 433
339 507
466 685
481 527
24 89
118 853
130 380
304 626
128 810
146 383
46 797
431 815
8 469
288 767
772 966
299 407
129 665
726 733
134 176
142 217
199 254
578 994
301 303
207 351
114 273
159 653
73 87
81 894
556 664
288 525
360 614
408 743
282 392
144 335
280 487
477 605
394 453
186 756
313 695
110 728
505 762
497 887
704 768
327 577
291 784
650 771
401 438
602 977
124 749
240 857
323 337
776 844
650 950
348 535
186 564
690 996
249 886
20 110
513 687
267 803
394 957
457 795
398 437
71 400
260 481
230 803
516 993
170 582
40 946
55 437
436 523
664 771
245 774
711 757
384 897
564 777
857 940
179 575
300 895
249 700
158 398
507 594
12 394
264 683
123 968
318 494
479 982
189 723
679 819
66 404
719 887
579 762
261 750
53 677
159 845
236 673
103 246
640 829
114 515
85 903
224 558
40 499
129 687
682 727
9 509
151 712
478 815
568 729
330 738
541 816
178 217
55 424
319 804
67 352
242 889
357 719
116 855
165 678
284 465
891 893
292 607
47 111
8 695
665 678
28 142
126 484
358 458
549 596
265 535
427 948
308 427
149 462
86 827
470 626
114 441
286 325
332 967
355 974
946 953
562 894
49 98
23 456
491 506
691 971
29 922
121 455
153 269
158 916
19 466
52 627
826 912
377 796
167 651
37 693
258 607
705 930
226 872
84 731
58 366
345 394
465 900
768 972
607 654
134 592
76 680
644 821
516 940
540 682
236 594
125 718
413 571
558 749
446 752
213 811
557 809
208 632
895 942
599 608
506 661
114 501
344 677
326 859
620 865
138 465
25 186
182 357
757 930
126 915
131 685
417 937
68 607
53 552
580 963
74 392
188 244
507 892
141 864
370 408
834 926
465 870
646 939
230 619
68 499
187 745
198 605
523 805
495 672
280 558
78 354
241 949
541 765
328 748
41 905
655 754
43 794
627 656
608 777
110 279
844 943
296 962
551 739
146 690
237 969
315 704
246 656
475 706
146 344
38 173
186 612
899 926
477 655
266 559
257 757
24 376
591 703
177 985
253 598
322 490
29 491
724 736
202 605
446 948
348 403
124 453
934 970
276 592
450 754
626 778
77 514
140 649
558 587
316 840
159 557
333 649
60 506
114 309
181 754
448 981
29 80
17 821
100 918
371 529
310 853
290 916
306 568
429 892
129 664
208 655
144 907
649 856
88 886
71 682
587 841
438 840
262 535
456 777
281 309
57 746
538 665
346 843
236 694
285 658
281 317
425 492
227 271
77 117
359 679
107 123
269 544
723 963
726 743
10 182
55 927
512 983
332 515
358 750
19 946
230 954
335 449
482 574
571 720
82 598
253 704
204 441
170 171
167 896
348 832
806 826
198 812
321 712
67 678
16 385
343 617
166 871
711 739
356 434
313 873
515 565
500 639
671 925
95 728
490 564
319 362
293 479
134 614
114 201
215 499
136 831
301 761
395 626
44 901
356 829
267 778
201 841
769 905
557 871
365 864
124 149
336 603
628 737
741 949
88 857
163 992
843 918
297 467
242 340
372 990
73 615
260 459
89 273
68 232
19 645
352 688
167 954
27 794
694 896
474 539
701 983
470 824
468 686
295 709
29 666
563 702
738 881
26 930
257 969
1 537
275 352
228 361
175 310
159 923
74 697
60 321
321 790
788 883
101 479
420 427
125 766
427 989
10 934
361 898
194 361
388 439
586 633
749 862
760 827
753 788
112 447
767 812
619 821
303 479
719 898
409 649
642 943
835 872
119 579
693 693
55 400
4 36
641 672
324 897
502 608
81 948
640 812
464 639
41 354
687 993
259 938
405 804
163 820
323 599
282 296
19 601
350 938
636 990
534 536
238 955
67 238
706 827
389 969
94 327
429 780
243 290
647 958
98 782
696 729
108 930
46 911
265 534
93 903
178 440
415 548
319 615
149 572
244 545
337 537
791 965
37 40
2 178
195 603
255 783
890 891
189 725
642 935
841 989
91 735
205 286
425 523
1 820
68 671
131 465
259 404
19 444
196 215
445 737
151 391
205 991
103 960
818 929
745 842
403 662
786 932
360 688
312 432
280 902
499 744
902 952
922 970
140 269
90 633
400 876
783 871
524 746
376 893
487 641
153 221
47 76
655 858
94 356
90 635
508 995
303 871
228 413
602 844
368 853
167 238
256 941
779 957
610 854
101 159
299 498
173 465
34 375
43 730
52 127
46 288
559 590
836 971
683 818
109 496
460 734
275 715
236 598
211 418
93 576
231 510
403 794
172 894
357 936
403 821
33 987
368 549
207 622
363 444
810 939
273 471
596 666
197 907
328 901
328 913
558 823
346 621
244 881
161 712
183 457
94 563
489 851
34 642
9 61
397 870
787 868
66 467
456 973
280 584
224 911
51 116
392 462
196 591
226 625
356 807
682 839
94 820
386 693
128 673
394 444
265 547
234 532
610 652
239 508
732 809
73 925
384 702
296 310
580 934
521 855
127 744
488 697
220 313
267 873
270 986
456 710
455 864
110 987
419 477
268 289
74 260
137 775
446 643
146 990
383 434
51 921
541 560
538 700
414 854
763 966
600 603
222 977
132 467
90 863
277 550
75 623
212 536
103 321
314 577
168 960
12 748
231 930
471 553
330 930
804 900
96 330
317 423
311 889
320 368
675 918
597 749
56 544
865 880
78 461
102 246
344 849
257 277
84 729
667 933
62 394
77 756
182 723
37 313
74 681
357 668
602 873
69 421
224 848
853 926
604 955
95 867
271 727
147 810
4 733
747 981
130 506
62 853
374 608
681 809
58 89
353 659
693 961
648 813
504 836
444 662
462 756
193 314
30 381
922 949
37 592
167 934
22 995
629 939
292 671
233 350
505 760
644 928
121 579
380 957
45 87
324 468
557 800
580 750
506 857
702 894
21 559
42 980
477 842
590 769
516 823
122 279
53 331
452 843
226 552
332 558
271 655
29 990
135 609
743 992
118 369
58 889
792 847
100 328
637 689
100 156
141 435
355 766
113 121
141 664
346 392
225 536
50 254
104 530
196 782
99 819
484 907
335 876
702 975
342 662
588 761
26 418
692 821
711 933
771 812
81 601
166 745
135 617
70 918
239 703
265 337
525 749
248 405
7 869
303 668
135 810
352 472
176 836
87 470
32 818
245 632
410 898
301 438
222 545
507 703
772 925
43 453
210 444
370 777
3 4
137 957
312 813
608 652
407 694
126 358
290 435
336 990
214 699
167 774
204 435
363 869
912 975
342 736
45 436
47 711
439 591
103 256
630 822
152 827
247 872
510 681
165 423
21 864
636 714
34 74
823 917
437 816
96 658
81 702
531 712
669 970
306 691
132 229
325 975
283 571
792 851
19 256
196 218
773 802
756 829
669 847
287 582
243 408
302 489
832 864
204 536
429 805
231 953
475 480
763 852
49 706
224 478
616 644
339 450
171 392
209 242
710 760
171 448
749 952
659 819
585 782
279 313
135 429
190 614
45 903
380 951
670 778
99 317
397 437
686 788
528 814
291 950
401 527
461 482
44 74
225 578
503 745
879 890
3 851
417 757
47 796
631 716
497 729
893 953
90 642
605 617
460 558
827 986
211 878
392 951
254 536
532 919
346 958
721 812
141 348
315 572
206 857
357 950
855 906
254 944
552 778
15 484
314 339
220 920
315 524
95 698
626 770
620 731
264 891
163 546
41 405
185 477
247 350
25 541
260 714
731 968
455 495
665 753
588 688
215 893
823 987
596 912
455 536
331 431
639 796
593 963
837 989
7 151
342 691
31 601
329 918
255 823
296 919
500 983
396 511
121 257
386 953
852 921
106 411
275 969
867 902
662 935
89 779
125 668
618 700
32 645
459 900
754 854
277 822
256 660
672 780
61 512
288 736
71 902
180 393
43 218
967 978
749 799
470 986
689 793
11 442
469 720
345 498
90 146
774 805
346 450
589 857
248 430
148 335
318 461
281 435
405 598
262 401
77 251
790 870
801 940
315 583
193 579
84 339
668 858
17 147
231 655
660 794
861 903
144 915
325 353
424 923
605 757
247 753
40 776
626 719
760 860
305 953
309 362
295 950
90 361
320 966
20 683
842 979
548 897
872 905
173 333
718 849
857 884
606 636
155 924
278 607
503 935
300 563
811 857
253 900
142 143
143 161
45 745
296 922
830 862
38 92
86 729
863 887
416 617
464 502
570 780
74 508
286 637
100 728
417 900
558 919
65 962
638 711
109 483
926 970
21 237
242 928
670 818
108 290
237 610
673 726
313 746
238 598
306 885
617 643
459 708
124 674
443 762
308 551
168 237
404 445
178 376
566 847
117 673
60 353
206 732
82 518
239 481
39 707
47 655
353 755
37 476
352 479
161 659
329 950
398 815
652 992
221 693
729 842
814 901
5 23
6 636
41 541
165 579
211 747
23 158
194 885
160 498
579 593
546 818
637 827
482 863
479 552
398 623
211 440
215 302
462 858
220 922
384 898
425 568
502 515
323 590
11 615
211 483
224 509
339 756
622 780
336 741
24 367
234 733
726 954
191 448
588 815
37 636
381 891
127 409
636 882
500 732
218 567
79 711
390 441
145 418
162 932
480 955
216 448
177 193
93 560
287 908
71 323
467 962
594 703
294 508
153 945
12 719
166 642
527 798
35 139
671 966
74 300
747 925
41 289
381 843
133 520
212 591
376 599
2 476
116 769
268 510
521 638
723 987
86 788
120 253
843 846
10 149
836 854
128 815
581 894
337 429
560 713
92 847
162 246
14 277
523 935
465 576
455 963
52 302
166 475
15 171
180 241
81 83
817 953
208 850
401 556
111 117
120 957
129 201
142 207
145 398
584 862
550 640
240 941
325 601
419 691
339 660
341 791
740 747
161 867
521 561
347 631
466 597
511 645
586 637
706 903
293 701
344 768
762 927
286 289
255 627
513 977
290 691
853 949
361 933
820 881
170 497
18 435
555 866
64 582
292 506
131 967
584 738
350 394
589 682
635 843
313 535
360 522
149 216
475 510
153 298
394 569
387 749
506 941
92 618
8 47
383 974
97 886
491 636
148 159
96 714
328 990
172 353
321 850
248 489
561 830
147 545
53 851
559 895
436 715
650 722
403 952
499 620
179 761
909 920
9 326
239 557
336 728
109 592
4 52
356 881
564 820
32 616
674 846
98 392
206 667
38 608
542 577
30 307
675 859
150 920
706 867
126 162
437 673
235 489
510 676
163 373
324 334
699 927
94 716
299 323
280 387
826 928
775 856
158 454
307 637
377 427
16 538
453 553
135 707
730 941
220 237
473 893
481 515
404 574
234 646
620 872
621 925
472 704
399 629
40 81
457 936
466 951
22 914
52 327
271 648
782 788
428 598
264 908
116 667
269 485
236 280
84 889
284 900
302 787
867 912
261 771
247 727
165 646
668 972
136 320
167 917
111 594
294 438
425 473
829 881
120 742
32 554
204 931
837 910
156 672
417 701
447 947
16 67
35 654
171 987
157 973
7 11
449 670
98 221
105 921
666 846
144 877
223 347
731 979
181 887
655 881
25 227
213 751
40 786
866 946
763 956
27 886
616 689
338 909
183 634
17 483
161 768
364 911
98 427
607 893
471 904
54 411
166 415
186 454
56 951
324 830
350 818
430 719
965 977
343 602
83 279
9 850
359 372
684 786
389 581
217 316
647 971
190 390
376 812
686 763
90 431
172 519
161 359
248 601
141 863
223 769
146 777
504 993
72 680
213 381
184 449
159 597
99 786
548 830
85 314
435 519
324 957
606 682
121 131
182 929
622 913
62 324
320 402
474 486
698 920
107 774
150 374
168 185
83 732
1 168
519 966
293 602
132 399
520 894
182 747
98 621
372 944
160 773
188 645
31 170
266 943
57 336
240 242
323 503
424 893
410 862
15 862
78 265
66 892
247 704
328 642
17 345
275 424
382 709
799 988
257 412
469 665
512 905
19 710
151 526
442 560
227 392
389 494
480 491
198 284
726 845
525 990
720 781
417 494
25 328
296 437
585 880
100 905
538 788
38 938
67 399
378 421
626 835
40 687
318 890
47 158
682 739
523 957
297 325
350 936
155 625
133 706
39 614
152 826
75 110
141 688
32 508
57 439
129 866
97 187
22 254
154 680
34 855
104 207
66 330
373 874
82 221
259 926
82 615
8 689
191 615
618 749
191 647
436 675
319 691
261 543
616 864
722 940
70 649
745 898
121 136
356 776
122 705
534 736
461 706
348 896
101 996
438 566
116 211
5 450
467 726
593 710
86 573
238 734
643 983
556 698
27 255
149 973
510 959
589 884
236 890
488 889
256 925
458 466
383 960
689 915
548 849
205 855
125 443
512 767
71 429
455 468
325 444
208 603
411 873
686 796
207 646
579 821
56 956
19 290
129 262
35 628
676 832
800 889
198 404
490 626
475 957
5 719
324 607
120 926
725 937
506 806
308 932
330 907
187 540
449 925
476 668
347 483
232 295
151 429
640 698
96 975
521 979
764 815
509 664
450 884
313 613
248 955
289 920
110 158
6 828
419 478
402 960
553 765
178 915
876 981
479 959
891 919
629 861
374 686
297 493
609 743
109 701
776 948
853 909
62 660
539 778
82 103
423 847
520 655
560 685
87 399
214 442
9 307
695 842
62 600
111 346
220 590
50 289
91 879
145 152
542 843
544 611
945 953
314 524
2 476
87 795
9 528
17 928
693 754
357 631
742 755
268 702
672 881
557 971
554 621
19 47
467 577
336 562
453 795
848 859
797 865
566 805
396 497
154 741
194 376
510 868
41 136
59 841
615 807
284 735
160 701
302 546
281 784
653 881
582 663
302 425
531 990
30 847
411 771
604 920
70 353
30 395
453 488
218 870
608 988
151 501
313 723
513 696
501 510
15 90
167 514
317 618
266 507
468 917
40 311
29 444
663 758
58 155
135 847
126 372
459 793
196 691
519 811
127 948
136 315
402 962
202 649
23 80
410 468
427 916
284 640
306 456
45 433
179 460
284 752
224 662
339 548
70 276
154 402
21 468
538 902
110 869
108 811
109 495
29 144
783 921
300 312
13 276
472 653
375 856
147 518
521 614
716 857
14 683
41 623
481 498
274 449
556 608
8 716
72 970
664 814
774 975
118 786
175 690
262 469
328 549
986 989
846 942
548 708
748 859
95 264
250 543
457 777
22 464
496 991
164 535
313 808
62 845
102 156
283 538
10 624
531 614
2 476
383 629
27 166
41 381
429 550
583 885
330 604
272 745
518 727
330 828
43 810
64 98
556 965
267 513
565 797
130 487
196 432
119 142
419 597
29 183
765 968
301 833
109 293
50 810
797 835
63 797
161 610
579 780
50 636
15 124
144 766
610 961
575 649
27 96
71 209
43 124
877 973
189 343
312 985
3 743
33 65
463 642
145 246
144 700
158 216
824 901
221 357
716 866
9 892
80 811
24 854
122 996
384 734
189 642
111 616
308 648
95 770
160 293
20 357
155 859
514 606
59 655
844 963
374 971
188 659
54 682
45 95
602 699
479 710
98 344
652 820
665 914
345 877
284 993
237 856
438 671
417 465
329 351
264 702
326 923
379 809
608 773
213 394
475 872
739 922
665 889
314 477
503 658
357 499
514 942
278 303
188 663
436 719
17 983
61 342
869 909
440 641
38 645
44 573
418 829
641 782
87 99
121 589
477 676
11 621
289 910
101 924
566 951
456 967
516 552
233 384
388 793
744 953
320 750
582 996
737 781
146 743
266 799
255 478
266 662
23 576
554 866
508 596
56 435
398 987
550 571
294 879
41 346
19 835
280 834
520 937
538 665
260 603
858 930
516 737
127 679
95 680
548 610
111 983
428 665
160 893
110 978
42 247
71 876
266 350
633 785
94 210
454 813
273 307
674 929
720 822
612 836
163 323
433 450
38 69
780 961
197 681
75 158
65 928
37 197
414 589
624 901
278 602
360 874
37 505
330 807
422 756
2 90
459 504
354 573
137 496
457 613
451 818
749 770
515 727
849 865
319 689
396 841
755 967
475 718
448 791
470 724
733 789
297 391
195 744
691 789
249 880
307 621
620 996
138 293
161 726
49 986
385 770
660 809
63 530
58 773
781 898
246 690
438 636
632 906
383 698
187 246
472 867
490 807
104 472
201 627
184 537
169 953
841 977
536 904
431 593
332 680
298 846
25 735
405 931
290 708
536 552
422 894
624 927
402 911
462 727
603 831
2 771
707 842
247 672
106 669
353 759
60 437
202 461
606 714
8 315
317 867
134 463
212 393
127 758
408 795
321 588
242 509
15 949
274 686
119 943
791 877
231 299
420 937
574 612
846 945
186 581
636 963
319 848
280 996
78 894
405 408
318 569
332 913
190 521
639 938
136 652
354 520
380 803
338 693
642 953
187 458
743 827
149 344
514 623
69 411
476 620
815 937
48 651
193 489
54 840
51 896
490 705
173 511
866 869
746 848
511 955
127 341
470 701
218 409
97 477
548 636
366 872
577 840
689 936
332 779
382 742
450 598
771 792
664 881
560 732
74 333
459 690
314 334
662 849
531 865
2 143
504 934
84 287
226 777
32 692
437 925
414 526
209 807
220 691
779 792
129 346
40 772
29 507
273 359
691 724
147 753
651 725
16 690
391 654
241 350
89 422
706 835
436 615
754 963
130 679
457 476
152 727
157 435
181 707
436 791
354 582
83 547
160 236
18 890
178 550
163 972
267 868
730 801
308 617
357 558
18 299
752 945
110 170
105 270
540 737
64 94
126 530
176 361
193 689
174 243
256 291
138 557
48 867
275 361
487 918
631 705
307 856
653 945
416 758
138 156
201 301
250 346
345 730
342 627
458 720
504 748
641 976
27 308
512 588
2 221
429 771
288 707
81 283
156 417
44 293
265 492
413 661
66 610
10 160
387 408
880 911
138 859
365 556
805 987
945 952
304 908
538 719
512 800
667 821
140 864
631 880
52 296
296 582
305 362
741 769
544 611
603 748
82 326
36 54
72 907
2 980
214 721
521 725
345 444
316 583
133 199
104 217
432 494
685 775
350 656
270 547
74 893
21 143
155 972
147 196
198 882
100 130
650 838
285 744
63 915
787 967
261 923
74 675
359 679
18 453
32 920
288 844
228 993
71 986
106 204
89 217
303 346
64 108
852 916
348 754
58 914
99 724
717 980
342 773
229 399
360 430
152 567
68 198
107 794
1 139
212 355
10 434
117 621
460 497
764 888
137 806
780 821
805 904
500 680
70 899
429 828
252 900
369 995
713 967
109 476
607 633
384 642
45 924
461 679
307 570
149 443
299 969
126 226
645 697
725 767
547 557
119 719
118 460
91 430
566 750
386 459
177 762
141 948
609 630
601 835
123 749
281 422
426 642
342 467
74 196
32 541
151 752
135 263
188 273
484 937
759 862
246 855
197 547
159 995
519 826
869 993
192 197
214 753
542 680
18 536
50 875
550 996
120 182
307 684
92 454
167 216
412 953
74 504
609 988
358 582
431 499
150 622
363 615
161 298
47 315
616 921
364 615
395 483
82 796
253 709
93 875
50 389
211 382
473 819
294 974
100 724
250 476
15 269
532 566
175 578
710 880
168 423
328 817
127 570
203 898
299 911
81 687
291 960
73 356
33 286
53 253
13 649
222 281
663 753
757 766
335 569
470 757
656 797
230 497
318 843
145 432
232 432
115 832
643 824
470 595
113 643
45 647
295 788
245 957
14 545
717 799
110 582
242 479
906 975
391 672
296 742
528 816
97 571
562 739
398 952
338 430
598 904
394 892
616 638
84 852
492 651
157 882
284 521
318 430
182 708
25 397
373 840
469 844
410 415
132 732
365 389
86 962
296 479
831 857
121 632
771 914
47 719
567 847
6 168
187 916
875 940
171 504
351 703
121 640
760 771
128 773
163 858
13 378
340 789
133 380
50 424
75 390
769 921
774 876
93 795
881 887
388 658
62 365
621 658
405 422
181 315
397 469
42 482
302 694
274 826
618 681
755 876
568 927
600 807
265 692
69 525
187 502
456 483
118 471
107 875
341 459
60 927
21 737
332 435
322 526
184 923
147 979
601 993
204 550
803 815
332 815
241 883
263 438
723 908
300 750
706 758
94 685
608 751
706 860
109 947
292 389
455 873
275 398
451 824
258 601
340 562
449 509
580 946
226 631
777 930
406 975
611 989
95 142
743 800
5 851
393 750
146 547
340 767
222 944
88 468
399 649
807 907
21 310
651 776
476 536
504 514
118 881
426 975
172 180
184 698
452 942
92 497
267 918
351 865
438 488
256 806
67 91
111 716
376 415
682 911
189 810
349 695
227 694
406 593
295 866
509 811
9 666
587 822
177 196
375 603
534 630
413 624
52 616
655 992
340 387
200 826
98 448
594 894
491 792
581 919
352 705
315 374
141 280
475 880
178 237
82 690
414 727
318 347
465 892
262 851
11 155
602 971
109 868
120 820
42 282
404 906
393 718
203 673
86 778
71 934
72 183
628 910
485 865
260 870
441 760
644 914
451 618
439 479
410 558
302 611
520 705
441 912
347 643
128 508
499 649
831 982
570 613
59 744
481 923
244 848
287 415
81 738
37 519
220 366
81 442
600 896
150 340
416 435
943 983
464 635
445 449
389 934
65 137
465 912
763 979
190 628
182 708
138 927
70 230
230 503
402 511
581 829
188 662
648 996
54 463
206 418
594 831
355 895
271 650
283 633
830 953
138 742
541 672
275 691
661 697
96 840
23 593
676 684
595 780
255 833
460 978
254 812
57 608
631 707
798 833
263 755
667 924
131 892
91 599
183 741
585 707
278 649
101 873
256 880
392 510
293 636
889 889
108 866
420 658
142 496
495 678
85 896
605 711
127 215
721 956
309 432
464 507
4 564
260 303
367 694
6 689
582 986
18 814
237 451
675 946
93 378
197 547
155 177
392 908
281 632
271 509
654 983
19 907
141 322
170 507
778 935
432 925
249 363
733 862
485 540
602 783
152 633
729 979
306 810
124 506
314 366
19 352
37 967
31 262
278 351
217 537
133 888
65 415
140 926
152 545
389 673
251 941
233 825
54 674
717 963
332 480
35 498
603 921
454 785
732 872
139 332
191 868
224 852
363 606
677 701
13 907
161 353
101 954
314 551
75 200
271 554
225 531
137 971
70 428
841 861
83 980
196 870
94 419
619 645
349 702
299 612
362 572
239 693
592 926
666 789
129 979
143 659
117 128
117 715
465 560
467 977
176 463
261 556
595 905
99 300
258 397
539 831
447 888
484 777
376 489
73 504
216 471
86 518
252 721
634 636
284 614
107 666
367 790
145 308
195 243
372 527
281 640
531 910
690 728
27 934
11 102
451 493
226 536
14 397
260 648
37 463
143 185
132 894
277 429
125 543
439 651
82 915
828 852
533 583
390 442
529 543
400 979
39 545
519 969
698 942
620 978
165 804
44 216
472 622
412 746
18 851
401 932
176 852
308 684
129 678
210 698
101 591
193 550
631 646
522 591
145 332
416 492
535 868
493 632
926 963
163 863
483 737
593 799
406 658
339 820
454 521
48 548
542 740
111 517
42 374
621 626
106 116
45 894
596 650
310 579
472 563
303 445
167 954
615 815
492 639
945 953
83 505
624 913
168 433
462 654
278 475
91 580
135 313
397 962
651 707
217 464
182 829
140 439
178 915
411 674
631 816
279 818
59 195
226 446
23 548
26 687
301 697
525 613
832 922
486 499
552 882
622 733
634 980
553 792
161 470
883 896
104 165
82 718
167 280
307 827
109 914
409 772
220 614
369 942
65 364
616 774
169 399
273 803
68 383
279 463
165 537
363 560
84 249
448 641
170 868
198 278
785 889
322 607
113 552
97 611
388 835
7 713
707 985
93 809
91 972
475 513
175 837
424 992
637 920
93 791
508 989
216 291
881 897
457 913
71 372
14 210
459 726
136 169
634 865
181 609
655 955
45 54
41 416
339 397
191 597
108 352
103 642
243 984
462 699
833 900
690 913
72 962
21 562
119 160
340 885
648 764
612 914
333 817
217 652
252 592
327 863
279 430
428 441
337 889
144 160
645 753
77 530
558 824
550 983
439 597
168 246
83 206
779 942
336 355
82 927
328 526
713 725
144 757
17 169
36 232
177 600
173 984
133 811
650 682
250 717
44 962
169 337
49 120
114 384
115 394
234 919
443 946
123 647
13 736
48 140
316 967
647 955
488 699
141 689
384 410
311 428
295 647
343 596
630 686
83 646
744 799
190 922
492 668
313 680
231 452
202 647
217 687
80 178
768 915
223 238
101 548
396 650
169 199
738 804
308 798
466 887
30 732
655 698
227 887
381 458
262 948
579 948
168 658
7 49
287 349
229 450
754 798
845 872
506 966
680 688
490 733
157 763
225 731
451 464
542 764
803 828
410 715
675 803
643 987
260 729
849 957
527 709
477 678
402 567
85 902
258 639
334 494
405 718
788 985
173 530
4 555
194 256
334 850
244 916
417 648
189 503
135 528
209 715
121 611
517 775
125 953
79 619
210 483
198 340
274 432
647 748
356 823
609 861
676 780
16 852
351 359
205 878
493 919
10 28
43 785
88 464
542 661
706 870
28 965
221 988
401 638
676 968
464 833
64 288
143 536
79 887
283 421
768 834
126 698
168 861
328 406
70 255
869 880
816 859
769 850
93 956
412 927
768 795
59 683
143 858
121 857
33 462
63 720
188 299
163 421
276 826
410 450
202 815
334 678
26 937
451 896
118 782
746 885
353 581
362 863
495 903
222 447
205 368
170 666
392 511
587 748
81 260
41 995
202 294
142 596
50 319
41 436
787 832
244 336
30 143
557 697
839 932
7 224
47 96
358 809
481 606
786 945
481 905
683 784
202 383
520 824
352 865
107 875
42 575
442 637
143 987
197 842
203 901
69 867
298 798
228 824
96 282
533 762
4 320
125 448
196 622
564 893
442 980
4 558
403 445
198 393
314 507
239 331
227 516
201 733
28 349
309 560
96 364
368 991
335 362
412 876
557 976
540 773
341 776
21 744
138 144
60 571
298 451
901 966
26 525
472 703
186 374
737 781
202 695
28 536
440 976
336 537
112 339
679 996
807 937
346 870
78 406
444 529
269 623
71 418
44 294
543 587
230 247
247 351
275 941
806 920
145 634
380 892
256 300
574 982
240 840
237 856
169 223
765 791
107 491
784 862
150 408
294 299
541 654
518 649
459 735
292 361
523 741
187 699
680 960
203 684
463 523
439 691
128 686
180 406
234 271
383 884
181 598
175 602
174 721
459 692
632 972
79 670
716 856
599 777
384 540
801 982
164 847
536 597
6 211
444 715
196 522
746 793
271 703
347 967
445 582
726 996
399 557
78 197
179 854
718 795
162 520
12 623
223 603
547 813
185 228
180 423
627 845
139 253
29 120
564 599
248 610
91 563
641 647
207 825
5 418
466 579
92 444
50 510
235 976
382 862
165 961
711 805
810 863
929 963
565 892
416 425
733 898
303 435
462 641
131 880
516 646
13 382
527 812
63 761
791 844
147 875
809 871
542 589
555 657
394 472
44 809
776 897
255 710
82 176
132 896
465 975
280 567
97 477
95 539
778 886
307 844
119 764
357 638
298 660
57 831
770 874
590 785
418 573
654 844
513 743
491 705
131 275
608 691
372 785
70 73
376 594
282 916
414 557
558 993
392 774
547 969
190 757
60 762
99 904
340 611
48 570
106 701
243 716
232 534
221 424
22 606
445 597
223 930
5 780
698 927
95 819
169 284
228 580
678 966
135 309
212 625
276 317
249 518
480 952
55 380
580 620
220 321
28 543
74 948
4 326
340 650
818 822
325 624
513 965
104 922
138 741
20 648
374 896
250 458
299 432
629 918
932 949
62 879
135 415
660 831
58 404
3 799
145 546
48 113
62 889
136 802
783 946
244 742
123 602
493 820
125 474
409 742
723 993
292 411
46 777
74 834
76 449
513 556
542 603
545 603
416 681
329 365
74 387
608 909
104 116
589 732
148 397
2 144
43 213
474 819
258 467
576 626
56 463
8 62
578 606
610 993
210 938
362 597
931 969
50 429
84 993
144 639
481 560
208 443
681 772
266 949
152 761
498 614
559 816
398 621
88 154
298 394
16 675
814 946
246 568
564 996
329 558
627 729
121 834
176 812
361 439
590 684
125 185
127 941
663 667
262 750
575 740
755 967
254 784
705 821
624 949
282 308
185 934
225 930
29 692
40 134
389 643
514 643
769 827
378 413
359 639
86 102
57 137
390 777
485 840
134 793
32 361
216 994
219 847
440 910
399 876
47 268
45 609
701 791
2 301
207 659
292 560
680 697
348 460
90 112
144 864
824 895
504 821
114 722
473 671
550 635
601 791
738 835
133 442
433 549
444 755
95 923
695 967
238 623
158 633
349 942
96 776
283 840
874 916
511 925
350 483
65 980
8 721
140 899
87 372
450 573
50 587
20 376
285 919
178 363
446 555
308 334
151 542
381 536
464 944
298 891
795 947
282 954
184 439
97 525
475 589
525 894
180 194
464 464
116 641
670 746
11 57
552 923
128 462
75 852
747 926
292 796
465 573
673 903
677 689
75 352
169 282
461 599
67 362
397 844
594 627
557 986
570 912
112 617
298 884
147 612
554 903
22 942
400 538
924 996
230 279
511 990
448 593
729 971
579 819
50 129
39 336
686 905
717 871
172 526
141 604
161 318
183 963
182 286
30 720
205 949
199 228
464 595
358 711
293 328
180 297
341 515
30 335
129 344
747 869
274 300
13 617
435 895
536 719
185 442
389 565
395 793
507 778
221 391
139 638
239 513
854 934
273 673
20 803
321 473
621 808
747 820
161 185
719 880
720 823
209 245
135 639
5 642
395 420
479 862
37 379
717 890
156 313
86 878
333 407
144 355
31 105
111 884
209 526
848 910
159 352
60 486
64 797
131 141
379 913
335 619
259 295
228 370
314 571
251 823
605 720
670 887
629 774
780 837
223 694
494 689
748 852
572 899
732 950
34 632
174 866
84 368
432 595
453 923
623 828
471 669
152 559
144 780
336 844
478 541
233 461
236 971
874 900
555 727
363 827
588 696
536 955
779 888
155 474
225 734
406 697
696 848
759 965
224 552
96 606
702 986
248 596
71 225
473 872
303 626
217 238
693 918
176 700
569 584
241 774
475 793
492 647
326 535
255 797
758 780
383 812
63 690
834 899
134 375
709 759
598 946
519 975
74 563
70 143
642 836
311 359
314 877
560 770
415 944
96 280
96 728
399 421
158 301
178 211
675 887
196 969
756 868
322 635
697 861
392 507
536 622
770 785
502 558
253 836
506 532
157 931
253 627
497 785
553 674
152 995
564 888
267 324
679 901
543 565
521 876
61 969
421 757
750 922
6 319
681 824
457 616
88 900
400 788
345 792
77 710
416 561
521 682
203 884
372 587
111 746
252 718
91 672
479 760
518 717
202 685
146 464
367 737
233 529
766 944
762 793
212 657
182 326
133 893
304 483
53 505
514 676
524 691
93 351
288 788
809 972
196 910
121 650
273 562
102 251
140 894
16 717
109 262
898 922
205 394
408 818
178 841
497 868
369 768
656 960
559 692
472 551
592 887
46 452
67 784
622 924
557 881
644 989
465 818
136 834
166 589
686 953
10 454
378 557
225 440
703 953
135 428
25 99
23 64
396 726
130 937
14 653
220 498
239 923
604 760
197 374
251 925
855 882
363 704
156 848
33 802
474 857
460 492
402 881
201 555
131 605
141 704
538 558
384 843
451 797
68 174
567 912
372 424
51 770
734 926
460 818
296 878
320 341
124 787
266 662
324 712
385 870
331 419
266 942
715 742
636 782
206 836
183 697
391 577
154 315
320 971
121 694
190 933
461 977
46 60
166 304
39 757
100 608
289 553
7 365
4 219
788 974
129 409
160 705
233 799
42 939
208 636
162 397
492 542
297 552
462 587
267 775
386 420
366 709
650 938
80 635
347 573
57 701
137 755
410 477
272 369
518 576
599 828
323 893
113 144
650 874
572 575
914 916
206 957
546 819
185 855
432 898
531 875
136 209
15 465
383 685
126 737
568 879
695 724
810 867
688 807
305 440
263 279
143 144
484 688
343 962
783 792
326 694
661 749
454 675
142 218
874 978
267 780
365 910
178 478
288 780
143 785
513 968
422 655
115 905
266 996
62 171
782 864
307 367
617 761
45 754
822 942
93 551
725 835
6 206
16 706
414 721
848 926
193 692
504 726
102 769
272 725
430 830
60 141
676 796
761 901
353 726
706 903
355 738
661 664
480 676
293 893
64 320
15 742
249 257
278 660
388 938
549 771
528 738
537 831
127 655
301 479
305 927
46 305
205 965
629 684
565 921
581 884
246 905
165 819
415 482
356 442
790 910
50 531
442 881
71 568
292 459
763 967
142 275
346 729
164 361
33 728
206 533
34 535
357 779
117 198
559 759
472 552
441 472
86 833
76 325
325 704
287 295
428 470
202 489
652 693
483 726
303 608
182 758
641 880
38 758
796 996
320 391
351 711
356 832
80 468
352 792
638 783
10 177
498 986
378 682
74 780
296 411
311 513
57 951
95 396
316 632
810 871
85 706
506 541
440 973
541 711
327 688
353 697
262 423
118 801
191 943
278 504
407 815
383 790
189 689
325 397
211 424
119 134
295 624
594 654
58 600
291 369
305 641
727 907
29 902
451 768
139 955
49 465
693 838
385 848
248 947
374 629
378 668
427 672
25 295
250 815
82 538
109 386
102 936
117 923
567 964
26 694
445 743
141 491
342 584
446 454
509 994
828 887
258 665
482 880
202 731
204 698
192 726
293 509
545 665
219 552
116 913
480 578
659 988
166 541
333 986
620 761
371 903
492 571
57 548
375 750
76 707
873 899
385 801
195 390
414 930
941 965
250 442
448 908
433 908
685 993
616 897
450 724
24 906
219 458
593 996
131 707
7 588
312 609
311 723
244 701
60 646
132 309
11 500
140 444
137 411
132 232
501 672
582 955
97 445
444 959
93 609
74 200
19 682
329 511
136 329
388 493
624 781
697 711
127 756
158 538
210 892
488 689
630 647
78 989
743 951
355 442
515 963
474 981
121 984
233 449
123 725
756 823
353 456
399 538
216 615
31 856
548 824
378 438
198 430
455 860
304 816
138 270
335 611
174 375
407 519
561 743
135 502
388 407
845 878
17 806
383 665
131 963
217 405
334 508
754 962
62 198
255 782
40 251
425 866
334 388
80 751
885 948
259 501
296 382
25 27
318 410
285 689
540 825
51 689
163 446
280 932
427 637
534 678
323 596
26 929
710 776
12 582
513 584
799 840
814 867
136 823
280 436
420 739
32 264
346 709
397 644
545 824
3 205
425 800
325 450
733 955
229 664
540 732
100 383
535 914
173 361
452 969
392 716
114 980
343 822
249 739
390 714
486 594
716 910
317 960
363 969
511 918
381 637
247 656
684 701
493 856
465 981
312 701
345 856
122 604
171 852
560 861
350 569
77 208
184 393
92 546
13 366
922 977
147 314
1 501
767 994
751 856
91 462
242 455
436 978
363 606
227 754
89 246
85 497
454 680
477 545
149 762
129 477
607 790
112 195
790 961
109 570
490 716
94 660
99 731
76 98
624 749
244 632
740 994
451 716
117 343
492 915
396 878
409 540
109 735
520 819
548 619
258 392
41 55
272 772
74 267
617 789
19 36
16 253
696 888
42 467
8 305
453 886
620 993
298 729
651 737
273 551
288 862
248 451
722 836
909 939
731 988
10 450
687 702
386 941
331 513
347 521
636 800
259 410
627 796
370 907
287 461
494 562
16 246
86 741
657 684
648 914
338 367
28 577
522 988
333 505
680 772
29 411
358 403
122 670
500 904
194 491
881 972
130 687
351 988
215 648
53 954
220 296
419 716
243 331
161 576
835 933
179 783
347 581
64 936
622 967
116 440
84 324
91 690
2 373
508 960
570 918
560 709
217 898
379 428
232 589
954 986
56 445
692 711
636 755
181 571
645 930
216 648
177 227
261 549
225 228
60 717
66 539
282 429
441 857
592 660
369 538
582 733
277 593
153 447
21 952
333 520
469 870
50 172
352 695
519 922
576 578
563 641
41 991
481 842
426 771
76 143
577 883
479 875
246 774
551 729
186 804
60 252
276 343
109 970
627 695
194 815
129 381
169 835
296 600
70 569
644 945
213 831
11 145
234 918
176 704
362 650
511 821
341 786
168 369
679 782
418 916
48 975
733 798
97 136
337 704
167 205
271 299
40 415
193 229
256 325
896 905
331 686
30 650
40 737
398 719
317 522
140 420
284 857
157 339
413 874
960 962
157 617
262 576
410 491
747 768
588 734
343 655
228 918
292 957
610 964
409 599
738 926
134 829
519 985
396 472
321 358
359 937
514 540
8 437
128 949
607 754
333 715
556 869
165 480
448 517
119 774
623 856
688 777
299 676
72 596
694 916
429 972
777 942
137 515
387 869
264 547
899 913
786 799
282 378
814 950
647 729
509 933
273 633
120 949
636 851
24 548
372 555
255 443
237 957
109 311
267 495
184 575
377 397
774 889
659 762
311 592
412 448
684 819
4 859
556 854
498 499
325 972
767 870
110 151
461 647
139 913
713 955
20 275
94 908
672 969
484 673
8 982
725 931
612 854
171 507
8 711
39 590
383 979
53 725
295 413
514 551
211 472
151 187
280 747
719 978
575 871
206 857
60 582
197 505
15 913
288 547
22 877
505 920
233 263
675 973
410 527
149 657
336 881
551 727
535 709
193 410
287 318
190 788
377 694
213 985
196 628
569 759
187 992
258 412
308 419
853 865
717 921
446 522
176 180
76 715
189 804
14 128
237 506
802 803
710 850
481 935
618 905
53 900
464 804
81 147
772 853
15 412
380 778
877 933
556 929
363 595
121 642
377 546
102 878
272 731
211 811
215 639
187 828
542 555
542 571
346 701
399 636
100 677
19 614
494 976
466 495
506 857
140 157
55 938
178 247
672 988
457 807
208 550
95 913
487 762
467 556
752 874
106 433
44 973
873 966
435 538
318 371
430 940
394 914
371 571
164 963
482 540
35 773
689 747
49 433
180 524
851 899
402 924
287 378
256 887
174 428
464 610
553 665
62 894
268 391
474 632
37 154
926 934
604 987
539 955
40 638
483 858
492 884
779 785
265 596
359 954
27 568
692 822
44 639
354 673
229 827
828 980
265 685
256 910
292 372
214 332
13 696
193 424
583 898
126 768
84 497
50 443
571 871
58 614
434 731
264 968
719 959
147 247
80 407
402 698
451 536
33 383
146 155
658 807
47 932
349 463
398 935
509 905
192 883
127 625
18 617
499 888
139 736
66 645
218 967
589 763
506 716
580 971
701 781
241 747
509 637
213 495
41 906
8 22
134 923
463 646
71 458
726 961
596 610
733 791
477 580
9 245
116 140
588 896
749 840
400 646
261 778
91 895
819 902
112 665
677 955
132 945
16 138
653 674
468 625
128 310
554 864
136 980
644 693
457 799
316 369
496 856
150 674
506 888
499 537
457 557
218 608
275 405
2 623
252 848
161 389
257 299
355 634
160 331
2 958
237 707
330 486
400 732
162 164
291 662
698 847
43 835
447 458
5 114
449 961
256 757
45 474
17 678
96 828
749 928
638 974
227 985
128 641
291 626
802 917
503 872
687 914
69 262
285 375
73 733
259 328
303 413
430 721
553 980
445 912
305 422
294 553
600 649
278 854
659 890
198 766
85 805
346 683
873 967
640 945
623 898
196 956
204 916
188 389
472 833
23 777
259 575
827 990
179 847
108 988
226 429
513 677
34 284
779 906
174 422
717 854
53 324
447 676
888 984
364 554
576 740
2 64
75 973
173 748
743 856
84 175
85 761
38 607
48 389
141 863
640 811
58 857
456 692
503 504
62 443
187 866
557 849
108 631
825 856
571 723
715 807
665 719
276 491
458 676
542 664
398 598
185 379
455 796
834 879
281 302
92 860
420 467
574 860
689 971
353 617
183 987
427 768
709 917
47 308
378 630
849 896
948 953
278 326
115 752
208 974
395 987
69 781
331 928
225 279
540 631
643 841
192 622
254 414
112 380
410 562
334 929
309 880
291 586
46 130
257 620
935 939
11 248
498 719
859 917
402 722
552 566
97 964
301 757
270 789
680 831
202 533
169 430
336 379
465 935
344 558
287 722
496 889
139 297
79 390
35 59
481 530
368 600
281 546
669 816
272 989
194 570
658 804
144 543
40 481
384 528
173 958
378 670
65 886
374 436
494 965
369 408
928 944
413 736
132 328
124 232
600 722
237 407
383 779
423 470
2 183
144 726
174 319
159 441
208 876
96 452
294 860
241 464
124 711
573 762
451 725
54 885
125 450
381 832
823 850
178 925
771 903
72 865
225 513
27 353
392 478
448 685
261 832
845 891
342 955
329 656
70 464
303 519
508 683
274 334
372 456
231 262
198 254
19 343
45 686
1 695
66 442
606 623
374 897
517 775
97 715
108 704
410 560
72 146
16 420
325 391
507 791
541 908
559 680
254 369
603 948
289 965
18 894
591 834
111 192
613 906
207 640
534 687
679 969
758 904
22 86
298 732
512 839
195 644
321 897
563 924
772 849
786 812
406 669
543 780
79 436
563 690
147 718
253 610
14 825
517 847
19 735
531 582
229 497
725 817
130 212
664 898
479 983
575 607
153 804
244 359
232 968
806 869
62 118
483 942
75 919
13 712
298 577
77 543
192 446
575 894
323 561
229 396
6 960
723 767
85 159
14 390
739 972
13 182
584 800
794 875
427 590
7 807
273 807
84 257
384 897
626 831
231 381
344 854
236 581
35 314
585 964
481 623
707 805
493 510
371 392
228 738
881 954
691 745
150 748
534 947
648 782
163 948
932 937
91 216
250 441
405 945
137 947
429 843
755 922
71 277
216 504
100 808
381 476
530 791
227 661
794 983
70 366
301 746
10 961
312 370
134 636
270 318
586 747
37 265
313 592
335 727
66 736
120 827
541 542
649 688
125 636
486 491
235 625
634 711
26 119
172 923
244 661
251 361
397 910
505 515
709 769
156 368
754 902
219 487
60 366
490 907
396 615
243 980
550 695
588 796
640 722
305 679
43 965
475 799
440 909
72 227
382 601
358 440
287 846
577 652
487 825
66 443
49 802
355 605
404 663
307 862
49 544
531 934
9 586
736 945
837 962
441 937
300 348
554 718
149 298
130 974
195 704
340 429
163 945
703 826
272 568
136 321
35 666
258 621
594 913
434 489
429 878
149 794
515 648
623 797
672 733
360 694
866 953
32 789
495 821
17 777
67 832
21 337
421 514
18 561
54 350
231 371
88 402
54 300
603 842
259 770
387 517
386 618
343 410
88 337
38 825
104 891
360 869
294 831
396 873
146 231
449 522
376 770
595 609
135 743
440 516
393 956
902 931
169 265
264 522
92 256
359 559
351 902
718 737
514 564
136 795
504 659
240 954
277 768
24 553
823 912
219 539
365 792
73 976
337 533
501 708
428 979
70 334
254 787
817 990
129 224
535 882
632 774
828 839
315 466
292 851
151 314
430 862
503 598
54 841
266 759
190 761
168 830
421 443
356 540
242 763
484 776
39 568
330 474
867 939
641 645
234 715
663 954
475 580
169 424
528 847
292 609
41 777
45 403
201 504
362 759
166 190
142 677
205 535
11 991
477 655
630 635
293 513
296 872
385 987
299 519
235 828
195 730
608 695
598 808
122 280
94 312
235 445
569 988
2 769
169 563
202 576
798 868
17 714
624 663
401 882
66 556
713 716
324 750
271 414
55 535
148 470
766 835
302 758
74 407
679 970
162 179
95 879
728 966
633 896
300 355
421 518
234 775
140 529
473 477
531 719
11 193
679 777
31 980
357 458
60 974
59 330
158 424
128 938
155 837
430 680
60 201
835 850
354 909
287 830
9 385
364 395
121 962
71 95
472 866
428 843
452 757
609 821
105 762
179 656
339 602
582 608
381 459
420 732
293 626
485 677
634 769
675 992
10 734
523 745
176 402
369 853
114 853
385 957
875 961
139 401
223 667
602 982
51 325
264 337
822 950
507 940
514 855
185 251
850 865
270 774
29 66
46 881
179 350
761 974
314 820
378 457
283 490
62 460
398 527
480 723
143 667
656 906
15 445
313 827
524 864
502 892
467 509
608 697
461 737
54 585
284 882
430 693
88 491
157 614
809 879
17 951
469 922
531 914
281 856
150 723
652 804
316 539
42 159
778 843
431 619
752 823
185 236
323 519
595 676
408 856
398 872
362 866
718 812
497 703
96 853
224 819
428 682
59 389
840 901
171 382
256 842
128 411
30 567
625 654
165 513
36 562
309 318
352 946
53 58
69 446
589 830
261 807
274 865
37 650
690 740
339 865
466 585
279 534
932 952
83 121
38 449
602 677
275 873
248 626
75 851
316 684
46 584
777 865
518 911
524 734
76 181
392 685
461 590
222 417
224 526
457 894
262 978
456 574
123 855
629 703
117 938
316 700
184 984
481 818
218 621
265 801
213 576
489 673
169 631
13 614
469 774
511 955
8 371
149 415
41 130
167 777
96 899
866 886
200 270
627 820
407 891
539 545
470 953
136 558
148 507
176 285
537 686
243 907
614 657
59 663
618 755
520 829
619 850
53 409
808 955
139 793
261 769
242 597
217 732
724 799
800 894
12 340
174 504
121 170
148 831
372 783
536 902
675 891
78 223
648 885
181 444
943 949
544 704
114 840
279 832
82 567
498 730
237 341
430 672
277 426
577 979
402 797
518 611
81 515
728 833
324 933
95 270
718 805
733 918
561 932
52 673
17 406
278 469
64 562
627 838
208 409
129 821
262 529
529 739
495 777
104 180
274 431
239 293
30 911
80 476
753 961
447 897
82 915
98 644
725 899
311 405
149 852
384 440
182 331
31 833
16 597
31 54
210 346
124 190
269 295
179 519
25 885
27 996
97 804
626 670
821 994
596 936
67 299
397 900
401 736
1 427
480 671
31 880
220 745
924 960
409 446
142 353
141 335
62 379
238 968
607 978
546 966
36 498
401 765
169 352
60 778
169 730
119 181
534 845
259 461
667 808
826 950
84 939
14 322
65 171
293 671
153 182
141 570
137 905
488 970
33 77
165 189
289 682
219 283
138 541
679 865
131 429
74 818
512 832
315 497
607 922
91 994
231 709
567 765
59 540
135 177
365 492
178 219
502 574
316 631
962 995
17 499
241 347
10 778
324 992
278 917
369 850
562 915
485 519
331 578
507 945
440 632
791 851
288 537
276 853
241 918
421 771
121 177
186 581
576 818
20 509
363 496
388 414
826 844
98 819
407 767
524 959
130 319
587 813
92 526
363 448
137 252
429 788
177 372
534 994
47 947
17 366
324 329
176 700
74 522
194 400
212 717
341 362
178 955
485 927
189 293
361 852
349 643
445 709
246 934
363 804
212 299
173 540
623 792
616 636
317 829
19 528
381 549
508 789
478 639
587 912
767 852
204 947
333 579
270 569
824 931
77 956
169 233
419 775
58 961
201 394
413 806
279 649
441 713
114 706
83 621
700 934
311 570
62 643
152 630
896 912
484 908
716 855
197 996
495 880
175 808
5 980
144 653
182 776
97 887
99 890
431 593
741 953
18 167
238 387
222 567
54 137
53 911
689 969
112 187
286 852
856 915
189 978
371 432
528 758
181 651
547 612
247 503
276 333
520 663
10 491
627 804
63 777
462 751
493 749
604 858
696 698
384 806
677 815
180 438
267 361
12 813
179 892
171 319
511 758
5 753
481 767
552 749
261 933
13 423
204 429
50 536
899 919
500 855
658 955
924 937
319 869
134 740
51 978
224 481
739 977
429 486
461 957
181 721
523 813
245 653
192 727
214 629
35 72
132 692
30 989
268 539
202 861
321 911
183 545
315 841
525 720
273 905
373 680
496 549
205 895
625 660
396 793
258 350
309 865
45 814
301 583
6 85
326 704
886 915
234 870
398 730
922 953
306 557
218 774
117 972
636 978
298 741
352 918
220 647
151 612
371 954
118 959
456 822
288 294
162 631
365 527
404 559
210 785
428 960
562 855
464 464
128 414
761 766
331 966
120 985
862 942
64 490
824 865
116 885
83 519
277 529
755 803
932 933
463 815
364 945
674 747
11 412
96 874
776 843
426 685
372 962
376 550
378 435
164 243
246 413
681 689
488 775
367 630
344 750
369 707
698 962
113 457
254 972
208 752
101 633
66 440
909 924
361 362
290 525
524 622
209 690
314 388
601 696
43 938
310 354
669 971
49 275
87 170
214 302
322 921
284 766
308 694
197 668
406 975
116 503
32 726
265 711
117 330
785 974
62 292
287 880
36 481
42 848
73 651
175 495
395 941
702 779
558 895
373 456
224 409
175 958
138 592
174 440
148 841
136 152
210 438
245 935
786 839
207 493
381 859
257 987
325 689
802 958
254 507
262 731
143 662
719 905
268 735
499 893
48 336
545 635
405 573
247 709
283 915
145 659
220 570
401 544
262 282
270 689
531 535
121 423
251 673
331 839
439 735
694 830
388 702
111 242
870 880
166 277
709 936
310 928
429 630
395 610
664 911
302 370
118 644
490 711
332 815
257 961
714 987
692 950
105 115
722 985
3 904
74 616
304 858
290 467
853 862
688 899
125 449
61 487
470 768
201 586
165 721
711 762
635 879
407 903
132 749
577 811
54 885
116 831
112 583
124 964
368 943
655 736
71 635
226 758
108 346
348 829
113 511
313 543
748 869
139 420
921 950
916 974
36 758
789 809
538 852
756 825
335 718
564 708
710 969
81 470
59 737
489 909
375 769
440 721
248 860
172 780
699 733
69 414
654 797
195 206
573 961
214 939
299 507
192 842
140 235
198 272
104 971
607 743
331 478
107 645
194 886
736 846
588 725
246 263
468 525
21 360
303 353
155 571
729 996
762 868
234 953
69 128
60 595
458 790
896 926
43 106
762 785
377 889
75 490
542 934
463 901
735 955
33 207
229 935
32 991
265 726
715 867
312 927
105 313
242 308
5 413
285 789
97 98
89 587
171 550
525 553
403 455
291 581
435 520
466 520
169 434
304 650
883 961
154 200
461 985
441 989
645 794
702 891
710 741
482 832
264 926
388 638
332 679
222 686
122 661
75 555
644 830
716 858
16 528
516 915
280 396
193 429
54 924
88 589
489 763
424 946
418 731
587 669
333 729
278 454
352 393
12 146
870 915
446 862
700 805
124 961
313 979
317 907
324 366
53 499
732 842
73 918
429 576
741 909
161 938
366 553
213 298
131 699
91 484
576 895
187 460
22 170
258 773
62 996
418 501
34 236
263 952
308 758
384 968
544 590
909 956
20 45
177 638
175 267
125 670
85 232
26 134
321 826
284 320
704 807
657 841
919 940
251 796
183 600
143 194
646 971
73 665
20 249
114 227
271 515
599 784
502 837
624 742
586 827
396 981
535 641
160 478
563 955
87 648
61 710
280 706
352 685
295 624
521 600
118 737
524 711
217 636
263 364
869 878
94 863
269 548
428 507
29 990
307 596
80 367
310 359
914 993
211 630
233 541
281 651
270 365
805 905
92 581
91 383
104 881
153 249
651 755
500 599
726 748
199 747
17 428
29 929
345 658
143 885
793 890
83 169
161 893
662 907
2 905
48 789
105 296
676 861
284 970
278 642
14 396
30 392
421 823
171 958
2 24
812 975
148 816
894 896
805 960
481 868
528 726
580 750
444 743
429 637
627 648
282 661
26 593
610 769
491 933
859 935
434 838
253 750
567 905
72 788
375 553
104 580
4 163
747 854
206 527
178 387
588 832
758 778
184 291
121 550
332 701
138 975
173 728
1 310
298 301
593 789
372 853
616 777
393 454
527 980
599 833
81 354
344 758
135 527
52 604
567 672
545 936
32 809
42 196
33 414
343 821
119 926
116 545
569 895
345 858
460 473
101 553
444 733
315 868
286 891
395 461
334 958
690 926
45 366
398 732
458 994
142 387
116 177
15 852
713 745
221 279
96 380
694 828
12 823
619 717
18 297
102 178
271 947
636 868
523 991
453 953
18 520
555 759
194 534
569 939
250 848
83 265
151 776
17 973
635 707
8 614
572 635
105 843
585 972
402 579
279 498
937 951
296 634
490 496
171 984
341 352
354 755
605 905
134 621
760 882
180 419
671 767
57 792
437 641
767 839
143 189
41 98
129 336
624 731
745 821
20 612
165 370
374 690
279 427
84 234
190 413
502 877
88 558
444 672
122 362
206 264
246 550
361 679
15 502
250 306
756 837
270 920
211 563
409 533
767 989
102 492
103 913
110 898
394 573
515 554
759 935
408 778
63 925
90 430
316 993
672 679
156 868
286 516
52 354
346 694
109 818
368 921
269 941
34 338
507 762
620 852
270 554
31 198
41 536
452 627
229 356
128 511
21 643
374 717
334 694
436 640
11 443
280 387
199 313
645 880
500 820
13 503
454 973
130 512
494 676
849 884
15 824
283 844
3 657
222 274
337 781
699 709
791 988
89 909
225 733
793 964
157 299
133 896
29 752
169 565
452 704
21 531
304 386
299 962
306 520
239 562
224 868
18 264
353 779
7 846
9 642
85 890
789 861
138 536
702 817
444 705
77 645
382 895
197 948
178 347
505 636
739 859
7 376
159 796
279 645
85 207
211 895
292 991
429 687
428 530
54 158
50 871
689 803
431 674
777 885
524 851
205 594
306 581
105 520
659 798
663 750
880 924
219 561
252 874
407 647
599 700
393 485
211 749
86 103
884 890
739 799
8 418
256 723
508 695
170 748
416 421
343 832
304 317
181 562
212 488
90 507
832 911
482 504
125 487
13 607
381 409
671 718
416 926
364 923
115 544
16 959
535 768
305 838
88 786
495 938
449 918
584 753
363 985
180 488
476 786
420 856
94 119
534 577
939 940
381 486
59 316
448 513
87 672
94 275
216 462
383 588
95 584
59 947
84 238
358 559
28 697
146 418
790 914
599 732
857 899
221 835
219 588
225 272
183 546
319 644
761 826
30 349
8 921
8 219
246 496
273 566
196 903
338 905
820 856
600 640
759 780
359 977
291 550
205 473
99 443
121 779
70 273
51 197
78 269
204 243
684 689
435 799
515 772
338 707
350 631
313 857
53 139
213 343
418 688
786 816
780 856
56 489
539 845
172 842
295 808
88 415
522 983
218 501
217 924
758 768
198 539
84 170
297 597
289 513
252 634
417 994
31 486
393 875
564 945
721 756
808 859
94 765
231 254
190 470
159 867
241 276
325 409
445 926
541 877
138 178
52 135
82 514
541 826
489 957
394 601
168 176
181 332
585 860
53 412
59 490
219 840
172 765
133 543
7 101
238 930
104 981
293 618
67 753
447 943
245 760
332 467
798 855
512 719
387 923
365 691
416 534
104 583
50 626
157 726
56 90
160 884
180 990
697 976
147 932
100 922
392 827
431 685
114 862
327 500
709 938
48 784
370 395
24 72
228 419
395 670
237 557
230 554
174 656
130 591
55 240
70 610
367 960
480 675
5 825
537 899
686 942
341 505
576 975
284 318
803 953
712 959
189 513
92 112
241 362
601 602
215 216
582 671
178 269
923 981
193 803
139 383
412 887
390 399
466 602
192 627
342 559
154 991
266 530
87 811
426 688
416 641
10 903
4 226
130 278
470 926
313 852
267 528
203 846
577 589
207 452
14 780
469 854
918 924
14 123
548 733
72 622
193 448
81 338
278 371
301 388
243 667
119 533
430 655
926 964
247 419
31 56
352 524
200 884
446 926
102 133
397 754
173 509
125 253
496 767
158 450
120 716
252 320
238 669
126 906
77 598
464 654
27 816
101 910
546 935
71 759
79 567
739 745
588 869
358 991
288 364
7 435
484 674
178 641
88 267
766 864
84 234
110 441
542 969
907 939
11 701
578 897
645 699
240 290
155 438
567 645
518 921
652 921
519 749
566 785
255 756
572 839
488 933
380 948
478 890
210 408
111 514
217 905
149 675
36 426
303 993
681 820
256 837
359 745
8 234
67 764
488 639
526 896
478 575
279 972
291 489
303 805
212 519
197 941
280 370
153 582
366 833
127 325
12 989
485 935
226 552
702 714
114 232
613 688
629 811
583 919
223 885
647 741
100 591
379 858
14 961
250 880
209 766
376 697
201 781
347 635
256 341
289 980
492 516
44 896
330 482
553 882
370 533
217 390
78 127
11 688
11 492
181 696
476 620
396 820
35 260
90 435
73 295
706 723
588 622
749 838
27 634
314 397
90 530
137 706
317 528
147 538
327 808
158 431
553 803
175 982
184 587
341 801
67 257
510 764
182 609
605 635
816 918
905 951
372 580
899 961
112 897
440 628
358 597
63 84
74 157
580 986
330 340
385 516
316 894
284 924
808 996
483 815
437 650
25 643
21 608
837 923
286 639
468 916
450 803
4 876
526 989
459 866
242 763
305 557
508 581
405 580
320 887
318 889
247 960
267 913
491 759
27 53
48 495
850 969
944 972
474 649
32 884
129 263
487 794
298 605
929 995
238 877
198 819
70 130
82 962
256 572
283 724
625 691
517 697
545 644
117 492
41 299
148 223
347 862
710 951
163 628
44 884
626 785
161 834
242 615
791 799
446 734
77 282
140 773
604 798
293 340
301 641
511 788
523 857
156 573
656 731
538 783
571 699
88 779
408 702
25 130
496 758
492 575
635 959
188 760
242 448
882 972
486 748
194 594
90 266
350 996
56 745
367 458
545 627
150 954
170 174
8 586
502 851
1 733
140 189
302 496
471 636
107 307
700 876
145 500
710 769
64 458
521 825
375 825
974 985
79 252
71 259
664 841
664 761
577 900
772 992
125 331
232 386
265 637
61 851
409 564
392 829
26 657
770 833
821 951
207 667
657 899
465 486
229 501
1 154
53 845
177 912
180 301
328 816
183 565
796 893
629 746
288 691
124 209
164 384
54 865
290 687
710 754
134 177
250 903
54 875
98 965
197 971
269 303
17 833
485 732
154 649
364 937
493 845
232 980
576 848
206 865
539 915
622 635
53 448
106 884
326 901
301 991
102 263
38 603
11 20
668 769
57 164
528 928
512 549
48 84
289 363
821 912
127 457
99 459
266 905
125 154
119 171
192 374
381 976
229 320
906 917
908 990
439 973
445 921
870 924
237 492
136 327
183 977
440 784
281 612
405 705
765 795
143 523
824 986
42 138
67 948
974 975
941 951
337 785
210 320
633 731
446 688
62 347
765 870
155 786
380 414
148 479
213 922
122 210
252 749
180 735
123 158
713 983
32 969
351 691
182 327
6 548
935 983
808 894
683 751
54 962
20 445
121 232
331 370
42 274
453 502
624 696
332 530
530 561
224 304
486 832
471 837
37 409
743 930
220 497
106 536
550 555
470 670
707 759
900 920
425 800
276 419
805 968
501 751
58 369
124 725
119 543
499 880
527 626
352 666
126 887
595 691
164 366
76 189
32 922
645 895
174 457
68 428
818 978
270 929
577 795
314 342
197 695
145 760
116 823
730 868
425 922
291 467
575 588
286 514
184 606
66 82
149 357
258 414
346 886
448 685
761 842
540 946
629 957
604 703
337 744
575 670
45 761
273 960
170 539
148 706
353 787
134 630
547 856
665 887
258 812
273 577
22 142
40 899
643 771
438 605
183 899
111 584
147 991
605 856
164 485
516 753
195 806
54 69
276 956
11 639
217 911
159 587
57 546
747 977
192 505
14 188
299 608
597 674
213 376
283 296
780 955
731 975
764 800
32 959
590 759
889 895
479 505
481 973
873 944
139 231
382 418
72 989
636 669
586 768
868 964
67 748
798 826
513 726
601 677
283 395
271 287
101 695
78 685
179 632
329 870
255 690
746 762
167 306
354 753
77 321
144 624
374 988
637 861
465 806
205 238
428 667
491 767
100 126
224 764
638 731
345 552
221 812
110 979
446 463
523 655
202 703
586 615
450 495
175 305
412 834
424 429
839 839
194 884
878 938
111 593
439 582
254 937
50 803
156 252
432 730
58 694
203 932
350 592
572 767
329 654
86 182
752 941
866 925
786 828
747 939
109 382
322 444
250 362
291 438
422 642
39 171
26 620
215 242
376 813
901 949
7 66
39 817
883 947
686 778
356 672
640 974
88 464
219 746
257 430
187 678
357 991
614 637
383 798
678 749
534 653
599 630
588 659
420 609
29 474
70 311
305 950
768 963
41 185
298 517
614 623
609 895
455 980
146 286
256 894
790 963
471 596
53 392
108 731
581 582
680 892
570 984
536 765
755 806
196 641
27 258
818 841
721 786
300 852
10 555
669 892
143 268
412 580
116 519
314 617
23 993
432 593
200 980
52 659
692 925
774 871
595 870
579 716
19 240
169 434
107 493
65 761
169 396
284 344
577 834
820 856
255 494
372 397
344 375
59 303
39 832
178 828
351 813
411 590
751 844
247 758
742 870
43 927
61 274
246 894
70 771
268 674
49 244
618 664
392 643
351 921
22 478
182 748
592 754
261 508
360 939
233 754
604 685
275 665
441 878
562 652
239 510
753 839
208 507
375 519
153 219
550 869
55 160
222 833
482 566
344 845
21 344
82 948
276 625
427 616
101 716
82 149
260 841
467 822
120 351
423 985
258 778
337 972
117 752
173 321
516 519
90 862
91 536
85 813
352 366
6 511
373 512
74 632
356 895
22 626
926 934
52 195
707 944
462 531
64 703
502 703
142 712
368 598
104 802
171 682
196 376
96 748
90 707
303 983
244 904
612 842
173 584
800 956
451 491
185 514
117 807
20 259
307 522
327 856
410 461
418 785
513 656
286 456
522 758
192 430
5 804
98 275
234 311
761 897
85 644
198 761
137 892
417 939
443 798
664 773
85 262
481 837
517 937
43 46
238 618
472 543
666 961
195 560
460 899
467 955
76 464
231 279
173 213
575 616
283 890
75 351
367 752
831 883
692 796
233 925
37 320
695 917
258 985
35 888
637 989
105 278
69 508
201 383
600 918
413 775
130 204
407 570
241 801
377 416
40 225
648 993
347 545
453 833
524 868
165 264
541 780
269 848
52 571
52 571
493 747
616 983
393 796
110 600
486 553
19 593
630 666
98 509
345 932
380 551
136 814
544 916
359 732
330 767
226 739
638 901
489 807
258 288
204 367
676 887
772 825
272 405
494 700
350 503
49 973
184 729
196 790
23 152
790 927
156 402
306 452
714 860
116 971
71 239
341 957
36 915
110 705
202 360
810 862
471 778
123 758
552 881
318 904
168 623
28 617
72 244
253 957
369 931
5 931
195 527
365 881
150 589
475 509
208 710
105 295
56 985
147 789
465 607
154 696
316 552
181 795
307 434
161 675
529 722
85 172
643 885
537 792
15 397
31 305
142 519
130 135
281 574
105 918
538 665
141 258
358 853
84 855
534 711
244 436
66 329
608 629
68 137
424 534
82 648
143 564
170 618
272 664
113 818
407 688
650 865
427 547
226 405
430 857
673 858
216 844
743 921
62 476
810 899
515 811
2 471
640 953
148 619
227 360
261 914
766 830
236 782
180 928
609 641
422 788
7 206
50 269
744 750
31 563
545 647
121 378
254 546
88 680
402 827
448 582
217 744
335 450
453 515
17 381
47 92
172 438
98 707
222 767
172 454
24 254
551 717
64 186
664 804
209 274
494 721
161 710
49 857
233 610
483 910
249 449
5 607
23 621
237 762
610 789
46 933
573 634
596 617
324 759
36 204
452 617
166 676
536 778
214 311
696 769
225 937
68 229
467 688
251 703
