aababbbaabbaabbabaabbbabbbbbaababbabbbabbaaabaabbbbabbabbabaaabbaabbabbbbbbabbabababbaabbabaabaababbaabaaaaababaabbababaaaaabbaaabbbbbbbbbbbbbbabaabbabbbababbbbbbbbaabbbbabbabbbbabbaaabbabbabaaabbabbbbababbabbabaabbaabaaabbabbbaaaaaaaabaaaabbaababababbaaaaaabbbbbabaaaaaabaaabbbaaabaabbbbbaaababaabaaaabbbbbabbbabbaababbabbabbbbbbabbbbaaaababbbabbaababbaaaaaabaaabbbbbbbbabababbaabbbbbabbaababaabbbababbaabbababaabaabaabbababbabaaabbabbabaaaabaaaaabbabbaababaaabaaaaababbabbabbababbbbaabbbbabaabbabbaababbab
4079
218 300
198 278
198 245
272 411
22 311
110 367
135 210
5 299
223 235
62 124
257 468
44 381
31 194
68 82
389 506
15 234
214 402
289 379
343 354
368 449
32 332
32 95
64 319
124 448
305 461
40 290
4 422
259 364
433 450
141 198
5 259
232 340
190 410
459 465
139 271
253 342
98 211
122 447
254 310
359 421
177 323
123 416
105 425
315 369
17 441
118 497
446 507
139 343
390 467
425 448
41 258
31 162
175 295
137 308
27 269
38 293
75 468
428 457
284 295
106 390
24 172
237 419
189 420
242 504
288 295
24 279
310 465
120 150
219 494
46 209
419 488
64 479
9 323
18 300
306 474
31 243
198 267
31 421
210 472
98 332
228 405
304 495
200 297
315 482
144 436
94 258
64 171
34 416
81 401
404 475
323 379
22 353
178 182
103 235
78 378
379 390
179 428
224 464
183 216
22 118
191 405
241 340
14 149
242 431
39 498
68 247
387 434
86 215
158 214
133 250
43 373
56 164
30 398
102 217
283 427
422 481
72 215
471 501
179 393
163 306
203 258
283 483
323 400
94 114
152 343
237 321
154 335
230 356
148 319
70 233
310 331
73 474
116 486
266 457
464 472
20 451
487 491
91 499
231 315
47 276
71 398
125 380
54 130
103 117
190 294
254 435
116 209
13 475
42 362
37 408
17 470
119 235
350 382
294 348
359 465
6 155
92 288
271 467
105 320
301 430
17 477
217 395
66 126
63 335
116 335
352 505
212 221
177 233
73 82
147 255
302 427
295 418
40 413
71 297
136 402
147 331
189 421
64 253
252 331
46 147
38 45
199 504
133 155
161 378
123 276
117 327
27 44
44 325
97 388
92 359
114 396
243 475
353 409
87 506
49 343
278 412
99 207
19 415
443 467
247 295
334 335
319 464
133 175
198 259
265 382
284 470
87 225
152 244
179 240
461 492
85 178
28 362
59 488
229 287
288 461
446 502
83 109
126 398
56 408
115 361
139 234
16 38
79 201
363 427
27 409
286 480
163 257
182 204
43 86
14 321
199 249
169 341
1 379
64 97
457 504
261 492
9 96
139 195
7 463
228 270
152 493
156 493
123 180
168 282
195 379
43 293
286 450
445 506
366 368
231 261
148 284
2 349
294 461
396 443
97 173
118 139
249 308
360 458
373 396
268 369
149 353
256 462
289 413
128 392
151 198
54 492
178 322
196 462
57 76
92 205
38 309
11 106
170 487
228 471
353 410
173 432
200 343
17 222
18 464
4 65
179 244
313 319
112 256
363 386
214 297
220 501
19 296
83 274
261 419
4 147
404 408
33 44
379 463
273 459
303 452
235 471
157 395
124 442
99 180
21 414
481 504
185 409
80 471
34 464
107 313
305 308
94 297
76 272
7 27
409 423
77 191
361 377
17 405
140 453
221 306
315 432
24 247
50 100
78 376
149 213
67 460
83 407
49 356
233 352
139 182
308 441
222 423
373 507
178 250
308 366
43 179
59 234
208 290
223 400
89 219
335 370
19 81
282 498
54 400
287 328
344 401
2 84
138 455
125 431
382 408
47 78
22 253
316 342
151 263
230 371
171 423
317 414
377 440
290 420
283 348
300 364
434 494
478 486
102 130
124 439
107 276
338 485
27 70
148 471
377 471
124 205
189 302
103 383
80 240
120 327
125 342
19 103
31 69
406 461
323 408
265 496
12 420
208 400
105 256
292 441
99 127
321 440
237 364
273 285
186 441
170 317
315 410
281 322
19 27
135 461
394 495
35 441
11 504
37 321
380 417
115 166
150 213
75 425
79 427
347 490
22 280
2 122
217 290
366 464
274 322
261 458
417 424
30 279
134 375
54 224
226 334
36 423
39 68
39 459
87 350
107 308
358 371
252 391
414 422
232 449
295 411
194 232
151 255
225 377
179 471
178 471
252 405
17 135
432 455
1 298
154 343
319 326
241 326
97 207
82 92
95 123
136 310
4 313
79 222
19 276
210 414
185 205
165 262
140 259
23 368
15 73
338 374
390 449
246 415
345 389
183 388
160 409
309 453
50 243
49 422
28 337
116 462
190 400
163 441
10 41
82 494
202 418
1 89
47 84
327 359
439 449
245 506
197 415
202 466
176 181
217 299
144 186
27 275
53 460
14 467
319 343
37 175
73 337
9 119
185 245
98 119
32 204
177 353
23 86
359 482
80 147
140 386
114 479
67 287
447 504
88 303
74 84
37 403
102 263
40 473
175 473
247 252
132 199
358 473
19 187
113 365
161 411
171 472
177 469
42 253
216 328
155 290
5 439
116 314
213 360
108 112
176 255
307 368
163 232
80 466
113 315
236 316
114 439
16 167
67 202
343 351
98 439
299 382
114 241
8 478
15 205
382 491
353 396
50 92
248 448
150 382
392 505
90 464
5 129
17 237
139 300
211 477
23 247
54 288
109 421
135 476
411 474
321 490
56 145
252 349
111 200
18 294
208 220
158 484
126 301
45 326
152 357
76 339
148 176
12 307
142 304
244 264
270 278
23 71
65 283
140 143
332 433
52 67
239 367
49 107
118 356
153 384
211 453
322 350
35 258
90 191
396 472
232 468
412 482
48 434
97 208
245 348
236 382
185 317
346 449
182 310
228 288
159 385
216 257
239 346
312 428
81 502
304 502
73 344
172 246
46 143
82 480
36 502
423 488
318 434
357 360
24 387
120 308
164 352
124 176
75 301
110 277
207 330
129 458
147 493
27 307
44 496
28 309
32 231
60 246
371 385
68 247
62 122
74 124
279 493
19 166
33 183
85 152
241 318
127 432
285 373
33 342
42 290
47 168
177 243
184 477
163 409
87 300
51 122
138 393
482 506
148 425
113 263
259 300
72 504
249 400
105 317
158 469
33 502
365 447
300 364
135 230
22 380
416 488
49 409
79 119
96 300
4 410
386 493
10 174
379 424
244 421
196 243
107 436
147 292
156 486
3 187
52 443
36 459
50 333
179 461
146 183
270 288
151 366
378 402
224 398
120 406
442 453
59 114
321 349
167 441
365 486
226 351
158 221
229 440
77 334
57 70
201 444
85 153
240 412
234 474
328 415
351 383
169 414
127 435
182 288
210 225
290 504
76 467
67 486
319 386
95 305
383 430
201 240
65 186
358 505
176 380
234 467
317 325
12 411
67 422
12 461
207 361
370 469
303 346
136 415
27 466
29 163
280 338
53 213
230 367
415 418
71 402
372 388
344 407
172 210
80 267
176 210
111 411
74 348
330 416
159 195
94 277
256 278
234 430
78 397
145 384
205 384
66 218
11 180
1 412
85 308
62 246
241 486
13 260
64 80
356 416
23 291
391 434
15 486
315 483
126 378
37 346
334 387
74 96
1 293
54 334
320 356
150 402
121 409
55 239
142 444
319 320
266 492
90 276
444 450
172 431
153 348
14 111
185 479
140 141
105 348
31 120
74 196
60 410
247 434
194 265
218 269
77 200
155 159
192 268
27 290
154 347
90 98
73 142
99 306
189 401
19 82
79 296
219 243
190 316
78 366
438 445
15 186
2 113
396 491
440 495
200 494
44 399
173 315
79 316
10 66
11 211
186 457
66 250
236 411
170 493
117 181
168 453
62 252
289 504
219 286
342 414
300 336
59 361
112 368
97 139
37 160
188 208
250 335
277 297
12 313
368 405
174 384
415 497
260 365
291 308
277 328
120 279
227 449
357 462
329 361
181 462
370 464
296 423
374 434
166 348
85 103
386 421
467 506
155 307
82 226
209 286
47 71
261 283
45 409
160 349
9 73
124 159
310 450
360 465
195 415
71 283
82 245
316 319
244 352
26 57
114 242
201 353
44 384
389 479
22 37
187 196
109 393
201 261
249 439
121 218
366 494
126 334
85 230
67 351
126 294
18 63
334 462
209 303
116 482
117 261
144 393
190 361
200 434
86 423
257 390
117 201
233 462
147 212
69 136
276 478
71 185
31 417
91 375
154 256
23 237
108 309
177 229
60 143
48 459
22 211
72 410
242 491
161 478
332 491
100 477
209 307
194 353
239 450
181 328
144 409
315 430
255 256
225 375
393 420
387 499
23 349
263 323
35 414
218 296
247 336
168 207
114 372
228 243
303 479
83 248
64 456
23 213
110 196
171 359
128 392
123 230
103 507
151 435
18 343
91 437
23 473
3 9
159 394
367 494
75 178
307 382
247 307
54 208
90 451
243 462
256 474
52 454
167 172
155 276
106 140
314 489
93 271
183 255
110 336
39 449
154 263
103 267
82 346
452 499
167 203
141 356
130 446
358 490
57 440
447 475
330 473
357 415
81 417
247 418
349 396
179 335
46 108
280 321
445 467
31 195
161 486
17 148
346 457
384 480
206 502
182 426
222 374
17 497
117 430
161 436
99 255
165 364
196 331
176 416
311 381
400 437
111 166
127 506
188 191
68 499
13 385
77 169
325 441
95 206
123 201
112 281
132 464
96 387
308 445
213 357
134 450
108 183
261 297
262 417
373 399
242 335
281 410
89 110
218 435
185 267
333 470
274 396
148 394
117 178
210 312
137 429
22 391
34 447
306 435
127 403
193 428
98 357
179 436
73 329
163 329
156 163
311 395
83 138
1 207
249 448
245 280
356 389
229 319
74 404
5 230
326 405
53 460
356 443
163 495
367 389
63 418
7 314
211 360
102 449
12 324
176 497
169 444
171 475
36 463
288 429
335 402
180 349
328 371
174 390
51 100
343 397
195 359
143 335
301 305
420 468
67 303
47 416
149 359
153 279
66 350
37 200
255 452
246 458
329 464
69 106
305 342
351 384
224 464
60 328
406 498
59 80
108 361
104 251
104 432
136 169
141 209
19 437
75 149
211 266
177 504
36 477
63 286
75 239
200 221
245 276
206 223
58 141
92 440
125 345
123 243
487 502
15 271
37 451
61 436
147 333
62 480
360 400
61 224
70 171
9 295
281 402
51 372
40 329
236 315
36 220
393 496
269 400
238 467
279 340
42 458
305 345
381 457
148 416
102 120
61 241
195 483
40 44
176 214
72 118
126 395
85 225
36 345
178 220
55 116
178 308
201 308
17 143
312 330
67 76
31 232
60 161
176 335
66 377
21 207
173 197
176 274
32 61
189 264
11 171
249 294
58 460
82 307
124 303
251 503
36 50
366 450
67 211
141 442
103 461
19 423
121 292
224 351
236 283
214 304
20 92
78 496
37 349
122 406
375 477
166 494
34 137
315 397
347 500
144 168
496 498
137 402
162 351
55 278
85 114
249 469
57 255
270 425
122 135
107 375
2 414
96 221
78 304
213 229
133 506
125 199
273 292
299 493
288 357
38 75
289 313
4 471
63 465
226 378
471 503
1 47
1 37
44 491
140 332
48 349
25 480
91 348
42 257
314 481
24 110
187 225
388 481
76 261
147 330
2 180
112 213
404 431
293 401
235 357
101 372
173 323
428 464
274 471
5 278
209 295
35 344
104 232
41 88
89 99
101 292
79 466
304 400
182 416
402 506
286 346
347 376
30 164
181 436
31 472
18 304
253 457
48 470
308 406
376 484
108 394
59 489
4 217
38 414
236 298
283 425
40 503
43 371
78 354
417 493
429 482
94 178
145 195
296 419
275 458
153 431
260 325
117 318
415 473
271 354
133 139
59 315
56 473
416 444
196 223
39 486
126 380
222 418
378 507
152 502
76 473
273 332
54 475
19 470
180 291
280 490
116 291
319 494
80 463
184 194
169 252
214 447
76 427
70 434
140 239
133 388
278 437
371 410
77 190
340 403
78 187
44 239
33 144
110 438
179 424
325 436
110 192
445 456
315 479
316 466
143 252
370 398
198 214
37 212
168 334
315 325
96 413
174 347
57 365
417 478
197 354
207 295
35 193
34 408
178 497
96 340
282 298
41 397
480 489
164 271
103 388
93 277
452 506
423 467
24 277
17 347
25 136
125 468
77 154
74 124
47 258
411 481
441 505
219 472
424 500
71 328
225 504
59 206
385 468
94 156
78 465
27 262
37 414
259 435
77 326
257 351
174 218
344 386
49 442
137 308
13 490
33 278
71 213
173 333
102 105
137 348
113 230
39 159
98 496
172 349
44 261
94 411
29 43
254 299
263 444
57 110
187 461
146 220
152 427
60 484
107 292
240 306
392 410
88 266
303 483
357 457
85 337
88 441
179 278
182 424
227 317
2 6
29 463
33 190
278 286
21 139
64 165
123 339
314 315
81 297
140 211
142 228
195 349
168 444
24 78
226 460
145 272
34 464
145 188
4 372
201 462
127 140
421 488
402 493
309 428
7 373
58 499
263 340
99 218
273 283
348 460
279 446
231 505
128 469
121 365
152 459
164 176
112 470
136 507
180 206
79 325
38 452
20 173
37 403
302 376
38 287
142 240
117 209
113 268
362 484
100 205
203 453
120 431
131 184
105 193
420 491
398 474
12 190
257 267
66 84
58 165
10 306
103 209
144 480
330 374
444 457
67 84
368 459
77 413
100 341
25 209
21 350
118 200
54 352
139 417
41 308
31 210
289 356
16 221
222 315
7 315
88 471
372 427
132 235
108 316
363 468
302 424
153 441
47 331
9 155
5 249
161 283
265 299
207 324
163 317
303 325
203 335
36 445
53 240
5 22
81 359
33 357
1 53
138 461
226 434
280 353
85 290
270 503
113 258
296 495
77 451
36 384
376 483
197 204
282 317
180 427
113 457
252 349
261 501
284 410
136 437
168 339
70 336
134 212
47 163
289 362
181 302
243 312
99 302
402 446
160 327
36 232
215 310
159 381
221 338
20 110
130 363
18 392
200 365
451 458
123 405
326 419
13 26
163 467
141 313
181 229
269 376
143 402
281 285
231 422
327 340
127 432
149 324
162 403
153 384
36 181
85 201
106 281
196 421
3 330
373 488
130 237
84 446
33 309
133 140
48 296
10 458
285 507
170 338
297 462
29 159
342 503
196 382
10 286
326 378
261 292
93 240
280 365
103 262
122 337
3 78
451 467
41 200
81 164
305 355
209 419
30 310
351 363
178 241
331 445
59 327
82 232
218 289
20 235
13 230
250 471
340 505
64 82
381 417
168 288
282 400
82 448
210 345
23 100
165 274
328 335
62 224
289 346
59 173
61 324
118 407
71 405
307 319
13 400
177 321
182 442
64 372
159 392
280 411
273 306
89 317
68 445
205 428
129 177
110 380
289 319
14 448
291 339
229 376
456 470
130 238
131 385
9 429
265 327
278 500
73 427
143 224
12 139
134 139
307 478
54 259
213 345
358 427
10 408
100 445
475 482
310 406
23 180
306 458
218 441
291 486
267 292
448 479
87 233
52 415
389 405
34 196
174 236
247 375
105 239
13 151
27 336
322 340
70 239
36 351
43 274
246 488
161 390
297 351
24 455
127 343
23 220
125 386
132 433
70 165
185 296
48 223
303 357
361 462
417 455
230 426
133 310
190 490
60 86
118 259
115 282
220 476
44 269
353 425
92 460
218 405
161 419
5 358
91 103
215 226
124 323
249 486
86 487
50 319
251 422
275 409
75 169
19 160
134 381
162 491
1 412
82 441
113 175
185 378
348 405
343 425
385 464
40 59
358 408
255 397
93 172
79 399
231 298
377 409
6 477
108 333
136 425
311 319
97 405
408 445
154 222
124 290
13 251
339 480
30 174
92 399
282 430
226 488
252 430
225 335
154 298
154 386
73 472
150 368
28 340
188 377
369 397
294 438
259 316
265 403
80 105
33 87
164 289
92 106
217 257
415 494
44 391
376 503
311 408
291 372
366 374
32 71
69 126
45 200
197 496
351 438
97 491
449 450
265 427
48 189
101 337
64 358
200 488
25 354
2 203
152 212
50 185
130 448
165 477
140 444
239 324
44 294
283 305
388 400
279 456
278 429
286 479
168 262
76 180
216 412
105 109
258 347
232 498
183 368
117 190
123 437
14 30
252 452
130 236
196 321
202 269
166 267
47 324
42 373
177 179
162 275
153 399
57 389
320 359
117 306
174 253
118 195
184 279
393 411
106 252
423 442
28 236
42 167
162 378
203 263
224 313
30 50
255 272
330 486
74 127
172 469
228 414
65 354
469 479
263 347
147 498
261 390
31 159
221 483
232 425
229 497
350 359
367 486
52 253
114 286
75 178
166 503
38 422
99 324
353 411
419 452
169 195
122 427
161 216
110 414
138 464
121 147
302 453
259 336
276 342
3 235
462 489
147 164
57 478
180 473
267 377
281 371
33 262
115 496
48 344
12 46
217 434
90 486
387 496
433 437
79 341
370 475
171 407
47 380
113 411
423 454
81 359
147 283
168 175
238 325
180 449
184 211
79 105
129 243
35 311
228 285
15 136
11 185
269 461
76 264
71 437
37 405
75 307
348 393
206 299
168 368
448 452
301 433
279 359
79 293
38 272
125 350
471 494
53 481
371 384
97 504
397 498
278 343
211 379
99 418
116 322
32 358
158 470
255 329
289 418
177 413
180 344
382 461
42 450
9 397
242 431
28 420
47 462
119 494
83 98
190 474
62 288
71 76
234 479
232 486
156 225
91 353
276 371
64 161
391 443
97 351
156 424
247 365
208 433
258 315
160 467
332 404
70 180
73 372
243 330
6 53
29 382
190 247
312 504
77 216
223 417
165 442
308 404
111 113
258 416
235 370
227 289
296 467
160 482
378 477
42 358
110 312
121 447
23 482
14 359
200 308
273 363
72 369
150 462
39 305
63 413
405 445
186 219
177 275
73 197
144 148
428 498
20 359
19 200
184 193
98 460
418 463
7 147
25 500
234 418
66 73
113 229
192 206
105 135
314 470
205 306
69 401
254 301
361 370
326 493
88 238
54 375
192 411
305 489
102 395
122 294
355 388
320 454
83 392
56 457
113 343
353 416
349 448
62 198
181 296
177 425
289 295
175 250
17 64
58 476
183 370
88 479
91 433
54 336
62 217
437 459
293 441
208 471
443 485
89 239
123 494
381 425
189 283
103 292
73 295
301 356
49 239
27 249
150 294
247 341
38 393
334 507
425 506
198 316
29 327
92 323
342 452
185 246
42 440
1 6
265 503
34 219
480 497
434 448
115 505
208 434
225 236
374 494
32 160
61 72
283 315
26 460
143 177
6 219
27 428
37 325
172 499
234 434
423 481
21 274
17 277
366 497
129 190
24 429
266 491
28 376
34 305
252 395
24 28
249 309
249 395
120 397
31 225
465 506
35 312
404 431
95 376
72 327
432 476
1 226
96 178
182 298
164 424
417 461
144 315
302 349
265 284
39 441
389 495
144 433
238 474
187 251
189 312
51 153
202 411
71 203
185 441
380 503
103 293
391 470
45 92
54 391
70 415
63 166
405 483
114 350
130 438
202 215
411 414
389 418
51 340
121 337
394 506
27 424
216 378
358 385
157 331
84 201
258 431
281 425
260 310
123 131
186 362
250 283
250 276
89 170
98 458
12 502
129 458
18 105
212 408
232 260
17 243
309 319
20 377
143 179
55 404
281 490
250 433
118 470
129 397
41 174
334 485
195 200
327 505
311 341
379 492
63 255
137 185
285 337
269 341
347 396
151 189
235 485
292 406
322 446
139 156
70 328
266 292
262 339
219 407
152 259
85 290
154 407
138 163
255 349
191 387
316 446
17 294
294 385
13 428
176 232
35 162
188 311
230 464
296 362
164 325
123 421
296 439
350 428
349 374
76 355
273 310
49 76
307 415
112 139
50 224
108 161
63 480
73 344
274 400
479 502
5 458
336 396
294 398
30 398
104 201
269 286
23 259
281 422
180 225
296 485
107 424
105 315
213 325
149 386
15 148
65 273
65 436
41 284
245 327
3 188
205 360
201 298
62 400
220 475
143 498
119 172
252 506
296 362
72 134
79 258
331 491
104 224
38 434
122 268
20 145
11 366
8 126
344 401
149 336
230 247
158 382
199 229
19 180
439 496
170 217
166 466
205 453
45 49
86 127
265 267
26 450
151 438
352 355
230 270
193 483
162 441
86 293
140 365
166 369
36 384
68 257
202 299
102 351
78 127
103 177
252 474
4 10
53 117
113 389
351 385
242 302
41 80
75 446
284 347
63 503
65 224
242 422
114 427
98 339
1 110
117 299
52 288
84 279
141 150
100 382
22 398
39 108
85 221
63 466
30 447
116 300
426 504
71 327
373 466
190 406
301 318
55 488
6 158
179 497
223 281
109 485
25 364
8 215
141 170
80 277
56 159
98 418
308 340
114 444
83 128
312 412
13 243
162 217
208 378
26 475
439 468
13 303
64 498
32 203
266 473
304 488
386 452
122 389
57 270
434 455
349 374
139 205
392 464
222 505
4 486
214 329
405 428
204 393
11 206
162 329
129 174
73 429
3 501
291 426
26 28
52 382
64 233
231 471
47 414
300 322
241 288
316 494
27 466
133 209
70 480
388 483
91 380
216 234
292 360
382 404
195 221
203 449
157 196
329 498
171 384
189 406
275 367
268 457
150 323
94 481
338 345
147 325
259 260
21 107
398 454
75 292
159 255
74 250
341 478
102 361
284 458
83 237
364 482
36 470
235 236
365 485
401 436
84 149
138 465
283 349
13 84
438 439
100 431
91 453
358 422
192 426
364 435
98 337
123 397
374 451
213 328
289 432
213 277
122 199
40 364
330 346
93 145
437 482
147 262
235 236
191 448
316 431
129 158
285 368
220 348
258 419
281 411
147 338
229 420
46 487
239 483
152 459
255 428
94 365
1 493
239 390
121 269
82 464
161 366
416 441
87 119
143 231
1 428
300 500
222 376
263 417
91 438
263 445
5 17
122 503
120 213
56 89
75 305
196 456
65 332
295 382
280 479
182 494
122 167
200 226
39 434
402 477
81 359
176 222
354 386
222 243
95 439
249 276
203 248
139 466
54 409
426 482
185 462
66 265
78 186
152 357
259 445
93 239
105 475
16 500
353 370
261 426
191 196
67 179
183 377
29 347
182 245
207 251
152 445
50 215
68 203
363 382
194 282
41 445
245 460
496 500
99 408
45 76
403 473
293 344
91 128
232 431
344 412
142 457
13 142
186 307
278 465
465 495
68 376
231 415
148 464
66 485
356 401
387 495
419 489
75 470
289 409
198 433
28 229
48 462
376 456
201 472
398 476
7 383
68 369
90 147
36 438
132 362
40 426
91 397
414 420
81 279
63 180
59 72
176 427
192 400
382 421
153 359
180 238
178 428
169 369
76 471
218 259
110 136
200 262
271 305
308 461
156 420
260 407
360 495
319 458
90 436
76 347
165 411
97 500
280 392
426 503
81 350
47 395
67 147
123 144
152 466
213 398
111 115
251 389
383 481
120 472
376 408
248 280
283 303
137 400
356 449
131 340
18 56
173 353
162 336
447 481
199 402
109 249
316 377
230 349
246 312
242 279
173 447
15 365
434 435
61 223
156 378
427 495
119 185
1 370
67 426
227 473
277 418
43 47
378 381
214 334
158 469
88 298
129 476
320 417
162 198
80 506
255 503
24 31
310 330
141 231
199 413
433 483
272 464
35 78
158 430
29 276
189 356
363 468
122 191
291 351
203 335
6 388
108 222
347 439
204 494
79 146
61 267
280 357
27 404
431 453
42 361
377 462
45 64
199 498
11 208
257 352
184 304
203 443
357 486
82 481
76 330
116 334
185 409
301 482
62 321
363 461
76 118
210 503
179 278
193 301
201 367
111 189
315 445
175 368
131 403
415 482
81 449
261 474
256 279
120 503
348 450
218 300
75 317
33 138
360 413
104 306
471 489
129 437
125 347
4 10
81 385
23 492
273 286
228 352
456 458
214 451
323 497
328 375
90 143
174 272
278 495
279 316
66 482
61 446
172 260
52 102
272 310
136 253
154 231
258 469
49 268
238 441
256 394
67 262
1 471
384 414
275 383
197 432
143 180
28 276
245 294
104 273
283 380
217 499
89 396
50 370
95 340
48 298
168 507
22 488
88 152
120 369
318 394
54 266
14 476
7 258
66 429
133 238
116 167
78 460
127 128
27 491
71 172
98 416
205 480
54 460
31 462
57 65
152 414
52 66
82 213
186 215
269 295
123 290
267 489
52 490
440 479
380 437
409 436
122 167
116 259
164 495
111 203
138 306
41 205
35 260
96 133
165 422
428 437
6 80
321 503
191 436
60 461
54 491
188 316
11 289
105 436
293 351
177 397
127 331
345 451
347 391
47 422
15 103
41 103
124 420
12 322
242 406
118 428
53 382
5 371
175 452
104 397
201 276
217 266
231 395
70 483
174 425
13 327
133 284
200 506
422 471
112 502
44 154
16 410
153 334
202 494
54 95
162 450
312 397
23 59
104 422
349 408
35 281
442 462
327 393
18 44
72 290
99 390
200 471
15 462
213 219
71 264
386 431
378 414
108 492
50 160
200 411
322 349
152 368
39 95
215 279
166 355
22 387
96 497
369 505
310 404
204 273
195 240
214 388
27 255
119 145
37 87
172 186
306 356
113 230
232 287
46 346
122 421
325 367
161 374
43 357
180 244
53 321
275 289
104 268
226 485
266 350
140 187
228 504
177 356
89 228
204 248
1 260
20 79
310 458
22 506
167 300
162 477
361 496
403 406
215 423
170 360
297 456
230 484
195 475
134 143
18 381
414 481
302 345
58 208
334 342
144 464
6 277
112 306
393 504
30 484
163 458
28 396
29 308
38 287
170 282
198 468
145 202
237 389
242 464
301 387
112 217
105 435
370 447
147 419
303 459
246 507
440 455
25 332
144 344
108 307
197 443
441 465
194 384
113 372
183 307
117 475
234 440
65 200
309 446
211 361
262 315
36 449
82 452
165 328
126 364
18 69
398 449
225 361
49 354
286 338
221 471
220 505
9 60
222 396
210 319
11 388
351 506
147 471
81 334
33 70
322 346
263 389
28 204
313 356
115 448
184 448
17 229
374 387
63 334
351 402
214 271
103 502
489 497
135 416
185 203
230 356
70 461
105 247
80 186
282 458
162 269
177 389
53 66
223 388
32 200
17 204
355 430
14 344
248 470
168 429
186 363
142 369
354 381
8 151
216 451
270 465
123 143
19 283
201 427
93 484
125 457
371 466
27 417
141 386
137 445
164 272
295 422
111 472
139 280
111 208
106 217
76 297
3 150
274 459
422 425
15 280
167 364
425 498
79 216
259 263
106 450
8 393
244 502
314 319
451 474
95 326
261 349
16 123
241 375
237 388
52 88
277 473
240 463
301 498
236 473
176 180
69 301
84 468
221 365
85 154
166 268
29 32
235 350
308 383
36 179
34 349
24 204
125 360
102 178
434 453
85 204
62 391
223 380
12 289
262 455
160 297
224 419
123 291
119 209
71 452
461 496
9 463
141 419
371 403
281 431
331 399
317 404
67 302
166 227
12 206
404 447
126 448
36 229
113 357
19 239
89 96
99 147
102 140
96 285
124 300
303 418
56 73
65 345
1 504
407 493
85 390
233 300
30 396
207 411
233 428
272 369
43 415
300 417
92 346
117 145
162 468
22 69
170 298
66 310
330 344
203 490
83 418
44 114
261 383
169 268
64 376
37 152
164 424
67 173
82 430
156 428
124 261
160 460
380 435
367 494
89 349
49 65
406 416
125 303
36 491
449 462
266 474
89 191
6 172
52 174
424 482
56 374
19 461
370 447
337 440
254 409
333 487
206 501
85 168
73 326
376 399
21 221
181 365
147 418
348 465
20 188
286 501
96 225
329 454
278 332
6 468
185 260
349 467
112 310
223 300
190 376
97 357
110 141
49 478
78 223
34 61
445 496
190 443
264 392
194 388
55 368
125 133
194 428
374 484
118 327
145 396
30 172
41 130
349 359
372 379
347 422
232 394
222 443
315 323
169 367
30 261
160 237
178 313
187 253
29 430
180 303
303 409
229 257
125 463
321 371
154 288
33 344
137 347
221 406
109 173
325 396
70 135
83 296
391 481
367 488
44 177
82 198
91 307
409 440
181 467
308 495
177 239
38 423
263 267
234 476
174 496
104 126
247 367
32 155
221 378
262 497
304 419
459 483
143 178
68 379
17 320
129 148
148 240
74 190
366 458
144 259
5 246
72 237
190 319
147 367
391 437
102 123
82 223
55 150
360 460
57 77
385 507
76 184
324 405
60 316
286 377
71 118
10 202
236 480
240 378
290 324
441 453
287 396
258 431
294 398
148 373
160 258
1 122
2 176
353 500
220 318
123 390
412 499
114 264
47 145
273 439
68 206
119 355
366 487
229 411
94 501
264 387
25 427
115 377
21 58
18 425
424 470
31 129
122 384
237 258
25 364
26 498
173 283
64 465
16 107
287 492
104 420
202 411
301 304
47 175
132 336
231 441
215 438
173 363
285 375
16 34
69 202
244 370
436 443
237 343
419 474
390 458
209 225
134 364
281 461
112 153
110 451
240 447
312 500
6 85
216 233
225 297
21 427
2 397
47 489
30 42
7 14
214 368
19 124
351 407
299 455
229 283
41 381
3 44
369 374
16 196
140 376
386 473
271 277
9 50
456 460
406 471
119 256
81 331
30 99
418 432
43 234
225 377
270 397
18 352
115 342
3 167
84 271
19 241
229 366
29 416
265 327
346 478
16 69
72 381
10 74
141 487
251 259
26 283
75 294
172 258
354 385
128 232
190 373
93 426
121 139
238 487
95 379
165 323
305 465
131 281
433 477
10 500
219 380
81 235
95 447
27 240
308 457
202 384
292 453
78 268
182 359
455 479
59 215
172 248
61 382
66 169
323 343
249 336
53 98
246 298
148 200
184 286
379 468
34 409
63 504
56 214
105 370
139 386
72 438
153 466
217 253
243 383
347 388
146 472
268 447
41 214
275 461
357 468
361 481
75 197
200 372
86 331
297 431
128 170
83 196
145 368
14 292
197 210
72 459
43 397
310 371
88 221
258 309
266 473
253 490
232 336
189 230
271 354
113 500
231 489
363 422
19 482
93 452
280 409
381 444
192 452
93 291
100 430
49 160
321 338
21 158
163 203
57 146
409 437
95 381
122 267
203 216
243 326
202 397
167 237
102 150
355 464
108 411
198 494
105 361
16 157
75 188
343 382
6 227
349 498
137 400
253 471
66 401
95 173
47 341
118 233
60 283
46 294
371 441
115 421
51 160
305 312
102 182
38 417
247 397
365 382
128 251
138 213
148 417
243 350
255 494
138 293
223 252
18 289
286 437
44 252
100 205
232 245
64 304
261 356
132 470
252 454
197 486
112 461
85 350
122 506
109 194
363 481
119 173
60 317
303 369
70 145
54 284
16 254
34 128
38 155
300 472
171 241
196 363
114 169
92 316
176 266
107 115
40 492
40 213
100 470
174 376
395 432
69 180
223 393
51 492
57 374
201 311
371 474
151 370
264 286
201 481
26 42
176 407
1 258
172 461
181 216
143 443
312 489
136 484
198 333
32 466
297 320
18 71
156 268
336 430
269 322
106 246
22 105
257 467
119 248
160 383
197 253
137 295
241 488
385 428
308 344
45 403
295 487
40 221
20 453
470 503
91 500
363 402
296 355
278 306
241 298
169 457
81 209
73 357
146 204
284 300
397 406
73 383
33 273
188 200
317 343
43 436
94 369
99 112
32 293
169 185
238 348
235 280
76 329
244 331
234 507
133 287
45 457
85 467
6 134
178 311
184 504
204 492
56 227
407 505
325 476
327 485
323 414
310 433
87 451
84 292
88 396
79 232
76 396
99 458
148 197
229 494
38 141
237 453
293 467
143 348
379 437
174 320
279 354
69 476
18 473
145 401
73 298
286 451
56 384
44 372
36 386
82 324
174 395
206 460
113 444
107 500
162 241
90 254
142 304
151 273
126 270
187 442
216 333
97 145
317 406
196 453
455 500
215 294
296 482
169 213
135 276
358 495
135 227
149 231
105 293
70 445
65 160
111 453
131 237
366 431
186 200
77 151
258 345
380 406
87 146
137 259
241 356
22 157
82 341
17 165
362 422
74 117
209 450
58 254
296 345
166 285
246 437
7 214
334 373
162 193
178 463
316 373
102 408
297 442
203 287
313 434
36 188
41 80
238 271
102 195
317 506
212 501
46 482
238 470
353 414
94 231
285 370
109 279
110 346
32 185
77 239
360 396
273 274
265 268
145 157
180 440
28 410
274 376
171 435
146 370
420 498
339 409
56 174
79 259
121 302
91 146
381 428
203 292
248 436
44 295
158 297
50 372
112 479
112 379
69 208
436 506
53 220
46 155
131 347
234 327
292 365
14 476
16 381
66 199
67 330
46 181
248 320
250 332
115 399
14 477
28 311
169 186
14 155
229 315
36 457
357 439
101 113
160 186
185 269
98 209
194 420
33 426
11 93
115 295
209 316
116 224
56 443
81 477
241 391
164 331
60 305
131 180
195 378
132 459
153 318
12 211
215 349
170 428
159 348
239 349
449 503
92 117
23 191
326 446
58 238
79 91
364 506
142 457
57 420
63 72
313 356
172 490
46 263
356 425
218 462
35 232
75 418
5 280
7 10
242 397
119 172
191 294
17 326
267 365
276 393
467 470
197 298
99 105
100 136
165 499
341 471
150 284
109 346
130 348
258 478
37 399
57 257
133 382
198 401
329 375
76 330
74 75
12 340
116 136
105 416
265 415
57 131
72 108
94 123
9 282
79 291
6 142
119 151
204 486
445 498
167 180
435 450
163 181
141 445
306 395
160 491
380 392
286 313
192 292
78 386
43 399
121 464
101 289
339 463
129 351
148 334
9 446
171 239
239 305
364 439
96 168
361 440
74 450
44 381
295 296
13 242
26 47
8 32
213 337
159 412
156 360
81 344
38 487
13 63
241 463
323 370
7 406
196 364
255 442
100 413
23 396
159 391
342 416
12 388
58 223
325 501
174 264
99 255
58 335
182 409
19 355
248 485
287 313
249 309
47 252
78 205
15 266
165 422
262 390
78 432
47 221
398 457
3 335
312 383
76 343
223 440
334 473
105 135
90 433
170 452
21 65
258 289
234 250
2 265
194 463
233 280
182 303
116 479
126 457
448 504
78 108
97 270
350 369
480 481
33 259
3 360
90 159
423 490
183 228
56 154
33 434
33 119
87 461
298 431
257 299
179 326
157 370
243 433
107 160
110 388
398 411
334 488
204 231
344 354
431 477
253 325
154 362
87 117
82 296
185 302
338 405
273 437
48 463
156 167
157 284
77 166
30 47
97 493
335 411
82 333
271 423
96 140
201 271
32 51
9 55
178 387
125 438
352 371
306 321
91 412
332 340
115 370
220 369
172 347
81 239
70 485
90 95
151 322
38 104
155 264
375 460
174 182
95 125
26 290
299 461
132 436
158 481
144 416
240 461
130 430
71 422
375 487
289 375
30 270
13 90
108 452
91 391
51 443
87 447
67 147
325 381
26 117
353 489
97 187
201 268
39 420
176 443
61 224
239 360
79 423
199 208
312 462
254 412
39 106
16 87
135 238
16 179
9 392
95 235
60 208
115 342
185 423
210 323
40 426
244 339
178 247
387 450
3 501
77 356
122 419
170 488
83 430
67 375
329 366
285 339
95 142
211 291
148 286
55 295
139 362
31 482
268 495
46 194
307 318
398 428
62 458
155 423
151 444
134 439
72 483
142 442
441 486
269 381
123 505
142 291
101 136
100 452
171 338
129 453
149 487
93 501
86 256
200 413
235 270
336 395
279 358
307 496
138 360
27 230
363 382
107 419
11 291
150 252
374 442
69 364
275 313
496 502
49 189
305 467
214 354
317 318
138 319
158 402
102 151
275 368
251 456
241 455
375 470
46 91
341 419
105 495
77 457
62 493
63 333
255 383
16 50
317 351
19 300
243 394
96 227
148 461
148 358
133 154
100 126
242 504
114 443
302 504
53 445
82 331
202 211
95 360
11 245
30 120
107 401
179 446
56 254
192 424
49 245
39 497
71 363
60 400
17 503
3 155
150 461
357 393
371 449
59 111
53 494
158 180
101 502
34 202
338 453
254 329
204 434
144 367
282 353
84 461
39 105
192 400
292 327
54 246
235 273
93 248
256 416
262 364
58 149
317 500
36 126
299 303
124 232
126 167
80 249
467 483
144 310
57 363
88 418
384 448
65 116
393 428
398 496
146 322
55 354
67 501
88 156
317 381
74 202
281 474
359 472
28 373
245 362
60 435
107 175
290 477
239 249
23 341
131 167
99 164
335 413
167 409
191 375
258 449
63 259
291 364
364 493
8 439
264 415
37 75
66 322
56 287
91 422
386 448
339 398
162 337
392 405
25 365
251 262
130 487
346 387
138 444
391 483
103 464
2 265
64 238
204 266
182 358
124 267
126 401
34 503
203 422
275 359
335 474
234 325
198 269
211 313
39 303
282 308
14 326
157 401
13 120
37 57
