yhyhyhyhyhyhyhyhyhyhyhyhyhyhyhyhyhyhyhyhyhyhyhyhyhyhyhyhyhyhyhyhyhyhyhyhyhyhyhyhyhyhyhyhyhyhyhyhyhyhyhyhyhyhyhyhyhyhyhyhyhyhyhyhyhyhyhyhyhyhyhyhyhyhyhyhyhyhyhyhyhyhyhyhyhyhyhyhyhyhyhyhyhyhyhyhyhyhyhyhyhyhyhyhyhyhyhyhyhyhyhyhyhyhyhyhyhyhyhyhyhyhyhyhyhyhyhyhyhyhyhyhyhyhyhyhyhyhyhyhyhyhyhyhyhyhyhyhyhyhyhyhyhyhyhyhyhyhyhyhyhyhyhyhyhyhyhyhyhyhyhyhyhyhyhyhyhyhyhyhyhyhyhyhyhyhyhyhyhyhyhyhyhyhyhyhyhyhyhyhyhyhyhyhyhyhyhyhyhyhyhyhyhyhyhyhyhyhyhyhyhyhyhyhyhyhyhyhyhyhyhyhyhyhyhyhyhyhyhyhyhyhyhyhyhyhyhyhyhyhyhyhyhyhyhyhyhyhyhyhyhyhyhyhyhyhyhyhyhyhyhyhyhyhyhyhyhyhyhyhyhyhyhyhyhyhyhyhyhyhyhyhyhyhyhyhyhyhyhyhyhyhyhyhyhyhyhyhyhyhyhyhyhyhyhyhyhyhyhyhyhyhyhyhyhyhyhyhyhyhyhyhyhyhyhyhyhyhyhyhyhyhyhyhyhyhyhyhyhyhyhyhyhyhyhyhyhyhyhyhyhyhyhyhyhyhyhyhyhyhyhyhyhyhyhyhyhyhyhyhyhyhyhyhyhyhyhyhyhyhyhyhyhyhyhyhyhyhyhyhyhyhyhyhyhyhyhyhyhyhyhyhyhyhyhyhyhyhyhyhyhyhyhyhyhyhyhyhyhyhyhyhyhyhyhyhyhyhyhyhyhyhyhyhyhyhyhyhyhyhyhyhyhyhyhyhyhyhyhyhyhyhyhyhyhyhyhyhyhyhyhyhyhyhyhyhyhyhyhyhyhyhyhyhyhyhyhyhyhyhyhyhyhyhyhyhyhyh
10000
215 524
8 562
104 234
37 491
98 298
639 680
747 848
204 587
193 703
413 497
129 792
112 994
51 447
231 536
224 476
667 678
163 691
594 844
89 266
563 800
106 442
166 852
213 290
363 405
775 912
707 822
824 933
705 874
303 855
413 446
94 334
28 117
177 630
442 791
594 638
664 925
94 955
172 519
303 801
219 496
241 500
327 925
177 553
124 480
411 536
745 925
549 961
692 725
487 515
91 156
4 935
819 959
262 948
54 255
469 982
405 473
321 710
651 806
774 874
209 288
58 233
782 952
22 648
430 456
58 440
532 977
274 378
330 859
455 912
441 504
305 976
18 765
220 420
97 823
36 197
305 430
13 180
135 950
484 747
410 804
924 941
225 705
218 567
554 593
483 977
37 707
801 876
100 724
144 470
196 341
420 425
437 690
600 744
350 391
231 800
78 158
664 782
303 801
352 856
397 754
353 837
464 716
78 111
221 735
581 851
481 925
94 274
366 793
676 837
67 72
144 399
66 149
451 845
120 786
107 231
874 987
261 379
376 626
292 365
597 792
1 219
412 720
9 95
209 851
275 684
86 922
338 991
71 186
445 777
305 595
102 883
185 585
135 283
561 574
81 499
289 637
12 81
52 95
21 180
624 946
454 791
710 711
700 785
234 896
125 480
286 748
146 337
428 471
471 951
889 921
35 213
115 529
145 500
85 130
79 680
57 708
341 869
658 688
45 507
444 811
562 631
650 697
44 818
48 212
969 994
32 104
105 552
66 169
195 972
253 575
193 881
66 551
225 242
189 643
457 749
303 633
286 938
3 680
51 329
246 891
915 939
277 963
262 390
136 365
308 457
569 939
192 414
417 634
200 655
407 605
161 576
518 710
366 632
201 614
15 602
544 859
59 929
243 431
321 566
607 697
470 793
269 985
823 883
325 541
26 849
602 868
14 501
43 379
56 163
658 993
177 775
30 205
635 834
158 272
124 798
774 917
46 271
77 825
153 788
538 814
5 409
339 934
381 829
237 884
153 543
545 639
670 927
668 764
228 939
352 841
618 741
192 931
584 936
12 375
92 549
16 112
450 877
709 950
110 750
296 516
65 262
192 935
526 654
876 881
469 720
133 156
262 347
67 765
286 994
63 297
175 546
313 346
186 544
58 298
295 574
513 556
451 558
215 667
546 977
99 369
190 255
371 501
487 521
139 727
201 485
943 950
179 295
300 839
277 364
60 578
572 770
57 251
644 943
465 843
193 484
135 302
555 658
102 672
45 730
449 748
695 851
149 323
622 873
161 907
818 966
512 658
462 715
328 762
231 362
174 474
308 634
295 776
371 862
316 826
25 68
279 875
601 762
558 943
146 854
718 883
380 743
128 398
18 164
299 455
314 548
772 947
471 775
165 560
400 762
390 786
467 588
152 584
112 530
177 630
307 351
54 63
461 650
101 587
544 556
857 885
27 581
727 802
55 811
365 736
214 674
525 601
112 265
296 672
305 562
472 868
455 576
149 921
835 942
382 736
501 544
162 447
128 808
103 252
542 617
675 838
214 287
279 479
318 951
694 879
170 179
751 754
595 624
382 903
540 642
763 960
189 844
237 411
582 655
120 339
100 122
336 794
386 993
704 814
511 867
49 506
180 600
147 803
709 775
238 528
214 274
122 382
61 452
618 635
37 876
159 754
552 976
285 494
231 548
418 908
418 661
265 386
192 597
295 331
820 859
17 453
574 992
57 399
29 936
65 691
369 736
143 635
636 840
391 919
831 866
451 728
117 172
688 715
229 965
52 983
439 747
69 743
387 932
799 880
246 413
944 981
91 701
544 619
462 646
436 934
296 585
467 886
524 702
158 930
64 492
243 901
422 889
277 985
199 707
160 445
43 108
349 744
118 888
291 763
149 353
122 568
11 733
358 954
35 534
30 211
19 116
192 440
8 180
207 717
796 806
571 848
839 903
595 940
730 886
6 627
38 748
573 690
450 759
52 216
262 485
245 503
377 436
305 862
502 535
344 431
302 921
128 196
710 763
497 988
599 618
422 556
289 915
250 967
221 368
187 772
431 482
198 779
64 787
7 245
437 485
589 706
361 704
127 834
417 745
543 936
366 965
415 574
584 883
174 545
731 804
210 946
85 147
791 988
130 994
40 535
354 548
244 634
1 255
591 760
227 745
34 450
115 865
608 917
156 452
94 180
886 959
389 890
30 380
159 685
297 724
570 613
275 857
207 449
777 966
526 959
116 413
230 559
90 201
150 572
164 245
54 751
126 143
155 944
442 552
234 658
279 846
231 473
437 626
407 841
327 723
442 852
139 414
259 592
424 661
668 831
585 824
642 870
509 648
28 93
64 261
342 671
31 901
656 734
342 578
66 588
224 837
33 363
175 544
541 598
209 375
189 952
830 880
531 825
342 773
405 543
217 953
666 983
42 403
303 643
628 900
128 890
469 842
410 643
390 870
164 518
249 352
52 473
186 222
447 582
48 994
852 950
185 441
226 857
503 764
448 587
54 341
442 634
186 963
8 575
171 837
16 89
443 489
140 628
630 641
627 994
608 769
500 792
214 360
937 977
388 782
487 756
125 648
201 834
91 129
332 927
219 348
661 935
78 756
212 389
210 638
250 935
358 978
115 961
718 822
15 423
133 502
182 781
303 626
538 636
431 869
567 569
140 505
234 895
365 503
144 207
65 494
393 476
278 423
64 510
103 525
235 486
30 668
19 575
556 970
214 324
349 700
488 892
49 209
307 631
414 433
774 827
91 498
306 840
368 736
390 903
264 312
213 624
563 979
707 872
42 920
199 310
15 544
672 718
28 63
306 396
83 460
227 877
93 452
380 640
191 546
374 769
317 858
586 760
296 879
636 840
140 754
74 603
768 791
278 751
583 818
150 201
296 585
2 678
641 668
61 858
111 830
156 888
70 661
651 868
210 877
20 711
784 964
542 735
578 819
319 489
405 559
440 909
441 854
525 590
85 571
115 307
324 462
6 393
46 657
264 922
786 894
753 861
406 602
183 492
228 900
422 552
462 861
240 465
305 974
309 684
548 910
424 791
295 349
187 341
9 370
266 715
131 268
471 869
536 882
684 971
316 786
171 239
180 623
330 404
18 601
72 713
60 927
226 863
408 969
337 566
263 831
55 530
525 881
322 421
216 331
108 120
266 532
210 711
540 809
119 413
557 751
404 407
190 810
141 632
83 121
345 477
531 872
756 794
119 976
180 310
207 334
349 865
393 558
205 580
21 618
497 537
372 940
105 904
54 459
136 245
500 642
375 400
176 197
75 134
234 315
304 568
360 572
357 752
54 856
74 956
477 496
571 768
360 398
333 872
40 856
359 388
681 787
653 777
787 983
221 771
79 940
303 708
68 650
59 703
923 934
323 697
271 434
94 713
668 885
49 447
436 925
609 726
226 382
132 309
84 92
35 272
162 899
258 731
316 967
358 813
58 253
140 606
233 248
322 835
42 370
285 966
725 930
498 870
236 727
5 327
196 810
282 891
99 539
625 985
854 902
30 721
860 959
130 556
17 877
58 964
171 173
815 943
106 364
341 689
94 693
588 903
809 869
717 827
266 331
108 735
171 459
54 137
323 692
183 259
151 493
236 583
182 323
348 401
93 465
559 689
200 706
385 438
106 988
268 322
6 371
429 461
384 485
514 626
181 697
593 884
123 847
99 173
224 499
520 609
132 512
91 141
251 475
242 578
500 845
563 790
770 991
77 255
480 768
580 703
468 590
96 238
194 633
330 776
612 770
127 308
398 901
76 267
764 793
296 317
532 800
10 305
264 714
117 382
8 951
343 696
517 711
153 580
824 910
440 849
160 683
486 507
478 673
274 502
440 819
489 972
498 542
200 259
501 681
376 636
508 991
29 898
401 626
101 453
314 869
892 916
33 382
347 510
768 974
417 703
195 510
55 312
512 693
314 377
609 932
444 932
603 833
232 392
238 492
471 605
365 500
311 317
577 801
746 778
348 452
119 858
430 646
262 832
149 861
559 797
494 677
164 204
251 555
355 408
959 966
254 798
112 463
187 490
239 608
876 885
610 923
180 657
276 492
141 441
3 561
241 857
24 417
444 667
498 799
78 387
761 875
147 641
134 907
254 438
142 293
317 902
973 984
5 263
446 469
323 949
183 368
193 784
126 637
374 543
359 451
123 930
250 574
80 190
443 627
517 919
504 754
491 745
650 749
122 753
80 118
406 990
182 187
193 308
567 743
105 850
703 937
110 147
280 336
189 827
626 698
205 749
383 417
36 615
90 372
78 127
71 371
472 532
177 725
699 919
215 473
27 155
174 179
185 379
373 429
131 209
877 918
224 335
298 950
260 307
245 257
433 535
247 885
10 424
533 629
346 747
105 293
283 821
466 925
661 894
302 869
28 143
283 750
367 967
156 546
197 400
549 802
854 968
437 783
395 969
415 661
519 639
384 953
422 802
312 386
239 533
187 259
676 928
469 962
624 818
18 511
316 943
566 720
287 923
506 602
815 921
266 378
222 443
168 681
563 912
554 801
449 732
48 907
379 663
484 929
443 922
421 788
678 986
511 884
21 832
489 651
674 861
32 307
712 895
381 475
627 948
186 995
16 683
349 962
395 894
240 752
176 340
937 948
85 462
825 917
317 402
266 491
522 991
493 809
157 887
194 783
299 838
524 702
314 587
628 792
485 547
744 868
642 739
685 726
204 513
526 566
60 749
711 743
207 501
476 657
97 669
364 934
887 985
124 381
176 575
63 752
543 722
287 727
285 415
408 933
502 847
599 853
482 568
266 902
694 741
563 791
333 846
223 648
834 949
332 346
21 128
395 770
45 563
60 767
459 992
99 309
418 951
819 907
176 522
220 724
290 836
172 930
59 501
314 812
453 580
148 501
462 600
87 274
253 506
773 964
249 871
196 586
26 826
271 408
135 202
410 957
343 345
133 403
446 764
139 220
29 286
549 640
747 913
256 555
170 331
143 338
206 338
843 951
254 363
225 484
308 635
445 652
497 897
664 975
37 942
804 891
322 447
363 988
284 917
247 373
171 309
376 630
476 646
330 928
475 729
336 956
33 780
532 929
280 430
145 517
324 466
787 955
241 690
778 893
161 944
269 332
256 898
627 821
297 877
672 945
11 275
307 905
440 710
239 909
755 869
58 338
2 932
48 612
177 745
257 508
692 697
508 867
139 518
691 815
366 935
213 683
297 591
10 519
677 950
742 919
356 896
3 357
50 751
888 927
320 794
108 409
615 936
279 457
673 889
195 611
259 878
475 743
265 392
346 484
326 862
11 221
14 145
497 896
389 979
697 746
708 853
109 647
308 392
27 68
200 222
378 599
23 265
334 852
260 450
315 679
585 610
535 730
35 623
525 549
298 423
54 225
75 254
466 620
561 647
453 680
788 971
62 730
240 833
67 689
96 666
7 681
279 541
334 821
495 882
349 918
103 574
177 891
515 747
231 562
19 85
872 910
891 909
152 525
591 728
760 823
260 766
427 458
230 680
282 725
485 631
566 588
128 380
764 794
330 894
28 898
268 857
180 693
221 752
332 403
15 732
149 991
496 781
373 930
179 654
578 664
67 208
255 255
447 938
264 968
191 995
166 458
776 778
531 558
3 809
734 853
5 823
607 648
24 420
461 599
598 958
186 725
29 360
395 900
301 871
412 658
743 870
569 869
430 525
103 447
242 875
69 184
751 799
223 595
695 975
296 821
926 937
885 940
289 843
283 509
718 860
511 920
527 713
83 971
66 105
228 421
524 899
296 701
198 810
892 923
667 709
111 649
55 596
537 804
739 897
317 538
160 602
132 968
872 970
26 938
446 994
89 896
304 889
91 601
117 527
745 902
17 198
397 713
71 853
521 887
515 757
121 349
320 916
172 712
198 294
211 573
563 661
111 376
711 964
4 386
161 291
358 749
69 307
297 991
515 842
188 360
275 536
114 400
492 775
745 988
321 609
95 203
313 981
470 868
775 943
107 872
70 544
296 465
459 612
377 593
700 893
91 737
60 239
124 933
551 869
163 925
51 193
98 258
363 647
309 885
426 760
415 415
227 799
710 759
181 306
139 993
795 925
87 167
131 855
24 409
3 868
195 492
669 918
204 212
101 319
512 744
780 846
11 82
569 792
669 769
21 907
586 946
592 706
36 484
59 722
724 892
307 926
767 839
54 975
298 970
154 405
854 961
47 255
743 864
636 758
335 778
466 920
95 727
516 683
241 578
394 661
591 965
700 727
361 679
255 780
854 896
659 780
711 833
578 746
507 579
137 914
209 522
757 855
276 617
198 541
206 437
405 511
215 716
135 996
813 834
254 632
691 913
325 335
85 749
252 822
511 958
89 719
404 845
24 578
122 125
141 481
247 652
805 962
786 859
522 962
139 696
77 311
55 411
635 724
381 495
10 975
67 262
648 665
229 911
688 955
271 829
439 517
247 404
113 403
109 288
634 725
426 630
39 481
44 593
208 459
186 973
239 388
39 172
86 903
268 515
458 961
267 403
670 974
300 570
598 782
339 587
17 326
364 968
417 931
544 877
393 853
729 780
15 820
739 918
10 905
436 789
387 702
116 284
295 685
584 996
174 286
258 612
110 149
526 895
83 775
73 476
552 721
179 566
544 917
373 487
842 846
165 236
200 467
440 681
27 884
94 600
200 857
230 625
9 523
12 755
222 828
407 773
552 585
20 262
426 669
195 392
476 514
351 901
676 790
483 585
109 816
576 935
124 965
168 894
567 923
788 905
315 674
149 484
745 819
88 168
399 417
363 851
713 875
474 755
263 506
245 876
291 376
183 260
271 499
69 77
117 901
776 790
183 219
858 957
928 946
129 268
348 491
122 146
127 796
539 632
419 979
273 876
794 978
296 452
172 528
285 288
432 980
1 570
167 779
98 531
579 728
365 995
407 989
119 145
126 683
108 750
105 549
301 818
450 752
38 622
204 322
555 829
305 750
129 471
532 579
263 488
81 773
73 261
103 325
191 228
12 940
36 256
412 556
781 854
231 811
326 434
136 159
360 989
41 908
443 751
162 619
625 699
885 934
771 956
134 881
145 188
363 824
100 159
873 918
72 939
269 687
506 742
347 418
26 178
458 776
620 996
248 937
618 795
56 392
189 754
276 861
23 253
227 273
68 101
69 959
140 756
151 565
421 497
446 982
363 674
217 225
86 362
384 979
360 800
294 477
468 489
342 641
431 488
451 913
476 981
413 535
564 660
23 85
8 980
530 578
290 675
651 794
102 760
553 563
461 766
928 959
258 304
492 608
408 712
62 111
313 394
565 892
587 957
861 976
430 594
442 883
108 159
457 787
260 929
273 640
235 698
492 875
459 983
174 486
395 467
204 627
768 860
522 741
358 422
605 871
50 851
677 958
57 208
388 748
24 985
31 686
258 522
484 636
509 889
729 823
359 932
142 453
623 894
882 980
319 410
173 774
454 459
54 587
510 721
418 974
664 924
27 922
450 510
481 878
214 322
680 704
80 149
742 772
547 973
216 675
453 957
388 419
362 826
340 925
86 902
677 750
704 830
203 595
79 137
84 459
292 707
62 361
786 803
136 682
354 730
314 897
186 209
16 652
570 581
275 655
406 951
159 328
578 922
281 715
364 921
177 216
74 238
576 779
45 631
318 465
365 365
470 551
206 573
66 485
679 706
116 641
554 968
135 194
475 814
738 849
29 758
752 953
187 453
151 534
2 7
371 468
22 287
761 779
147 169
845 853
489 848
405 888
5 380
197 459
232 479
161 934
180 811
366 912
187 449
193 516
371 903
484 657
248 924
359 991
207 416
187 767
578 615
511 915
582 970
115 981
205 969
145 304
60 703
670 809
189 508
798 921
16 408
458 859
575 817
853 911
623 943
101 482
204 532
400 706
434 505
629 690
326 754
932 948
525 813
244 760
605 634
46 649
423 932
511 511
163 288
30 345
445 910
38 511
830 976
404 663
187 356
433 952
33 808
304 845
256 984
12 889
592 973
461 527
400 972
482 957
263 305
96 511
670 941
53 569
715 774
881 893
848 990
26 237
540 579
755 790
527 802
122 647
112 778
101 649
7 529
189 583
97 834
204 507
42 257
79 735
891 971
539 885
743 775
245 830
319 624
3 765
349 570
50 887
459 601
151 607
653 987
715 744
749 918
254 710
98 333
369 989
227 907
877 969
606 630
138 844
140 257
605 612
422 709
313 655
725 880
791 839
381 557
53 538
399 792
496 763
48 55
194 488
288 881
87 490
224 918
98 337
283 869
623 992
201 294
98 228
925 987
229 888
429 547
281 865
144 963
111 365
21 772
225 902
311 980
315 901
454 572
736 918
444 544
651 737
744 799
592 834
645 789
259 820
25 994
128 141
492 987
172 928
187 396
170 753
626 987
83 990
562 912
9 818
379 393
127 666
195 423
638 983
382 988
245 985
372 406
49 316
140 783
167 970
535 919
63 164
57 830
166 395
968 984
324 350
380 909
396 574
38 255
246 480
419 724
234 744
100 203
63 802
150 342
775 797
838 988
821 880
50 814
220 785
463 953
58 256
374 375
629 749
232 331
669 875
32 955
416 974
234 398
576 780
478 547
376 459
239 259
56 283
228 502
184 840
818 964
262 439
115 191
445 891
422 689
117 301
452 720
278 874
769 977
240 453
459 748
697 698
926 980
158 753
406 516
293 341
257 700
371 555
369 890
236 815
61 851
536 780
226 733
657 915
33 714
158 176
700 775
630 792
548 678
87 707
967 984
244 300
670 854
484 615
146 353
206 639
128 178
273 905
486 830
191 547
268 518
142 642
358 962
644 691
401 905
650 812
291 949
60 881
594 726
288 871
866 926
993 996
27 905
190 856
300 394
327 831
568 888
453 892
249 586
78 100
750 906
121 889
622 868
5 352
292 465
146 335
146 221
247 251
440 970
26 367
352 740
121 231
17 164
412 683
522 783
352 409
302 456
81 472
93 476
352 558
498 687
892 907
146 563
77 536
102 586
249 822
374 862
479 537
165 798
324 868
201 867
326 595
70 422
327 514
545 678
75 155
99 886
65 661
36 61
120 541
82 941
455 709
191 727
528 911
275 703
146 771
369 903
248 391
358 717
761 822
319 836
417 976
725 960
2 680
24 121
106 144
852 982
480 632
315 962
163 241
854 937
306 763
146 696
14 504
337 774
329 655
309 533
182 991
272 992
216 781
37 925
321 938
700 720
573 666
38 735
894 906
215 512
658 660
673 830
85 90
371 413
664 903
641 659
8 913
574 789
52 530
292 637
340 471
15 47
9 969
702 914
217 866
52 530
794 802
206 878
576 891
295 479
403 855
141 410
634 691
122 742
168 758
37 558
52 102
110 605
310 940
809 944
446 915
244 342
468 640
125 535
339 963
17 369
77 198
699 888
630 820
634 717
582 670
279 603
641 803
584 712
116 579
397 561
418 658
61 724
49 849
16 515
111 531
304 308
527 922
81 120
666 753
251 797
346 995
773 907
408 801
494 916
810 987
328 401
128 392
388 440
896 903
11 375
357 599
238 804
357 444
113 884
33 604
283 299
59 603
209 407
467 702
247 377
436 567
704 827
95 614
190 514
485 917
278 444
87 681
5 530
888 958
563 990
415 845
21 292
500 904
348 374
126 594
561 750
84 377
311 697
471 500
134 312
577 984
509 990
182 513
143 444
10 324
56 738
348 774
681 759
30 767
812 974
543 647
296 626
27 606
326 418
30 460
729 933
241 956
141 847
294 753
80 283
223 259
737 996
419 606
296 601
448 578
32 990
229 327
175 539
785 853
592 802
168 324
127 658
484 508
188 240
390 721
239 943
648 896
177 863
318 467
473 766
504 964
116 679
142 750
291 606
802 926
97 331
50 989
143 533
330 500
145 693
720 851
11 371
750 873
72 548
263 940
231 757
359 367
40 346
500 636
349 566
442 896
365 411
508 888
312 943
639 757
400 456
386 414
167 771
242 263
158 445
105 914
391 675
25 197
430 696
580 995
941 965
333 895
355 706
222 760
21 521
396 780
197 920
614 702
364 884
441 775
332 879
11 279
273 475
623 951
94 454
62 621
399 439
395 673
149 158
89 894
598 678
405 522
110 874
59 161
834 993
328 522
716 800
258 909
212 278
371 535
79 586
353 984
518 667
660 666
478 744
346 754
159 162
787 952
191 845
37 187
558 602
242 435
281 692
154 558
608 824
413 848
124 686
207 320
790 899
538 792
300 550
458 883
593 631
334 742
290 361
928 963
286 767
51 208
281 898
528 725
379 888
61 497
300 503
216 704
122 499
422 753
559 968
523 799
136 155
268 436
119 345
115 402
405 609
85 306
612 889
700 950
930 991
200 417
153 823
274 632
246 309
137 695
498 787
659 862
553 846
301 898
702 885
293 932
21 234
46 518
391 552
546 745
244 864
396 882
438 691
669 936
288 666
456 992
575 785
261 321
424 541
82 312
18 166
399 524
954 961
444 509
112 355
598 975
780 976
590 913
141 586
449 806
444 873
186 581
22 426
366 841
923 967
136 597
45 860
535 737
9 898
169 284
147 930
801 909
718 847
422 987
227 870
23 797
237 982
259 603
367 411
301 544
144 213
437 992
108 891
117 652
712 821
320 645
124 887
557 737
841 978
728 987
448 771
12 13
353 535
190 683
733 822
38 984
344 796
904 950
238 605
940 949
263 349
240 518
78 386
151 896
547 976
141 670
154 994
270 681
688 790
513 953
446 860
246 471
127 344
73 284
16 868
221 236
278 673
380 583
279 751
650 733
826 874
243 743
31 844
17 638
637 889
75 87
465 672
252 798
324 728
85 599
240 339
536 739
122 913
122 587
401 855
160 230
402 652
602 972
249 908
243 806
237 800
395 892
147 621
196 352
280 390
728 951
520 693
187 356
308 815
139 942
105 166
288 817
183 506
342 675
95 585
484 814
379 741
213 366
408 445
717 834
591 608
51 485
288 671
26 406
351 898
84 984
371 375
724 800
70 553
478 567
654 961
318 385
263 517
627 683
404 924
384 455
868 914
205 505
462 910
150 364
184 233
351 558
603 994
80 362
67 839
640 646
34 724
906 958
550 644
398 537
920 967
852 885
281 712
13 177
83 194
298 460
315 730
838 855
140 728
794 917
566 899
438 626
399 520
535 989
962 991
310 853
86 915
630 661
366 673
479 726
110 755
776 990
555 839
490 831
671 694
288 596
160 645
145 679
600 963
592 928
594 901
432 704
368 906
275 981
45 711
719 754
453 740
582 712
11 466
625 992
140 203
144 300
209 847
813 898
493 808
325 664
292 318
227 757
659 741
502 703
179 375
118 346
61 631
562 620
447 615
190 586
333 817
587 885
541 787
272 323
203 906
520 597
201 277
667 860
172 937
236 486
270 831
353 820
812 892
262 385
510 574
250 767
576 827
291 836
162 286
488 563
72 83
272 928
279 598
135 219
541 689
454 958
375 727
110 701
90 622
56 291
62 583
305 333
145 637
624 922
110 226
217 333
184 192
390 489
543 781
393 608
87 982
274 382
712 975
257 411
68 702
312 570
537 683
323 903
530 601
168 826
420 559
47 750
455 604
63 308
670 917
8 701
575 894
210 309
719 872
387 859
344 698
30 433
158 259
272 758
359 788
350 508
474 779
23 306
85 928
533 848
157 674
173 775
7 55
382 846
688 726
73 709
65 390
23 467
294 323
34 229
653 656
303 355
133 245
580 980
116 249
751 842
273 530
18 327
320 456
96 185
11 804
178 320
200 788
34 787
413 935
67 69
289 514
343 646
533 922
549 781
42 303
234 627
644 752
212 480
575 883
316 894
303 413
94 137
612 923
48 945
114 781
298 933
280 323
855 863
125 415
86 640
190 638
313 319
718 753
524 640
297 760
457 599
176 593
612 708
440 659
144 656
512 693
19 442
308 791
873 916
436 643
284 921
244 545
302 516
960 961
181 861
321 723
779 818
315 833
196 449
28 973
340 669
540 701
334 607
484 928
173 574
98 839
388 777
261 297
145 609
260 473
326 902
28 713
469 723
176 262
239 665
203 924
742 827
438 628
479 996
92 841
603 973
109 753
369 910
522 969
152 434
759 994
710 973
620 706
103 968
687 715
130 837
614 876
165 583
237 502
1 643
513 619
604 622
296 517
188 990
43 347
260 956
29 236
590 735
692 775
493 626
382 755
334 995
554 836
83 791
341 645
791 853
268 398
478 483
392 835
590 797
658 849
687 756
9 349
345 783
960 970
280 345
533 648
205 263
345 372
712 995
710 910
101 488
31 886
583 865
96 201
665 858
345 945
468 873
613 812
577 579
778 785
356 921
108 314
481 685
372 479
285 320
112 728
143 385
617 887
11 737
596 983
518 851
940 986
556 727
309 801
136 510
11 977
324 865
88 349
13 379
332 748
664 859
52 63
599 921
859 932
259 845
451 777
394 699
349 686
490 869
577 925
587 919
708 825
832 911
843 976
214 647
178 877
161 510
434 849
679 711
289 938
479 739
101 638
56 327
449 845
29 736
579 773
536 601
290 370
269 356
216 569
313 916
349 370
142 393
76 702
772 911
254 933
494 573
354 629
722 740
399 477
173 670
209 977
270 693
52 578
459 713
298 540
30 909
422 566
54 191
417 745
105 353
2 678
275 846
230 509
626 996
590 908
798 888
494 798
82 300
460 465
8 16
757 961
246 837
387 810
436 803
541 559
80 480
142 845
291 675
358 594
269 916
187 637
160 905
54 241
208 518
143 700
380 445
108 285
494 625
99 981
220 577
299 525
60 586
148 734
425 876
332 715
518 693
355 852
346 408
17 553
636 925
293 616
723 936
484 578
140 676
279 468
256 912
235 578
501 645
300 969
73 224
18 685
292 661
11 460
476 699
483 547
36 102
840 971
341 824
378 883
20 846
166 195
663 761
186 349
231 241
223 485
423 464
49 907
290 634
337 975
461 766
721 803
563 566
310 615
906 992
117 845
202 841
606 959
312 864
18 711
119 552
240 936
70 461
99 984
359 962
48 355
161 346
688 908
306 727
142 636
178 302
66 405
367 379
246 591
305 678
183 234
342 424
93 884
80 331
609 982
340 961
310 657
348 421
71 142
203 574
626 795
34 380
758 860
401 455
82 923
109 679
26 235
327 370
700 910
326 815
290 312
79 888
419 520
240 581
489 733
118 783
86 531
152 394
552 763
689 768
451 553
717 788
90 396
118 309
444 709
24 48
46 653
96 912
75 464
676 872
382 807
261 989
64 467
233 654
346 535
92 841
481 716
115 879
490 916
202 344
283 311
146 856
61 356
739 951
55 551
614 861
526 932
125 403
510 698
48 555
320 963
139 682
800 937
294 717
64 777
63 415
374 560
649 838
540 793
311 594
347 844
202 378
293 422
604 802
83 124
90 850
402 908
125 692
412 849
338 629
395 673
611 688
236 453
340 776
169 650
293 435
417 671
636 709
96 164
139 515
166 288
149 487
199 840
51 611
175 869
569 599
134 545
260 700
506 519
479 674
92 692
112 508
366 667
220 461
654 830
520 915
668 941
144 405
20 511
114 685
633 808
177 356
436 766
59 275
458 874
868 965
153 899
396 438
569 615
323 818
193 341
137 241
12 646
280 442
314 585
50 396
226 946
671 715
581 649
458 909
30 780
102 346
682 741
254 539
280 281
472 496
621 737
553 608
306 808
810 994
48 125
74 209
273 799
708 774
451 620
235 481
403 501
88 582
45 245
261 444
325 757
915 945
417 447
501 722
258 419
382 455
466 583
375 658
86 385
435 755
590 705
31 239
94 741
118 258
298 705
33 702
58 620
394 897
70 322
39 247
493 740
129 548
79 922
463 786
225 927
142 555
300 734
585 827
44 622
8 748
709 920
700 897
253 601
215 242
253 922
489 585
746 956
713 744
502 882
131 732
272 646
211 383
571 795
133 535
141 341
184 206
769 906
4 25
218 510
267 355
471 675
140 939
554 655
359 883
160 933
95 726
208 305
112 699
23 165
237 363
305 442
77 466
351 470
22 780
208 687
81 138
802 996
220 359
27 654
718 734
812 959
91 463
40 494
62 789
578 945
345 882
390 810
661 879
283 900
364 890
31 422
832 970
114 421
194 995
60 911
732 938
118 646
32 685
531 740
113 667
15 688
2 914
744 796
662 947
29 619
649 840
450 733
484 791
598 846
789 905
512 524
82 767
561 798
15 766
356 462
127 153
370 961
118 154
680 735
68 303
764 827
137 871
279 563
413 927
719 876
241 311
166 927
392 646
82 729
194 581
437 627
266 807
340 591
275 844
78 831
497 841
371 661
147 898
649 748
479 528
391 640
476 839
234 570
46 302
235 626
415 672
256 601
402 847
249 940
21 125
3 621
583 782
603 911
564 729
212 354
15 744
851 853
144 424
11 189
245 646
814 980
73 836
241 584
447 839
489 883
411 468
173 427
342 993
726 775
52 905
839 937
716 791
696 859
138 626
51 783
784 790
630 687
274 776
619 870
283 641
112 505
693 932
204 690
197 898
25 419
279 949
668 863
482 989
130 450
111 500
821 833
207 523
454 983
247 716
360 605
33 529
146 391
594 884
84 755
97 495
108 368
375 971
39 287
409 456
416 487
172 828
39 311
684 694
25 334
549 930
383 693
88 581
389 528
286 601
20 472
302 500
387 676
345 394
769 882
301 753
259 585
393 489
10 623
176 567
30 343
40 119
412 619
47 859
11 647
68 403
369 586
902 972
299 964
321 849
71 993
73 250
465 581
127 738
395 834
693 737
731 863
198 696
354 662
284 976
47 233
686 818
335 511
302 794
38 729
74 800
34 146
615 969
531 630
741 925
358 387
173 585
92 285
365 370
349 866
102 649
258 315
649 920
637 769
501 870
674 943
224 707
93 116
245 543
746 906
56 471
59 267
229 358
263 518
133 723
375 867
105 154
77 552
244 754
547 633
310 665
494 888
506 937
105 924
52 593
14 442
280 648
500 876
638 683
364 398
188 735
658 888
133 292
885 965
377 521
45 436
751 929
611 852
438 779
409 715
375 729
850 943
12 353
569 822
143 955
693 852
250 433
462 505
393 566
430 942
833 865
507 986
717 761
78 121
544 836
486 838
339 488
499 784
530 612
490 988
592 843
187 842
280 611
307 845
7 656
710 759
445 619
165 270
310 383
243 846
149 648
556 688
395 907
59 522
844 966
15 440
121 812
15 285
591 731
657 859
250 492
340 694
114 609
497 779
918 941
266 987
592 953
502 546
272 524
119 943
493 878
229 478
2 762
243 653
26 276
233 446
517 572
63 631
184 841
26 51
316 785
301 932
193 401
464 722
669 925
341 502
550 980
471 569
665 732
47 941
280 757
277 390
452 851
827 955
217 877
900 921
117 835
145 309
239 867
87 692
117 459
428 928
100 916
322 685
369 651
331 549
648 938
422 528
313 358
380 449
239 283
294 355
41 438
280 583
278 308
286 686
394 633
414 617
553 939
22 127
311 570
378 878
431 905
303 663
266 603
116 424
409 805
698 846
284 766
49 78
334 481
683 795
304 967
132 443
153 246
476 489
642 866
76 277
579 774
658 960
105 773
387 910
9 105
759 871
292 807
693 868
64 554
34 411
542 777
396 942
614 885
179 341
617 754
254 452
120 911
224 415
608 721
57 632
729 815
426 941
217 545
609 637
691 967
471 562
432 958
49 337
677 766
147 523
298 400
417 894
232 234
560 761
617 953
397 685
355 742
549 900
109 959
432 653
79 913
47 510
383 794
478 563
64 624
10 361
903 943
101 697
139 180
15 861
181 796
75 619
172 923
805 974
280 329
279 461
245 507
43 788
190 810
605 873
534 813
157 680
441 773
499 780
564 952
513 672
135 745
591 666
306 643
399 506
779 891
59 784
209 495
21 22
546 684
421 814
83 890
104 523
666 803
25 542
370 457
38 137
592 802
548 897
368 866
182 406
113 648
240 777
261 608
295 798
536 726
635 808
429 738
19 255
199 464
560 754
616 656
251 791
263 421
71 708
132 397
700 889
132 509
40 480
201 312
41 335
736 969
89 849
27 631
18 107
225 586
771 880
205 486
54 625
125 748
336 799
228 521
502 949
279 981
591 989
186 247
551 841
139 323
689 929
349 955
574 707
401 544
377 748
431 886
296 557
551 555
360 995
698 781
867 977
766 859
491 871
29 45
168 635
368 488
636 776
446 486
213 990
590 887
696 741
24 41
177 498
511 536
213 496
286 320
9 193
69 683
97 799
358 647
184 934
845 960
214 574
369 706
179 207
299 868
242 875
55 828
342 739
158 510
554 749
364 746
432 678
352 400
528 919
632 757
525 776
353 515
739 883
945 979
66 281
736 860
443 567
105 834
267 909
183 386
546 935
56 616
327 977
428 936
249 616
29 979
145 497
301 883
283 384
369 751
411 484
152 846
905 977
809 950
56 95
33 199
174 521
421 569
500 508
669 849
47 751
191 617
252 917
555 993
124 668
527 923
82 994
376 978
249 902
791 996
305 909
825 948
86 520
250 505
22 947
177 994
772 793
108 943
105 714
501 757
427 692
287 773
344 582
249 754
468 830
58 168
120 300
305 883
56 559
510 810
986 993
427 768
534 703
340 635
139 638
100 333
306 486
29 829
703 887
2 640
94 169
394 698
208 504
618 687
431 559
200 555
341 546
47 246
83 880
386 641
23 405
428 893
710 922
260 520
181 548
163 641
270 860
38 477
367 656
167 925
10 286
270 403
569 831
316 834
372 621
314 478
29 374
658 741
5 219
181 766
185 344
411 454
207 368
494 851
937 943
342 873
147 745
146 897
237 462
608 734
6 135
922 951
509 666
612 647
590 713
417 695
60 827
152 186
118 922
65 679
783 941
929 937
86 689
829 845
467 487
393 456
381 621
53 347
51 878
640 700
40 594
338 653
410 786
759 903
255 361
41 887
305 747
913 969
722 753
223 761
212 221
535 752
521 881
571 805
428 763
135 360
387 392
176 933
615 721
82 976
889 975
20 204
639 909
120 395
554 801
538 765
76 941
440 465
168 957
40 643
94 515
901 922
485 858
80 130
82 476
109 375
48 970
532 578
697 876
433 927
388 421
121 365
463 481
343 830
648 789
167 905
831 882
71 290
71 692
92 419
72 447
45 466
47 415
214 496
346 663
88 647
687 733
200 372
171 205
462 739
371 993
798 905
205 895
92 816
430 885
907 956
296 797
135 920
342 420
348 925
765 914
502 932
307 605
621 695
6 512
428 437
265 376
230 500
84 241
320 968
150 590
390 928
446 771
444 787
194 792
635 879
570 709
237 304
877 924
312 932
292 929
229 739
557 968
560 728
51 212
531 802
201 382
115 566
77 559
270 356
274 911
72 982
375 484
143 284
302 994
155 595
209 338
303 685
34 229
248 361
5 699
125 166
84 200
80 690
678 965
350 951
421 879
287 857
3 716
21 570
169 916
95 128
397 426
654 813
64 351
18 355
103 762
399 766
92 223
845 900
118 976
855 859
459 635
69 178
557 638
118 476
133 726
155 523
339 449
799 809
323 746
8 77
475 849
75 693
462 486
466 894
499 672
248 957
310 316
58 866
96 873
265 603
148 708
596 757
50 489
292 399
239 395
11 220
870 912
5 279
297 818
744 796
494 911
676 723
150 654
27 513
749 777
629 896
309 488
415 458
718 813
669 956
212 888
5 886
724 810
24 283
631 947
128 819
499 781
851 931
156 367
824 877
67 429
475 643
61 737
378 852
524 794
337 925
146 416
143 849
135 955
166 590
5 905
717 786
327 491
402 640
520 777
229 844
791 948
242 608
97 851
568 986
246 620
496 955
268 392
21 270
107 403
327 859
15 500
36 261
675 910
662 691
198 810
69 458
604 699
378 597
506 715
258 866
285 671
217 982
237 553
256 875
38 263
197 205
241 537
371 457
122 915
37 65
442 931
25 458
144 541
756 858
50 625
119 641
255 829
385 626
412 881
263 674
468 839
299 871
331 628
546 669
373 733
227 502
98 447
241 605
284 987
22 957
61 828
601 660
230 235
49 646
35 311
244 793
38 698
95 329
288 764
580 795
220 420
518 807
335 666
657 678
618 620
449 617
141 680
112 834
160 290
324 404
391 647
92 120
135 604
341 891
59 898
241 395
205 278
758 944
360 539
160 604
144 979
582 608
204 639
419 493
799 822
113 737
392 776
124 915
464 910
730 731
128 522
800 972
252 653
667 790
16 194
869 994
337 400
460 499
42 918
760 952
612 663
872 975
392 996
225 813
463 546
905 956
673 851
628 924
298 507
523 637
429 491
440 747
828 939
210 870
85 780
366 553
429 697
12 264
81 428
236 810
115 626
223 638
269 965
70 476
566 627
60 918
59 281
726 887
143 935
680 922
24 236
212 640
475 584
651 931
555 886
105 665
5 306
247 889
316 495
368 980
209 942
44 921
490 689
632 811
414 628
478 571
569 689
157 214
87 864
11 562
673 675
586 597
832 901
399 490
71 777
382 933
345 986
399 857
38 591
585 950
8 431
159 496
43 292
130 652
159 583
611 751
200 261
165 352
35 761
25 483
461 865
450 957
133 737
170 768
331 722
258 754
76 832
119 754
127 329
168 205
778 911
176 956
231 897
260 931
743 911
375 875
531 836
663 745
516 576
753 907
161 430
88 237
266 841
275 312
174 442
8 517
143 396
43 103
363 546
460 893
29 771
559 834
502 530
110 145
897 938
102 936
331 943
258 516
532 788
827 881
347 893
888 955
662 991
211 917
277 733
305 670
428 508
783 957
849 927
70 790
828 925
82 812
73 872
583 597
427 525
341 387
278 694
220 279
140 192
388 490
83 873
304 692
398 430
264 283
254 329
76 80
102 807
161 893
757 800
328 399
107 785
588 720
807 983
3 178
492 867
566 663
181 494
924 966
153 579
210 907
205 406
428 906
16 70
324 735
723 746
66 772
511 573
417 496
304 418
94 595
84 829
326 756
264 645
173 762
382 797
127 592
501 507
442 554
570 797
180 239
165 443
15 874
430 657
294 960
847 888
57 679
812 891
159 924
101 380
181 840
402 436
307 908
780 936
273 430
452 500
668 943
536 602
197 820
35 117
160 881
137 925
483 819
331 868
252 897
431 741
432 832
180 658
39 664
361 936
468 860
140 312
806 847
549 741
47 776
127 586
514 580
263 983
134 256
77 317
305 667
656 737
422 916
89 237
597 874
346 945
260 381
190 485
30 149
659 993
248 844
123 348
305 761
334 936
358 570
16 663
240 752
322 661
559 591
469 670
159 618
459 814
222 797
569 746
231 370
138 742
478 784
162 485
92 818
21 450
37 311
116 550
357 708
134 303
803 915
691 994
344 428
64 456
28 649
810 938
178 475
79 655
263 563
354 736
304 757
614 723
793 838
167 424
199 221
37 726
27 340
34 291
410 767
339 354
87 357
281 535
279 562
113 824
842 849
69 101
609 824
325 683
585 769
703 748
398 989
740 936
693 737
150 428
26 423
383 766
510 966
75 917
33 249
14 818
801 918
82 413
665 684
254 657
329 457
369 956
699 726
228 386
297 316
341 813
503 720
233 723
472 563
227 720
48 596
400 733
735 885
554 733
393 422
798 807
641 766
91 370
238 389
676 704
412 535
48 258
771 914
390 410
257 636
33 852
683 686
176 571
424 828
48 845
144 854
567 785
544 657
78 932
753 894
432 639
89 606
6 609
22 300
315 557
268 657
263 332
507 953
380 754
258 801
148 402
579 634
126 190
267 294
61 112
619 940
32 543
76 148
448 953
97 192
674 924
259 459
415 936
613 686
714 943
338 781
268 916
419 457
45 632
25 644
587 743
210 563
538 710
285 494
81 301
605 924
67 974
107 834
401 792
38 450
658 787
819 926
161 706
386 670
712 949
459 694
180 459
588 996
792 810
414 810
22 96
74 738
89 844
409 907
360 559
220 447
71 189
69 776
269 375
370 980
67 327
362 786
167 869
785 976
122 664
709 760
144 370
152 833
217 663
560 695
26 926
16 915
38 983
306 792
165 281
210 608
151 571
237 397
105 364
31 136
147 845
290 790
218 546
355 361
212 840
53 158
770 887
173 807
794 964
37 78
52 246
123 685
5 736
103 359
30 495
134 176
343 843
385 480
393 665
604 834
508 887
201 761
697 934
494 928
821 964
572 793
180 213
868 915
185 277
134 891
28 771
37 229
613 790
186 517
274 281
708 710
84 474
781 909
331 840
156 278
769 807
868 939
786 949
57 730
66 624
190 757
418 571
365 713
153 950
154 550
183 347
430 861
657 773
214 907
412 616
346 982
184 853
56 208
642 938
32 628
221 565
140 308
24 558
431 504
97 973
443 584
160 369
736 872
10 145
646 681
341 552
444 946
158 408
54 500
99 531
601 663
672 908
153 722
149 851
504 947
11 126
205 313
109 379
444 940
118 509
48 458
64 993
392 901
74 324
92 365
775 965
370 675
400 796
522 650
29 549
521 594
753 956
338 798
661 861
781 978
93 748
157 359
184 745
468 738
507 832
285 830
508 800
599 654
100 907
172 379
48 612
7 972
369 693
233 265
357 965
135 450
493 717
385 526
596 993
107 126
748 955
311 551
466 885
73 297
244 904
675 871
651 856
148 798
66 347
380 624
34 434
750 993
442 847
138 446
184 358
109 472
142 783
528 659
591 651
418 824
422 894
292 673
93 992
343 820
78 124
112 886
557 882
407 781
247 839
604 773
26 248
87 712
294 950
544 614
361 944
761 881
97 783
358 698
181 189
44 267
224 849
298 701
82 654
31 900
803 920
507 865
55 142
8 952
435 489
302 472
356 770
67 556
372 424
177 561
221 524
668 747
48 989
372 647
49 322
550 969
129 977
183 757
122 712
110 477
205 581
698 974
684 857
232 453
111 629
555 712
382 769
146 762
429 437
332 398
758 881
290 886
50 861
983 988
22 762
383 886
84 522
382 783
159 768
534 798
169 707
276 480
421 551
165 899
496 857
220 539
300 509
165 348
340 559
71 324
361 373
133 882
456 915
147 188
641 993
703 945
144 729
106 203
270 565
26 345
245 685
803 905
155 754
73 316
63 414
559 694
355 611
499 810
449 686
445 877
250 825
151 899
257 968
105 456
130 446
55 721
295 527
52 959
601 951
18 287
17 845
371 711
214 459
104 827
819 980
275 989
425 728
620 891
601 915
79 967
49 719
25 343
170 983
314 770
600 937
788 873
368 422
167 746
270 635
378 576
174 850
370 901
198 264
524 799
102 523
70 769
165 713
332 334
645 699
108 559
248 815
435 615
240 601
364 875
790 859
176 963
545 712
788 910
315 728
632 829
324 757
899 922
40 234
259 738
286 799
300 966
104 654
344 585
258 868
51 142
317 731
366 934
725 781
279 512
830 959
264 720
86 157
196 565
320 823
42 853
33 76
11 136
515 729
399 906
387 460
41 877
776 814
326 480
462 525
424 991
179 358
67 435
264 631
503 550
378 407
410 544
402 555
55 465
73 864
379 880
327 760
27 339
497 665
506 958
193 421
306 550
372 599
862 904
458 923
304 369
784 912
109 713
181 470
163 463
47 964
295 841
184 726
227 241
746 848
108 960
170 413
433 768
341 705
554 631
798 922
585 934
570 757
151 693
670 776
613 638
377 742
471 852
96 560
331 697
725 841
294 931
141 727
622 845
179 987
399 788
24 336
296 701
825 908
499 851
387 607
140 352
763 911
247 823
10 443
497 770
171 711
312 624
250 361
80 351
428 479
142 372
357 734
76 563
188 926
65 795
124 236
150 918
38 972
88 963
419 585
589 656
284 299
579 820
533 820
880 929
302 990
255 955
250 350
521 537
99 585
334 335
405 628
176 585
263 380
551 718
211 847
69 231
414 970
647 946
499 793
18 749
492 924
761 973
177 497
276 302
6 556
529 633
704 880
184 222
692 967
737 901
55 822
239 726
29 296
108 821
795 857
210 839
784 815
880 971
196 235
79 240
608 671
555 793
235 934
125 738
562 629
455 862
511 617
565 613
721 806
309 524
151 501
208 734
708 885
44 91
170 823
283 497
79 697
55 851
16 712
565 976
198 761
814 939
275 555
4 302
199 610
528 699
265 681
489 906
892 917
532 718
10 815
138 626
113 813
480 749
379 824
25 317
143 179
337 758
63 733
261 932
593 788
277 554
384 972
685 787
221 304
313 428
565 955
771 858
341 677
443 505
679 720
449 782
131 857
43 594
193 303
449 705
14 922
901 985
309 590
532 695
126 810
764 768
625 690
371 462
825 966
609 795
167 507
314 368
276 297
410 961
333 578
118 511
23 258
487 499
117 612
22 345
242 786
36 932
334 417
226 303
24 245
752 831
69 190
123 407
7 344
816 922
259 933
356 436
855 875
410 922
864 891
137 754
573 709
72 906
130 297
133 294
240 883
49 349
91 951
299 755
17 574
144 275
431 499
309 711
277 556
172 719
396 423
308 995
109 299
158 825
515 957
451 674
420 843
26 798
510 701
20 527
163 198
628 721
435 581
858 937
579 991
337 949
260 894
6 256
84 478
83 992
454 960
669 806
614 873
306 527
318 546
516 752
477 628
67 133
831 923
825 990
505 862
86 403
45 341
328 522
331 344
307 437
109 784
116 660
563 642
880 965
32 641
319 580
121 385
712 951
312 625
700 736
490 785
62 534
49 390
392 975
415 720
427 698
443 733
88 90
299 974
331 887
209 618
738 830
514 545
613 825
93 316
484 582
24 546
39 72
17 855
463 498
164 431
873 924
896 933
119 880
771 910
369 452
202 979
113 496
725 746
244 758
648 960
343 983
197 301
58 971
317 520
392 667
239 603
503 543
175 426
8 541
200 909
103 459
114 492
518 779
220 762
184 540
333 802
170 449
106 148
422 423
587 734
92 194
554 972
70 616
160 899
23 77
72 456
105 125
562 867
90 883
247 346
193 579
151 363
31 256
373 430
20 597
110 608
85 213
85 748
74 983
71 827
898 925
53 446
316 922
535 808
405 781
157 598
227 364
314 880
233 402
687 918
252 796
385 529
533 801
136 874
440 963
368 864
313 784
341 710
628 875
441 953
518 579
474 942
357 744
150 180
589 866
71 760
520 585
148 389
56 204
187 415
54 90
783 873
127 367
506 914
921 947
503 870
347 468
135 369
548 703
215 284
275 417
5 975
46 794
314 769
249 420
188 338
473 890
135 759
20 640
677 940
510 550
366 897
734 897
36 523
239 285
621 658
513 556
230 546
601 859
770 919
30 282
31 674
165 919
437 858
117 725
158 721
90 666
486 975
14 824
32 929
172 590
653 685
149 202
669 834
756 980
185 362
393 785
627 858
298 477
125 488
212 334
283 920
222 261
49 409
194 341
80 285
652 850
2 889
727 773
591 756
406 952
115 940
268 722
741 745
23 233
277 789
75 364
200 585
255 528
368 553
553 789
642 653
208 545
564 981
158 195
601 660
33 524
301 715
249 459
191 965
611 757
467 895
666 752
483 926
40 118
298 906
512 870
551 719
118 338
533 623
195 207
57 148
730 771
448 978
153 336
172 684
96 639
582 847
228 984
345 697
943 994
174 458
725 787
101 128
643 762
580 877
636 849
28 582
330 395
403 563
655 730
90 825
217 591
364 596
296 578
445 629
213 802
902 919
530 922
216 966
550 569
96 421
109 123
359 923
409 437
170 761
67 850
203 914
364 433
567 941
199 648
309 780
4 215
454 702
60 672
589 628
145 684
173 969
726 895
166 531
227 295
214 255
68 172
416 431
605 902
256 296
104 604
28 40
661 738
401 798
256 909
320 349
241 596
245 493
27 59
286 330
242 584
229 499
755 914
283 660
740 875
459 763
402 418
64 790
82 114
258 781
26 133
541 577
73 294
352 705
20 38
181 637
139 621
300 409
973 988
502 716
866 960
192 482
196 301
255 303
229 955
175 560
11 140
304 635
133 344
72 656
296 301
252 842
355 660
65 331
566 652
441 966
371 450
552 750
486 726
56 715
615 684
695 809
447 675
2 807
657 710
15 878
53 873
231 856
712 840
287 481
409 450
648 858
203 740
230 532
587 849
536 864
126 676
234 800
46 156
530 756
331 812
688 690
383 469
18 838
312 322
305 640
691 872
422 435
953 994
584 846
371 463
386 588
50 539
15 311
694 760
430 690
94 383
41 476
771 879
86 494
124 718
646 815
71 593
173 510
27 676
360 489
50 665
1 19
207 231
901 949
643 991
8 254
294 945
484 720
96 897
220 725
374 538
134 954
50 364
390 643
725 922
694 799
590 799
712 797
584 949
621 943
230 794
99 951
91 358
187 818
178 466
406 715
283 760
127 768
332 334
60 437
239 260
753 769
388 957
489 829
33 971
125 696
570 826
223 917
927 960
27 28
349 352
112 742
433 634
159 965
515 766
28 945
700 753
633 718
11 130
465 901
163 164
945 988
171 653
583 828
54 854
403 530
195 209
434 842
592 627
317 810
110 757
185 782
380 822
310 338
723 952
118 135
83 806
29 463
174 857
227 965
499 714
629 923
67 693
244 688
502 578
560 608
182 744
313 482
570 651
525 791
377 925
106 562
12 590
185 568
450 537
88 331
39 960
14 651
621 946
527 894
46 457
58 228
125 371
694 709
25 423
142 321
352 703
283 426
296 914
387 666
454 717
412 753
600 686
549 982
310 800
356 996
57 260
304 503
215 347
291 917
62 637
531 908
684 877
194 980
500 794
171 569
221 325
502 740
487 930
243 293
212 290
470 518
24 188
455 693
158 614
715 745
280 675
363 626
160 740
266 953
163 754
47 303
2 548
47 931
259 954
97 168
470 615
577 637
333 558
35 636
780 866
354 545
899 979
62 827
96 642
725 934
769 980
31 770
77 531
408 704
335 720
575 724
135 338
225 816
259 468
337 455
728 958
801 860
630 631
196 921
646 858
418 920
841 950
111 295
31 814
285 703
201 538
795 929
157 336
534 723
335 908
217 979
639 784
80 273
5 338
388 904
311 862
245 627
264 356
214 841
93 547
419 550
351 668
7 269
427 802
729 761
634 711
276 977
418 977
468 756
855 981
583 766
89 827
273 316
106 161
199 486
627 824
298 668
98 936
224 524
662 952
209 299
109 667
8 494
89 882
763 989
269 740
679 829
100 994
105 125
78 510
323 625
258 911
355 842
70 850
435 799
25 927
611 653
39 151
128 619
36 305
40 695
574 718
447 593
471 636
633 717
901 960
162 261
107 874
436 647
158 176
86 120
88 738
127 731
353 808
174 763
213 577
154 382
828 851
490 666
303 387
126 127
307 350
208 227
413 643
508 873
721 878
627 808
361 540
351 854
31 633
118 134
164 499
18 207
250 873
427 472
263 472
532 598
778 805
114 678
372 474
96 541
172 356
895 903
452 761
9 169
206 711
142 874
348 624
811 874
161 224
349 406
553 867
254 857
458 675
368 966
828 932
65 211
3 888
29 455
197 652
286 463
403 524
30 84
814 871
19 823
176 975
344 531
205 962
640 784
75 582
517 610
594 903
727 825
485 675
60 203
665 872
198 346
112 429
227 983
166 970
144 921
149 268
34 594
302 392
673 974
206 376
202 414
65 720
31 208
233 739
268 614
533 818
811 929
881 958
50 835
759 931
3 114
707 947
262 952
12 628
239 308
653 754
429 477
379 717
379 604
612 791
353 993
327 727
131 205
608 960
181 462
294 722
384 592
339 920
854 932
96 887
163 564
591 668
308 960
567 970
505 687
362 603
608 777
333 981
739 861
919 944
326 590
136 630
59 185
42 968
778 910
58 992
345 645
308 587
480 953
563 875
160 984
169 684
421 687
429 668
285 536
271 531
49 406
164 233
55 385
195 218
172 833
181 214
720 816
409 692
203 207
110 258
366 426
56 793
384 847
55 405
675 919
585 967
5 668
124 309
238 723
446 479
409 659
228 659
382 987
504 840
101 197
482 613
329 447
217 458
713 862
271 555
460 776
384 446
447 569
93 692
142 726
138 571
154 720
26 285
64 128
261 529
66 149
595 742
203 394
30 811
85 984
448 585
34 780
231 831
447 522
243 251
508 734
231 388
592 807
176 870
625 720
54 868
690 796
7 466
200 918
37 906
284 541
68 357
111 574
99 218
380 557
68 349
37 656
219 843
251 394
637 890
22 690
631 681
70 489
411 558
269 514
240 473
58 596
460 631
677 706
187 649
1 976
17 174
392 576
779 826
419 706
640 727
33 324
282 521
394 839
662 851
94 356
138 413
517 609
239 963
117 615
97 425
535 598
33 114
811 910
619 859
154 502
186 269
470 826
143 626
312 401
587 724
414 782
27 919
302 885
185 419
423 609
515 957
130 547
959 990
281 853
434 581
278 770
107 539
169 243
169 475
569 893
981 982
678 904
928 979
116 792
139 401
724 835
99 774
13 305
586 736
241 865
66 939
482 930
93 96
261 650
142 490
157 475
127 834
59 382
97 737
94 141
235 738
254 896
204 515
174 266
54 709
334 652
119 187
57 131
283 706
392 772
548 767
170 813
306 551
46 871
568 885
106 802
5 626
144 975
164 209
237 917
137 491
256 492
548 677
386 959
177 697
655 943
249 824
474 760
299 554
519 866
442 624
71 591
570 629
134 757
371 733
677 870
173 861
49 541
354 720
424 897
2 971
223 763
526 745
47 616
84 138
445 912
427 681
313 516
649 996
73 652
670 939
445 723
413 842
188 485
611 687
305 661
72 532
280 883
502 597
327 600
162 559
49 243
484 588
476 507
136 468
83 995
141 527
721 902
860 908
391 550
442 615
214 973
20 686
207 257
441 503
3 726
664 774
165 176
181 640
237 682
32 684
172 235
135 955
994 994
308 787
152 547
760 922
129 532
305 699
143 738
387 807
65 474
85 229
265 569
175 789
501 820
735 858
911 992
614 828
324 989
139 459
65 475
142 603
516 840
177 827
637 982
50 563
35 647
199 603
907 912
336 697
559 650
75 564
474 608
316 387
454 931
329 845
438 987
852 953
682 830
133 736
323 616
277 705
266 903
101 799
500 733
386 437
431 978
455 870
42 189
761 892
610 642
4 224
79 520
273 956
13 761
7 12
628 637
203 893
5 463
200 914
354 424
405 585
378 784
780 825
544 566
132 640
77 863
135 596
14 942
626 789
26 720
552 573
360 754
390 823
307 758
26 186
530 580
367 510
293 908
115 397
754 757
448 753
582 620
353 485
65 516
34 461
585 784
38 148
342 347
104 970
653 915
209 236
448 638
279 522
636 931
611 676
127 313
367 852
629 639
68 261
294 703
411 528
485 879
224 558
451 831
247 407
289 455
562 736
87 97
935 947
534 642
481 874
660 847
212 730
410 990
36 199
287 727
169 446
7 135
313 886
377 559
296 665
778 934
325 950
263 864
430 820
304 796
307 379
74 956
483 511
709 949
160 519
359 964
248 414
560 891
191 303
123 518
60 856
104 299
87 929
366 752
85 436
59 742
52 463
622 973
535 574
606 973
653 964
901 940
381 754
464 603
506 945
125 724
343 485
417 827
116 349
172 784
150 200
450 662
75 202
559 656
168 568
225 632
55 495
49 436
253 512
121 958
22 86
426 844
429 594
697 843
709 934
485 908
88 934
209 493
55 928
499 864
142 499
117 643
691 993
169 472
207 433
148 209
56 519
493 867
339 569
281 567
277 971
112 284
605 828
412 759
279 579
262 721
697 824
613 837
312 519
645 782
664 990
186 792
208 966
458 972
463 547
739 743
437 850
269 946
361 378
947 957
212 559
259 601
40 361
478 871
576 592
126 259
490 837
379 445
48 340
514 836
578 802
163 260
129 352
351 729
301 489
51 609
213 433
229 392
104 573
168 869
599 994
92 427
754 791
470 801
134 230
319 856
498 807
82 938
292 627
119 731
343 512
90 944
318 556
132 259
131 341
300 860
48 646
801 951
345 440
493 526
574 844
272 304
213 345
306 891
40 424
930 936
23 382
803 937
66 260
521 989
116 212
164 384
258 857
300 884
413 602
99 712
180 984
323 445
120 628
339 544
272 667
52 403
129 214
474 909
194 901
230 994
116 381
313 892
200 638
115 164
533 826
182 632
504 813
80 853
135 419
400 801
610 802
773 824
685 930
48 301
218 509
197 544
509 518
79 439
553 628
84 162
302 344
39 716
795 847
891 982
137 214
706 747
482 935
574 788
90 794
598 835
35 931
65 452
423 463
95 450
612 895
178 201
813 955
239 805
53 612
668 710
266 420
204 418
821 911
911 991
628 750
432 562
417 704
171 933
387 839
185 738
2 282
938 956
99 100
630 684
72 318
301 337
639 657
460 481
454 473
25 315
127 667
506 831
87 443
921 925
29 829
666 750
310 527
328 629
236 546
617 957
182 553
213 953
336 820
216 614
710 928
240 836
598 746
590 604
192 434
533 940
122 462
613 692
165 649
198 939
400 820
735 873
5 611
89 744
622 947
660 959
123 554
75 419
13 868
679 979
135 366
748 842
256 378
363 824
305 542
941 942
128 680
132 817
214 826
164 875
451 758
743 924
166 880
671 919
98 521
463 653
418 655
214 830
576 795
340 578
523 801
204 928
126 941
339 980
770 858
144 423
169 539
422 988
334 910
96 351
434 668
12 814
89 947
841 883
422 447
146 251
350 864
102 909
85 294
172 983
594 863
50 405
41 682
747 936
762 870
227 290
107 354
238 442
83 974
249 424
314 424
212 594
663 695
124 876
295 700
566 782
808 832
494 890
560 792
353 666
326 642
599 812
54 669
44 646
56 212
479 989
446 506
32 610
124 734
823 908
613 948
312 680
206 368
97 164
449 765
14 749
94 564
612 762
537 576
331 592
243 707
156 991
604 748
188 872
19 261
213 618
631 930
3 812
139 908
86 823
280 834
293 757
321 372
59 858
309 867
373 578
367 552
303 653
840 971
98 235
716 858
367 413
182 649
415 707
13 500
292 533
257 293
497 585
563 585
278 455
651 791
346 952
21 609
569 911
452 666
150 234
385 436
37 646
618 980
550 663
200 403
579 762
270 412
79 916
277 832
295 626
250 927
892 947
464 778
154 862
133 931
307 438
370 872
394 907
61 855
181 461
180 226
511 759
415 757
250 431
37 645
795 883
610 814
596 834
77 619
130 749
59 553
487 842
880 930
708 753
137 940
43 888
282 570
554 696
250 904
207 865
552 583
13 369
197 766
193 964
388 636
242 860
614 728
467 626
382 612
178 475
438 985
518 719
75 478
338 648
206 978
533 774
786 788
821 904
556 789
101 943
262 348
727 962
356 990
432 605
530 657
83 98
438 520
736 916
77 594
487 495
202 264
31 909
53 772
608 737
564 837
475 831
22 125
15 796
152 480
60 539
542 681
77 122
65 812
659 957
447 808
77 929
28 710
683 841
581 799
214 366
341 688
200 363
732 916
135 297
71 836
194 671
270 381
445 792
5 673
27 812
104 123
744 753
131 509
439 929
13 652
218 274
264 337
636 995
176 852
134 246
247 691
836 991
517 552
440 521
228 386
257 270
4 489
26 539
432 464
391 445
40 608
303 718
277 865
44 301
132 354
210 743
49 601
41 737
100 600
561 747
486 817
21 894
46 741
176 357
430 747
469 540
261 279
147 771
457 991
110 509
319 349
255 869
288 991
807 909
15 393
500 558
214 578
317 874
623 673
53 56
424 593
444 622
218 773
234 688
213 797
481 742
40 916
273 327
185 830
137 844
577 694
347 710
195 664
587 738
340 560
683 713
156 161
308 848
378 995
5 510
666 716
755 910
186 585
5 419
141 290
266 867
533 755
500 869
91 120
379 610
327 650
66 725
293 407
576 784
212 501
218 927
131 170
605 755
237 609
177 526
362 669
316 347
816 894
220 933
749 826
316 399
381 995
127 405
593 622
113 804
126 330
296 654
182 380
536 970
70 790
66 383
301 431
249 649
40 788
185 865
500 541
267 459
313 800
317 864
855 896
44 900
149 698
119 528
92 879
68 593
53 161
512 895
353 547
393 760
339 864
181 799
368 368
91 261
48 600
378 407
451 943
95 282
72 320
543 950
412 530
466 492
284 582
7 854
686 831
93 170
271 554
841 891
155 638
241 931
203 342
69 619
712 820
164 783
143 626
474 656
126 159
660 966
409 892
163 437
502 607
59 255
149 877
438 819
224 753
346 598
18 140
414 729
497 959
26 435
95 126
284 499
140 388
468 863
284 304
631 785
885 910
710 763
585 954
71 181
261 668
199 446
808 859
690 847
280 286
405 715
218 380
439 609
475 605
808 906
540 778
516 611
282 349
244 306
314 786
406 967
851 902
169 713
633 935
406 912
125 224
321 523
262 849
866 961
327 871
29 678
117 334
559 682
399 723
108 907
40 316
78 941
166 170
577 803
25 983
168 638
31 958
292 691
575 810
61 81
369 678
9 623
567 795
197 308
219 293
224 253
222 454
117 624
387 614
350 411
600 987
550 579
193 869
602 841
687 921
582 976
590 603
401 602
81 829
293 517
660 967
425 545
582 881
272 968
199 241
602 718
104 151
191 939
35 216
545 823
130 875
401 802
327 640
720 721
79 161
16 50
481 821
394 705
285 982
104 896
422 445
595 741
525 931
538 661
6 885
487 763
55 292
88 694
538 728
337 536
273 889
505 633
673 898
341 658
106 161
550 761
425 582
30 149
359 606
247 690
180 531
13 585
20 391
203 848
459 748
388 560
731 892
196 407
536 714
819 984
616 668
121 373
96 441
151 454
760 966
500 700
633 940
8 254
130 572
106 323
413 509
243 882
81 308
25 570
477 537
76 764
60 149
164 197
347 500
389 538
110 161
808 969
735 793
147 289
172 865
377 611
417 584
539 891
32 417
836 873
509 603
577 949
149 582
85 660
201 415
393 444
124 362
78 337
483 858
366 646
654 897
241 942
317 405
55 653
436 810
530 864
336 402
444 917
28 550
884 921
228 237
331 589
360 667
222 587
73 952
726 867
733 852
92 886
141 861
576 665
198 674
364 930
599 727
72 850
695 754
875 982
209 931
295 494
84 796
436 868
40 306
518 811
407 958
102 823
271 491
598 865
608 961
130 798
571 691
121 449
189 995
124 354
127 847
338 842
773 931
714 890
2 155
704 960
450 481
65 752
662 940
471 540
261 546
241 520
640 831
609 940
558 962
67 685
404 812
530 746
167 180
181 639
241 267
64 722
129 716
477 580
710 936
180 970
200 494
420 950
57 948
615 893
879 913
223 648
286 672
385 398
759 956
3 486
146 549
724 862
124 597
231 365
63 338
182 410
749 751
56 808
700 868
346 536
488 751
187 956
163 584
345 921
464 750
609 844
302 571
394 819
615 758
53 597
20 382
690 779
134 754
501 753
625 766
292 379
257 478
259 340
523 982
184 369
31 276
497 977
295 522
140 319
291 972
736 991
438 672
685 805
109 195
561 820
772 795
122 971
254 380
159 234
418 902
181 527
368 427
598 809
721 916
697 948
211 608
611 802
219 965
164 611
95 248
903 962
787 944
44 936
94 328
153 202
431 648
254 798
78 851
611 719
482 690
339 820
13 869
626 898
92 160
65 259
174 887
224 960
83 834
85 923
48 176
158 606
411 695
328 693
185 858
415 874
263 753
196 618
167 625
97 636
81 326
419 894
41 887
383 644
44 309
139 729
277 806
665 971
140 992
324 667
5 773
121 955
658 677
154 306
170 824
73 861
250 679
60 492
719 874
682 704
106 356
382 821
165 489
277 304
404 863
100 627
667 868
58 548
132 329
156 773
301 638
229 471
320 640
530 958
237 437
542 644
388 592
676 844
44 876
203 979
529 906
302 697
120 359
249 448
410 941
523 711
502 671
105 821
314 634
703 750
270 791
216 386
63 657
66 456
26 964
658 931
497 879
536 632
161 800
571 983
429 744
205 250
104 309
417 990
616 942
171 736
386 805
46 465
31 368
393 840
501 994
247 414
303 878
464 949
601 855
38 269
242 288
391 438
351 470
415 807
887 897
75 695
120 286
164 573
7 150
67 965
216 428
481 650
17 353
117 538
74 212
499 726
167 235
704 889
437 619
43 327
117 520
26 725
109 236
302 305
115 190
371 462
325 771
36 262
128 152
339 799
146 528
380 757
614 649
54 88
130 191
301 710
166 326
321 359
434 660
468 625
769 915
98 850
690 885
359 737
40 81
185 995
528 755
145 485
327 492
118 517
418 541
151 706
509 743
30 100
92 574
568 860
341 412
105 877
229 239
188 761
319 759
293 846
517 777
843 910
32 192
284 732
369 434
36 441
390 862
135 953
622 883
298 736
617 962
114 323
87 775
98 302
594 766
286 863
294 697
53 485
336 648
20 220
580 769
55 554
110 889
430 775
169 651
537 992
318 705
484 650
325 951
94 501
287 468
379 761
351 983
249 634
388 686
378 574
548 967
779 931
364 577
232 557
453 553
161 768
341 790
118 564
216 984
131 683
275 430
181 368
536 780
470 735
312 924
767 814
702 859
440 517
69 77
441 591
282 549
263 602
89 622
300 757
77 431
271 444
731 780
371 563
109 270
117 952
420 723
203 851
348 371
416 562
156 367
777 836
302 357
102 978
321 390
386 739
106 751
454 656
31 756
21 29
59 892
66 399
618 836
601 965
86 210
305 496
85 241
335 597
356 386
498 695
160 677
85 351
185 660
805 940
610 745
669 889
640 874
71 182
591 713
70 922
374 676
421 836
378 676
356 683
35 853
302 631
386 933
41 982
49 710
659 981
458 793
21 251
321 670
202 386
272 911
231 590
565 571
429 863
250 784
205 549
560 850
416 835
159 740
128 457
361 373
706 830
157 956
746 771
280 972
114 135
247 365
703 732
55 855
109 598
70 758
241 313
71 840
2 657
37 731
107 129
397 754
473 857
631 713
222 992
276 526
29 693
560 731
418 428
29 705
386 446
18 758
627 857
207 749
403 779
243 827
509 559
289 585
301 951
176 919
217 449
245 371
145 930
492 896
271 604
440 717
457 990
398 540
150 238
20 746
552 908
846 981
434 470
273 424
116 655
519 871
564 889
39 628
742 934
16 123
462 562
375 732
134 938
179 834
203 583
198 675
414 964
659 803
321 851
150 975
588 966
533 769
480 808
84 145
206 665
50 80
687 732
424 629
261 865
807 987
763 925
180 665
247 892
216 902
55 102
71 115
642 883
45 524
607 614
109 283
189 733
332 423
676 920
708 971
702 856
618 623
287 630
445 722
453 548
474 660
602 694
168 545
581 988
198 212
321 598
254 400
429 652
352 677
251 571
110 979
276 600
652 825
298 806
193 263
845 853
450 736
204 470
54 617
195 749
172 713
491 989
421 966
146 566
396 692
141 674
336 426
81 277
85 87
277 378
226 269
53 924
523 596
52 136
166 496
667 884
796 878
162 848
220 227
337 911
397 543
588 968
733 785
52 737
350 791
17 979
495 986
94 826
512 877
11 150
47 953
598 844
753 759
615 972
905 952
451 807
318 352
8 422
106 394
744 816
681 743
241 798
548 670
105 255
404 428
115 394
360 632
116 242
314 776
12 223
731 738
7 673
19 59
14 85
412 678
78 900
282 622
318 951
93 492
59 520
93 895
179 834
725 995
42 214
225 774
184 429
857 962
435 941
368 795
29 210
848 965
250 287
393 524
124 485
182 936
754 925
195 762
839 932
150 680
457 800
294 984
260 805
163 764
124 562
152 531
419 691
3 897
316 669
344 792
283 800
648 894
12 41
333 972
16 850
45 653
339 393
201 560
327 518
364 641
808 814
502 712
156 634
402 824
746 949
540 673
357 948
324 988
368 657
141 884
672 928
68 713
190 277
189 707
523 552
271 335
289 982
444 756
82 620
192 572
651 827
248 778
11 492
298 690
152 577
358 743
74 428
618 811
270 919
328 793
474 519
51 682
504 806
127 129
240 807
619 637
786 890
339 820
281 948
121 352
478 528
99 955
472 829
496 741
744 751
148 457
266 507
769 829
237 877
47 816
121 358
14 604
67 862
348 834
813 874
264 619
356 717
142 827
549 638
303 491
385 948
450 570
202 378
262 534
81 83
203 501
108 358
216 425
889 969
692 705
314 847
126 968
35 113
503 872
366 670
58 726
99 237
615 627
301 889
72 383
572 889
251 505
599 720
491 595
290 613
119 463
10 523
508 557
123 383
712 980
668 709
770 905
320 807
111 443
132 514
25 413
90 917
195 688
561 709
103 177
2 221
524 559
70 151
5 193
372 904
43 904
616 677
346 947
393 917
52 377
789 907
916 992
110 710
194 527
549 818
370 739
690 848
187 840
111 837
36 212
18 939
254 633
205 540
460 898
278 517
347 431
71 347
266 700
456 713
278 893
186 265
936 954
37 126
797 873
236 832
88 253
261 695
238 805
465 707
617 902
51 984
252 974
397 438
677 773
154 493
54 418
678 989
296 634
39 96
274 430
517 848
447 546
255 698
86 783
403 881
869 987
243 373
690 846
447 600
466 753
439 939
94 621
351 389
178 389
485 608
336 583
33 48
745 881
207 587
92 831
821 909
285 880
649 983
586 894
99 283
262 958
356 641
582 992
744 759
152 304
290 886
338 407
211 838
49 86
717 916
60 629
661 939
647 834
511 651
237 530
418 934
491 578
76 773
441 493
754 797
48 512
686 839
305 448
390 969
496 690
230 475
322 890
79 417
540 847
696 730
380 587
118 870
168 810
661 865
254 623
381 686
70 590
528 894
437 500
207 932
113 436
410 435
329 746
433 789
166 597
488 976
525 752
770 840
339 638
424 512
184 804
201 693
648 793
234 510
72 717
89 184
156 499
485 538
168 891
277 684
60 684
584 732
213 357
471 495
918 994
102 902
27 725
441 794
308 674
665 674
28 763
103 769
185 310
272 507
204 703
184 956
391 543
523 835
333 819
736 913
174 818
818 837
555 844
262 442
862 936
110 809
622 878
806 911
112 422
81 235
128 956
338 438
176 422
244 880
428 796
601 900
618 660
385 422
218 684
3 826
543 856
168 811
646 737
768 973
973 987
7 38
344 933
278 476
279 440
522 867
79 345
392 616
8 813
4 146
420 830
148 962
689 879
133 349
29 448
41 438
922 963
475 858
230 870
139 669
153 580
151 460
844 851
766 852
667 769
1 91
68 522
134 972
109 866
317 483
57 523
754 978
153 409
638 759
818 942
18 311
321 770
168 169
624 853
24 214
546 940
71 224
200 927
205 797
228 607
117 284
53 791
186 461
863 944
102 808
332 685
10 746
105 833
178 648
121 690
239 782
9 980
229 910
208 433
435 630
43 747
95 639
461 824
327 475
577 691
138 380
803 908
309 933
486 640
333 584
289 606
491 509
298 719
422 425
76 972
118 780
422 722
133 186
169 607
432 779
107 569
19 82
376 390
935 951
458 875
271 404
681 747
832 964
178 403
392 398
153 175
436 794
488 516
604 979
98 334
125 387
468 822
143 201
17 778
59 576
329 394
64 900
735 929
31 256
343 912
68 653
92 517
861 953
579 763
560 597
100 946
721 922
338 783
46 119
105 719
36 614
353 517
20 206
256 966
91 461
37 312
159 749
129 939
627 705
268 626
147 725
138 787
395 570
493 536
135 433
50 560
171 912
190 567
41 742
159 501
391 832
538 910
143 586
767 853
136 482
38 203
95 130
700 989
406 489
159 921
540 718
710 971
461 553
594 819
206 978
18 41
292 555
434 951
64 727
120 204
161 212
322 341
176 314
664 960
122 719
183 589
483 759
316 892
715 943
152 909
616 926
192 827
66 405
264 388
387 792
507 923
467 828
188 642
66 151
230 704
193 818
886 951
304 782
190 250
102 420
321 955
432 948
356 785
498 968
213 743
174 278
140 744
5 327
70 310
397 539
589 774
280 663
464 503
368 653
707 752
675 992
626 665
427 453
901 924
344 567
141 621
280 740
289 665
526 598
734 922
60 431
339 515
18 898
385 841
474 516
16 152
511 680
697 857
57 521
400 785
12 845
751 941
48 233
419 573
77 750
498 809
427 932
71 444
753 831
231 749
350 764
302 780
3 447
423 640
348 443
454 823
116 687
83 129
547 919
655 672
77 543
404 970
474 928
417 685
169 308
577 835
140 852
280 303
62 839
505 725
191 471
226 958
90 161
3 309
557 883
103 594
1 879
731 992
333 474
419 701
257 501
201 357
316 480
378 579
227 323
433 882
618 763
578 698
773 886
333 621
218 693
355 495
219 351
229 612
567 683
107 317
437 743
63 383
881 917
163 360
32 245
595 649
176 927
270 703
890 982
39 598
112 314
96 250
245 664
270 861
101 811
296 558
538 599
378 540
483 899
514 540
67 138
86 993
233 276
218 700
169 658
200 735
751 971
449 558
314 995
809 827
47 414
290 871
645 829
131 252
651 791
565 717
650 848
85 714
417 925
18 222
957 994
217 969
666 711
530 629
281 899
236 441
327 651
111 971
282 403
25 58
77 589
774 844
163 491
11 928
74 827
825 944
165 950
584 717
170 750
216 572
450 576
696 807
230 837
633 670
123 615
119 690
207 387
289 962
814 878
220 628
167 887
376 840
96 251
427 920
186 562
495 635
141 306
335 371
146 924
268 923
536 542
306 669
272 922
723 877
89 100
355 895
267 650
437 738
88 666
361 851
649 855
489 709
164 743
3 230
671 925
136 417
464 723
310 804
685 914
36 922
310 704
820 890
561 960
331 549
568 691
140 403
469 811
553 848
558 851
152 782
122 779
167 287
15 844
476 681
431 619
326 606
429 741
220 704
470 909
176 480
84 578
539 552
391 392
108 869
245 809
940 943
151 931
33 698
165 428
383 783
859 988
32 603
251 341
230 253
405 640
653 723
195 902
217 279
306 585
90 749
39 949
616 889
103 648
267 510
80 892
858 969
804 921
68 464
175 613
320 735
892 937
461 842
91 659
62 595
71 885
348 923
24 963
126 735
248 534
313 533
64 205
394 787
129 857
224 854
97 393
333 958
342 989
3 178
5 160
597 889
230 864
173 735
473 750
219 288
451 720
783 820
138 575
573 704
350 994
311 847
447 728
359 643
73 741
361 993
820 877
885 969
543 745
146 498
19 284
705 739
449 734
312 445
586 938
503 935
291 705
737 813
380 436
19 429
44 379
345 863
234 260
755 924
696 820
425 715
54 107
377 840
502 821
91 156
14 762
513 973
330 719
158 633
629 652
506 672
34 851
213 458
8 136
140 703
485 956
66 341
538 717
43 906
462 981
53 227
565 914
123 636
756 814
366 714
223 411
444 957
338 993
4 577
474 716
433 627
204 967
418 741
327 608
73 703
231 675
149 219
164 342
704 977
101 421
267 511
227 564
560 874
374 565
42 484
94 114
217 394
4 811
611 958
62 584
212 603
263 742
346 360
68 87
107 246
408 512
537 971
334 739
307 535
22 708
268 801
55 661
21 974
475 898
456 509
115 406
588 668
31 856
862 933
18 182
426 968
508 694
320 436
842 854
553 662
795 929
277 849
217 593
827 987
119 339
367 524
38 373
115 233
967 984
6 98
152 986
351 845
497 670
204 262
448 865
246 734
14 717
19 313
231 845
224 269
107 590
479 712
627 746
534 631
649 716
459 867
638 729
58 636
403 839
320 770
628 973
19 348
37 907
61 581
724 801
329 827
44 317
230 863
709 860
320 428
512 779
73 218
511 853
131 833
370 616
247 606
266 545
176 514
98 501
226 236
484 821
56 61
285 447
159 843
69 167
500 586
804 945
379 573
580 623
199 216
821 912
181 365
289 879
357 790
512 976
19 721
74 996
446 781
279 548
347 605
114 634
502 766
262 917
421 880
99 884
619 719
840 984
132 900
180 866
765 841
691 859
409 690
194 933
60 135
661 664
298 401
170 777
618 799
432 602
42 239
580 621
464 958
487 781
276 515
360 960
45 654
222 453
78 268
327 566
132 150
532 910
447 610
169 622
151 973
192 691
215 315
96 692
182 698
136 876
458 759
495 502
337 637
604 874
364 634
766 850
513 683
221 880
296 842
447 968
662 818
558 953
253 896
597 968
435 848
733 812
151 530
317 866
114 707
345 393
246 397
34 910
174 928
148 713
684 936
594 757
75 270
169 633
328 605
682 686
376 422
497 905
492 733
203 775
171 766
167 467
337 420
80 188
593 792
335 532
399 848
213 588
845 923
174 757
373 446
748 855
275 787
282 657
11 355
404 776
525 870
781 942
293 941
806 969
307 656
341 975
79 473
5 566
246 322
98 614
611 952
366 401
150 942
160 603
300 926
824 855
721 800
16 529
501 585
245 821
86 727
143 805
558 708
729 799
826 954
417 568
701 702
850 889
415 647
929 946
344 788
67 693
225 432
3 20
725 743
184 376
326 828
104 310
38 833
32 911
448 582
287 402
73 214
60 719
628 989
588 892
285 700
135 878
429 880
74 78
258 627
378 453
556 583
540 607
312 639
454 894
10 856
83 104
73 163
621 721
75 313
436 774
317 597
828 945
121 822
26 667
83 478
665 964
575 954
209 269
217 582
86 146
189 361
228 434
272 949
346 974
185 413
44 701
649 791
649 769
616 675
439 618
76 407
33 287
415 981
121 302
387 916
266 281
414 496
634 767
286 611
36 470
943 995
94 595
710 742
329 368
340 726
416 947
136 157
40 448
491 669
80 330
266 976
475 610
247 599
165 884
120 777
277 723
119 370
242 828
35 609
80 375
258 946
314 710
26 81
273 436
353 750
649 766
379 538
127 140
211 546
27 246
223 330
448 969
134 512
199 546
199 662
840 919
68 473
94 236
509 554
227 449
218 781
322 875
517 921
461 982
135 407
231 464
123 629
144 912
34 256
609 917
232 373
220 840
845 995
313 322
427 681
211 548
346 899
339 532
270 912
324 404
322 554
868 950
677 703
17 852
546 736
773 888
536 918
111 686
343 454
881 928
27 399
95 845
547 745
18 187
430 462
342 784
213 904
504 657
674 835
359 494
55 223
64 385
415 590
48 669
600 677
624 928
919 942
392 667
492 499
604 954
928 945
741 835
81 321
342 915
621 994
140 413
675 717
123 189
56 792
156 652
7 315
237 279
591 948
444 823
93 351
321 940
299 981
300 699
305 960
218 303
550 584
183 362
271 405
246 371
120 526
434 897
100 532
403 591
337 690
702 846
90 687
565 906
74 267
209 379
231 346
601 734
882 896
170 916
290 290
335 409
235 735
190 763
254 357
593 943
362 613
304 568
137 452
133 525
341 403
553 823
427 686
291 585
130 313
522 674
12 340
78 931
167 697
268 420
860 973
287 589
225 854
596 812
910 944
125 237
288 947
789 894
3 298
402 530
53 80
55 392
11 905
177 389
605 656
517 581
439 803
94 584
580 825
183 494
227 773
730 980
178 442
395 797
203 365
417 844
282 898
212 808
200 807
309 335
776 825
138 836
551 849
54 721
677 824
453 467
54 120
151 357
157 562
545 926
312 359
266 560
214 993
692 940
4 116
198 891
37 748
302 949
593 805
275 486
420 742
474 858
218 861
346 624
93 295
195 653
404 460
137 537
456 828
400 572
518 831
386 502
258 474
283 723
1 851
274 768
629 742
527 667
215 847
145 872
71 307
630 717
530 853
91 906
410 604
358 401
706 927
405 859
585 964
687 818
378 586
15 251
10 682
776 777
653 896
126 840
481 723
176 675
257 765
85 861
99 485
222 945
5 195
82 353
589 959
98 899
260 913
270 349
49 518
417 965
701 809
347 542
141 213
443 469
527 825
333 923
475 932
50 872
148 479
51 987
31 949
9 290
277 785
227 479
325 448
643 946
109 180
216 392
249 658
77 860
109 117
920 960
511 715
909 929
862 979
812 899
851 907
106 559
107 584
432 785
432 951
134 381
460 516
445 628
178 309
286 704
345 547
169 855
101 265
131 767
83 589
862 933
420 967
495 526
284 475
349 957
261 635
18 483
777 927
645 874
159 272
163 423
331 819
87 281
51 431
137 433
3 560
369 979
783 889
287 508
389 986
544 636
42 649
349 561
129 888
51 226
308 401
143 393
638 674
229 988
286 644
207 344
208 632
20 189
339 617
307 328
9 862
577 792
276 903
794 926
155 405
725 764
161 463
24 867
19 834
401 932
199 304
431 608
716 831
173 451
336 677
344 420
215 542
448 921
491 770
165 815
924 929
310 463
93 333
254 846
109 271
170 495
307 777
141 925
299 497
313 752
653 975
100 520
867 940
281 887
56 713
19 560
481 984
790 996
47 733
8 765
155 934
461 502
430 635
55 522
729 754
627 806
410 905
151 201
41 768
404 481
96 420
3 964
677 900
2 557
686 723
564 797
69 624
181 182
418 702
70 236
45 380
697 789
847 870
641 989
394 807
823 965
813 932
636 825
532 747
196 258
436 679
974 979
78 747
89 164
399 780
83 158
364 854
237 791
624 704
435 797
101 765
181 833
9 620
155 392
508 755
115 332
190 309
97 857
181 387
90 945
106 499
172 862
880 882
102 507
589 899
689 861
45 667
211 445
837 970
365 728
268 697
457 762
859 925
235 317
185 959
324 461
291 415
94 327
301 428
520 889
250 385
502 837
349 866
51 322
415 626
893 970
35 735
274 960
517 590
198 479
442 775
860 985
190 776
82 996
521 617
787 889
314 905
178 627
183 677
419 729
15 312
50 625
898 967
407 929
50 412
110 806
411 669
18 191
19 858
190 398
2 539
188 368
235 814
338 545
414 883
70 429
199 694
169 398
250 516
575 927
219 304
40 630
57 972
740 833
849 991
235 533
342 771
9 900
80 448
346 493
335 415
453 841
33 162
541 548
39 331
398 550
343 357
103 318
333 762
155 327
309 614
388 859
650 763
397 649
134 662
146 388
1 906
33 840
72 384
402 500
423 817
765 871
177 893
6 509
160 658
196 835
388 617
583 958
383 899
437 610
565 675
485 824
585 588
517 656
936 971
317 977
756 772
5 852
11 588
250 364
90 122
445 478
658 947
439 961
850 968
338 401
228 647
235 822
262 815
710 810
121 710
30 796
35 485
77 651
18 961
54 246
59 610
531 716
560 889
333 680
4 861
431 670
232 415
665 966
398 596
599 716
111 549
515 516
89 503
467 512
106 757
84 520
55 370
720 849
403 863
186 727
407 775
81 558
114 745
447 709
146 966
177 349
518 783
24 692
207 872
490 897
13 883
176 901
624 983
28 850
133 946
276 500
581 828
753 941
204 249
315 573
93 841
491 610
186 628
423 553
46 312
198 243
147 974
293 881
240 770
640 654
77 293
124 915
577 672
826 984
560 795
144 887
325 634
500 872
739 972
298 970
21 540
91 914
383 607
300 718
295 542
834 939
372 858
948 957
533 864
251 777
348 840
141 672
397 560
59 547
535 764
32 475
122 227
312 833
34 424
137 966
79 328
699 803
684 856
312 571
351 471
562 818
115 702
493 511
265 959
570 799
521 726
277 953
509 643
789 986
542 845
789 875
682 844
492 703
289 982
19 759
336 500
370 581
206 993
390 881
374 876
113 605
309 894
460 481
194 817
282 450
42 328
75 805
486 929
141 512
450 471
726 820
324 949
78 100
320 980
199 388
277 420
174 724
208 728
469 634
7 321
283 750
254 824
91 107
313 522
247 783
70 971
513 844
393 612
633 841
152 515
751 791
398 571
303 884
441 526
771 846
447 524
132 621
143 272
584 727
664 893
291 559
723 883
279 406
170 258
692 831
322 506
486 892
293 823
118 352
734 808
104 122
173 256
527 724
315 374
34 979
244 271
157 541
866 966
227 355
110 955
280 918
327 535
96 361
213 620
277 633
25 754
280 380
28 846
165 726
401 759
67 591
7 527
667 892
26 316
43 274
55 960
474 589
211 569
750 949
585 701
30 645
262 409
112 844
356 493
196 757
182 256
182 271
628 938
943 993
39 963
21 140
533 919
133 529
25 481
646 882
911 986
171 294
62 243
282 599
397 554
279 729
498 549
129 830
490 827
376 991
135 865
316 787
587 844
612 839
249 724
238 261
474 558
328 801
530 535
93 323
601 926
428 821
153 655
556 563
471 485
273 938
258 525
115 980
25 822
273 646
470 906
31 430
384 758
751 838
77 291
140 930
675 677
567 750
47 333
316 737
177 517
45 929
354 912
159 379
738 805
131 651
5 634
161 937
762 912
779 972
632 908
115 509
310 682
262 562
497 648
168 222
155 673
31 132
70 210
329 727
899 934
572 857
903 938
432 668
134 773
643 684
678 766
196 995
363 377
14 561
782 873
101 470
232 856
500 926
361 748
299 576
357 650
557 790
225 298
74 148
359 711
48 677
392 873
46 674
173 606
50 607
312 707
171 519
858 938
20 142
596 689
342 440
233 872
173 818
378 886
166 736
600 842
703 911
638 748
588 811
118 278
589 780
302 744
605 679
163 619
666 851
110 218
13 116
262 854
185 639
270 743
266 298
115 920
180 673
672 687
407 949
190 804
461 551
143 411
79 573
744 761
347 898
462 773
39 910
18 239
597 981
287 815
170 322
349 738
333 994
404 955
285 762
513 745
316 923
314 808
499 572
62 845
394 834
230 307
469 792
245 313
373 531
51 463
772 788
769 811
125 690
96 329
455 608
78 691
534 885
8 952
380 985
773 800
743 950
4 458
168 342
634 770
698 820
100 474
532 911
166 576
182 604
824 978
789 901
247 672
600 709
13 202
6 508
254 705
708 955
220 712
405 875
497 853
149 953
600 890
787 975
99 314
160 922
295 949
747 887
119 459
320 410
391 917
100 325
95 203
726 727
422 526
134 279
202 942
155 835
801 941
733 819
258 893
552 745
495 765
362 883
771 873
206 268
451 612
367 706
97 573
435 915
488 542
197 487
271 610
325 334
215 978
157 472
874 901
642 943
229 399
275 448
3 653
462 534
27 828
243 600
597 845
390 518
9 634
618 877
125 904
42 951
31 106
513 899
379 931
253 464
607 911
448 530
488 909
67 434
310 661
37 509
474 826
818 834
111 618
375 934
330 743
768 975
280 411
215 591
58 790
387 400
834 889
380 929
747 996
331 813
229 770
58 839
247 580
278 892
190 202
215 864
114 519
555 799
149 524
317 933
207 323
99 637
81 489
398 747
134 488
81 636
823 839
74 694
422 509
271 623
405 698
141 410
518 965
46 859
117 715
243 282
918 957
41 341
331 658
787 818
712 867
378 538
629 991
55 531
423 801
44 597
11 210
184 727
895 962
15 692
680 894
178 641
518 735
69 601
100 392
807 811
182 188
352 811
182 883
604 785
385 607
647 816
315 751
213 467
82 716
148 320
325 975
714 880
484 762
702 781
512 795
595 977
699 867
711 800
499 753
363 407
883 974
103 122
489 648
254 287
401 570
549 606
409 645
186 331
813 887
115 611
323 630
25 511
225 500
176 825
155 723
458 530
52 560
571 699
52 824
542 986
149 515
14 793
119 924
47 740
9 162
274 331
785 791
214 276
13 24
389 656
98 846
150 189
330 759
301 768
506 677
654 762
196 775
43 371
417 893
702 822
498 975
76 292
351 763
425 776
294 813
392 435
543 583
461 832
152 225
56 650
818 829
28 308
596 678
70 413
18 771
238 516
313 669
436 727
156 664
135 877
569 968
272 474
35 652
179 229
285 804
636 828
59 106
583 621
572 736
37 754
266 274
273 934
3 507
94 373
78 507
50 970
166 995
443 949
672 817
131 544
876 879
183 981
765 937
525 597
340 482
274 605
466 755
265 543
468 835
278 466
252 346
264 515
417 877
157 217
267 472
351 701
149 803
10 255
572 780
606 831
265 879
360 939
348 822
128 735
405 580
204 925
576 638
113 992
329 439
153 910
595 773
265 664
519 579
74 673
202 222
486 905
84 188
349 351
396 929
89 512
213 800
361 380
473 770
212 295
367 801
126 319
143 390
722 902
578 828
54 795
623 779
459 782
730 807
136 662
145 206
98 926
357 458
130 229
523 850
262 654
387 890
892 952
696 798
527 597
299 316
2 580
43 858
592 783
769 839
177 895
274 903
183 824
56 651
232 504
493 498
81 311
879 893
267 578
614 863
109 912
182 608
44 833
540 650
343 555
382 651
208 241
68 845
390 499
43 621
540 923
118 923
851 916
41 819
436 498
526 823
9 352
108 137
707 968
446 647
53 948
100 293
159 944
280 548
242 447
173 293
210 781
219 555
42 129
515 546
342 477
75 748
132 270
241 776
426 838
686 810
378 785
106 536
305 653
88 103
180 546
250 315
309 533
437 725
163 494
903 971
504 977
642 773
112 421
869 933
622 767
148 682
331 707
603 983
15 690
9 480
323 789
21 650
298 775
273 378
284 460
167 964
264 728
296 660
73 597
168 839
222 850
472 986
560 592
378 495
206 386
894 914
547 628
407 935
316 844
308 679
599 845
195 782
576 854
81 648
249 454
410 596
22 399
581 987
369 911
40 995
754 893
386 873
443 731
211 712
50 394
438 568
162 632
274 657
354 409
229 783
522 638
382 463
292 957
871 964
660 962
338 830
706 858
225 723
358 361
330 355
671 792
832 898
95 347
492 755
368 720
461 890
282 842
242 276
138 243
36 717
209 865
58 986
494 700
134 854
61 488
108 731
283 925
486 549
23 978
308 390
621 768
203 902
479 534
147 591
182 721
231 929
289 966
384 839
972 988
161 969
268 464
666 703
193 196
218 219
94 446
528 634
137 730
540 590
212 606
184 853
335 708
597 705
547 623
534 980
65 523
506 906
133 252
448 575
245 793
258 585
36 242
379 891
434 766
897 968
76 960
671 753
330 382
191 952
175 928
374 409
159 835
283 410
778 967
135 777
366 574
392 736
286 321
38 90
640 925
523 907
583 920
197 253
387 964
128 896
481 537
193 559
375 476
265 969
177 749
399 750
38 790
359 409
446 995
368 558
278 295
84 218
200 861
471 748
507 518
647 907
58 840
352 470
239 442
415 616
114 934
72 88
