nknknknknknknknknknknknknknknknknknknknknknknknknknknknknknknknknknknknknknknknknknknknknknknknknknknknknknknknknknknknknknknknknknknknknknknknknknknknknknknknknknknknknknknknknknknknknknknknknknknknknknknknknknknknknknknknknknknknknknknknknknknknknknknknknknknknknknknknknknknknknknknknknknknknknknknknknknknknknknknknknknknknknknknknknknknknknknknknknknknknknknknknknknknknknknknknknknknknkmtktktktktktktktktktktktktktktktktktktktktktktktkthofofofofofofofofofofofofofofofofofofofofofofofofofofofofofofofofofofofofofofofofofofofofofofofofofofofofofofofofofofofofofofofofofofofofofofofofofofofofofofofofofofofofofofofofofofofofofofofofofofofofofofofofofofofofofofofofofofofofofofofofofofofofofofofofofofofofofofofofofofofofofofofofofofofofofofofofofofofofofofofofofofofofofofofofofofofofofofofofofofofofofofofofofofofofofofofofofofofofofofofofofofofofofofofofofofofofofofofofofofofofofofofofofofofofofofofofofofofofofofofofofofofofofofofofofofofofofofofofofofofofofofofofofofofofofofofofofofofof
10000
587 945
134 926
139 601
240 995
198 701
331 417
188 542
36 340
212 640
95 271
130 682
859 970
116 749
555 975
452 735
327 586
378 696
257 956
473 812
14 955
178 376
344 697
540 660
185 732
803 871
432 534
295 932
52 508
44 48
9 760
496 571
68 850
249 301
65 810
770 773
78 951
127 398
652 667
39 365
828 910
150 264
63 448
558 933
92 583
77 976
347 476
414 624
308 872
122 714
468 936
868 990
423 972
56 369
408 620
398 452
299 524
715 746
254 586
654 660
641 813
141 730
98 336
405 531
212 249
130 527
399 717
121 124
352 470
154 971
551 877
180 427
56 123
641 902
354 567
171 277
212 983
309 312
323 842
535 691
73 222
641 766
597 764
863 949
21 215
96 901
333 548
275 603
159 432
226 785
502 725
913 933
226 489
203 789
72 893
121 328
96 968
693 863
713 731
623 928
528 751
5 281
257 837
274 883
90 415
40 121
591 972
38 62
202 240
251 850
138 159
233 348
108 216
797 902
529 923
678 729
39 711
875 935
823 967
130 386
147 889
462 506
100 520
279 523
354 759
529 896
489 853
111 596
17 50
397 972
108 523
561 632
571 818
417 789
375 524
156 269
638 670
730 746
162 234
29 897
534 587
80 775
392 885
441 652
53 878
405 418
54 160
942 954
341 601
724 976
856 864
249 515
498 955
265 636
193 294
515 756
294 804
200 812
160 468
42 618
17 520
424 657
47 370
615 647
321 710
555 627
181 852
51 656
293 811
273 980
563 787
371 740
62 556
221 571
28 170
263 525
186 663
186 232
37 777
724 878
102 487
260 283
311 320
136 938
192 580
97 147
837 979
45 517
69 397
266 402
215 505
400 926
93 172
185 608
468 846
885 948
150 954
212 255
131 437
21 367
322 464
167 282
305 660
327 678
569 706
84 920
55 986
203 325
83 909
387 906
277 381
316 858
51 426
571 839
181 937
479 859
7 405
709 761
69 643
353 369
452 637
278 668
420 579
479 870
261 492
389 850
251 514
170 916
278 740
458 759
622 659
68 914
605 679
253 754
127 747
365 605
555 859
37 974
419 906
458 888
148 846
662 742
79 911
356 582
346 633
296 791
709 944
363 531
98 369
120 783
224 369
484 779
210 497
628 757
196 407
520 554
47 266
125 197
182 779
457 791
106 252
54 91
430 960
333 584
348 528
429 728
717 889
488 926
227 390
535 773
60 422
309 468
325 505
483 569
31 265
278 370
282 345
224 424
775 984
284 533
337 962
16 35
504 832
204 937
476 730
133 976
266 535
601 837
151 771
40 301
181 579
410 463
810 900
663 679
200 775
116 939
143 955
127 975
68 440
151 183
140 544
83 283
406 860
158 896
16 202
174 196
560 757
635 661
302 374
131 322
265 479
246 621
224 373
577 640
417 759
790 960
55 876
25 286
914 920
420 929
103 593
130 859
158 741
508 525
48 823
503 638
92 861
128 293
215 705
631 932
445 704
302 573
597 758
587 676
498 983
578 587
581 693
441 715
438 942
227 462
769 842
838 964
74 707
135 898
48 778
204 533
87 728
490 506
74 660
148 163
62 734
619 717
162 408
338 845
86 541
289 831
257 364
52 673
330 784
89 949
464 809
270 541
550 775
13 215
160 825
354 863
75 870
282 486
213 800
108 298
323 396
134 686
630 783
738 936
572 668
7 385
136 276
663 902
32 914
856 877
78 212
724 924
191 286
187 498
295 991
295 773
667 906
278 980
670 699
219 223
225 349
461 607
477 514
128 508
409 981
368 487
73 197
392 459
264 579
236 957
711 850
498 530
491 598
272 776
172 971
495 520
83 177
653 980
90 573
165 982
75 509
249 450
582 841
707 822
401 645
39 232
360 545
730 957
17 487
188 234
439 705
615 684
646 787
272 365
413 712
328 786
777 921
39 484
599 723
5 287
325 372
236 732
869 942
693 886
410 903
55 848
612 716
404 467
366 715
82 745
77 132
35 844
830 860
433 495
587 782
414 935
88 627
671 957
346 573
824 983
230 855
812 842
284 575
227 917
948 975
89 975
6 801
100 835
594 642
233 272
380 663
149 468
294 820
406 866
147 211
376 830
47 647
199 599
402 907
497 886
354 477
359 951
55 259
198 900
447 649
10 114
114 262
407 454
63 859
209 254
51 66
75 562
712 737
623 673
144 174
490 497
446 627
833 885
35 500
130 766
458 879
140 548
123 593
185 931
190 434
371 461
232 909
535 943
212 650
547 793
18 386
272 989
109 463
879 940
120 626
74 555
190 510
107 632
43 783
198 793
168 209
440 658
58 198
364 708
386 887
482 748
753 904
349 742
602 861
293 958
232 343
517 718
533 600
320 331
129 619
494 827
156 273
248 331
330 588
20 716
479 501
388 445
191 259
101 736
10 769
6 40
352 556
723 884
59 161
185 756
164 678
436 588
811 812
145 743
405 762
837 860
268 287
252 503
454 964
228 580
620 973
233 330
157 932
195 294
380 967
55 112
39 619
548 849
272 435
816 971
39 812
283 681
103 909
534 785
346 855
761 832
965 970
104 143
315 883
397 832
451 671
709 943
51 495
463 540
515 744
283 782
331 940
46 411
807 831
690 944
157 686
104 503
623 660
207 524
580 937
360 612
13 308
63 302
779 841
525 527
360 808
290 691
335 729
83 564
8 146
235 280
693 715
334 383
342 566
260 834
150 199
162 871
154 483
225 266
749 995
336 770
41 538
8 249
90 376
498 789
29 97
766 777
141 720
66 81
706 915
325 856
118 177
600 994
223 330
306 842
593 949
468 642
634 649
693 986
487 739
465 812
224 492
216 560
364 640
52 281
559 582
653 884
758 882
69 257
81 87
17 375
21 650
265 461
159 669
232 412
622 697
95 206
765 897
265 310
409 567
293 968
153 158
625 887
22 859
85 955
334 916
78 547
354 538
28 812
48 673
299 416
598 721
393 622
367 679
753 864
161 250
379 702
296 308
247 317
148 184
68 401
478 517
592 848
408 992
670 852
249 432
158 945
320 847
218 756
3 624
230 947
653 762
62 585
832 961
113 378
20 755
158 513
214 749
210 365
138 198
569 879
447 806
298 703
130 464
132 492
92 421
361 853
78 946
43 891
273 759
156 755
9 290
222 249
43 614
180 432
292 788
239 748
102 433
231 513
896 982
363 987
407 700
484 822
627 717
367 504
636 967
126 952
375 925
179 967
587 965
128 734
852 878
950 957
289 467
166 192
430 531
135 813
213 956
279 839
654 782
188 602
290 399
328 559
664 714
276 610
305 380
187 349
236 303
148 502
317 746
158 667
801 824
41 970
230 738
397 857
16 49
391 975
338 538
718 979
233 970
537 570
331 895
567 701
202 825
73 925
146 716
64 970
38 522
264 987
268 848
260 637
617 896
216 651
136 350
176 369
302 745
632 882
587 645
180 823
229 394
539 752
792 945
471 490
459 830
79 711
311 353
189 315
942 969
86 404
274 579
454 552
305 318
165 949
345 904
302 777
510 573
499 818
289 307
118 946
662 747
40 173
464 991
228 941
388 608
31 661
168 462
194 472
358 779
403 664
184 679
257 943
670 765
732 953
35 683
52 782
224 326
321 821
30 665
57 266
273 637
694 781
734 887
257 494
249 659
163 905
110 819
166 471
851 874
428 885
480 538
648 863
450 680
188 349
430 479
97 382
80 703
418 877
116 966
197 889
56 751
106 552
142 248
27 992
103 454
641 858
511 910
508 595
673 937
398 920
84 307
471 763
353 363
186 311
56 445
200 507
111 589
252 751
754 813
225 915
87 213
104 537
50 574
516 675
600 699
782 890
365 883
250 550
694 712
120 560
48 767
320 854
52 613
87 430
311 783
327 972
374 863
80 948
755 889
445 569
316 336
223 356
680 882
379 472
14 575
323 498
61 794
158 674
244 823
85 610
388 531
586 904
233 642
103 833
282 401
672 736
9 597
259 935
412 867
446 614
93 402
462 745
864 879
117 668
127 179
282 657
566 844
542 798
380 467
868 901
577 638
217 585
525 562
433 475
70 913
319 855
162 604
30 757
487 851
590 697
34 955
228 599
769 780
252 379
130 261
101 745
662 837
380 961
191 417
85 812
463 671
380 624
119 256
631 742
309 969
313 979
246 540
7 582
290 937
235 397
202 335
20 146
88 974
146 399
215 481
231 943
587 885
145 548
183 705
655 863
180 469
638 691
202 696
697 963
120 932
322 364
248 486
226 341
573 740
58 372
579 931
798 977
170 529
852 942
689 787
162 511
131 943
644 829
309 530
428 611
443 951
691 749
72 441
18 893
269 788
52 700
33 824
502 994
426 538
231 827
217 319
164 369
202 449
734 784
376 732
156 167
308 892
748 846
721 940
732 742
770 966
437 795
779 938
322 770
345 601
552 561
898 919
350 702
104 467
88 812
231 820
132 968
128 795
49 880
520 603
491 781
199 378
161 267
41 118
463 482
16 618
28 541
706 913
21 867
178 932
810 974
167 782
110 271
581 989
83 297
82 574
573 951
257 839
93 374
552 856
478 836
567 841
461 995
528 844
458 682
272 780
660 923
58 770
176 616
472 740
318 698
252 530
250 786
95 343
164 927
894 977
409 465
385 799
331 902
233 364
17 18
636 654
670 917
74 428
150 290
545 964
56 467
220 717
291 841
41 981
222 934
607 939
380 742
286 992
55 229
49 649
223 266
121 702
112 936
194 207
261 715
176 704
395 770
425 615
442 663
577 884
380 521
473 736
244 469
26 298
652 674
323 873
30 894
834 993
118 191
23 378
175 905
86 679
488 546
213 275
829 929
79 291
331 551
31 574
1 34
674 849
176 662
552 560
182 549
299 376
398 717
626 653
572 739
122 287
208 538
141 312
371 390
431 701
439 940
257 940
110 472
138 595
151 262
421 674
54 677
398 696
354 428
4 5
74 268
103 281
414 806
181 421
780 829
724 859
120 249
645 697
221 229
467 811
349 489
30 887
543 588
404 970
385 941
19 951
35 653
276 463
425 673
209 620
483 483
731 909
535 602
432 807
247 755
108 279
170 713
114 260
517 734
211 656
143 902
536 651
177 926
3 601
604 622
91 786
110 699
688 822
235 238
500 970
459 778
82 176
173 924
412 640
622 689
300 572
742 928
112 895
91 858
466 478
268 690
534 776
337 944
163 468
571 967
34 137
196 726
186 632
368 597
38 253
201 529
587 942
461 675
324 841
323 766
460 766
304 568
240 516
640 684
193 678
633 792
203 340
389 987
359 948
205 985
167 396
734 982
113 176
662 931
409 476
235 247
779 845
66 527
149 299
749 954
341 386
543 750
726 741
655 908
81 898
476 860
46 575
136 440
83 750
71 231
282 468
317 454
66 980
341 382
112 133
299 450
53 498
205 993
770 905
850 859
700 784
331 807
279 747
11 942
806 989
218 278
275 671
317 571
632 952
658 742
45 933
196 519
170 986
723 760
57 564
615 817
268 922
524 628
574 650
460 511
544 728
714 796
289 380
16 117
222 751
266 734
689 930
656 785
81 489
114 397
34 988
302 931
540 914
545 802
96 317
639 981
26 699
405 439
533 964
190 397
136 265
433 953
47 199
104 590
664 987
218 698
130 979
875 976
646 782
424 741
80 387
105 362
90 777
59 486
291 882
225 556
22 634
45 490
85 832
149 501
53 343
13 203
160 472
99 887
293 941
2 840
183 679
106 745
591 936
232 780
10 454
453 764
258 620
434 497
319 622
371 934
118 941
384 417
252 277
199 493
314 544
200 204
282 496
413 949
710 849
284 644
412 719
321 736
215 647
754 965
669 813
341 759
701 763
21 157
649 952
219 478
395 962
439 681
611 653
506 852
326 500
26 789
507 889
346 517
104 721
486 538
772 803
278 539
435 485
442 559
88 754
55 919
130 581
493 782
174 326
292 499
63 826
501 696
569 847
194 271
656 927
681 785
68 464
201 925
502 737
371 566
271 472
602 620
95 852
7 388
420 657
227 505
719 982
269 899
74 833
516 742
305 730
175 404
372 604
104 850
345 452
421 817
22 722
423 555
93 787
490 561
47 448
148 693
34 574
393 843
647 908
381 589
218 992
555 566
578 659
398 922
115 818
720 813
124 816
373 886
888 910
317 380
54 957
465 990
627 834
279 837
408 747
659 941
196 381
511 958
831 885
862 922
563 684
505 739
93 664
372 556
8 751
872 964
318 804
413 935
157 753
691 903
165 331
523 825
340 503
338 462
207 305
264 890
868 980
399 513
77 770
73 84
502 921
29 288
244 963
400 700
372 721
284 862
113 679
187 389
429 851
501 635
160 742
9 530
726 905
521 802
570 657
140 886
496 914
427 739
108 859
120 584
380 456
117 450
469 839
280 874
671 780
491 807
25 526
256 793
318 906
40 567
888 902
365 684
115 797
85 660
181 200
248 655
560 698
10 748
32 518
170 883
378 812
319 976
379 773
267 552
73 591
810 937
497 498
298 306
390 613
789 958
187 570
111 425
178 861
120 383
209 979
2 529
362 487
321 717
241 872
313 983
444 798
231 940
300 536
219 889
158 902
453 682
112 345
210 563
289 659
474 570
103 620
476 981
589 796
679 830
649 667
97 124
355 446
41 745
236 867
639 774
302 394
231 738
413 771
678 947
411 521
35 157
624 632
194 992
409 653
28 62
129 324
158 769
175 483
354 495
115 410
132 803
340 417
522 806
92 474
479 489
622 971
491 576
235 464
643 770
121 774
444 681
815 902
194 366
689 966
380 720
803 828
165 224
149 686
12 217
141 500
117 696
103 168
337 669
443 631
752 956
199 618
82 200
371 437
407 448
41 149
763 843
904 953
49 107
60 595
300 712
536 972
615 805
144 479
775 928
888 898
101 508
487 684
160 900
59 607
99 288
55 732
689 919
944 959
535 772
77 980
251 520
30 61
116 174
48 516
418 925
437 912
403 496
125 655
161 307
243 594
259 974
159 625
565 644
107 398
81 91
332 451
480 587
369 702
630 861
559 749
283 665
778 972
49 79
332 414
239 656
474 902
532 611
237 633
78 739
159 634
89 807
398 467
545 812
105 180
677 830
715 959
500 669
525 719
137 747
857 962
763 770
385 440
77 276
331 598
236 793
489 604
301 955
6 823
87 771
452 979
698 917
392 398
115 348
76 922
252 760
26 42
482 505
387 780
535 985
115 309
202 580
503 912
539 895
291 330
313 981
719 879
116 987
258 317
162 230
392 458
434 921
430 483
847 892
192 408
283 836
42 717
610 863
383 521
509 827
472 651
121 374
113 332
489 590
406 719
751 797
181 653
212 641
65 85
233 492
309 493
191 515
327 359
800 825
291 719
374 656
739 777
75 747
241 866
276 641
373 936
54 98
8 266
72 715
188 350
304 819
496 795
14 800
136 791
629 854
86 266
209 801
47 955
852 889
177 475
94 146
200 847
169 831
465 883
791 879
76 187
548 615
628 959
99 352
400 980
462 929
142 251
267 274
78 124
145 232
290 575
302 403
470 489
239 953
122 358
433 749
286 345
249 980
314 972
324 354
234 275
502 815
87 352
406 776
187 897
614 761
191 916
168 680
367 383
614 724
344 505
138 790
100 688
20 642
320 390
664 995
530 791
171 881
877 923
45 268
824 882
19 782
779 927
150 675
271 314
818 874
591 988
284 589
69 585
458 902
878 881
127 415
297 673
277 532
201 522
29 553
340 408
24 191
271 676
340 584
195 946
384 541
165 949
233 801
516 684
401 668
543 794
198 793
51 72
272 729
286 572
277 956
277 602
151 872
468 952
438 902
639 798
425 803
207 728
41 248
685 891
415 626
400 483
531 612
322 427
4 779
60 608
191 936
69 313
68 270
482 536
153 179
261 554
982 988
4 761
241 633
688 843
52 152
247 664
650 682
465 985
574 630
501 571
765 813
639 809
64 179
217 272
334 532
297 770
524 535
277 741
149 964
201 565
97 788
755 841
443 807
77 201
363 701
132 624
267 496
559 917
170 422
752 756
527 701
34 206
43 311
169 924
256 493
353 369
191 286
112 728
2 313
364 781
410 990
467 472
370 676
8 80
539 759
221 812
267 845
287 404
160 332
416 455
800 801
91 745
833 967
795 945
127 581
99 314
762 967
565 647
114 549
629 703
290 519
533 827
235 346
505 819
255 543
348 897
36 623
439 979
215 461
587 929
224 795
685 766
232 962
80 395
79 757
51 686
517 598
584 943
384 728
275 429
331 616
599 628
42 930
395 612
234 545
33 959
648 768
734 776
152 856
618 791
230 481
668 804
233 974
706 728
162 617
214 957
469 560
403 841
457 579
798 812
6 761
750 821
390 601
228 466
238 729
845 959
494 718
696 744
477 704
325 383
344 638
88 538
383 903
486 490
269 817
302 799
11 128
378 531
1 705
439 605
238 431
379 932
104 901
609 609
580 968
199 910
316 429
200 286
753 789
610 663
3 964
413 986
73 943
368 755
920 949
139 175
361 530
52 243
633 660
218 852
632 766
416 924
177 679
129 965
436 768
415 579
713 968
405 786
749 893
522 794
679 696
44 933
207 984
287 839
120 626
61 239
454 862
43 145
137 250
12 549
22 567
734 940
350 517
414 501
27 80
212 759
126 699
779 905
47 92
717 749
166 786
10 932
81 221
52 357
41 330
328 882
584 804
67 105
158 567
214 495
571 684
251 972
733 809
161 900
779 886
598 922
535 676
874 931
592 959
235 899
99 976
231 565
297 902
41 646
146 841
231 416
185 829
642 666
803 917
524 677
103 693
351 603
515 614
211 229
440 456
114 436
321 515
398 977
618 628
415 440
646 773
583 855
502 830
229 751
310 729
409 979
17 832
311 450
508 516
637 963
750 933
381 452
53 362
647 827
246 966
91 743
868 922
330 702
428 536
434 714
246 843
82 675
836 962
325 532
173 483
293 420
650 900
848 929
679 988
580 959
670 902
706 774
18 596
5 458
530 891
719 775
375 738
555 857
341 370
823 880
154 519
224 400
77 803
333 795
732 912
615 758
446 586
163 394
440 851
168 969
723 886
443 748
242 586
2 582
881 932
387 456
16 610
818 832
170 663
377 595
63 334
626 991
366 779
200 788
198 955
173 921
822 898
68 368
346 488
425 627
18 209
224 857
604 693
24 249
618 839
625 902
597 928
509 689
301 963
142 888
66 261
64 67
411 940
132 432
735 757
833 942
671 752
170 337
170 369
189 585
191 764
72 697
580 788
390 732
282 881
123 873
324 917
186 268
294 332
70 677
33 491
16 761
163 167
103 512
332 687
101 700
749 878
647 797
191 333
195 383
260 449
317 773
158 480
22 490
675 773
536 806
171 552
337 548
650 714
27 848
342 529
127 201
259 923
569 847
95 211
544 763
62 447
298 605
296 518
76 295
611 971
82 146
144 630
459 857
261 288
579 884
793 987
57 779
607 915
625 986
369 794
246 511
430 785
850 924
86 925
38 224
282 517
160 661
618 888
154 499
387 905
679 732
356 493
252 735
81 341
242 875
710 753
121 125
519 951
50 581
250 857
378 618
508 777
43 378
376 542
262 531
244 905
265 941
657 713
516 771
3 735
650 712
469 751
809 987
683 858
544 573
89 195
597 898
941 949
329 951
464 486
373 568
513 706
401 615
112 174
176 176
802 846
319 864
534 678
221 288
517 860
583 741
36 643
161 961
116 565
33 272
578 839
265 406
2 356
506 665
113 817
659 959
527 623
161 259
186 546
358 680
103 387
267 400
427 723
292 365
519 636
101 302
479 707
365 811
12 685
322 797
828 980
433 737
488 973
570 651
523 905
335 887
578 984
291 711
655 981
504 980
273 286
604 728
945 969
544 658
842 933
436 766
178 803
180 295
155 749
654 922
261 658
545 647
812 838
339 800
323 449
308 721
608 888
453 581
815 973
220 752
656 819
499 603
678 810
875 964
409 801
48 599
44 126
694 858
15 937
390 663
337 970
92 922
545 863
484 659
499 704
300 415
341 914
155 902
573 781
100 981
587 698
11 607
681 823
469 742
136 695
14 113
111 205
935 950
400 726
229 613
9 108
425 528
435 899
477 579
197 678
439 760
358 449
162 371
135 840
829 880
975 993
67 842
202 758
927 993
163 587
160 247
596 688
499 649
104 232
300 952
396 887
65 226
412 821
387 955
256 272
213 766
246 589
256 447
254 329
355 468
514 817
417 691
183 344
263 893
576 826
444 540
203 604
29 669
37 992
253 960
285 707
442 530
278 697
606 953
312 950
78 772
768 803
170 962
44 117
230 669
769 870
54 94
354 762
59 350
24 775
65 579
25 707
571 984
529 722
594 676
671 817
429 624
421 576
514 591
596 797
164 447
257 570
501 900
559 995
254 774
559 833
271 815
368 857
259 583
853 873
241 671
505 646
300 902
203 867
420 799
560 645
196 250
727 816
100 792
291 330
548 826
167 344
6 101
360 711
565 565
194 782
241 675
410 517
582 612
365 978
14 415
543 642
209 363
308 373
160 640
614 707
471 781
55 548
743 763
309 884
82 312
96 529
505 757
50 343
121 414
325 513
427 844
136 612
212 485
348 896
130 515
36 577
67 277
44 106
786 990
103 352
53 424
608 809
658 928
31 133
53 435
457 543
283 655
73 471
144 969
250 795
465 830
741 826
874 909
664 761
117 903
743 955
356 518
450 746
878 990
47 457
294 976
503 554
553 635
29 779
503 801
33 967
635 836
490 712
477 749
159 633
570 901
92 569
238 319
232 519
179 975
279 472
758 956
30 572
36 315
355 817
365 836
452 788
205 481
930 942
82 957
509 567
140 982
202 577
100 436
433 614
57 711
67 989
74 474
565 765
86 897
587 921
266 379
354 470
277 837
381 775
358 947
288 322
68 842
503 523
918 955
98 974
165 648
126 944
238 514
323 890
415 458
225 680
555 814
131 655
511 832
194 434
439 699
483 515
42 545
467 986
2 88
423 649
229 371
443 751
622 884
280 742
85 966
875 936
71 526
339 534
558 967
532 973
52 647
196 461
70 428
48 640
67 515
673 721
405 437
168 303
32 910
93 582
523 857
364 967
505 570
110 702
239 453
82 87
267 547
277 313
893 974
361 471
38 959
173 401
340 420
451 680
231 266
93 520
491 765
340 433
140 972
406 426
355 512
464 621
41 718
19 933
275 615
466 579
290 638
709 956
640 955
141 190
660 882
259 652
132 692
108 968
398 831
190 490
886 954
787 926
676 724
295 922
392 976
270 850
12 787
966 978
123 431
137 295
396 782
890 946
92 895
899 974
274 468
93 164
403 856
60 95
584 993
332 541
186 389
377 810
769 950
347 385
484 891
654 656
583 856
525 947
482 503
732 850
919 971
355 896
779 967
344 415
746 964
334 885
676 908
711 862
39 450
229 322
499 884
359 953
449 482
287 907
141 985
644 937
41 521
296 819
492 687
145 437
34 437
327 747
439 686
140 170
398 478
439 976
264 373
317 712
603 854
623 820
248 721
761 761
39 768
241 562
706 725
144 677
406 716
406 470
639 844
326 523
19 938
282 284
315 577
150 970
184 574
904 970
712 822
571 647
213 750
457 812
470 895
600 615
51 875
2 724
524 689
31 684
291 443
757 942
867 916
56 884
472 858
275 936
551 587
283 845
661 776
675 739
113 320
271 987
273 370
40 692
723 773
221 701
647 990
862 954
568 842
21 894
681 811
237 295
144 380
160 519
239 782
812 894
87 535
881 885
359 559
137 897
286 602
257 334
254 292
123 798
21 139
818 819
117 809
37 193
237 532
23 352
168 770
286 916
232 783
171 590
73 346
608 703
41 674
864 927
333 987
448 729
551 984
248 797
285 644
881 989
323 816
568 903
467 801
698 853
29 588
270 933
101 972
522 774
390 990
327 683
358 416
324 751
3 944
102 569
73 287
108 454
339 395
675 838
144 509
518 708
537 787
622 637
148 740
393 734
80 514
42 849
472 792
177 397
278 795
63 966
350 401
147 721
716 798
564 859
86 312
548 848
174 849
467 593
298 836
309 812
350 892
368 665
147 818
742 918
100 689
427 957
94 109
152 810
692 883
199 650
203 754
29 607
353 472
182 651
312 490
208 444
113 839
552 962
298 907
11 861
823 986
62 414
566 908
795 848
239 502
993 994
4 681
16 581
475 762
643 786
91 233
54 970
180 526
20 91
824 858
101 814
492 685
597 875
39 704
277 396
211 371
251 868
351 832
825 860
507 575
592 785
566 597
776 838
97 834
866 897
696 944
385 715
440 572
455 958
280 336
467 731
683 959
39 317
181 772
328 840
414 688
117 266
931 956
47 57
770 889
470 953
650 837
258 832
203 771
459 712
88 425
771 903
224 388
164 786
381 607
50 491
25 585
316 981
362 520
19 271
255 949
74 718
554 580
308 759
2 306
222 394
106 403
146 790
306 931
687 930
402 519
544 736
56 986
488 506
394 524
626 758
454 480
38 676
15 960
321 796
961 995
368 691
105 836
139 411
50 748
79 271
452 791
419 791
278 847
222 906
669 802
237 824
130 504
145 252
52 469
411 442
28 137
110 779
894 949
497 678
575 944
377 925
370 721
198 795
3 706
397 781
225 356
485 995
251 729
179 629
75 279
307 589
188 349
118 393
248 889
173 795
468 702
549 814
348 404
383 989
35 390
169 390
145 614
324 875
395 485
502 673
73 537
701 956
353 421
645 819
246 595
690 817
301 347
486 704
479 695
92 706
237 845
101 463
381 952
764 775
247 418
452 954
319 390
660 717
460 742
366 988
59 165
360 659
149 511
45 187
136 604
453 893
349 970
729 893
661 903
325 508
884 937
208 284
308 920
54 924
271 384
23 419
412 682
755 923
800 807
91 416
912 960
266 868
765 911
818 994
407 484
148 296
402 431
503 709
332 408
692 739
655 762
72 115
425 870
236 971
43 651
567 651
8 524
809 895
270 785
677 718
250 865
628 972
277 456
341 608
61 840
281 499
395 822
251 570
246 522
464 896
119 565
445 549
235 619
448 889
24 170
273 570
16 523
269 900
222 955
799 853
138 283
86 302
533 849
314 755
352 777
656 916
82 872
446 496
316 894
340 366
45 912
38 589
439 471
306 398
164 692
178 951
278 479
42 787
309 332
547 661
90 184
558 961
9 265
438 557
803 879
873 923
444 719
139 937
248 914
513 610
388 690
543 665
151 561
436 457
892 980
101 981
168 636
409 923
366 644
527 942
173 820
431 869
245 373
163 984
502 597
749 961
173 296
323 630
68 856
752 759
29 836
196 714
476 619
101 581
528 984
138 604
40 329
573 983
389 972
712 962
465 478
627 927
538 761
621 950
606 690
355 611
50 507
807 960
369 668
65 633
646 873
183 771
662 758
55 755
471 711
21 170
913 924
678 797
466 728
53 303
422 634
664 928
452 684
333 869
820 934
698 966
584 718
250 880
457 617
173 281
69 278
342 981
143 206
640 671
870 920
273 724
369 558
183 223
56 820
556 644
503 966
323 531
185 225
681 780
42 778
830 846
177 296
501 809
296 430
148 154
354 854
397 912
227 579
51 116
612 671
582 671
155 994
118 379
183 874
42 960
871 893
193 787
29 577
302 694
12 824
342 426
659 822
258 885
374 383
912 994
26 587
181 557
585 674
536 744
530 577
427 685
430 454
458 619
12 294
736 995
99 166
342 757
576 965
352 646
539 926
327 929
131 883
114 692
539 626
73 418
107 208
476 614
76 537
76 549
370 789
445 525
866 954
207 923
424 829
256 354
373 582
287 503
377 447
176 985
593 980
62 192
537 700
218 805
589 857
743 958
273 627
385 563
120 591
467 543
424 723
773 874
142 286
257 732
433 496
480 721
30 759
648 706
277 434
866 924
272 671
805 899
194 943
68 466
784 932
190 587
442 636
922 962
224 561
61 658
361 656
540 662
124 169
373 401
301 602
271 873
80 971
753 896
223 274
39 940
137 508
228 772
172 950
515 698
338 372
9 575
96 698
670 821
47 241
203 842
324 473
300 696
454 530
177 780
121 653
789 818
28 628
559 566
176 245
78 547
582 629
261 555
206 701
64 941
230 266
553 764
465 716
250 829
918 982
34 575
107 828
346 712
855 911
35 275
137 353
581 696
117 958
664 956
24 300
529 586
267 355
63 982
819 869
213 718
246 855
274 962
78 619
655 910
511 929
648 944
263 507
226 348
285 600
866 899
286 456
409 552
449 787
515 610
322 727
181 309
560 949
8 124
183 755
671 917
689 843
323 951
354 647
158 930
28 908
198 834
224 461
252 726
222 672
839 970
152 925
133 878
256 711
871 886
16 784
546 681
631 845
613 961
496 771
385 896
711 798
240 583
290 934
492 588
335 512
441 562
463 694
179 301
168 927
31 919
576 928
564 604
221 402
506 874
406 968
263 748
98 822
14 987
117 483
601 605
144 817
27 285
327 838
440 746
447 471
404 669
27 254
405 944
451 454
283 424
545 837
176 934
167 372
465 924
529 627
74 425
100 650
469 686
107 404
219 851
553 864
259 579
99 207
549 960
247 638
479 972
129 792
145 394
273 323
609 899
659 828
305 482
735 991
120 950
102 150
655 971
18 234
116 215
180 418
60 642
426 595
199 538
724 908
320 973
235 905
45 853
162 568
285 526
157 458
236 404
379 584
579 867
86 590
12 694
242 317
71 645
585 912
617 843
145 497
571 709
54 428
622 753
260 589
723 906
291 694
283 935
647 806
241 861
536 891
115 229
299 853
746 759
583 860
344 361
727 914
51 781
346 803
407 911
45 294
615 738
554 561
25 212
364 885
237 429
426 657
260 351
114 955
10 796
330 696
162 428
189 248
190 570
573 992
41 485
82 866
408 755
635 780
620 976
53 646
76 217
544 687
312 646
298 634
311 424
562 627
715 874
750 904
448 746
481 910
328 763
523 991
607 736
284 337
564 929
366 780
57 982
298 305
680 938
108 596
227 231
669 945
83 423
507 854
151 316
421 890
393 644
361 417
677 977
545 674
44 611
307 597
101 611
780 871
471 531
738 864
537 675
687 757
522 936
68 268
666 838
463 958
40 356
21 800
38 478
566 648
521 849
226 598
101 441
359 971
227 549
228 713
382 740
658 961
233 903
722 725
687 875
166 915
25 965
62 935
447 482
686 945
335 911
547 776
906 988
541 728
114 423
768 854
733 804
493 688
222 943
392 799
557 886
718 910
527 635
950 971
98 638
433 899
451 553
190 545
338 894
68 451
321 812
106 286
527 778
474 771
167 977
254 867
723 972
231 758
588 710
186 685
89 352
99 881
288 516
407 853
187 474
286 484
291 571
567 817
331 342
272 289
485 525
137 189
478 894
70 420
605 608
755 959
670 853
191 821
123 232
48 286
333 706
769 973
317 881
216 794
47 635
124 481
571 617
31 290
515 709
100 104
295 831
44 964
689 864
136 811
100 184
101 805
493 846
378 782
145 557
570 779
55 603
156 880
151 671
186 190
285 859
135 270
121 313
80 786
181 216
281 578
399 655
67 868
482 826
251 626
387 797
387 967
248 852
127 527
289 398
238 694
550 963
372 647
281 451
437 438
19 666
46 718
650 785
137 891
146 592
762 955
130 942
775 926
34 377
284 774
299 977
16 849
364 921
183 500
792 914
439 621
320 932
485 587
86 380
677 700
443 502
425 637
544 573
205 949
488 578
705 876
446 697
348 706
43 211
508 834
110 129
42 277
429 738
492 605
99 309
173 600
752 786
7 306
188 335
236 889
675 917
102 746
457 619
426 661
667 910
499 772
24 752
430 790
400 495
593 921
98 685
198 418
181 861
200 723
368 959
24 93
838 880
102 480
299 527
122 942
419 597
442 695
354 490
848 848
773 866
445 555
619 848
713 973
700 799
148 912
640 981
171 525
272 823
104 981
108 776
27 199
704 722
39 617
193 470
63 886
224 313
76 617
571 908
712 765
276 681
836 892
12 643
398 471
260 384
40 551
468 577
153 215
280 832
192 472
59 283
506 511
133 371
284 559
328 703
955 972
812 986
633 852
254 800
65 85
614 635
81 86
194 296
239 450
109 407
391 899
414 465
813 873
436 523
101 208
54 764
167 754
842 995
391 647
231 453
711 844
92 791
262 907
68 127
176 712
533 615
543 974
10 398
533 791
833 868
578 740
883 921
313 768
681 860
95 419
111 138
206 915
803 878
468 946
184 929
103 443
623 775
422 761
25 217
298 834
19 90
15 394
706 879
743 759
159 391
505 814
269 710
129 711
183 495
79 428
158 343
99 848
274 780
781 859
139 467
556 620
18 134
17 548
288 700
73 736
447 531
577 692
223 292
717 797
451 875
126 793
15 973
794 891
228 732
580 695
181 870
8 232
198 756
2 874
49 714
472 946
250 528
145 449
819 942
170 252
272 798
49 812
227 917
454 588
172 630
130 504
329 339
488 503
99 466
124 381
185 332
411 595
717 859
659 836
663 982
465 910
258 936
259 484
834 846
468 915
26 994
327 948
364 417
440 829
191 883
49 563
140 522
362 436
276 856
26 500
262 912
519 941
204 829
667 980
54 876
29 116
68 901
247 332
165 462
349 686
230 333
374 854
369 809
206 221
89 223
327 705
116 651
822 945
806 831
593 862
663 686
546 890
227 730
196 792
368 459
521 700
688 894
39 536
707 756
221 772
926 955
75 103
558 925
1 370
594 712
236 380
108 284
902 990
334 698
191 678
161 711
383 825
610 895
298 863
89 632
52 591
131 991
530 642
37 643
749 899
117 218
110 478
16 224
472 534
662 690
216 850
355 575
656 941
474 524
110 243
271 589
561 677
324 402
95 438
966 970
165 168
68 277
291 642
118 269
824 958
22 757
116 789
450 596
38 52
280 950
138 520
528 815
85 929
143 179
90 371
130 539
198 231
792 872
43 465
271 966
704 977
292 771
796 864
202 833
133 892
35 95
622 652
736 849
555 968
891 902
2 39
269 445
199 219
122 641
69 261
242 911
207 773
573 989
75 172
388 967
304 482
932 978
85 808
639 649
521 757
545 772
523 967
45 698
143 167
343 404
211 258
645 960
441 616
515 516
764 902
73 464
365 423
449 981
235 635
92 991
160 613
659 767
561 788
362 704
681 907
112 122
734 916
64 361
331 578
99 853
298 484
148 848
134 720
278 954
369 745
881 926
674 958
501 545
466 883
209 377
298 545
465 476
36 539
366 826
98 683
464 558
612 981
387 682
664 722
471 641
14 548
356 948
227 877
453 669
639 764
28 314
480 936
778 948
585 995
97 295
273 735
235 654
45 328
54 916
538 685
501 698
91 857
294 650
108 738
484 962
723 989
640 774
450 556
449 592
123 863
395 545
180 602
606 930
201 526
885 960
69 466
136 587
242 304
23 429
326 395
53 483
261 366
692 815
265 794
246 916
132 790
315 710
920 947
152 621
427 586
42 495
33 628
313 607
40 846
176 335
412 818
205 754
60 873
550 853
119 795
227 773
69 567
518 937
539 965
397 646
129 687
138 868
297 480
124 450
496 762
277 907
458 561
620 665
197 336
431 478
232 991
539 658
301 576
61 270
119 684
225 666
375 516
362 648
789 995
495 772
30 532
74 384
30 487
693 822
152 226
199 235
361 869
661 737
449 775
544 930
463 578
768 814
75 112
74 444
197 877
413 545
226 905
486 712
160 935
142 516
289 750
340 649
59 623
53 314
225 833
277 596
346 779
95 853
457 538
338 903
430 711
727 936
194 339
278 630
150 353
420 641
736 876
271 480
584 794
532 608
109 786
546 884
454 956
381 887
288 475
191 229
717 932
61 131
130 760
315 460
711 886
82 766
353 452
227 227
758 913
680 835
723 844
231 302
611 660
140 194
399 875
330 597
313 460
442 634
202 925
92 878
641 960
74 835
66 317
211 300
116 801
649 891
126 816
480 927
102 713
569 619
478 948
170 790
390 780
236 591
96 710
355 659
60 498
353 428
541 704
323 563
458 820
640 948
560 879
124 254
743 958
440 823
695 969
89 234
446 754
445 656
320 541
577 776
185 794
316 929
497 888
638 689
567 931
333 473
428 434
390 726
181 530
829 852
67 504
239 918
489 578
35 660
440 874
611 650
522 624
516 965
585 995
210 930
133 519
384 560
115 952
114 949
621 759
106 966
802 865
296 344
8 424
303 307
424 894
52 929
420 875
419 545
464 731
331 597
254 714
138 188
92 805
301 431
248 850
536 657
117 857
541 929
240 841
270 820
138 730
321 535
609 865
55 930
265 577
651 808
765 956
765 995
277 856
200 688
525 713
326 618
259 574
140 396
475 936
612 665
670 986
128 284
63 832
338 414
304 965
226 264
202 734
34 572
210 478
264 979
566 899
454 579
718 824
303 850
519 636
287 891
1 509
323 570
63 884
366 736
830 938
569 607
144 640
122 598
362 826
582 730
142 927
165 755
19 836
39 476
538 906
28 763
314 906
350 968
67 203
37 316
899 981
106 582
520 703
350 704
46 267
61 972
226 385
225 708
244 746
701 758
445 657
544 763
94 758
517 937
138 809
123 951
537 689
206 213
222 886
267 562
134 600
221 518
825 928
50 742
424 679
317 785
552 868
608 860
358 645
526 759
148 481
836 882
69 995
53 198
592 954
92 441
196 661
2 609
332 594
51 254
756 812
547 605
368 411
194 990
720 746
753 893
182 616
181 711
661 740
355 619
336 796
508 710
300 461
36 509
537 632
289 369
353 835
721 973
172 228
692 950
426 868
54 847
24 539
235 684
284 566
308 619
366 994
109 804
276 617
839 884
110 158
257 511
234 921
130 213
382 881
84 254
311 908
308 334
451 519
734 995
89 284
335 432
282 420
240 534
41 60
176 422
146 678
49 686
875 889
178 275
239 760
52 506
151 790
363 601
313 362
317 378
628 645
786 903
7 52
69 442
44 863
189 244
523 906
214 416
392 785
526 667
177 630
578 757
940 966
260 362
283 655
615 904
264 382
292 811
234 389
361 432
79 581
578 597
492 811
281 993
184 664
784 790
366 818
551 765
287 889
30 546
526 621
454 766
7 246
63 372
400 457
512 803
382 980
94 476
91 174
334 734
522 731
105 530
655 864
132 300
306 525
32 677
135 903
798 909
357 860
286 813
70 264
225 329
422 428
578 678
416 489
202 911
20 914
731 759
35 651
158 890
317 571
189 224
682 986
20 138
400 827
72 833
143 446
297 851
542 974
12 433
326 371
213 289
345 944
52 973
918 955
135 277
323 470
133 500
314 614
122 152
961 990
194 418
86 490
273 627
468 682
638 838
12 828
108 334
136 776
311 712
58 445
527 965
447 744
39 659
65 787
37 161
354 753
454 838
703 820
292 446
88 366
111 355
195 915
665 672
330 975
364 366
335 401
126 867
530 781
165 823
298 302
32 859
294 655
479 869
319 973
320 747
384 834
280 651
33 320
339 929
276 276
653 702
573 610
373 779
84 920
200 381
40 226
413 880
263 310
264 340
91 559
560 919
216 901
180 933
113 535
276 811
388 954
445 975
228 531
352 614
152 528
377 971
365 544
238 830
554 628
98 191
621 634
91 526
270 849
366 440
360 715
158 724
602 650
185 703
36 830
775 958
540 751
88 317
97 554
724 917
90 991
710 891
630 981
241 460
233 680
592 825
377 982
31 320
5 566
193 400
40 967
339 557
655 699
644 796
191 543
280 501
374 515
126 989
211 336
568 586
392 868
164 226
356 484
233 921
425 465
302 481
374 640
42 54
300 663
490 826
187 332
701 746
682 716
22 804
371 927
590 776
753 762
6 99
218 238
24 682
302 640
145 990
186 942
48 223
848 874
39 689
187 439
717 845
159 525
67 866
460 895
638 842
195 824
412 737
44 737
76 683
21 197
654 939
382 701
166 212
556 854
227 719
274 920
409 568
439 449
325 453
276 875
74 940
105 658
125 463
376 515
396 784
442 711
74 339
147 504
285 680
339 512
380 589
436 948
862 975
368 432
168 247
112 707
298 788
760 769
127 912
279 700
522 966
146 861
44 270
329 346
662 926
310 817
232 234
211 239
77 606
222 642
331 830
132 333
84 123
40 868
128 210
708 716
98 862
118 573
113 896
43 423
221 539
352 770
432 591
508 958
178 581
12 729
44 911
16 120
104 964
32 290
96 747
2 170
552 590
288 702
452 710
744 967
78 931
367 718
668 680
845 851
243 562
158 834
582 930
150 685
158 899
971 974
905 975
146 476
410 508
183 959
101 903
36 907
630 980
379 652
212 291
479 533
294 773
359 668
205 817
25 108
3 975
61 861
183 954
341 467
500 592
407 692
296 408
392 705
65 925
26 220
276 481
30 730
402 774
388 955
200 389
45 156
105 368
304 993
287 339
770 878
158 815
227 551
260 453
359 596
325 598
556 577
83 290
607 833
668 971
792 867
365 836
5 732
2 940
40 208
317 786
67 137
618 921
340 378
854 935
183 737
274 537
619 737
348 563
212 433
230 323
83 664
47 64
378 987
66 417
176 382
185 243
110 495
835 860
464 718
182 751
293 878
455 619
888 994
303 943
210 270
270 532
578 911
293 333
375 546
686 722
734 870
233 941
805 956
49 425
504 800
363 606
43 74
938 958
41 905
245 251
157 776
72 520
336 852
364 858
31 209
561 942
506 901
179 838
228 292
267 796
9 850
82 140
103 892
24 909
12 269
145 164
26 683
216 338
517 556
201 725
587 738
469 648
249 826
288 540
35 532
20 317
386 457
101 259
102 536
172 524
313 370
372 669
861 972
493 687
399 864
199 962
606 823
412 854
654 699
376 665
235 669
597 685
107 762
642 855
9 863
171 214
321 816
297 563
254 681
61 767
122 942
27 704
438 770
405 563
142 915
51 353
565 712
672 950
479 786
318 323
465 794
96 514
81 262
393 920
141 311
409 980
12 87
117 833
426 656
242 544
270 552
122 897
851 981
441 793
92 641
417 741
259 557
512 795
316 904
603 719
26 704
16 90
109 692
122 922
146 765
298 643
415 544
377 419
216 399
21 795
285 540
437 841
775 949
72 617
341 834
674 837
26 666
717 926
751 829
497 815
462 974
370 795
218 982
385 724
411 523
383 695
67 796
517 818
138 749
565 889
455 544
406 480
214 313
201 941
146 993
102 443
242 436
423 471
176 436
784 846
171 698
522 741
43 967
563 697
158 456
243 612
4 648
97 194
274 937
88 140
248 559
189 684
636 777
111 217
812 894
45 514
70 566
18 260
586 799
714 743
260 957
240 336
409 586
411 528
527 683
592 930
90 780
618 866
397 728
64 213
108 604
673 704
651 940
241 667
362 743
960 979
300 323
224 886
611 686
373 395
142 986
208 284
770 879
55 171
118 588
196 361
69 226
845 853
516 985
98 732
39 878
182 716
315 916
5 49
443 531
354 672
433 615
184 879
498 910
90 332
32 692
234 263
89 737
91 726
165 605
439 464
159 180
495 622
56 671
476 586
118 830
239 528
99 449
711 923
13 47
45 989
256 715
278 433
322 346
140 926
510 579
371 690
714 969
166 770
641 644
337 739
452 576
271 877
674 958
687 804
10 775
701 708
12 962
139 333
255 312
240 799
610 833
470 529
584 635
209 280
257 616
686 947
196 199
567 847
162 353
148 515
132 227
120 848
170 963
453 482
200 692
14 262
284 731
542 844
347 821
57 603
419 981
293 591
184 837
345 442
194 933
302 469
141 299
311 398
243 850
442 769
35 524
456 807
2 765
116 655
688 800
223 695
673 988
790 834
237 806
160 976
151 629
282 292
679 927
174 602
375 511
39 616
76 386
155 822
54 458
247 830
150 941
34 800
824 910
638 697
42 797
192 677
407 935
338 483
66 596
111 489
109 417
126 802
161 947
191 933
184 409
3 558
36 107
339 993
859 976
695 900
376 755
74 166
316 556
481 911
599 969
3 20
59 128
196 822
79 759
363 487
365 920
8 26
342 401
241 977
322 676
58 146
34 196
224 326
681 751
241 331
220 654
351 689
177 347
402 884
251 912
813 888
616 890
797 993
236 779
238 535
360 436
469 569
555 792
288 771
454 988
112 618
212 968
558 800
126 665
20 959
828 916
513 809
611 700
510 912
394 747
428 806
2 89
280 643
55 770
229 930
48 530
236 317
122 502
605 794
734 763
601 660
414 544
177 248
29 663
164 399
415 569
210 503
466 570
127 344
39 497
544 572
568 866
51 780
555 964
655 731
260 293
396 836
549 651
65 679
206 217
83 608
269 774
92 348
218 734
235 668
222 256
756 800
92 517
60 851
76 487
345 790
167 724
163 379
204 716
62 932
121 409
164 544
389 635
104 511
161 829
67 316
76 382
450 866
592 721
509 644
213 280
936 965
109 447
144 319
290 357
57 698
478 600
843 862
216 354
26 924
244 491
92 872
319 958
326 887
660 811
512 872
96 458
519 789
112 544
639 833
446 695
512 900
276 355
468 724
652 686
181 493
585 872
35 172
360 524
63 188
153 551
42 225
830 986
534 720
363 919
348 369
62 859
250 337
219 973
804 904
278 607
89 483
123 839
367 655
460 694
532 589
227 573
217 813
384 514
307 727
79 876
652 914
878 937
137 232
17 856
45 444
111 294
138 926
210 562
481 646
261 989
216 487
33 566
680 950
411 546
238 403
466 867
321 407
529 749
544 586
545 565
34 816
652 960
839 930
415 503
489 763
409 705
231 951
714 910
242 882
102 302
644 767
942 968
156 698
452 676
2 289
222 299
817 874
240 751
717 743
147 187
510 532
718 891
488 587
374 609
828 911
453 475
424 659
376 791
104 828
392 471
693 806
627 667
548 907
246 359
505 654
145 432
19 305
506 862
453 891
700 856
313 368
8 134
487 713
799 816
251 319
106 189
856 943
472 732
72 767
402 717
154 553
546 571
390 435
58 330
842 914
11 191
144 208
175 920
607 973
741 925
229 929
12 153
743 789
537 602
323 791
349 938
453 466
887 896
832 954
198 655
208 849
61 822
1 329
935 957
702 951
161 842
613 853
290 383
578 891
350 897
196 816
648 698
263 576
99 517
511 714
364 730
556 899
209 401
362 534
148 489
46 966
635 649
824 915
22 383
811 895
732 983
412 716
612 978
133 987
82 479
788 824
727 842
224 349
882 935
64 585
352 607
35 977
246 835
245 896
199 711
121 930
698 836
315 323
291 819
424 877
252 769
592 669
955 994
815 871
382 857
213 935
946 988
171 216
72 762
437 960
557 759
462 871
176 375
198 753
158 466
56 217
387 724
346 808
628 700
199 538
14 115
751 978
65 898
175 803
588 969
733 744
127 596
176 501
771 928
219 675
67 730
435 453
247 435
139 799
874 974
677 864
93 409
134 824
311 975
262 936
568 661
694 994
174 261
14 176
83 850
149 232
584 666
579 995
359 889
139 745
337 792
429 590
182 418
469 562
398 479
730 942
121 705
381 617
792 878
371 937
579 623
68 211
249 646
120 210
9 325
345 864
98 458
279 773
316 853
232 725
436 771
178 891
146 794
28 253
567 624
194 942
14 207
381 433
567 659
552 667
397 892
16 966
765 831
227 688
85 951
832 919
78 391
536 727
871 979
419 541
487 584
612 791
500 992
163 205
541 733
414 806
134 821
384 964
590 610
634 651
534 542
487 933
195 612
450 487
178 967
762 883
458 499
534 934
473 738
78 990
475 883
408 585
708 791
279 530
168 383
906 924
374 702
295 838
270 568
746 758
241 645
489 699
4 126
598 614
692 741
197 569
556 976
246 781
315 771
135 524
412 460
64 143
785 878
335 437
152 199
62 393
550 821
73 946
553 663
275 525
98 359
471 915
78 233
165 825
524 665
960 983
5 58
107 843
520 882
16 182
243 719
408 521
457 769
303 471
124 995
460 577
29 97
151 356
261 497
784 975
143 916
201 749
855 897
25 784
183 380
80 776
188 402
175 600
52 621
454 744
35 51
124 185
40 540
251 300
41 207
88 184
128 836
29 384
408 673
34 789
569 590
113 968
689 733
147 358
577 740
84 790
268 588
627 890
145 808
825 926
351 990
455 985
373 808
484 485
254 757
328 518
607 800
300 537
300 423
21 872
4 955
591 787
204 681
222 988
129 802
157 795
101 784
589 908
54 162
374 895
307 868
111 205
456 504
625 755
501 904
752 907
437 543
480 617
228 678
11 587
386 807
167 907
174 732
335 796
151 785
74 212
23 416
184 478
785 896
214 804
267 965
680 693
177 512
302 716
854 888
642 726
278 869
428 530
330 606
372 763
480 951
445 479
371 606
271 933
128 395
80 639
97 772
323 585
601 925
282 760
470 984
407 724
858 936
157 445
248 896
704 816
266 851
188 226
102 871
247 473
230 529
303 885
190 282
211 888
151 790
265 971
140 359
974 988
126 299
400 523
26 197
232 876
396 439
83 314
497 556
538 726
66 427
34 348
593 898
388 535
30 487
146 629
598 845
124 126
500 724
648 749
697 856
140 607
256 689
431 753
226 968
269 460
376 470
616 969
132 349
338 379
619 966
468 524
568 625
273 570
129 223
27 802
60 610
316 942
303 354
50 506
303 486
678 774
371 956
309 628
502 965
125 664
170 912
485 570
144 771
734 899
343 760
403 683
351 606
631 695
744 959
141 266
234 891
171 920
266 553
457 744
102 499
416 846
271 397
46 877
517 615
860 922
357 609
244 707
219 938
159 342
459 663
424 873
348 354
49 596
482 877
322 381
172 583
773 854
568 654
89 876
250 802
606 925
173 392
295 610
92 613
745 754
77 173
407 609
498 657
379 980
120 306
702 736
454 513
3 537
148 418
68 398
224 993
616 980
147 279
207 216
869 952
922 969
106 582
333 580
220 294
339 959
576 676
23 34
194 559
13 318
81 976
182 715
78 677
201 774
932 957
416 805
367 890
1 731
46 925
150 580
339 520
465 915
178 464
348 925
28 938
665 980
23 362
77 143
43 916
277 974
693 855
749 784
41 519
726 965
288 541
96 880
538 784
776 961
6 682
10 313
624 955
623 967
114 321
363 699
12 953
318 866
106 627
596 667
327 602
147 636
591 732
8 379
274 783
256 322
470 634
75 266
237 570
698 890
350 378
234 338
335 552
208 961
634 804
240 609
112 250
364 702
371 958
62 236
136 383
491 605
733 994
568 656
358 969
301 463
673 713
52 638
229 846
863 990
603 631
84 719
447 829
402 791
463 795
8 930
476 846
516 844
153 213
187 393
488 832
205 464
106 510
256 738
227 928
540 582
666 830
263 663
94 664
459 865
109 466
776 954
273 941
136 779
176 426
299 913
762 985
122 499
354 867
241 800
581 823
321 415
470 584
59 540
229 494
337 410
190 937
295 859
55 463
888 994
208 297
197 782
63 903
695 907
261 912
688 841
13 716
190 237
273 596
730 802
144 766
143 707
310 415
571 772
446 569
641 653
427 843
826 882
311 502
572 793
419 485
139 394
498 608
75 306
17 880
650 876
24 137
339 446
415 909
223 860
459 840
306 518
249 325
193 559
827 962
112 227
452 506
342 926
95 647
974 977
640 858
605 776
858 943
227 254
426 856
118 297
270 612
518 579
748 937
59 745
170 715
148 971
294 652
55 746
36 941
562 724
311 870
343 709
258 569
96 962
85 971
245 392
673 947
614 740
700 798
363 419
315 944
543 601
597 609
351 531
57 609
97 484
367 416
174 601
141 984
696 959
69 202
186 874
21 902
470 720
681 809
120 629
129 639
234 714
240 562
226 825
299 618
313 961
487 715
566 703
267 604
644 805
312 806
332 660
134 712
33 397
129 943
7 53
218 767
766 983
756 991
378 813
107 294
13 320
570 885
155 693
133 318
445 936
128 601
753 839
711 763
217 658
200 868
617 710
394 457
154 581
398 429
508 700
482 827
33 689
363 717
188 849
128 680
275 807
10 728
421 627
772 820
83 644
2 770
242 395
208 823
549 637
61 202
318 683
11 888
586 716
374 880
58 416
12 691
717 842
473 677
142 453
201 275
78 276
320 947
160 670
147 200
348 773
95 238
13 130
105 705
478 692
112 589
513 577
359 779
275 460
416 808
87 912
594 967
339 545
268 986
391 704
167 481
404 715
575 727
510 657
206 413
116 978
318 628
101 560
834 963
561 776
232 454
825 839
183 425
351 669
60 150
64 316
517 779
74 720
234 487
730 900
440 822
734 882
423 455
422 834
262 376
179 470
23 830
236 276
182 626
331 905
662 968
184 623
347 728
220 234
558 940
101 974
766 982
202 712
387 527
601 648
779 903
99 737
374 778
949 959
858 976
271 643
808 894
517 803
41 222
736 779
813 957
727 757
450 800
191 906
511 977
815 884
294 890
77 602
268 555
17 225
265 395
184 867
140 674
361 700
418 691
122 652
235 855
16 361
271 310
183 291
781 974
56 156
757 868
117 132
126 293
342 687
213 390
529 847
552 864
559 866
946 987
185 193
530 824
138 201
360 800
405 562
339 537
211 617
298 726
305 567
646 851
236 245
87 835
680 750
615 620
244 565
413 612
440 750
927 942
554 723
291 935
289 606
476 905
750 817
103 612
321 467
556 748
564 688
442 620
239 249
67 469
655 804
535 881
76 804
466 606
531 733
545 819
2 344
142 705
299 728
53 244
765 968
435 586
210 513
761 876
448 919
211 256
73 555
607 767
214 876
217 388
738 947
188 272
716 870
390 448
173 610
501 914
68 559
76 353
211 277
701 814
6 111
666 957
79 705
277 931
471 919
324 847
213 511
123 929
362 489
381 534
103 858
453 638
805 925
183 713
508 992
108 884
514 822
569 773
31 531
454 504
501 804
305 691
297 404
624 658
869 981
197 971
649 821
613 727
308 435
409 910
775 792
310 516
270 578
113 878
300 364
544 801
172 825
468 473
78 211
84 131
63 327
37 860
626 952
368 592
483 910
707 776
239 296
21 816
565 876
842 905
244 453
415 624
101 260
470 860
178 990
217 530
298 566
82 231
174 650
88 598
114 356
352 794
628 792
172 175
81 672
21 892
511 621
288 770
152 721
221 898
146 727
96 420
177 298
448 650
253 803
535 916
311 585
217 272
107 420
368 755
365 478
628 988
915 985
710 739
72 936
194 589
667 685
591 941
245 861
393 646
474 905
63 566
220 815
257 326
239 624
85 716
712 966
685 955
428 608
656 670
263 345
17 827
422 924
767 934
332 666
122 417
241 982
184 460
417 801
22 762
23 823
737 988
427 516
128 947
598 831
181 784
592 838
174 766
18 112
537 660
420 930
660 781
917 942
101 699
340 862
362 720
439 666
186 331
260 842
314 677
79 857
676 834
12 670
424 664
101 937
328 520
91 872
162 770
14 262
353 450
106 152
692 748
27 590
436 934
229 286
94 125
307 928
777 953
205 916
21 598
147 902
23 541
702 992
10 769
223 940
27 340
36 374
775 963
62 690
325 380
451 918
206 426
207 383
140 280
412 737
301 535
643 818
557 617
307 501
422 603
529 942
449 903
205 954
21 847
209 894
322 793
659 747
3 23
142 953
302 346
602 855
479 880
401 418
77 901
657 724
235 328
603 753
119 562
934 942
559 809
155 880
606 790
585 608
542 812
119 726
562 865
697 726
45 80
99 149
849 980
289 755
65 339
46 183
877 979
107 440
261 792
301 379
33 885
844 963
432 693
278 939
236 618
8 258
156 697
356 658
115 982
28 947
453 969
211 335
317 953
726 751
34 554
110 563
77 918
331 412
332 747
608 982
616 926
244 604
576 748
267 711
218 690
125 739
191 926
125 459
191 224
754 828
224 937
147 322
710 990
454 741
46 67
705 949
682 925
411 557
506 823
127 177
22 865
190 301
736 795
23 314
146 927
155 776
64 79
59 278
732 788
776 834
485 798
461 787
348 415
871 897
153 974
78 174
379 843
363 619
119 654
50 618
376 776
182 817
454 459
247 875
172 655
62 946
145 825
411 536
177 264
306 437
242 514
67 480
819 892
662 988
285 454
19 235
200 660
56 118
659 907
341 807
402 566
687 758
150 231
204 385
413 640
632 690
136 151
9 675
341 970
1 405
20 625
289 639
219 671
384 854
559 724
107 666
108 405
338 793
2 554
722 967
417 618
580 753
259 567
518 762
599 762
206 923
543 758
494 977
196 854
754 812
459 560
667 860
635 863
9 422
613 708
235 370
106 926
672 988
189 731
172 764
76 497
260 969
445 595
218 790
11 280
526 839
390 470
337 510
29 496
641 758
109 208
313 853
39 845
204 961
114 557
35 968
189 941
271 761
367 488
555 647
85 499
490 968
452 977
286 457
26 477
80 661
134 932
173 950
758 915
319 376
11 325
176 353
271 624
614 936
93 473
265 591
557 755
540 985
713 826
194 447
526 828
831 961
462 785
115 224
468 681
519 668
792 871
44 844
476 784
569 658
261 899
141 795
658 681
375 784
235 488
320 545
357 737
203 262
123 354
403 781
821 921
453 594
301 774
254 615
67 254
304 822
157 963
80 792
625 864
94 148
80 693
390 817
31 651
1 154
9 404
806 934
306 391
84 405
1 669
315 712
118 254
20 410
85 100
206 686
331 940
1 779
28 173
35 817
795 801
165 786
103 180
485 597
471 978
121 546
837 978
213 832
851 954
21 622
805 927
706 871
140 467
144 872
639 670
155 421
320 446
212 625
422 808
92 869
614 790
749 989
455 825
413 961
564 658
410 589
121 350
442 466
295 587
207 586
741 964
415 628
42 839
21 463
112 628
314 399
307 725
152 161
94 114
574 771
634 960
364 961
85 782
431 648
81 994
50 855
464 739
441 780
284 461
224 911
514 550
279 314
442 821
440 911
512 990
150 686
31 954
21 115
523 813
668 893
504 521
241 919
341 967
2 232
225 779
147 333
460 716
518 588
32 878
394 433
3 100
521 934
130 635
919 931
139 603
659 794
89 694
37 899
40 900
269 795
107 415
132 822
719 852
344 711
728 753
110 730
630 852
645 958
246 580
385 859
165 657
48 253
332 924
266 348
534 805
147 911
278 926
714 759
2 39
474 706
560 791
417 624
67 171
417 587
450 623
778 787
88 802
21 396
287 730
540 744
797 890
432 704
128 150
128 444
166 895
833 934
254 459
562 630
130 297
28 920
556 805
643 688
611 709
21 323
764 972
750 862
275 635
436 761
402 879
545 888
702 778
219 460
3 933
234 848
133 852
135 688
661 823
253 313
333 536
489 575
78 418
243 689
655 693
76 455
347 539
298 597
31 38
516 963
41 345
173 201
201 313
837 861
140 154
96 652
463 670
145 517
93 364
211 762
24 665
539 814
393 988
23 836
334 430
470 985
168 678
619 879
461 480
596 721
591 816
36 252
373 468
537 552
713 739
303 736
98 408
256 378
74 490
377 897
367 407
89 348
511 967
967 967
409 670
4 567
490 795
39 934
172 568
475 884
311 777
602 696
834 852
55 323
431 907
224 318
549 774
289 384
355 520
237 928
6 780
473 908
579 924
411 750
496 886
616 783
199 644
460 500
37 514
800 944
5 945
243 700
553 626
77 966
207 958
963 981
894 987
440 570
822 828
299 302
718 917
86 366
97 523
133 843
41 624
58 962
301 628
186 667
637 926
239 888
225 820
811 833
100 254
363 921
86 664
201 803
286 562
151 658
785 970
767 803
598 825
207 769
130 417
37 369
35 608
832 902
739 809
647 885
986 992
60 787
631 987
174 862
254 989
44 808
580 940
542 846
409 596
515 726
99 990
29 551
457 683
473 837
177 466
151 362
153 456
92 210
53 144
242 375
24 55
418 963
245 634
24 487
217 840
538 834
93 292
840 975
527 681
452 680
128 791
584 830
21 920
46 652
51 893
74 420
814 947
41 562
63 527
585 902
127 720
17 718
197 539
723 968
201 424
329 384
196 219
121 912
216 545
166 266
442 562
339 371
357 380
442 932
499 883
325 585
47 625
601 821
573 585
525 763
909 973
96 174
109 984
271 324
413 533
567 951
905 974
303 358
240 266
131 799
128 738
344 715
152 297
147 713
671 869
480 846
561 575
1 646
248 563
77 970
518 660
33 638
335 427
670 995
551 775
270 777
496 880
36 591
737 792
642 748
210 389
469 950
447 784
329 600
551 694
359 405
50 414
477 973
726 950
128 281
729 904
528 613
123 381
154 625
355 859
229 772
245 564
160 329
691 737
390 657
44 292
342 725
434 702
164 795
656 899
367 445
784 949
146 956
76 586
299 911
52 917
144 485
296 304
813 964
45 452
313 335
64 472
631 905
407 742
74 380
310 495
75 746
425 706
220 500
273 495
194 392
535 546
655 819
450 815
787 836
126 878
154 354
166 761
240 884
173 290
268 459
761 990
190 534
678 753
666 950
62 253
126 775
574 757
370 598
211 366
70 211
364 468
400 633
129 617
278 499
766 906
649 737
275 761
420 815
32 486
261 351
453 524
18 79
215 592
402 426
636 958
430 472
848 976
45 86
469 543
357 364
105 290
10 32
356 824
364 451
291 802
625 792
259 619
450 847
215 277
177 852
305 889
584 869
157 605
626 955
129 300
418 959
381 968
427 736
773 854
46 104
637 705
837 896
328 665
327 520
160 919
673 812
261 464
598 663
599 842
205 970
168 898
283 370
140 796
23 889
103 654
296 934
752 808
117 173
422 476
322 636
314 636
104 138
574 777
398 701
380 882
259 372
54 741
170 541
518 540
64 154
620 974
426 432
598 731
134 548
55 189
455 690
502 569
57 794
351 476
454 707
340 803
393 966
488 525
48 540
33 580
201 652
558 626
65 293
205 612
259 403
777 834
260 926
408 701
294 735
158 724
446 497
416 531
61 867
411 881
85 890
285 990
523 529
587 887
73 799
180 206
308 934
45 238
198 429
491 938
101 168
220 590
574 727
445 983
764 868
848 855
762 826
114 289
360 977
163 852
36 54
339 368
389 969
172 576
496 817
639 984
573 835
151 556
543 544
312 596
415 432
165 181
255 263
446 622
237 302
267 761
133 337
288 605
163 522
320 436
79 635
212 286
841 891
339 439
388 934
750 802
348 891
610 959
151 386
213 364
687 973
5 630
87 240
269 585
402 704
41 905
195 760
229 655
40 567
75 404
483 824
187 830
127 697
421 824
512 633
180 192
587 821
161 673
65 430
240 443
138 149
460 874
320 665
359 533
237 584
696 739
390 925
91 507
56 927
544 914
110 541
109 723
883 907
781 949
25 317
396 432
150 833
310 469
502 820
715 804
408 547
415 797
453 921
508 887
782 829
56 374
755 868
482 780
245 643
733 936
110 246
372 396
682 942
426 841
506 650
145 913
201 560
654 715
462 583
143 296
176 370
219 646
110 930
3 577
354 712
495 576
799 866
745 971
529 817
39 175
297 448
625 929
625 833
260 299
189 403
535 571
222 555
489 754
331 733
48 661
450 542
218 253
194 412
941 974
131 987
416 956
427 866
45 241
305 472
539 661
115 684
200 243
313 930
620 731
668 755
99 262
301 479
328 690
283 649
612 617
413 549
37 816
82 420
61 891
363 577
51 533
691 733
270 980
5 667
316 604
760 865
42 414
325 718
731 974
6 324
395 595
632 873
216 297
253 713
57 169
702 829
107 501
376 416
64 462
70 357
98 357
747 911
140 241
470 847
219 475
176 813
53 869
66 426
120 326
296 471
106 176
154 259
569 607
50 611
610 968
120 966
12 47
163 717
191 252
447 987
167 642
242 493
196 667
498 535
787 830
962 968
104 936
203 524
672 813
263 573
669 785
233 809
681 950
909 971
122 962
361 741
110 579
238 282
250 772
18 779
584 729
524 957
164 832
52 485
601 976
743 748
275 980
556 955
508 911
15 845
187 475
561 755
765 992
20 843
626 745
14 333
336 970
172 833
115 884
96 657
409 467
741 815
352 370
263 677
503 859
277 315
36 690
459 876
9 723
455 753
330 469
68 666
420 900
535 837
475 766
237 607
403 860
212 954
612 754
474 617
119 750
808 909
785 789
249 770
516 703
527 845
153 571
515 573
334 476
89 246
672 808
459 650
79 417
809 861
33 339
128 407
93 320
854 936
113 189
605 628
136 868
26 455
707 946
187 575
261 640
74 409
293 867
371 700
288 565
184 297
567 880
424 972
341 887
4 807
439 506
379 586
45 551
262 381
932 967
233 425
576 833
283 868
704 982
220 968
380 528
246 412
647 946
365 837
176 987
475 818
408 591
146 830
215 429
377 385
128 809
609 703
624 868
309 552
748 831
282 363
132 527
59 774
120 178
147 873
295 672
621 862
61 455
13 489
374 646
773 842
164 456
457 787
305 985
101 141
359 737
503 845
259 862
22 880
378 757
168 650
410 765
470 516
201 505
846 935
782 878
47 600
61 219
523 833
27 910
663 763
148 273
117 589
383 473
138 737
212 282
391 621
51 884
96 228
35 393
55 276
654 793
16 299
136 691
539 717
28 183
300 461
54 307
416 689
526 530
431 737
798 811
363 838
435 686
70 84
124 446
244 336
634 777
259 449
769 774
170 773
630 934
55 245
447 660
191 911
323 977
792 904
125 271
635 811
682 704
133 894
211 805
376 563
611 844
17 594
186 367
282 372
426 793
457 503
418 872
624 853
533 740
627 842
243 780
467 657
532 923
576 732
742 928
300 590
316 543
188 886
478 559
149 252
652 961
686 838
51 314
672 768
280 823
585 614
275 522
33 450
608 783
186 529
462 540
64 100
264 754
214 950
103 800
465 765
155 731
584 782
261 446
273 554
149 540
44 834
423 866
187 493
478 655
22 692
99 768
63 852
36 989
70 835
73 535
582 804
170 666
93 567
125 407
343 924
181 273
672 967
52 441
506 835
77 531
175 528
303 567
32 338
78 560
155 632
589 713
260 440
11 882
271 329
112 671
176 361
124 852
37 880
564 848
390 640
383 894
662 792
465 823
29 977
136 877
471 661
82 848
707 711
40 93
181 981
138 711
542 544
261 555
428 824
408 794
446 790
219 693
162 457
46 438
168 899
550 805
374 379
85 886
94 978
57 102
164 789
194 682
337 455
241 741
260 648
516 682
213 420
853 900
352 922
295 496
821 826
181 305
195 204
243 274
155 344
295 307
137 501
450 976
221 932
172 173
687 869
270 832
713 900
127 233
398 640
447 728
37 223
403 604
231 846
362 676
171 983
307 656
465 636
378 733
857 904
527 707
363 596
477 976
58 107
674 709
418 504
102 703
454 705
110 661
533 762
28 703
683 726
195 987
301 724
162 549
81 633
210 845
420 802
477 663
376 908
155 393
233 770
100 205
186 938
475 865
869 947
182 678
173 534
834 849
403 874
488 972
460 798
697 856
364 604
315 493
446 716
467 862
679 938
621 671
128 517
56 77
258 391
733 901
408 564
263 716
692 943
407 750
428 494
79 244
558 768
465 571
9 437
687 931
379 606
289 506
127 365
494 538
253 599
376 983
96 816
250 763
4 787
151 262
371 408
180 340
887 929
644 937
328 579
605 706
166 893
193 270
262 708
763 837
144 960
780 825
79 216
8 524
60 651
246 467
3 563
624 931
272 454
782 849
458 828
469 993
332 639
267 593
12 351
292 412
132 241
53 347
319 553
331 355
185 577
187 822
144 427
123 574
698 948
360 507
411 806
505 719
426 748
317 753
705 759
49 890
78 945
242 268
572 630
600 814
130 403
5 250
104 829
531 824
57 165
20 444
524 947
167 377
276 460
17 111
159 169
118 906
129 236
363 842
678 962
660 807
369 642
39 202
745 862
709 778
8 728
226 955
233 393
336 486
424 852
3 502
389 559
120 772
482 495
177 618
260 425
793 960
3 901
627 971
662 841
410 849
394 612
604 785
9 102
94 838
525 595
89 840
936 960
459 860
400 482
612 824
577 718
599 623
551 556
232 379
217 641
209 611
257 993
219 243
99 289
62 624
878 883
689 824
553 818
222 288
16 899
28 734
457 603
338 990
158 569
350 375
214 558
448 962
185 532
630 667
450 728
235 337
610 923
165 409
429 457
473 608
310 635
211 766
242 548
399 737
91 122
312 750
625 716
161 736
407 877
331 791
7 139
644 748
786 930
162 391
219 746
528 840
32 385
276 603
17 557
678 978
108 733
732 966
430 707
312 870
118 642
234 642
268 648
559 958
58 101
276 927
771 846
212 804
84 803
364 814
77 797
23 184
511 965
893 940
653 767
256 748
390 875
42 981
147 943
204 601
26 532
456 871
241 284
88 91
301 901
378 431
430 679
171 561
400 435
57 116
183 348
572 804
204 789
327 591
196 714
507 739
704 963
591 964
185 678
37 486
467 561
221 863
405 897
301 392
484 840
4 334
143 808
17 553
148 908
320 626
320 804
28 346
748 937
932 968
9 596
161 422
289 476
354 382
671 750
492 631
238 964
50 495
52 111
1 43
199 340
518 626
148 949
522 895
495 890
490 831
235 480
628 932
14 500
175 290
740 920
666 977
166 866
8 953
28 194
370 953
367 561
514 887
391 514
385 413
225 862
346 851
459 483
283 936
473 549
115 217
474 781
175 321
183 923
98 278
210 236
467 576
336 796
71 291
460 703
569 675
507 684
125 891
155 990
65 444
156 704
159 661
812 913
479 817
756 994
185 915
363 968
760 768
675 807
40 382
271 714
927 932
226 800
38 197
79 954
639 640
234 282
152 797
99 257
74 945
841 990
259 962
209 995
712 883
751 807
59 247
178 447
649 990
32 954
845 913
87 466
321 533
335 725
449 800
398 568
562 873
113 244
429 529
113 222
293 896
539 972
400 954
694 926
53 652
874 934
26 546
84 345
51 323
395 748
850 962
150 704
370 529
39 794
775 883
73 237
190 783
611 718
286 590
642 648
564 938
488 521
566 842
548 888
869 942
640 700
766 909
408 419
118 183
434 892
70 670
852 941
534 859
453 552
181 819
77 738
574 744
231 314
420 778
183 270
702 822
615 969
358 593
38 687
448 541
583 610
122 506
444 957
44 995
392 862
180 468
605 901
46 812
219 442
402 571
277 688
205 661
774 891
23 905
465 563
30 334
178 455
535 621
394 578
597 785
421 776
30 234
256 681
818 877
394 674
260 366
464 670
31 543
30 243
429 684
570 763
713 747
199 229
349 592
783 945
209 358
568 702
215 365
38 823
246 478
408 505
59 843
850 945
169 601
12 857
431 853
547 774
159 972
484 776
546 563
410 880
116 748
453 963
257 480
702 977
389 735
211 559
138 447
53 391
229 306
64 163
659 814
710 817
467 767
282 317
34 691
179 782
631 806
268 726
707 864
580 969
100 162
144 546
299 511
575 604
615 739
379 744
433 458
177 182
458 901
475 911
153 653
674 935
265 404
134 207
115 158
191 713
319 833
594 714
270 325
45 179
885 922
299 423
361 599
266 480
38 955
182 190
589 855
107 854
264 313
355 987
447 681
546 742
241 519
340 820
496 510
399 865
269 422
675 783
136 868
53 882
72 211
54 661
71 160
311 519
449 487
665 896
149 192
619 644
432 936
469 942
338 436
322 857
606 973
455 621
91 674
162 342
372 884
799 931
299 531
246 956
785 911
856 934
84 457
516 582
32 397
439 832
369 737
670 952
296 692
411 782
729 946
834 943
82 747
612 747
50 992
550 812
387 884
727 968
290 843
244 465
322 903
57 690
621 727
317 623
16 27
103 972
51 721
787 803
538 774
396 800
512 945
400 616
337 347
184 372
637 836
428 958
461 720
323 629
192 257
195 639
272 742
171 992
769 935
524 799
177 454
328 965
126 921
370 462
272 718
646 885
55 536
237 824
458 515
559 684
203 691
878 939
31 921
671 935
716 965
176 423
503 892
370 994
428 739
461 677
111 438
566 973
142 372
215 633
773 806
321 501
204 952
444 854
234 360
180 529
57 704
579 925
189 948
616 924
389 668
111 274
476 817
88 594
193 279
3 231
34 552
480 985
732 900
821 942
264 354
126 298
40 704
204 228
132 657
329 820
99 497
416 949
481 892
66 547
759 778
68 769
311 524
47 736
428 561
668 988
95 914
930 965
174 798
162 436
282 982
742 756
62 162
709 930
238 642
383 995
67 992
156 307
590 891
330 994
299 433
329 666
393 613
172 263
425 763
26 585
331 388
426 781
469 472
116 360
359 709
475 705
402 607
968 988
322 480
912 966
613 620
17 245
230 508
165 992
749 909
23 278
84 780
530 703
44 256
645 941
101 402
650 803
642 707
191 752
722 963
85 564
316 329
546 580
722 813
519 726
475 518
536 980
303 687
70 535
691 730
113 481
112 791
479 892
648 754
670 698
351 754
267 667
64 823
194 877
526 712
6 584
212 569
491 541
237 610
30 967
305 487
61 77
599 953
334 555
229 582
13 910
256 959
28 581
61 751
586 881
444 469
591 655
19 113
150 256
157 722
8 204
264 620
84 200
198 639
533 757
523 844
671 785
233 778
812 815
674 983
406 431
124 973
91 143
91 217
398 789
350 601
774 970
841 857
44 174
477 684
326 800
188 452
115 965
684 903
671 762
172 581
106 704
126 173
193 823
225 367
716 982
760 802
648 667
598 841
57 668
449 506
382 693
473 900
565 639
357 405
240 914
322 553
599 679
427 472
838 871
628 834
435 535
207 575
64 155
29 708
211 511
138 569
19 208
46 823
379 583
210 799
297 762
125 872
422 573
275 303
415 931
113 927
347 665
138 387
143 819
34 99
213 653
602 837
231 624
664 790
873 979
280 593
617 694
43 156
272 436
317 686
348 407
594 694
76 731
62 871
137 873
507 881
349 464
348 556
17 92
52 350
866 919
331 487
463 617
507 888
800 875
227 556
154 211
263 897
862 958
138 716
23 99
228 424
486 575
554 979
310 568
416 605
233 912
850 879
357 390
236 719
195 279
382 463
341 410
276 645
304 782
379 991
200 782
272 780
752 763
301 803
55 389
264 716
306 577
118 639
814 966
142 874
74 318
483 524
150 636
735 939
708 931
299 717
83 907
640 966
750 823
877 941
143 638
145 425
219 240
68 167
35 919
108 308
218 808
568 853
307 957
773 870
19 54
568 903
136 515
547 935
269 492
389 793
135 915
330 813
136 858
170 496
758 804
277 952
593 844
555 810
133 564
151 406
617 973
35 730
493 582
669 761
55 444
131 166
363 944
496 498
783 991
522 667
776 920
351 478
269 746
878 905
315 833
10 431
45 269
165 761
603 811
504 657
259 634
621 800
277 559
100 323
249 743
30 844
327 667
357 394
243 572
276 386
286 557
802 817
307 958
568 909
76 773
13 547
351 686
250 610
604 709
572 853
398 456
128 859
220 724
277 498
462 774
663 995
41 484
324 801
373 446
201 237
425 760
116 213
93 823
342 696
513 913
553 969
315 416
20 78
575 635
101 297
330 936
100 370
424 901
693 846
255 906
28 680
241 671
740 772
45 118
440 557
12 970
304 507
390 584
7 323
141 596
84 470
184 536
840 936
66 514
297 764
425 791
77 953
13 729
34 793
237 823
568 835
79 188
120 555
442 663
561 803
20 644
277 532
98 804
450 846
195 589
148 990
105 985
71 975
811 840
13 615
81 557
246 454
573 636
280 800
365 992
64 988
317 985
524 794
392 950
621 980
149 768
116 974
26 850
95 665
84 865
284 922
641 715
172 258
269 971
242 537
340 577
234 307
735 893
105 289
689 725
273 815
228 475
329 930
6 253
122 970
89 235
49 706
220 949
200 940
173 481
441 512
39 652
818 932
391 899
61 202
475 606
62 852
679 786
390 932
364 791
58 857
83 575
529 544
303 489
452 728
150 946
963 985
763 801
173 898
104 643
211 230
67 555
239 291
680 830
175 625
25 209
463 600
12 292
110 571
477 814
27 427
940 966
393 723
295 710
358 895
87 399
564 930
131 855
173 960
324 516
518 566
34 533
99 801
22 208
376 498
3 402
901 942
299 349
64 669
546 593
398 968
609 961
739 903
57 820
341 703
251 358
858 890
261 956
282 695
52 145
147 756
453 661
70 801
739 959
534 841
243 266
483 874
209 367
33 618
302 424
373 758
212 552
652 789
149 328
75 293
379 807
416 808
473 486
413 613
206 436
471 923
388 678
349 886
754 943
159 919
227 273
755 916
462 549
549 610
600 876
259 880
277 412
71 861
661 739
255 944
101 183
396 778
570 722
305 646
569 669
464 895
361 818
284 655
185 910
790 871
755 784
31 177
13 101
42 752
297 738
700 838
78 456
7 598
248 799
311 449
751 793
326 615
117 957
8 876
146 751
797 906
487 827
88 499
129 905
255 647
402 932
467 857
14 46
789 863
156 293
67 242
567 883
681 976
505 561
650 983
293 785
561 756
593 648
260 479
491 753
131 160
427 574
21 417
619 861
210 911
429 993
880 977
639 972
482 838
182 825
113 451
591 650
166 212
302 471
37 644
774 961
196 370
216 352
763 947
58 950
32 862
383 820
336 889
441 731
622 794
560 907
54 133
265 561
298 840
735 941
678 876
76 697
29 30
268 791
303 977
722 820
109 334
227 622
44 422
220 957
499 665
131 695
608 669
905 960
490 676
370 827
335 505
363 422
512 666
136 493
834 968
294 307
892 920
346 510
449 935
565 581
673 947
281 559
245 323
445 812
253 897
163 237
584 758
274 576
254 688
204 743
18 527
451 487
1 887
773 826
342 449
377 412
669 991
318 912
361 890
111 791
273 591
9 353
585 833
92 603
254 327
272 780
321 758
212 212
735 984
43 189
308 431
280 565
81 459
575 970
685 819
414 742
751 935
743 772
317 327
570 840
116 630
332 951
520 850
144 590
163 509
778 793
324 593
54 650
628 782
583 601
295 348
234 973
80 698
10 396
6 827
636 942
278 942
568 797
711 775
288 368
127 874
62 448
115 450
80 214
680 720
19 773
32 750
88 229
238 429
435 460
46 407
52 965
619 661
440 743
115 311
166 704
241 742
591 667
670 857
558 880
354 657
363 576
389 804
450 817
23 910
69 233
284 298
38 935
780 879
195 380
65 871
116 337
807 927
645 782
578 644
207 932
282 759
276 670
567 702
469 566
593 701
611 890
625 985
807 868
191 386
44 261
232 381
20 376
140 289
664 844
783 847
69 780
37 610
181 716
189 738
313 724
339 866
184 855
964 990
354 705
162 748
394 592
110 967
376 413
59 111
224 870
905 980
520 939
659 993
677 712
382 824
29 694
213 721
531 666
207 240
1 369
592 964
56 739
156 541
408 628
191 631
101 503
446 592
589 597
86 278
305 886
311 660
362 561
96 523
9 729
312 981
79 281
578 817
100 313
720 950
145 727
234 332
222 900
656 818
493 718
78 774
608 714
89 151
57 611
65 246
322 558
50 377
604 815
109 199
130 703
412 828
141 274
496 645
45 306
295 514
5 372
292 590
67 358
123 740
945 985
164 271
191 524
320 648
794 823
428 479
260 952
207 890
377 516
421 702
798 974
803 934
208 327
394 397
141 565
493 514
107 657
631 762
414 847
622 927
218 360
82 174
596 948
380 973
64 469
271 398
42 314
55 345
451 521
67 738
213 568
580 675
346 869
287 697
218 736
323 953
382 577
131 178
334 488
132 802
506 551
55 569
109 819
321 913
560 633
109 387
845 944
695 783
51 294
12 396
246 695
822 964
77 81
415 976
89 564
96 198
252 595
395 641
361 558
716 897
84 172
10 993
32 793
303 692
92 820
70 314
259 764
844 869
312 826
240 852
438 915
491 947
592 689
54 885
132 582
303 950
666 937
278 674
711 969
535 976
43 271
605 806
455 507
631 818
285 871
181 675
290 626
671 978
200 561
14 331
147 940
610 789
881 887
468 596
425 838
113 880
694 696
207 667
153 302
6 414
154 680
443 595
270 288
403 487
393 830
794 954
337 385
200 747
219 254
96 795
644 907
321 952
605 623
504 734
509 901
37 153
194 747
456 481
21 835
828 944
232 719
569 786
85 514
338 745
544 733
358 410
366 433
19 678
186 965
753 848
694 882
861 864
321 633
326 630
161 274
369 462
229 969
59 914
663 743
373 457
189 783
621 814
130 473
77 616
350 635
333 901
236 766
179 845
68 504
205 480
755 918
574 728
129 492
763 848
137 141
309 325
104 900
11 945
542 576
87 215
892 964
109 524
702 734
779 954
188 415
942 983
314 538
442 674
12 419
148 294
559 579
440 472
398 659
216 450
537 939
407 812
505 931
221 921
614 856
801 976
275 963
565 747
403 483
12 494
282 821
361 641
94 838
501 800
254 491
411 717
128 767
228 254
40 130
451 654
431 985
241 436
165 375
805 857
544 793
332 346
80 949
706 917
47 487
422 514
143 717
466 925
157 248
287 696
128 286
252 917
358 558
492 909
301 499
47 748
84 99
155 392
15 79
53 61
474 542
240 552
481 594
682 818
382 637
109 899
8 509
48 155
342 623
840 957
709 900
863 975
236 769
134 783
186 314
821 832
377 637
53 212
735 857
34 475
121 142
355 607
149 486
490 654
113 615
17 311
178 305
79 969
84 413
703 838
270 663
516 883
21 569
99 854
132 308
310 405
250 664
16 376
131 670
243 842
158 289
237 571
187 335
649 725
270 468
432 516
113 925
133 403
478 498
805 987
278 609
214 836
230 919
54 216
39 876
146 297
196 510
508 716
346 696
214 965
645 814
463 926
551 865
53 63
31 348
834 933
30 286
209 773
236 965
116 262
9 535
181 261
26 977
688 698
327 901
145 645
112 528
52 83
92 976
113 328
99 946
243 384
20 952
192 592
831 962
307 970
370 545
155 373
526 820
75 829
702 719
234 951
7 830
294 811
75 383
120 174
333 339
267 557
131 359
302 458
765 938
276 312
314 407
684 816
231 736
626 910
459 581
125 294
395 565
86 639
182 777
92 812
351 521
358 856
458 815
162 400
414 561
688 851
377 820
33 648
94 279
552 919
48 859
428 822
443 907
72 224
71 860
315 568
215 672
428 672
469 566
34 76
764 979
780 862
122 514
215 789
712 792
656 743
570 760
65 207
113 458
407 528
722 973
77 169
375 504
820 841
51 893
34 854
638 720
736 791
238 584
12 927
301 675
42 667
226 708
225 660
631 821
193 775
246 334
709 943
750 765
533 800
368 640
282 811
69 606
284 995
171 926
295 448
582 938
489 784
650 690
449 452
326 618
231 659
156 863
349 594
859 920
376 564
191 208
277 823
773 822
560 920
729 831
316 373
773 838
81 404
529 533
833 835
68 151
19 475
200 801
125 589
664 964
665 871
159 492
129 908
295 665
29 833
210 477
254 321
29 401
561 635
472 930
62 377
516 852
57 716
646 657
302 817
486 614
154 750
283 955
254 639
476 924
282 406
602 662
636 691
252 980
233 914
610 723
221 952
14 443
81 913
636 734
231 382
201 535
160 980
624 794
391 700
81 672
110 743
256 722
240 415
647 974
135 678
91 238
657 898
81 792
693 737
123 507
708 924
635 908
433 844
239 513
114 594
223 888
148 318
732 922
364 900
360 498
559 575
439 565
236 623
235 973
320 742
77 248
431 711
138 279
126 650
239 495
225 387
439 519
365 511
255 874
246 592
353 781
171 917
224 406
459 544
360 864
182 437
93 612
152 230
254 867
343 857
63 470
706 908
221 582
254 813
76 476
409 428
261 579
327 485
870 962
326 920
106 715
762 808
694 891
42 542
126 875
595 862
572 938
507 524
737 770
341 845
217 727
255 478
287 581
253 939
432 863
152 556
299 945
620 936
194 954
166 297
32 834
753 891
380 581
281 355
98 598
181 315
306 435
593 769
712 992
429 845
382 556
505 557
474 681
129 851
271 432
152 247
25 280
4 860
261 404
219 478
376 859
146 792
542 811
738 807
258 565
217 790
750 946
276 631
228 381
487 637
615 652
883 908
639 864
24 772
129 967
502 964
298 347
115 139
817 829
79 923
144 398
326 846
126 871
103 933
424 507
140 716
44 581
52 659
449 800
554 683
189 771
99 523
463 614
238 284
165 447
340 822
190 308
152 160
89 292
263 798
490 955
510 937
540 965
173 988
769 832
544 547
25 51
465 620
664 857
115 748
26 69
310 913
69 235
470 527
135 709
306 601
225 668
115 213
194 264
182 963
101 705
102 488
112 755
423 543
273 945
515 970
341 409
285 553
478 731
84 589
389 444
93 194
285 590
305 784
464 525
602 728
173 197
681 928
228 286
235 332
500 823
187 818
237 448
375 691
183 458
284 603
454 823
418 695
715 977
183 244
445 887
617 846
65 508
350 526
735 858
240 562
685 725
62 921
177 413
336 593
870 876
674 915
311 614
30 73
232 572
21 251
78 123
188 615
145 585
324 514
57 979
540 669
578 781
571 934
169 990
274 841
26 193
337 520
569 784
343 360
593 801
358 923
670 972
92 259
98 583
82 560
104 639
402 727
279 659
340 653
424 591
450 476
783 972
548 763
110 545
327 908
270 703
232 377
223 323
297 636
177 882
378 526
86 280
904 938
248 365
573 788
30 838
219 603
6 981
155 527
44 96
798 854
90 313
156 512
389 768
253 809
168 944
206 755
254 663
125 595
674 910
387 730
606 703
314 685
468 568
217 663
52 512
442 801
118 598
295 483
108 347
296 735
252 494
501 505
161 602
53 81
281 468
759 983
55 77
622 673
544 866
37 267
708 917
16 838
114 287
498 634
221 238
449 906
388 708
869 931
16 989
274 898
483 661
239 514
737 911
141 262
384 758
299 679
96 118
360 671
173 231
428 970
387 880
100 853
249 788
242 945
804 824
268 493
489 731
207 782
623 899
385 445
287 720
45 359
692 837
49 718
692 864
233 453
311 553
309 801
103 258
25 906
63 494
156 528
206 937
734 828
160 840
108 194
215 880
466 698
189 906
747 751
181 857
415 983
296 468
197 548
198 530
435 592
590 691
124 896
531 834
352 705
875 994
459 878
71 925
580 976
95 308
732 951
466 696
347 933
544 969
485 503
718 920
77 414
177 514
27 291
16 973
378 986
837 852
868 923
429 743
814 880
593 714
184 769
98 294
98 244
560 618
340 746
484 822
753 974
26 976
5 991
3 383
831 981
201 830
758 920
240 620
738 930
217 488
95 487
193 585
207 730
458 752
217 547
261 281
195 241
177 306
213 285
198 536
121 736
9 855
226 660
379 479
160 673
232 866
141 456
424 871
157 662
190 310
350 570
448 521
753 811
28 697
43 237
140 203
188 949
590 994
390 455
527 968
132 816
272 758
163 276
124 914
296 433
86 645
8 533
170 795
290 844
309 799
6 62
16 425
171 424
560 582
532 855
68 986
352 825
239 627
363 987
264 522
607 772
756 908
60 144
411 555
359 880
696 941
103 341
488 933
503 520
30 362
33 97
329 384
567 922
15 890
513 906
159 660
48 125
245 420
84 952
632 963
310 315
632 886
412 800
102 914
131 324
280 356
227 608
130 716
156 707
25 44
160 225
326 703
127 184
245 570
83 184
189 374
79 493
904 983
89 879
184 822
83 196
422 517
237 667
529 822
530 944
150 865
572 666
475 849
26 676
98 735
209 264
114 678
78 342
202 586
166 389
338 363
471 879
119 759
97 269
22 941
787 798
171 468
341 645
21 299
373 648
755 856
636 845
539 955
106 922
69 138
495 500
406 942
147 360
66 434
415 983
195 455
626 774
96 662
252 960
116 899
338 848
737 950
257 674
601 909
52 362
646 833
57 528
780 888
180 822
326 571
757 786
564 765
387 432
616 660
373 752
496 687
237 581
260 619
493 532
855 860
487 560
93 692
453 543
699 957
256 264
46 275
25 44
389 587
228 452
802 981
481 979
493 542
116 718
192 801
625 642
51 189
133 720
258 653
154 219
356 410
459 630
432 484
23 651
107 849
250 834
211 908
319 383
18 752
475 534
104 210
180 237
270 289
527 933
92 941
279 723
163 478
885 909
540 623
476 909
140 624
291 513
350 610
83 895
375 604
616 813
455 795
55 724
66 964
11 233
60 932
289 514
99 156
405 722
295 695
179 323
434 470
784 813
61 712
664 866
68 464
482 523
263 513
228 328
437 481
316 518
373 581
13 449
417 736
152 413
330 688
127 712
529 776
836 910
223 757
290 505
225 986
465 789
480 994
769 937
66 435
459 785
449 624
215 364
366 842
535 753
470 672
430 661
3 552
225 270
313 774
492 515
285 741
202 956
283 706
144 695
602 772
400 461
32 675
740 874
22 498
413 670
78 967
104 946
374 629
153 918
129 644
437 847
374 905
53 170
85 196
833 841
306 775
214 806
953 980
684 978
101 432
403 652
178 733
331 783
111 483
216 706
108 124
17 67
120 498
163 559
8 292
71 396
313 609
274 854
542 566
3 256
620 885
382 774
622 689
562 709
153 272
260 924
372 968
254 869
69 416
360 432
424 804
408 713
266 417
960 987
224 784
408 939
113 302
187 711
748 991
148 424
1 330
349 385
279 638
223 347
35 631
458 683
95 417
153 810
144 337
126 774
344 694
457 533
719 973
172 945
448 573
74 425
458 879
162 774
77 973
112 508
195 585
6 569
267 698
603 816
571 818
167 728
243 247
224 600
771 961
173 391
246 325
208 815
593 681
369 757
547 853
137 868
30 419
142 296
121 934
875 939
487 585
110 733
709 827
769 933
110 461
164 763
332 956
17 970
321 530
82 751
178 623
207 218
23 336
144 479
252 336
64 738
150 920
452 751
389 835
300 501
475 665
44 806
602 991
136 800
316 555
194 470
159 411
182 677
137 724
302 952
365 472
396 671
127 514
128 353
515 629
629 989
275 650
776 876
557 645
960 988
116 187
252 434
92 574
279 410
229 711
212 677
80 882
55 570
13 182
504 899
509 787
43 474
163 232
807 895
788 888
771 881
56 187
137 629
278 546
483 885
101 261
142 317
196 983
863 972
377 766
146 458
279 931
188 442
