ktktktktktktktktktktktktktktktktktktktktktktktktktktktktktktktktktktktktktktktktktktktktktktktktktktktktktktktktktktktktktktktktktktktktktktktktktktktktktktktktktktktktktktktktktktktktktktktktktktktktktktktktktktkokpkpkpkpkpkpjrjrjrjrjrjrjrjrjrjrjrjrjrjrjrjrjrjhtktpwuwuwuwuwuwuwuwuwuwuwuwiisisisisisisisisisisisisisisisisisisisisisisisisisisisisisisisisisisisisisivivivivivivivivietytytytytytytytytytytytytytytytytytyxtetetetetetpspspspspspspspspspspspspspspspspspspspspspspspspspspspspspspspspspspspspspspspspspspspspspspspspspspspspspsewpwpwpwpwpwpwpwpwpwpwpwpwpwpwpwpwpwpwpwpwpwpwpwpwpwpwpwpwpwpwpwpwpwpwpwpwpwpwpwpwpwpwpwpwpwpwpwpwpwpwpwpwpwpwpwpwpwpwpwpwpwpwpwpwptvsvsvsvsrmpnbhbhbhbhbhbhbhbhbhbhbhbhbhbhbhbhbhbhbhbhbhbhbhbhbhbhbhbhbhbhbhbhbhbhbhbhbhbhbhbhbhbhbhbhbhbhbhbhbhbhbhbhbhbhbhbhbhbnndndndndndndndndndndndndndndndndndndndndndndndndndndndndndndndndndndndndndkqtqtqtqtqtqtqtqtqtqtqtqtqtqtqtqgpmfaeaeaeaeaeaeaeaeaeaeaeaeaeaeaeaeaeaeaeaeaeaeaeaeaeaeaeaeaeaeaeaeaeaeaeaeaeaeaeaeaeaeaeaeae
10000
6 391
909 995
152 692
30 652
197 789
283 930
555 606
243 923
101 307
100 510
320 640
216 484
70 176
300 642
386 923
211 706
121 776
702 705
591 731
159 358
418 927
261 866
568 801
281 679
159 874
190 195
183 798
457 751
252 876
52 176
40 263
816 882
161 363
522 751
96 657
800 909
777 852
432 839
121 346
112 998
279 301
194 854
428 483
384 512
305 435
345 465
348 475
162 413
461 489
165 362
851 895
163 748
629 779
181 753
70 678
734 752
370 723
590 630
153 973
235 919
188 386
440 580
511 741
1 852
204 794
100 362
303 646
277 626
83 584
760 807
560 654
496 801
284 863
211 214
131 837
449 802
30 516
29 243
548 872
29 751
169 667
315 629
34 471
369 553
617 953
93 272
514 588
75 575
63 452
68 567
193 793
487 648
822 890
149 515
321 542
678 986
308 489
302 737
341 448
292 735
384 402
9 693
749 859
48 978
614 921
823 891
408 472
9 379
142 671
157 683
612 992
260 670
750 919
39 997
68 975
379 552
229 338
849 977
198 896
734 896
289 558
474 566
32 945
173 482
417 617
388 633
30 304
426 727
55 424
32 543
96 269
188 497
433 814
253 408
490 764
83 778
323 649
132 254
513 595
82 989
707 714
379 515
20 804
21 850
7 563
53 659
437 846
327 869
357 440
57 929
122 139
222 708
565 739
354 937
32 435
516 928
86 151
32 946
667 828
673 797
393 458
503 607
83 829
255 522
187 311
86 452
228 938
307 570
438 456
265 509
216 651
579 781
301 590
526 967
102 420
419 590
559 921
198 420
230 529
493 941
173 541
546 578
662 888
117 123
403 878
166 530
618 724
110 918
315 413
512 664
84 514
851 879
782 854
90 272
86 990
404 582
937 940
829 949
601 843
480 730
248 895
787 865
398 896
490 563
88 228
4 601
90 660
453 871
516 724
379 961
322 494
435 560
261 510
44 639
132 773
157 896
447 684
24 844
359 586
335 446
116 591
48 680
279 554
553 847
293 780
227 275
392 786
430 710
75 531
70 982
83 965
141 529
164 650
152 786
264 527
119 233
59 158
577 711
115 907
559 894
563 977
370 947
128 436
202 800
869 966
50 961
103 614
43 356
44 285
348 829
548 839
245 483
821 897
13 195
531 729
685 707
95 633
78 222
70 655
201 813
526 940
640 917
44 995
864 959
59 789
213 384
457 630
306 867
279 839
9 97
372 781
244 493
193 571
40 244
5 222
530 852
163 493
207 226
187 267
325 848
62 753
162 708
519 576
246 575
342 417
362 566
124 854
94 809
54 204
133 209
276 762
438 516
34 742
300 422
271 706
402 460
111 887
400 629
243 645
659 981
344 986
4 887
200 812
403 980
644 890
611 697
129 431
464 912
114 870
541 577
384 720
272 814
215 608
678 850
637 661
288 624
6 291
205 290
49 881
386 526
716 996
2 148
902 913
551 611
28 929
129 190
650 721
260 461
141 713
352 887
177 801
584 753
245 821
127 567
869 952
430 587
431 727
631 734
125 346
151 183
90 831
340 483
579 588
302 520
186 497
77 431
362 962
607 660
228 784
511 654
941 957
20 686
151 532
274 318
278 434
266 425
145 542
526 732
122 823
36 618
11 244
150 694
134 207
534 768
47 361
202 320
221 765
783 915
530 878
191 963
157 393
231 302
534 934
811 834
359 846
147 453
868 925
296 852
60 608
420 622
654 823
198 517
79 821
353 890
82 956
95 891
252 325
188 970
637 782
23 773
253 408
277 919
179 992
238 906
529 601
34 436
131 730
231 952
123 809
84 766
178 980
12 436
281 407
199 695
191 997
376 469
29 389
208 430
160 337
223 539
436 866
572 774
168 581
505 754
481 588
299 462
544 735
473 602
143 449
111 298
225 766
254 264
693 932
93 239
32 461
409 675
675 981
228 842
341 733
597 821
100 895
62 643
313 409
246 552
321 539
440 764
88 482
21 795
35 176
890 983
273 300
437 947
60 665
178 568
399 942
276 998
62 839
249 919
374 942
578 690
265 796
130 455
29 279
232 927
63 818
114 217
431 895
733 838
97 186
273 910
129 688
549 745
247 749
772 900
129 966
10 591
824 924
140 980
68 852
693 990
663 984
337 584
416 423
513 847
386 759
515 563
448 889
39 974
810 913
653 659
23 939
642 668
807 846
402 700
393 652
172 316
378 755
431 571
279 955
343 861
39 426
264 635
94 451
9 17
263 669
667 979
114 692
317 400
579 699
18 352
749 965
446 904
499 876
456 477
156 339
576 971
542 988
236 636
31 440
422 480
699 866
170 238
638 979
487 679
282 994
745 809
249 256
525 650
128 133
288 980
245 335
260 786
102 274
423 542
82 844
558 799
39 489
470 728
454 992
449 926
275 736
301 971
401 991
826 901
306 585
191 550
228 698
338 799
279 538
120 360
162 919
650 918
425 735
190 897
418 603
416 470
167 340
111 771
376 567
13 650
738 979
202 437
317 985
238 265
135 854
403 793
55 100
445 567
121 302
719 756
723 950
65 190
738 894
240 951
891 963
631 889
722 868
69 708
84 186
750 818
154 219
51 612
31 834
332 618
153 955
679 828
104 796
521 775
313 473
16 206
216 905
614 937
552 682
516 646
397 544
335 762
329 724
137 590
209 560
247 294
76 362
243 972
495 871
20 186
811 967
169 184
495 782
49 898
243 545
564 564
676 720
105 826
179 695
516 962
210 903
44 809
64 783
65 712
57 860
675 801
672 843
169 763
404 662
425 993
336 985
706 988
13 95
311 967
52 567
471 485
40 73
103 293
357 855
689 814
218 269
492 667
113 256
295 835
695 829
681 719
486 942
166 954
476 580
148 701
528 963
397 567
37 467
447 670
40 601
360 596
308 629
199 264
662 877
359 493
485 989
41 429
207 476
162 834
460 862
759 987
157 826
333 641
401 557
3 312
597 671
598 904
80 640
741 880
152 518
4 101
142 142
396 432
126 372
231 585
235 989
352 839
684 924
326 481
243 792
107 617
242 704
300 321
182 345
640 840
333 940
253 644
853 859
648 984
226 656
239 349
424 700
79 349
163 337
183 453
559 906
799 925
42 101
26 165
60 865
170 804
227 806
422 445
847 858
85 208
504 556
101 928
257 955
56 198
293 508
380 976
68 181
886 903
59 928
52 118
633 794
65 379
487 860
719 823
33 335
581 617
460 588
546 623
416 601
487 598
887 977
464 732
368 935
619 993
297 670
868 888
83 953
249 942
73 219
331 440
798 881
249 947
259 494
453 649
248 873
761 939
182 226
494 939
550 891
624 933
340 601
422 494
333 520
365 551
370 582
253 881
382 830
279 418
103 927
648 753
366 952
179 293
548 565
119 875
457 830
500 796
210 771
220 542
70 362
440 870
752 944
105 470
361 748
242 300
454 948
407 994
67 315
363 640
482 631
516 865
91 794
300 662
344 659
414 619
23 490
631 744
21 102
382 626
849 925
82 401
174 652
488 745
240 850
386 648
111 680
201 514
178 475
278 596
614 674
11 636
165 641
381 962
8 520
123 148
523 711
229 364
696 716
714 886
274 568
363 678
655 953
207 657
712 832
447 802
388 591
330 861
11 21
71 531
193 805
517 678
715 907
191 658
324 402
682 969
46 597
329 427
478 861
89 313
116 574
536 739
176 484
495 847
196 917
778 803
112 482
74 604
168 732
570 572
57 255
318 431
79 744
537 556
606 849
645 958
742 958
228 698
135 324
108 500
243 304
132 664
563 737
509 735
248 309
80 304
175 341
419 512
50 697
304 753
399 676
41 420
136 739
48 425
64 924
84 155
7 818
215 347
557 950
804 855
38 712
378 886
177 887
575 585
5 329
666 680
505 707
640 877
225 303
66 687
6 619
150 788
142 439
137 773
769 869
356 906
21 483
64 149
416 974
733 978
178 744
28 437
94 884
667 886
355 396
180 952
879 973
191 745
798 881
669 741
652 875
354 912
195 673
62 648
572 610
133 405
620 749
160 413
604 713
300 886
31 958
67 711
687 812
487 679
422 472
157 901
76 510
748 814
483 875
94 176
358 448
5 975
164 977
389 691
466 546
357 505
423 497
961 993
14 674
264 449
97 383
166 948
893 980
155 697
634 650
248 860
10 252
614 764
4 194
235 517
247 591
23 743
18 791
583 706
691 932
565 846
13 317
514 987
770 988
143 184
390 640
427 821
420 436
192 391
204 217
463 907
707 794
587 984
469 502
947 970
402 794
536 718
51 584
134 706
817 848
95 458
18 915
215 662
130 631
124 383
69 835
364 630
349 775
57 994
817 942
28 997
515 564
101 494
392 978
12 210
106 827
445 622
798 884
614 927
517 996
353 828
193 842
397 760
320 756
453 914
477 480
912 992
408 821
94 215
387 881
202 991
425 986
393 785
8 88
491 604
320 782
403 734
496 512
799 831
253 253
507 747
438 511
333 500
371 623
11 325
253 305
240 780
507 950
594 802
294 735
296 976
391 711
699 903
208 499
238 513
39 530
745 818
24 255
877 928
173 255
425 666
337 447
443 621
24 176
216 910
193 318
208 708
682 906
390 889
184 681
129 491
497 651
310 751
18 674
630 846
50 297
51 386
271 521
8 696
1 294
385 611
592 970
99 653
277 488
239 321
227 946
445 507
595 877
197 331
612 826
661 954
6 900
200 824
54 831
348 673
60 609
358 958
651 834
706 788
102 111
49 944
115 452
271 992
468 824
102 437
57 73
99 751
839 922
892 950
532 625
241 919
684 977
114 278
590 844
691 819
542 732
518 846
772 788
597 617
35 718
36 108
553 910
393 636
587 834
64 145
83 989
65 674
121 837
428 566
164 742
475 897
416 706
257 322
939 981
18 631
436 666
901 988
356 538
160 967
224 902
113 893
84 954
346 920
852 911
127 595
25 77
71 560
170 218
201 816
110 448
546 994
892 896
27 313
213 473
116 993
474 883
10 557
356 616
256 469
46 160
122 841
689 961
180 459
54 859
158 746
502 929
71 173
384 604
199 816
856 969
331 932
719 853
471 665
698 852
717 898
560 857
21 819
250 258
777 886
311 712
590 634
643 704
248 762
738 865
500 842
486 775
341 830
274 495
349 589
307 971
26 608
644 822
428 672
81 982
392 559
696 970
118 981
454 523
143 320
40 984
526 820
429 760
35 644
12 481
161 231
96 962
740 838
46 785
191 866
527 805
37 502
19 499
397 730
319 540
359 827
303 426
662 841
85 633
115 653
96 813
123 967
776 961
340 708
676 784
207 590
205 243
481 870
40 46
212 358
585 816
494 666
244 933
508 876
162 795
768 890
752 890
307 859
346 630
193 646
800 853
6 783
432 873
486 912
475 477
50 840
292 321
313 507
16 256
828 966
177 735
706 720
358 405
14 36
481 659
7 282
291 789
65 166
550 998
254 855
682 802
95 872
5 379
38 186
154 172
126 865
364 888
72 831
499 844
758 884
505 890
41 795
106 458
457 738
373 433
15 710
56 583
836 886
73 961
651 911
226 296
38 892
659 869
936 963
492 626
695 774
513 517
349 974
88 396
210 829
238 698
294 843
282 730
22 907
560 580
584 932
633 748
71 477
219 396
8 887
480 845
141 663
13 993
390 893
104 876
116 996
579 618
187 860
95 349
660 707
371 432
292 842
120 768
515 913
698 764
182 388
180 844
307 950
201 634
341 511
82 117
626 661
590 734
300 861
463 959
569 894
332 860
229 516
407 430
744 948
129 703
116 308
422 548
37 959
378 622
471 481
494 875
7 143
221 466
706 867
181 437
290 602
76 895
260 519
42 326
210 232
325 744
71 318
354 746
31 147
279 731
4 405
326 931
177 787
546 655
726 882
263 870
794 945
159 314
207 484
133 194
654 716
35 518
43 502
310 388
897 965
371 588
299 678
466 696
21 475
358 899
747 770
320 621
494 779
478 633
43 543
536 671
198 966
348 699
513 786
530 786
189 375
867 901
376 673
112 925
397 788
285 921
559 905
242 831
463 652
88 283
537 972
171 818
167 282
70 647
212 458
599 646
279 586
39 292
182 433
607 963
27 969
307 308
326 709
140 174
5 977
234 950
54 541
823 898
324 996
455 670
270 535
879 898
172 327
537 714
353 457
145 324
229 483
194 631
548 554
145 310
378 552
39 871
209 714
207 695
39 366
351 439
319 413
28 517
491 520
55 621
975 976
238 944
205 354
209 536
131 679
11 845
509 883
495 881
355 598
414 479
720 918
542 910
16 348
284 429
261 867
622 905
16 628
859 996
70 982
440 534
200 380
450 486
43 110
640 981
239 464
832 961
158 375
873 950
81 722
235 368
141 341
356 989
547 850
132 308
665 697
674 747
822 975
864 938
86 698
284 550
893 936
512 872
164 269
769 823
59 244
138 585
905 976
524 718
534 849
10 831
293 357
117 683
333 622
419 758
99 819
37 746
259 713
760 908
201 732
444 530
445 568
323 806
129 304
662 846
456 930
225 671
134 813
119 923
533 876
343 632
90 697
189 668
127 355
327 948
257 864
433 548
134 480
534 608
159 437
50 368
498 615
207 370
488 631
131 166
252 366
575 840
119 244
245 806
376 756
241 349
675 790
271 451
808 984
246 657
484 921
391 537
761 981
521 614
250 429
393 557
133 680
12 799
154 818
529 821
353 948
144 547
624 997
193 433
627 761
456 683
112 846
94 997
297 608
485 636
43 725
30 185
818 951
106 761
583 637
412 989
532 958
910 933
104 735
275 367
600 730
735 841
448 511
833 935
199 807
248 311
242 278
194 273
35 97
78 511
396 489
501 927
227 412
739 862
8 294
25 791
527 608
644 833
39 358
445 623
556 693
575 711
748 984
622 769
20 624
134 415
412 890
122 894
601 761
634 894
426 546
697 931
342 730
546 765
212 699
256 946
659 904
431 831
379 644
54 441
187 780
671 856
598 755
200 567
517 978
840 872
184 570
773 913
539 911
239 389
186 528
211 422
32 844
267 641
188 694
708 967
343 658
257 418
99 984
235 393
108 741
234 924
8 455
145 617
325 855
533 852
42 954
65 886
483 764
154 951
179 639
836 920
339 981
857 871
102 883
251 842
263 768
224 546
48 164
368 372
20 900
61 226
68 633
176 724
328 656
129 506
296 826
57 122
770 942
821 913
654 942
423 442
982 987
31 424
152 791
403 947
406 470
786 880
251 511
58 578
186 944
242 862
789 983
76 732
532 766
187 554
709 995
387 692
810 984
501 913
602 903
849 862
88 649
338 730
787 937
693 883
556 750
540 902
318 977
51 849
604 744
233 813
201 379
142 702
204 788
56 169
695 884
19 971
123 527
88 838
93 781
722 843
116 403
162 434
159 213
62 680
594 875
690 750
394 853
421 891
597 725
261 589
199 386
233 322
99 912
6 161
657 660
626 772
566 840
983 998
47 778
151 457
149 699
331 901
542 571
751 916
120 297
178 496
189 505
196 817
65 755
201 721
194 605
494 811
172 479
727 810
46 303
779 877
194 557
111 513
130 640
426 431
386 537
43 921
352 517
238 416
51 216
22 138
410 820
769 832
421 666
497 968
376 467
660 748
636 710
175 839
55 383
45 591
546 743
411 898
40 426
93 866
231 642
241 888
418 499
12 85
508 920
54 166
579 661
151 603
555 992
49 989
811 937
263 417
556 828
162 373
254 255
240 674
262 905
679 693
406 482
105 763
594 767
208 270
872 950
358 722
126 429
145 548
937 964
272 407
346 571
644 826
378 661
279 639
568 749
98 973
232 638
777 855
12 126
739 984
343 775
462 981
11 468
184 904
90 753
233 325
436 654
813 928
317 985
231 662
328 735
414 745
270 744
523 755
173 508
495 947
628 735
708 873
391 523
59 277
69 480
380 915
87 723
507 817
73 516
480 808
621 893
332 366
164 854
336 898
141 395
62 768
131 547
431 642
478 937
419 708
547 865
49 113
398 951
26 865
346 913
313 611
240 720
181 679
575 578
294 715
133 750
262 658
680 903
91 396
161 576
592 707
442 705
172 755
621 880
572 973
585 744
761 884
306 342
658 941
14 920
152 449
146 413
109 825
96 975
1 256
552 592
771 962
76 496
942 955
894 917
306 639
192 281
179 365
121 533
232 800
910 952
57 459
144 567
239 660
543 660
494 872
235 253
329 644
508 587
63 403
283 369
342 819
560 775
706 870
507 673
584 880
238 340
382 641
80 684
228 620
739 892
769 877
522 904
99 414
886 938
171 594
193 308
512 645
967 995
294 642
175 281
5 519
292 645
900 975
299 502
242 980
858 968
13 874
381 887
47 67
438 826
911 993
408 506
155 557
280 851
560 574
578 803
80 97
3 757
504 849
831 834
746 803
468 536
456 627
202 300
673 806
667 738
718 923
277 950
79 231
129 652
568 709
232 648
234 805
184 656
19 737
262 266
511 822
57 575
139 777
357 589
362 872
35 81
796 984
357 875
263 992
340 528
759 972
556 987
770 948
287 989
256 967
548 568
545 901
624 683
457 758
52 818
86 631
207 898
35 848
83 619
297 388
48 958
925 946
604 696
372 896
642 982
310 406
211 950
212 834
412 446
372 463
4 265
164 549
210 398
70 198
18 273
458 754
98 384
479 479
154 857
841 851
258 795
7 928
209 917
619 620
364 990
85 628
411 771
569 759
545 586
381 828
287 595
136 692
448 615
173 307
25 768
565 925
60 854
268 349
550 745
665 913
527 736
287 320
715 888
47 302
434 874
683 806
596 939
166 500
212 672
472 758
398 474
311 324
31 450
578 580
22 197
272 710
549 591
265 996
44 259
345 470
696 805
278 414
402 777
392 579
53 228
151 479
228 252
37 789
146 701
394 897
167 444
493 609
36 384
72 536
428 658
320 901
464 597
316 865
153 894
158 258
186 724
414 730
437 980
140 766
127 937
71 814
202 382
196 342
586 655
267 791
314 586
471 555
786 960
421 890
457 459
185 825
240 420
857 914
221 681
125 774
589 619
196 779
315 791
156 974
242 969
284 724
196 606
345 838
38 759
15 219
272 839
403 692
318 857
328 855
103 776
175 980
691 953
261 953
269 706
17 194
917 947
78 332
693 890
455 650
469 508
780 869
51 87
251 721
147 356
578 922
337 458
874 926
69 606
115 965
160 313
40 907
855 984
149 746
603 678
187 398
46 849
744 936
96 772
242 658
15 129
364 942
129 595
292 973
203 258
293 865
195 773
51 110
259 758
215 575
861 972
402 712
795 923
427 890
697 862
603 910
655 853
561 967
38 449
429 536
73 402
267 500
177 609
96 712
645 670
508 927
108 421
217 997
32 203
506 884
66 795
498 887
427 633
61 654
596 670
520 860
361 775
564 729
659 748
394 443
108 149
528 679
34 455
65 744
408 657
349 723
204 237
222 409
60 869
64 318
655 701
210 615
64 180
589 938
160 617
724 982
308 441
254 341
775 895
184 554
184 310
56 166
55 324
352 970
115 415
289 547
117 681
756 956
696 860
324 478
86 633
204 941
235 526
61 422
22 787
753 971
331 586
654 914
267 641
403 533
459 691
353 857
373 615
13 311
90 634
268 722
249 719
24 442
483 503
224 272
302 976
22 411
342 935
760 842
247 979
294 439
152 715
569 866
544 657
633 878
147 293
135 789
396 576
591 656
814 856
160 705
569 726
570 910
191 440
420 671
437 742
154 636
672 983
217 797
641 676
628 711
600 762
280 773
117 870
209 973
685 913
33 134
481 641
858 943
393 671
280 886
137 693
586 817
615 677
98 580
209 292
669 808
89 748
444 865
652 958
422 617
344 750
455 984
10 177
458 844
569 901
345 705
163 373
70 828
555 650
624 925
512 636
164 295
516 601
30 338
424 945
290 760
175 992
54 960
170 897
419 738
542 577
223 949
292 482
39 556
482 941
357 662
734 994
374 520
251 327
711 973
250 750
265 702
243 318
412 663
859 992
570 928
152 180
298 440
221 854
256 940
115 695
298 886
431 817
261 459
750 921
434 672
1 698
244 375
793 815
433 786
362 453
357 411
513 654
734 850
107 287
402 453
750 801
11 289
328 346
268 470
79 903
79 939
93 380
100 174
533 685
139 959
95 894
187 327
178 748
37 698
62 152
216 641
282 679
26 429
609 898
293 687
11 580
544 959
643 879
565 910
870 953
481 849
808 964
492 813
512 763
306 603
299 441
121 245
580 673
146 191
216 351
655 930
4 976
669 882
399 580
226 353
230 706
971 979
293 793
58 242
84 325
524 660
623 682
205 644
134 567
173 484
560 605
194 563
583 862
224 981
221 449
113 450
94 157
423 449
442 664
284 748
721 767
51 391
404 473
373 538
545 817
379 799
928 992
512 719
633 721
272 854
162 171
83 105
255 283
332 697
615 725
224 493
52 116
519 883
258 524
121 834
413 580
277 509
184 995
798 817
71 495
450 666
233 532
265 548
593 879
319 739
274 962
389 811
473 792
317 685
508 521
90 215
491 933
118 376
176 266
712 760
24 939
34 427
473 975
77 843
633 815
163 684
557 751
74 350
225 759
444 511
59 659
378 769
151 753
194 664
156 706
508 954
96 382
346 541
136 395
190 547
352 988
232 324
84 104
107 451
620 672
617 678
332 994
226 261
526 667
232 234
187 822
741 918
61 347
43 260
233 234
223 806
362 816
244 324
774 899
350 520
447 744
557 975
517 978
44 595
646 826
55 470
15 573
167 361
209 634
620 645
206 441
803 867
799 968
48 699
175 743
191 996
696 750
214 525
121 729
257 376
312 725
517 623
789 884
297 655
54 998
218 941
259 587
59 798
556 623
78 535
532 797
47 494
61 571
485 789
470 742
167 196
789 831
490 716
146 358
357 791
199 733
352 458
100 152
294 433
607 774
351 511
140 557
201 622
109 129
376 767
711 850
349 460
280 838
177 637
745 983
184 771
124 258
357 419
275 490
51 567
79 98
16 179
635 800
542 992
760 908
537 695
46 473
752 996
661 951
168 646
697 938
607 732
63 803
90 116
72 657
170 942
122 513
185 926
921 954
469 609
165 715
147 965
921 986
496 649
651 663
74 127
380 458
443 859
40 726
111 336
279 384
280 675
242 400
100 602
197 848
690 708
633 790
434 778
333 930
206 983
279 372
111 752
514 969
553 972
309 697
663 858
365 721
534 764
913 962
161 641
351 762
554 628
63 761
95 333
538 770
79 144
189 594
673 885
424 936
439 634
510 879
271 874
583 601
417 565
59 497
261 503
132 409
814 947
924 970
43 742
121 241
612 885
88 337
25 498
714 760
49 436
594 706
197 922
68 340
539 565
43 176
363 603
418 950
311 699
343 354
361 442
106 474
561 972
220 471
363 979
186 798
29 779
284 728
351 753
69 293
23 693
113 297
385 840
492 695
541 612
50 760
524 972
866 945
87 862
227 417
380 844
650 802
863 937
380 691
226 992
686 984
248 874
632 761
254 716
36 329
378 866
795 839
440 679
321 786
527 980
150 547
128 140
78 799
956 991
768 984
184 531
209 671
211 407
619 900
465 725
110 713
509 880
561 948
513 949
255 659
207 273
404 412
112 980
104 489
258 938
89 899
538 567
751 885
505 526
652 990
231 366
101 113
652 827
380 451
111 341
391 634
95 815
206 802
292 797
310 514
176 328
192 894
78 491
19 424
77 583
786 813
220 887
649 703
155 493
31 611
43 442
4 137
259 805
343 833
430 875
204 348
383 539
874 875
300 616
670 976
154 457
151 569
123 273
615 799
206 607
228 248
51 231
309 385
505 813
143 689
268 712
96 670
324 806
201 969
401 640
179 332
747 875
482 997
61 797
4 614
445 619
30 495
192 627
441 581
501 696
409 908
357 768
282 353
31 459
554 859
448 510
193 324
36 452
323 832
290 714
614 735
334 643
9 960
590 612
180 309
89 92
495 638
224 776
682 990
323 806
256 320
512 610
357 645
679 742
257 809
172 870
323 505
292 332
244 903
424 921
790 989
263 290
429 513
199 816
402 972
294 521
435 909
583 791
326 555
472 811
421 913
237 460
529 926
171 568
211 268
372 977
662 836
241 266
59 952
242 926
238 541
221 672
451 803
7 464
713 907
596 821
136 833
59 839
142 627
11 352
161 672
109 509
349 822
553 775
185 794
422 480
336 700
95 564
337 505
191 349
51 944
13 962
556 847
475 802
253 813
605 925
713 973
435 574
63 987
26 128
561 608
447 674
87 320
240 369
588 656
484 559
311 571
448 644
198 251
121 450
725 841
376 593
439 589
168 279
74 355
304 915
529 681
369 545
608 848
283 914
197 474
285 544
823 991
22 928
22 50
471 862
774 847
457 990
215 402
271 569
253 352
264 711
632 880
258 507
173 241
215 567
113 646
248 499
428 881
269 902
256 518
766 807
2 144
358 799
181 847
434 926
191 200
146 858
403 822
366 840
575 933
1 56
554 823
248 705
295 760
609 793
154 812
601 955
179 931
113 314
19 27
5 324
210 470
809 862
7 650
227 651
484 717
5 541
30 816
26 577
324 634
371 913
565 749
497 869
928 960
387 732
711 979
736 966
182 599
776 831
206 384
102 835
617 690
421 507
446 647
748 861
11 857
423 663
311 759
688 697
85 273
31 422
795 935
976 996
314 551
587 697
201 757
226 798
220 818
466 510
372 443
215 301
382 655
723 918
199 966
240 386
284 585
80 270
45 521
834 834
200 595
131 532
110 400
134 219
107 643
462 550
455 792
175 850
353 887
854 871
258 551
612 871
842 918
364 692
305 962
337 976
287 504
245 681
379 396
281 678
23 917
608 815
151 237
40 767
589 639
893 918
674 766
309 517
463 778
427 881
84 636
365 541
785 922
98 824
165 503
378 964
421 985
572 780
1 326
590 611
283 743
287 418
373 826
291 935
153 595
14 495
37 232
379 931
204 821
30 764
185 484
682 729
288 947
33 948
421 613
317 357
381 704
309 553
489 753
599 905
861 871
870 919
77 907
508 802
58 832
273 541
3 794
2 743
35 290
680 692
455 786
815 936
168 369
247 920
623 857
497 827
274 525
182 368
171 601
436 467
739 780
576 976
741 755
320 808
789 789
24 490
84 576
521 737
452 983
88 442
48 386
584 659
350 951
618 950
87 123
387 903
142 603
124 258
355 897
465 931
200 921
266 276
5 283
734 796
239 765
599 928
65 184
414 588
136 984
37 144
308 848
452 717
450 974
126 575
108 286
30 368
263 634
305 324
102 416
182 835
118 436
112 958
477 619
152 533
240 295
89 569
65 602
319 829
816 893
732 923
102 956
730 997
36 513
322 928
158 913
111 808
593 998
546 990
477 697
524 716
870 991
372 583
712 901
203 529
573 934
231 531
813 960
327 529
628 773
34 465
145 785
52 158
597 920
149 398
295 450
65 892
99 476
437 810
378 639
118 950
126 352
167 260
87 566
271 637
195 305
103 758
154 227
148 915
529 841
324 601
70 217
168 666
104 470
755 847
520 650
576 871
614 775
639 815
88 181
154 277
157 392
396 911
88 827
543 616
447 644
219 516
662 860
109 461
543 993
64 955
311 644
198 712
529 924
106 836
114 394
259 563
48 947
135 958
280 775
1 529
525 924
294 563
188 754
672 730
406 748
171 571
284 716
368 641
590 981
525 983
783 872
325 919
284 732
286 832
342 362
65 267
358 886
607 851
58 890
417 582
464 930
181 588
733 991
583 600
126 494
345 367
670 686
66 197
731 897
74 261
260 325
118 923
460 503
351 775
358 560
25 768
67 135
59 982
583 867
362 419
486 542
173 507
572 989
148 721
248 408
507 573
468 510
431 969
970 983
100 532
120 867
186 556
3 539
244 647
663 899
386 787
206 295
337 972
484 644
694 891
46 669
177 180
385 514
485 926
27 369
18 488
352 671
451 673
668 694
100 569
136 886
119 954
292 958
92 381
553 564
223 273
227 609
180 900
389 884
387 757
182 688
24 361
311 474
811 979
910 945
549 859
282 575
534 755
352 625
682 914
190 964
576 905
862 968
358 478
747 864
116 437
823 915
136 575
168 387
115 116
77 442
651 973
501 507
630 963
133 656
314 322
400 996
369 898
155 859
608 727
620 796
620 822
398 537
533 704
426 562
416 596
348 645
845 924
809 855
555 987
244 646
89 643
421 764
282 790
518 918
667 715
268 915
114 453
425 665
6 935
310 850
422 497
268 658
292 422
754 854
99 280
146 180
520 600
311 909
606 881
327 606
100 522
594 990
38 753
416 689
44 267
243 998
435 541
288 740
143 726
274 784
19 453
316 929
54 618
626 713
11 225
325 817
413 533
287 316
228 731
49 753
530 775
96 291
356 965
470 613
498 886
255 295
118 186
610 948
16 803
662 805
26 480
131 558
224 670
622 676
376 732
287 724
684 793
382 650
150 772
426 897
154 660
555 720
109 117
504 697
124 943
503 926
203 412
263 872
413 885
147 549
40 53
433 723
592 845
152 994
51 365
199 802
918 980
98 359
805 862
572 928
76 585
633 787
265 896
438 678
560 987
599 602
36 817
324 663
253 405
436 769
303 635
284 351
332 487
138 159
128 730
712 844
478 584
500 626
153 938
305 712
704 906
313 522
414 719
125 962
399 666
672 969
800 811
32 145
288 967
282 415
698 903
61 129
383 406
313 687
345 769
27 826
339 455
175 349
312 530
78 197
489 527
301 943
328 753
223 615
505 721
198 807
187 935
259 569
343 723
465 660
493 686
293 725
419 802
333 678
509 755
307 997
30 61
77 166
300 782
504 780
366 582
701 768
303 737
117 423
239 776
510 887
463 957
44 236
378 913
154 886
447 460
507 662
489 738
50 672
39 231
398 553
34 597
168 677
284 548
787 877
61 543
298 301
311 502
122 657
226 275
322 672
734 983
3 957
408 722
52 539
383 417
791 936
194 881
247 519
125 166
4 307
382 667
82 946
203 693
382 696
477 703
147 989
105 687
189 769
291 598
505 707
220 980
277 951
103 523
250 268
556 647
50 93
131 716
188 817
200 334
588 883
31 903
369 578
348 912
557 980
63 946
466 705
283 742
385 436
266 685
430 690
20 257
560 735
378 388
499 700
356 584
88 260
393 666
306 628
791 963
287 516
27 530
87 223
273 436
249 316
122 457
7 141
344 713
102 654
355 722
79 378
466 717
111 116
521 909
194 701
258 485
219 290
219 787
376 837
625 654
154 775
859 936
573 693
126 281
4 453
259 830
858 975
297 751
207 863
274 834
536 686
869 904
657 825
124 203
273 555
426 605
109 243
363 801
421 815
269 705
425 963
62 877
175 717
359 813
160 864
194 845
64 401
6 528
429 498
548 984
368 983
93 973
115 610
426 671
377 535
473 737
119 351
577 835
169 303
240 971
34 942
86 212
7 613
217 282
43 202
27 829
569 581
180 895
346 473
10 384
500 634
524 619
102 762
233 842
206 270
81 84
149 169
71 932
65 560
602 991
267 600
407 613
81 958
433 571
426 732
220 926
367 743
324 906
556 623
670 749
539 832
466 529
3 599
177 340
169 663
707 719
127 546
322 506
670 984
411 716
403 935
116 547
217 457
81 454
204 773
91 529
38 59
556 816
435 510
99 933
653 679
4 806
558 905
509 543
226 354
534 731
625 938
82 397
313 841
255 393
516 783
331 484
619 817
55 924
329 858
785 930
291 737
788 848
77 421
392 552
80 900
20 87
526 944
194 369
226 258
551 761
246 787
407 660
363 841
171 240
1 171
291 733
522 685
140 883
309 376
436 456
210 300
253 736
224 245
106 502
449 644
237 830
491 668
422 510
632 661
458 632
192 831
295 922
491 839
179 867
149 614
136 324
354 913
159 871
577 754
27 438
47 178
42 845
241 538
356 947
591 901
511 580
281 782
274 805
897 983
47 918
21 376
68 958
374 609
226 950
142 441
319 755
487 574
165 802
298 814
494 750
109 888
6 449
389 588
65 723
350 642
111 725
441 847
792 814
457 795
544 598
15 78
279 917
651 859
244 859
159 388
737 824
497 520
275 663
775 885
236 728
196 616
636 738
309 464
230 698
773 881
298 895
850 992
280 951
811 852
523 788
39 201
392 475
336 444
139 222
220 644
193 457
262 972
503 607
282 836
164 203
278 610
239 836
49 566
296 678
379 596
246 357
634 637
831 969
82 747
79 192
393 426
49 432
399 655
680 712
492 692
621 879
236 747
119 795
414 801
181 475
11 720
315 422
136 147
392 993
361 672
842 849
786 897
275 962
554 764
47 643
43 458
926 982
278 822
81 779
16 33
39 802
354 530
226 665
278 395
437 949
287 756
321 792
844 961
285 516
388 705
341 623
46 526
606 803
386 645
660 661
196 700
464 725
689 831
110 169
383 861
61 618
630 669
410 717
3 476
641 925
45 485
12 265
90 870
513 593
36 255
174 231
637 954
734 786
105 680
674 966
65 734
363 511
81 143
396 920
625 859
38 124
302 447
135 315
174 727
827 985
2 982
715 993
417 728
281 299
188 954
44 252
407 467
387 540
240 265
126 783
598 642
90 249
161 900
404 851
232 666
649 837
234 831
143 428
201 339
526 726
770 932
178 555
96 954
220 565
113 349
123 754
149 946
625 844
249 310
477 975
93 481
403 492
323 702
42 697
424 524
457 567
899 971
635 704
201 772
885 924
48 327
52 418
197 263
284 455
290 709
260 548
440 802
505 817
515 762
287 324
668 716
467 522
568 934
172 341
97 136
5 240
423 921
69 895
463 523
530 956
234 993
79 813
434 895
319 973
189 420
262 905
89 561
151 656
322 496
409 774
197 557
648 895
494 757
221 569
19 526
30 751
520 607
731 842
504 938
470 705
359 744
154 225
304 306
658 801
433 626
600 987
414 767
496 525
842 908
524 704
276 369
666 733
354 882
165 398
104 293
429 635
566 848
653 931
90 870
275 512
300 500
69 874
149 914
593 601
118 990
138 306
171 816
803 831
171 978
241 773
187 859
486 669
101 753
419 624
190 708
489 898
209 551
335 900
477 928
468 502
585 823
383 994
402 963
572 604
378 942
802 812
260 565
290 319
360 486
327 942
195 619
181 594
928 947
425 859
140 635
238 892
54 725
128 233
18 614
478 959
291 991
540 557
329 607
466 653
94 374
66 793
166 770
25 718
871 883
144 508
24 813
745 748
755 866
654 883
133 370
140 621
163 201
475 529
129 769
641 995
281 789
52 706
730 732
604 770
392 913
113 416
635 728
165 373
391 596
258 538
728 878
678 929
818 930
459 589
455 836
118 231
23 714
170 754
224 717
138 615
250 409
138 808
663 751
289 831
348 546
78 371
203 826
8 23
244 757
389 594
397 477
490 499
112 659
33 113
155 170
506 563
93 197
479 859
767 843
193 692
314 840
48 294
667 831
203 316
76 704
552 574
65 102
829 990
501 861
655 880
32 165
6 220
258 698
102 865
244 336
72 335
119 177
621 628
722 949
27 601
176 205
85 356
19 186
297 852
48 733
730 855
676 727
861 933
204 505
447 812
840 884
18 781
4 188
416 731
18 909
116 757
890 969
200 987
53 78
64 901
563 793
240 758
299 398
502 950
764 902
743 948
427 508
208 538
695 953
384 938
474 970
277 940
366 476
443 707
306 770
345 646
342 880
640 664
279 393
182 919
646 934
362 924
155 463
348 627
287 417
12 166
288 761
108 128
541 814
348 624
363 692
50 482
491 574
123 630
43 883
597 812
515 688
620 958
307 756
248 950
38 372
118 134
103 225
39 422
386 816
823 956
79 872
430 439
142 339
27 838
381 651
623 846
360 943
245 700
270 445
594 652
307 769
188 727
765 771
588 609
211 928
323 784
761 861
4 992
101 831
259 806
208 261
205 882
128 346
568 905
397 558
163 482
106 667
669 876
57 211
140 243
267 565
905 923
105 916
205 909
716 748
10 241
124 702
49 991
251 897
616 647
234 778
117 906
224 576
434 992
14 410
455 573
356 497
361 460
49 193
442 718
543 682
246 506
498 805
294 833
174 687
185 259
167 244
301 467
72 520
900 930
474 861
164 218
524 748
455 718
351 896
438 893
357 721
140 939
211 220
171 773
33 675
355 918
433 975
386 497
65 504
144 206
369 538
65 361
670 815
22 561
490 998
624 914
498 831
495 564
338 819
495 665
148 797
414 901
231 577
399 512
604 641
655 956
750 793
421 799
361 387
221 876
136 138
501 635
745 842
131 565
795 957
62 106
253 371
601 784
184 830
114 250
546 565
208 316
8 340
515 726
368 735
381 505
648 659
394 917
49 502
460 737
576 621
343 991
606 905
371 437
90 262
433 687
672 807
526 924
42 679
429 824
554 809
108 204
26 247
375 526
850 889
472 763
107 466
74 242
612 789
288 879
752 873
91 459
203 616
384 881
436 812
484 989
400 591
194 424
347 394
245 949
237 713
481 494
597 735
332 388
126 397
46 776
136 151
131 236
397 751
790 964
275 986
387 955
644 926
39 810
274 538
284 289
252 555
769 849
102 292
16 195
61 498
426 971
196 984
557 724
348 383
370 690
400 424
45 535
124 351
84 625
145 662
691 913
461 699
319 990
334 562
837 963
394 935
265 367
599 920
82 869
338 724
125 452
761 764
113 170
253 887
328 515
207 397
21 97
339 667
8 865
451 607
622 845
543 887
242 989
265 637
324 988
553 974
114 514
283 318
404 982
313 919
312 487
110 903
350 362
6 448
135 898
612 757
522 932
290 645
687 951
54 704
676 679
384 790
479 970
375 850
463 941
73 552
207 754
568 661
105 110
17 351
786 962
87 774
198 673
376 626
857 885
457 562
537 841
131 286
321 759
660 783
479 511
114 685
266 774
33 148
383 662
164 449
125 715
313 797
688 913
202 577
546 659
140 860
49 279
599 923
362 585
65 162
275 872
527 915
559 827
64 490
6 720
716 844
30 720
412 420
400 495
818 988
836 906
116 457
381 732
318 714
520 653
160 394
686 928
310 534
25 152
25 744
518 933
367 432
547 786
622 819
611 963
638 800
296 872
805 915
32 409
551 900
61 63
768 944
34 525
303 549
105 961
72 673
438 622
106 946
3 727
744 766
118 183
191 545
56 462
87 996
648 897
638 710
361 736
258 262
172 560
588 910
437 665
66 584
468 874
14 654
196 779
91 399
722 962
282 795
57 961
610 660
77 953
99 690
215 356
387 729
318 916
76 360
532 660
185 425
129 216
102 839
17 995
736 969
252 516
310 478
86 969
40 89
47 188
262 508
16 543
238 426
112 501
375 643
578 938
828 844
446 793
567 724
462 694
82 756
392 723
235 808
102 362
409 625
289 910
448 609
873 926
39 625
375 777
93 459
288 356
151 936
661 733
495 973
356 577
80 730
742 968
331 665
292 843
517 909
742 979
298 906
616 922
722 769
478 959
834 861
248 798
759 762
239 258
511 594
20 834
452 581
761 894
606 690
187 984
294 944
591 728
345 851
292 353
770 891
313 753
338 383
146 331
569 874
181 386
17 940
171 405
597 944
66 67
31 551
52 622
779 974
215 605
284 901
794 957
49 55
326 437
164 434
40 360
541 780
425 722
335 608
670 709
553 736
775 881
545 826
504 520
496 606
126 286
780 860
81 612
185 686
827 850
188 618
400 667
93 728
840 899
478 570
32 551
86 327
630 690
154 196
151 537
55 469
250 822
681 914
380 640
468 865
231 484
655 897
163 661
561 767
4 247
332 909
56 994
658 746
589 625
553 719
189 903
505 607
217 301
187 856
680 829
103 688
314 535
364 753
697 908
315 479
225 932
588 988
220 248
513 622
11 614
177 519
199 783
193 801
765 861
50 542
595 928
9 686
372 465
440 939
282 533
215 419
757 785
755 980
34 272
156 425
282 332
481 721
523 893
451 755
279 289
77 883
208 861
349 672
235 788
294 613
322 809
286 857
46 595
406 613
317 768
599 831
331 878
550 857
309 854
84 920
160 365
573 583
23 931
35 246
498 858
106 820
391 669
43 456
214 846
449 531
59 393
272 907
389 543
22 821
629 905
942 994
526 842
568 642
236 813
454 733
451 559
332 897
565 728
939 941
167 412
251 805
225 935
78 614
479 677
110 635
356 361
105 980
450 659
624 894
42 79
270 407
416 516
145 168
83 885
494 863
829 892
56 78
828 932
87 447
610 859
748 972
217 854
653 729
132 305
124 327
211 511
394 404
28 339
326 886
225 966
56 160
237 859
467 887
113 170
331 557
304 971
306 965
159 813
241 620
724 944
364 932
236 535
41 337
662 874
705 876
408 864
268 709
597 878
50 512
709 842
384 460
690 923
426 859
504 823
101 227
243 326
161 561
497 777
380 652
86 937
308 346
18 949
391 606
615 681
103 655
41 302
227 340
508 544
87 789
368 964
472 793
208 953
762 810
191 230
194 944
276 501
4 69
296 459
610 688
44 917
221 791
132 860
147 447
311 675
713 821
276 508
72 261
462 881
691 801
74 772
127 414
274 482
569 907
296 719
259 637
117 827
857 977
83 736
191 901
394 616
447 789
125 860
364 486
66 742
593 833
248 837
720 888
406 730
450 458
494 701
595 864
100 723
573 836
254 583
754 804
594 869
771 979
244 455
136 974
309 746
147 569
68 994
503 812
271 473
730 951
543 595
420 547
97 898
257 458
153 838
213 799
193 433
571 665
214 484
522 641
211 232
5 446
259 278
507 528
16 308
258 628
388 582
49 485
84 259
189 720
921 932
134 987
337 903
118 798
440 821
640 830
650 863
705 834
120 900
12 209
269 911
300 836
662 851
111 562
283 745
300 446
66 217
579 897
378 403
3 16
433 818
247 610
76 445
952 975
342 741
185 254
12 798
331 640
461 893
528 984
177 605
171 209
671 787
69 851
861 942
761 853
295 464
370 786
517 686
346 805
259 308
270 836
107 168
346 687
62 217
17 109
317 821
187 271
256 881
123 824
118 753
190 365
152 994
338 459
668 683
265 704
102 991
752 875
48 440
109 998
108 656
125 257
90 202
84 527
123 428
18 686
52 182
207 954
203 544
414 648
7 457
353 775
106 336
383 651
429 546
270 979
394 536
15 516
261 320
377 383
64 747
400 706
115 607
95 661
853 928
520 934
89 873
424 488
141 756
81 585
569 854
838 882
27 852
177 288
173 554
670 697
617 848
405 510
234 843
163 604
475 902
563 875
364 776
311 765
282 351
392 628
231 982
10 290
466 860
35 75
21 745
416 731
372 913
605 925
308 536
12 767
211 421
353 764
119 563
77 844
246 247
230 252
476 541
17 115
8 92
149 805
614 658
222 985
350 924
591 885
137 233
222 675
29 558
898 985
839 923
743 947
86 994
178 339
314 970
322 454
63 380
676 904
39 127
167 440
52 808
53 62
727 945
282 283
270 533
181 457
701 886
405 972
360 475
312 788
332 543
172 887
792 923
626 739
67 696
747 905
875 958
587 599
464 869
775 880
62 916
11 804
416 762
238 555
553 644
662 804
189 692
113 834
461 486
629 959
305 536
486 957
74 273
514 557
438 720
290 638
277 301
221 817
494 775
824 832
420 637
386 488
323 331
276 594
561 905
332 643
220 817
492 602
890 936
7 612
75 376
29 430
27 375
26 646
579 858
471 998
496 958
164 604
60 439
398 975
309 345
43 564
127 422
795 833
359 618
186 512
692 990
720 844
18 745
491 596
604 739
373 878
314 477
261 314
238 753
712 875
324 532
219 228
53 731
24 91
448 985
141 381
102 976
762 771
32 624
146 230
519 771
249 885
147 610
364 562
53 162
19 485
237 362
94 713
67 514
515 961
343 501
256 433
197 222
29 623
174 228
776 852
470 516
82 802
366 663
223 602
196 241
89 558
477 801
322 651
94 613
594 836
270 733
732 850
244 656
250 357
607 986
27 855
504 829
714 944
936 972
547 945
413 955
211 504
933 991
87 532
369 547
60 680
309 417
660 791
742 925
129 687
714 913
196 983
322 476
73 917
413 465
19 147
523 878
358 648
457 889
734 781
38 194
454 618
189 280
24 891
115 580
805 928
73 912
2 394
167 918
357 466
163 262
504 818
562 861
467 796
203 529
566 579
174 974
453 797
164 690
254 279
49 183
121 861
641 872
40 514
560 757
397 500
678 796
97 360
540 564
157 846
513 544
414 717
489 988
171 430
203 679
486 727
349 385
37 625
140 989
76 328
250 674
472 828
924 927
246 609
267 765
588 870
58 285
306 546
52 255
731 975
457 463
237 619
589 862
579 655
509 779
233 684
291 758
465 704
314 993
261 488
359 856
849 913
421 932
238 473
188 991
422 981
233 995
819 821
475 858
179 417
761 862
299 649
132 155
541 925
30 223
80 187
389 813
587 993
10 525
61 712
2 819
234 912
732 816
56 453
234 984
525 647
297 874
806 823
365 428
428 732
394 696
508 560
280 511
37 925
289 763
291 526
217 584
401 524
358 726
490 631
280 591
16 244
354 838
51 560
560 980
153 987
258 496
546 713
639 775
360 842
181 663
134 764
435 658
385 942
575 792
385 874
632 667
406 985
235 506
265 546
535 794
418 829
132 808
376 585
513 548
206 728
339 954
272 613
215 773
567 997
567 651
200 729
319 912
187 603
148 510
720 867
46 286
550 854
195 704
218 520
201 218
28 173
299 539
91 563
291 562
435 858
941 990
310 835
633 799
690 780
311 337
134 501
622 829
595 765
534 760
529 892
919 960
278 480
44 995
288 369
383 581
147 374
302 981
462 934
782 929
715 870
267 994
5 667
602 770
263 913
156 531
271 443
700 853
548 849
522 916
138 682
62 277
578 834
75 821
291 382
5 783
50 253
257 778
159 716
756 804
73 115
294 689
385 543
771 932
172 294
309 628
754 904
371 589
261 969
551 663
352 667
335 604
716 891
211 638
51 444
900 966
435 558
195 942
965 977
150 653
39 282
237 792
385 963
3 160
355 822
553 706
268 666
311 762
336 948
164 972
171 718
65 728
37 154
449 908
4 880
818 836
74 163
389 904
458 548
590 906
239 371
297 416
385 904
19 179
112 929
182 283
25 426
357 788
17 61
266 840
879 896
659 836
49 952
189 741
596 649
556 744
630 887
162 570
16 118
588 904
769 824
251 964
531 571
385 632
547 651
222 473
531 910
60 263
578 958
229 334
228 785
855 892
416 794
210 463
52 690
115 515
599 856
171 544
388 928
580 713
55 358
667 934
742 771
701 707
351 935
356 812
499 669
250 693
242 712
902 931
542 794
448 918
651 769
40 866
448 698
530 834
280 466
23 502
238 986
366 501
93 700
201 722
539 749
780 893
462 574
713 781
369 938
478 797
124 708
185 614
146 571
20 628
299 611
428 626
64 928
764 770
493 798
338 964
243 636
120 482
211 610
43 579
298 549
36 155
421 768
220 769
18 913
303 398
94 825
158 707
478 533
332 699
664 970
448 990
301 567
251 289
178 293
504 867
591 799
539 789
536 568
261 560
553 957
425 563
271 562
360 872
60 748
497 981
430 723
266 801
517 996
91 951
587 735
456 955
535 772
746 880
307 310
142 640
43 483
66 382
203 531
59 255
16 262
555 762
445 599
221 564
432 893
481 949
407 944
216 258
739 956
140 267
59 823
685 865
319 528
27 850
59 731
908 992
74 242
519 756
99 840
734 739
309 689
254 993
210 873
290 609
207 726
550 653
265 339
194 584
220 867
435 599
122 279
352 370
127 363
648 981
4 166
312 716
488 855
343 507
475 632
202 893
548 838
751 881
723 886
466 532
678 942
908 998
280 799
130 939
184 777
187 921
417 943
276 577
619 904
381 861
30 756
360 646
305 889
528 968
613 771
334 502
228 411
28 334
241 690
652 744
19 667
838 961
85 892
317 766
180 290
319 924
286 935
19 964
176 271
566 986
43 267
270 899
12 678
75 147
252 819
49 798
265 416
127 787
106 309
376 892
63 596
694 997
438 881
793 834
708 780
179 751
49 855
504 798
867 873
428 896
6 693
735 944
199 511
285 861
532 616
660 678
129 355
454 787
26 570
280 400
578 805
631 808
435 607
81 912
259 342
729 754
125 478
323 465
105 988
383 607
268 637
543 838
71 400
332 970
96 731
29 900
89 614
301 311
2 998
159 259
343 912
245 987
232 391
158 567
175 336
540 972
379 442
295 620
449 626
322 591
136 397
2 224
12 312
302 787
313 460
47 434
152 812
542 678
45 247
380 478
199 795
132 419
176 426
40 402
408 829
724 742
582 725
593 744
47 814
128 159
206 285
339 436
19 19
755 839
43 234
220 241
31 129
659 982
332 476
162 163
664 883
466 904
168 649
836 981
473 995
535 887
5 978
774 970
23 505
614 841
516 611
546 860
298 518
307 849
248 774
436 789
472 689
680 857
122 295
372 617
69 283
685 824
288 656
310 599
214 938
456 929
603 790
122 779
88 89
640 748
113 538
801 854
11 535
659 908
56 607
60 676
338 744
501 625
179 878
119 713
643 869
473 574
212 354
78 372
122 219
109 718
437 573
448 910
348 885
135 493
194 403
741 946
227 715
145 894
106 857
14 974
365 501
227 490
376 496
493 568
275 287
601 712
290 637
523 937
73 638
17 818
45 741
338 759
483 967
74 432
341 445
620 825
587 829
85 111
207 678
355 481
733 742
380 970
25 908
440 680
697 759
37 581
217 375
185 341
635 773
36 975
638 995
374 584
263 469
446 453
578 718
462 711
312 683
114 619
301 370
130 553
590 775
710 991
742 829
378 953
381 766
132 377
284 405
651 738
546 961
43 105
318 816
282 630
278 901
521 647
76 979
533 555
266 443
186 303
257 872
254 341
24 472
409 428
148 755
80 81
887 961
123 206
404 556
613 833
84 136
64 482
814 987
431 596
857 898
394 731
512 932
762 955
172 983
163 518
21 98
375 984
497 759
317 967
582 679
151 762
410 495
483 604
225 977
84 691
655 862
588 814
375 577
323 359
263 527
624 654
31 61
387 819
305 355
137 983
288 714
525 986
130 475
470 700
884 938
540 561
376 801
130 177
230 730
258 314
492 967
552 659
47 775
82 372
180 509
842 893
368 574
826 881
130 275
161 527
70 89
700 870
242 607
49 750
362 836
329 785
108 446
658 883
270 808
449 742
96 585
344 669
4 953
7 274
801 909
167 978
645 667
628 687
253 454
91 216
2 593
197 700
225 633
362 495
105 442
537 943
66 690
422 983
258 845
428 756
373 836
505 513
19 142
49 969
186 373
915 965
114 963
190 445
524 584
684 965
406 689
158 503
250 265
96 357
522 562
360 851
144 712
642 730
63 390
436 779
575 695
180 317
586 624
111 506
210 967
676 853
135 153
402 611
399 745
497 699
128 308
22 60
271 479
333 529
87 646
222 546
560 726
147 316
129 822
36 116
568 666
569 720
181 801
123 977
398 925
13 677
514 525
34 573
340 770
417 683
9 427
416 986
732 734
640 910
333 723
534 900
104 169
400 969
63 300
947 987
404 697
1 777
588 917
351 689
36 928
134 883
301 820
333 897
34 586
366 972
311 507
267 479
389 444
227 451
744 951
217 442
356 994
53 221
571 583
290 519
384 403
205 423
99 703
537 736
289 685
773 879
573 924
31 961
35 369
114 191
408 985
121 334
181 332
541 949
469 902
66 831
33 871
270 354
585 908
594 867
748 873
368 447
176 451
410 819
210 600
196 711
785 822
94 965
44 155
58 286
512 894
123 163
171 926
294 613
162 755
208 629
353 687
77 139
264 528
515 736
448 864
428 489
271 582
395 425
626 680
260 915
353 383
280 855
150 553
87 671
90 878
715 776
11 569
316 693
430 833
476 831
321 877
903 925
77 902
307 351
534 610
2 886
770 856
102 944
616 784
188 651
273 680
206 283
251 898
85 599
107 431
338 983
242 751
432 909
39 97
517 630
518 649
198 518
153 241
300 714
487 856
130 366
169 350
191 197
249 789
59 134
396 997
118 527
415 805
511 736
254 621
49 143
438 771
247 702
456 546
313 417
561 810
220 756
410 910
936 952
12 976
71 752
185 965
58 600
549 794
112 171
32 49
220 598
244 247
301 702
717 789
378 792
279 790
136 966
865 977
733 904
655 974
486 839
322 940
440 490
117 330
439 941
139 658
164 540
618 901
469 643
115 215
171 624
6 537
139 760
44 404
494 836
758 795
515 676
81 894
6 973
3 444
915 917
235 879
559 858
503 852
744 805
209 495
278 915
55 745
39 926
311 874
448 763
441 846
704 962
114 968
678 892
191 594
810 848
606 670
186 238
950 991
224 981
201 897
501 945
317 729
382 651
415 627
252 830
633 793
746 955
540 634
417 731
8 229
358 613
543 676
405 850
535 833
513 628
130 509
238 240
224 888
399 851
82 230
715 880
801 837
240 342
472 657
257 850
209 663
118 870
499 530
522 842
333 927
357 620
58 372
59 637
37 261
342 909
45 569
834 845
76 407
188 656
510 816
174 913
784 802
69 333
284 590
177 395
311 518
16 353
652 682
411 720
100 466
510 839
668 675
356 852
322 528
39 509
139 423
940 988
58 208
53 270
229 647
664 942
317 457
74 998
262 886
353 719
139 337
584 863
13 220
437 540
319 946
457 578
370 567
177 356
7 624
50 625
13 68
329 769
302 842
189 328
824 882
22 541
183 938
606 951
44 181
492 499
767 848
139 734
194 910
272 596
674 916
645 706
194 519
36 820
141 813
696 786
328 742
681 718
289 325
469 633
368 903
137 967
530 702
53 723
324 391
86 320
743 775
295 791
826 936
116 750
679 744
448 487
784 943
74 170
269 580
414 542
289 484
15 328
158 990
161 516
259 835
35 246
357 815
72 329
222 642
166 822
49 900
652 686
599 991
39 537
81 181
442 452
147 780
138 235
715 750
76 974
322 364
10 721
339 914
557 792
338 393
18 722
154 219
481 987
19 752
27 710
479 875
23 154
38 388
752 937
14 915
280 727
113 515
28 778
572 631
363 968
742 862
961 985
245 793
547 949
264 976
258 916
189 234
49 939
576 655
492 578
85 446
550 559
329 599
231 364
504 678
422 976
368 741
162 938
112 985
250 486
522 865
168 876
710 884
288 702
282 318
557 763
144 884
323 742
465 991
670 750
727 968
115 869
32 469
55 456
318 920
483 786
428 839
442 551
91 145
408 616
204 950
173 347
273 614
606 866
617 737
277 485
148 346
377 592
209 955
49 876
527 532
145 442
737 883
473 828
90 805
237 787
409 818
433 911
682 779
198 816
175 870
520 682
19 837
114 974
47 938
351 629
72 249
496 986
732 968
539 815
829 836
105 655
17 240
699 865
460 795
896 970
331 358
128 269
160 196
20 879
100 509
348 371
581 866
113 314
613 705
450 630
536 734
553 882
526 751
253 325
926 985
74 96
285 343
223 258
103 280
56 379
426 611
505 969
71 395
63 461
102 692
637 689
428 572
191 956
221 876
60 640
134 148
211 735
254 735
246 311
301 837
228 468
504 972
352 974
38 146
247 813
503 730
661 935
629 852
670 729
507 849
149 997
418 661
209 671
398 454
14 982
451 533
19 38
202 993
125 390
808 980
372 539
34 262
115 253
663 700
291 622
209 770
289 626
275 432
77 607
507 836
41 621
66 639
45 854
23 411
169 221
4 540
265 537
352 790
158 792
269 557
84 255
151 328
537 881
425 735
709 922
544 572
637 749
383 960
373 459
405 627
409 593
907 945
76 451
386 476
745 867
728 942
1 49
659 878
83 364
287 395
744 791
320 830
160 569
618 702
884 941
247 313
72 969
222 301
46 697
686 690
221 630
222 419
77 456
658 819
55 159
107 727
714 798
736 824
285 527
5 355
191 379
262 318
317 349
172 562
250 791
14 861
282 657
13 114
358 670
294 933
502 817
22 80
533 846
595 815
152 171
120 599
328 694
382 676
788 943
581 626
488 970
406 594
384 547
520 682
232 831
335 975
50 775
360 414
8 400
329 732
111 178
283 449
608 804
594 959
330 364
302 952
325 851
178 707
6 708
540 859
15 614
652 841
168 843
345 978
712 850
673 806
822 899
90 405
508 826
838 998
191 729
820 917
55 403
540 997
187 857
201 858
250 511
43 417
23 356
207 761
214 512
14 335
104 890
400 739
517 707
17 898
247 711
80 719
717 891
79 619
353 478
58 381
767 876
124 797
338 898
108 411
329 898
220 523
264 779
397 487
191 558
386 582
106 679
572 661
60 600
428 731
315 485
83 113
363 687
40 206
314 802
132 229
213 751
130 991
526 792
257 351
495 643
175 933
373 526
128 524
432 952
747 858
216 748
356 607
436 813
240 396
624 904
149 894
154 278
664 946
582 920
76 854
342 786
30 868
161 554
370 773
410 507
500 894
159 503
372 856
95 253
611 776
538 654
449 585
114 593
176 532
386 811
31 931
173 837
111 800
352 392
259 676
761 930
177 697
34 212
70 306
64 459
495 859
309 774
82 368
200 391
13 322
130 776
721 727
522 966
137 837
651 873
191 812
767 805
18 887
578 734
324 420
960 970
745 914
271 773
470 891
166 214
260 719
343 980
89 447
281 286
225 931
815 936
123 742
583 787
162 760
301 861
50 581
275 822
94 795
49 465
342 990
379 678
711 798
159 361
419 886
222 889
130 160
30 705
289 901
440 817
228 895
302 587
902 944
518 861
687 773
892 982
439 679
169 273
239 411
327 902
327 829
792 958
486 498
166 988
564 584
606 792
480 685
380 425
20 366
141 943
484 704
34 940
145 306
110 161
215 494
64 325
541 634
62 804
51 909
475 747
132 412
46 891
425 817
96 184
222 816
102 483
521 912
203 665
312 995
491 603
304 667
622 815
80 876
427 988
176 705
242 894
287 307
787 901
489 660
710 863
477 742
775 971
175 655
220 652
264 822
144 346
268 736
347 967
174 391
115 873
127 356
433 769
335 643
114 133
754 994
250 621
497 593
26 930
245 545
583 586
504 845
114 931
19 900
409 461
353 851
284 977
54 708
189 352
302 388
161 485
833 883
110 410
213 255
41 799
236 401
82 164
97 904
195 700
433 774
110 626
171 785
382 495
2 570
389 624
650 886
327 484
514 770
26 593
633 727
602 962
766 811
494 821
793 862
195 415
228 305
790 818
201 253
255 286
688 770
199 643
575 748
347 683
55 263
372 989
466 974
278 730
330 519
160 772
125 966
352 574
50 171
143 303
207 371
557 918
894 977
248 895
504 579
594 767
411 744
535 876
267 497
17 156
596 705
176 498
527 672
500 627
697 770
580 845
754 914
427 542
438 892
176 674
48 794
207 942
478 569
67 860
17 522
859 896
721 812
173 395
24 340
450 814
31 571
104 438
757 944
530 615
973 981
546 790
511 806
376 752
614 989
220 512
80 408
187 907
582 891
232 857
308 383
823 953
40 116
58 837
365 797
453 771
23 125
318 931
533 848
86 523
241 306
426 813
385 777
56 112
360 746
287 520
831 888
474 946
309 927
503 784
17 451
275 354
39 371
64 571
149 996
16 872
454 464
219 617
242 331
380 672
78 736
899 909
153 403
332 634
420 461
690 834
214 887
45 252
37 108
600 810
251 256
488 603
714 821
734 882
555 929
9 891
70 791
473 695
330 943
184 582
195 527
518 873
695 859
673 769
149 802
484 835
88 399
324 891
687 983
404 617
296 317
387 403
99 864
637 809
207 996
511 770
192 644
53 807
340 577
503 919
503 987
680 755
852 857
318 350
531 841
935 936
339 826
324 691
216 738
200 279
50 735
488 704
296 471
588 756
261 651
155 508
27 43
612 656
899 961
519 974
493 688
98 456
557 804
21 789
74 845
808 996
486 895
367 514
49 781
211 955
87 242
366 889
284 755
184 325
300 496
481 766
714 765
570 864
273 432
346 369
278 366
932 950
225 851
319 412
53 273
138 400
294 543
28 356
130 300
317 795
429 797
562 971
205 513
543 563
636 911
686 692
278 397
643 907
621 739
98 672
497 569
641 809
42 614
119 996
314 744
913 950
254 889
181 923
245 459
96 521
157 208
212 565
210 605
5 896
771 948
519 676
48 264
89 161
656 934
179 983
249 897
130 139
830 928
97 388
76 617
10 262
825 826
209 222
37 895
213 763
667 668
61 715
221 930
365 581
156 565
182 543
241 673
99 170
195 282
336 358
597 812
145 416
202 366
17 624
41 614
708 779
60 839
202 768
782 837
134 770
348 677
366 729
129 827
410 535
24 870
545 613
246 690
30 226
431 833
242 651
46 798
360 882
416 561
32 651
122 784
247 801
240 309
368 612
138 925
556 937
574 878
551 820
347 358
47 958
66 788
610 611
748 863
280 494
146 310
210 311
889 930
456 947
199 846
114 317
650 772
52 125
380 529
876 944
515 768
304 835
446 611
475 915
195 410
283 754
556 842
265 270
503 732
213 931
307 350
822 899
652 956
26 487
33 747
142 548
295 976
629 905
201 545
174 382
913 955
234 290
503 757
332 490
7 322
135 200
407 800
35 364
60 453
485 628
547 807
103 810
441 524
9 503
168 763
497 676
83 687
564 617
191 895
884 973
862 995
109 403
144 663
117 544
174 203
379 787
720 967
24 667
187 454
304 949
621 757
226 481
445 789
99 635
464 761
387 460
496 624
288 862
407 639
182 619
358 560
186 856
528 852
714 879
85 184
443 706
668 718
164 964
458 841
576 921
603 962
160 228
459 799
293 875
208 474
274 343
35 459
200 341
90 856
56 175
276 817
536 658
623 943
403 699
54 243
103 845
18 41
254 850
144 839
824 907
182 395
169 208
368 418
285 548
4 381
459 820
657 894
358 601
297 834
539 781
662 888
164 683
15 702
542 936
622 935
331 368
314 803
538 998
459 863
285 462
246 521
284 902
417 419
282 491
32 841
31 919
194 504
603 983
319 985
304 921
449 940
253 523
569 762
1 522
433 806
456 462
107 523
137 523
419 941
791 973
39 821
320 671
54 793
304 557
372 385
91 479
509 834
375 613
855 913
68 375
498 615
523 604
139 660
858 904
696 856
610 894
282 297
215 867
113 296
262 425
458 903
293 353
191 743
48 446
435 598
115 933
214 415
131 538
76 222
709 988
377 917
382 991
374 436
549 859
285 669
129 810
940 965
199 934
422 463
759 897
22 651
13 831
67 149
143 919
148 908
66 629
286 789
722 835
164 695
272 611
758 859
502 517
493 579
43 215
915 973
714 939
550 625
470 726
476 647
390 623
556 796
466 620
302 586
343 528
392 775
140 312
30 434
608 813
806 926
428 620
147 780
113 185
474 839
654 949
45 265
351 598
594 618
206 219
339 674
228 511
508 650
316 539
131 861
566 701
131 936
188 496
277 300
680 750
335 916
478 958
379 606
558 774
201 554
652 979
491 671
879 956
197 918
273 558
328 752
43 126
313 882
160 538
219 390
308 687
553 942
267 709
549 602
485 527
158 243
181 606
512 837
431 563
36 614
141 767
367 892
183 250
206 721
187 595
651 939
272 680
594 725
144 980
244 328
263 448
487 628
868 998
211 245
208 280
824 974
198 968
380 867
850 995
102 959
225 819
611 904
92 982
408 849
736 903
95 352
359 998
646 758
4 136
121 856
61 459
97 258
428 741
202 415
371 517
162 373
115 550
56 982
464 533
437 832
201 704
566 976
64 325
623 975
106 480
98 166
716 970
201 921
490 616
124 860
63 910
26 234
290 612
785 922
618 753
138 731
324 704
165 708
30 333
136 142
239 590
79 86
210 280
8 699
673 908
339 362
350 970
362 387
417 949
285 947
423 568
669 679
167 904
834 933
277 753
846 866
769 925
729 756
737 982
234 656
424 572
19 395
183 700
118 534
133 597
67 478
523 797
149 702
689 760
636 965
262 514
62 611
188 341
171 817
52 855
58 604
400 402
103 231
582 764
220 492
64 362
160 969
365 895
55 639
277 656
798 947
188 316
10 503
528 826
163 451
56 656
59 220
450 455
161 814
158 992
133 307
55 998
71 364
709 950
196 607
763 771
80 334
343 958
266 582
34 947
206 382
425 865
99 440
378 653
424 912
535 996
312 556
53 626
453 780
337 427
101 388
199 499
159 181
540 842
202 568
352 407
949 994
168 609
95 263
545 784
464 857
560 798
171 390
401 425
171 539
336 827
28 418
376 835
456 962
165 915
25 46
571 751
42 181
696 912
222 242
685 697
36 876
484 824
425 687
227 595
55 227
422 931
767 858
797 821
224 492
26 985
537 557
554 578
251 516
491 737
492 966
147 201
3 463
428 971
151 199
155 800
31 732
355 889
153 500
501 711
644 698
183 526
34 857
327 538
109 807
378 841
44 774
525 554
284 497
212 981
473 783
144 503
294 498
393 572
106 651
74 74
378 581
34 392
236 572
345 719
380 561
500 931
26 382
486 665
247 300
772 876
22 807
102 277
447 519
673 947
525 552
799 910
680 832
82 915
405 800
39 562
140 317
494 522
342 758
420 964
6 842
193 812
247 641
691 937
366 694
25 886
668 686
349 713
297 794
43 702
373 858
43 512
176 537
295 811
296 777
301 714
620 907
40 890
582 931
404 976
641 725
207 394
106 919
403 520
341 492
864 882
200 924
153 377
190 462
447 535
163 744
365 613
504 847
404 557
159 864
590 961
169 800
683 762
61 865
87 136
401 968
1 378
155 894
135 530
122 977
670 865
284 917
231 765
412 566
101 431
63 349
150 798
9 339
651 832
400 697
786 800
666 786
180 339
709 719
474 840
465 921
383 707
715 982
327 925
28 905
255 535
335 866
182 653
673 791
74 305
489 869
652 933
434 831
51 154
302 319
562 994
224 702
944 984
418 649
312 324
454 625
99 356
537 959
411 751
330 834
263 596
692 704
139 530
524 581
71 620
66 882
183 884
767 905
647 962
333 958
66 564
421 584
322 662
193 958
289 511
551 804
287 884
194 244
203 545
273 552
166 213
127 338
874 882
522 809
143 846
260 911
484 621
333 923
292 943
117 233
358 698
22 783
28 984
189 991
544 572
461 515
534 577
410 419
229 460
307 931
149 968
632 995
330 591
313 335
399 451
535 545
107 927
334 912
134 326
483 878
341 647
182 775
196 695
156 369
80 202
129 241
49 237
538 639
344 872
521 951
103 275
31 57
168 381
292 942
271 822
552 917
329 940
414 876
247 302
281 569
326 809
374 409
824 947
169 791
521 820
467 922
301 796
178 730
468 674
248 738
275 799
434 992
312 905
208 407
336 753
439 489
342 675
167 590
382 623
113 223
580 903
700 922
654 880
350 655
107 680
159 865
301 481
152 387
336 390
373 725
639 866
165 209
315 754
375 716
266 914
716 818
639 845
297 504
294 729
178 631
411 498
336 669
265 576
833 965
378 983
246 691
623 633
454 716
166 607
81 433
650 926
496 898
566 972
1 638
632 703
815 891
907 929
339 484
173 195
450 573
158 918
558 596
330 827
275 495
435 485
576 862
253 412
359 756
138 227
395 707
547 987
455 599
917 937
716 890
887 943
242 822
837 862
193 382
434 665
687 878
42 919
110 741
295 878
521 865
17 39
229 341
605 804
573 722
290 321
209 391
234 632
33 873
192 248
67 913
531 625
545 792
534 573
433 867
299 413
167 207
116 395
325 919
1 897
321 420
188 811
199 307
117 222
73 470
308 915
384 933
448 953
257 798
266 689
457 666
832 988
105 663
6 766
25 782
222 664
630 880
34 188
256 828
305 901
503 612
595 886
44 324
581 618
841 883
271 286
38 341
782 895
900 918
549 720
214 683
564 942
621 975
451 530
10 612
131 512
225 725
177 327
547 794
167 907
179 679
453 797
127 993
580 912
29 906
489 634
355 898
520 831
331 362
119 748
878 973
408 975
383 585
303 707
158 987
614 873
105 168
413 938
232 770
38 851
264 456
355 526
136 618
652 727
402 497
249 845
32 59
4 219
306 616
552 925
295 578
167 240
357 460
179 691
807 905
362 506
73 810
494 690
147 945
222 418
42 326
163 470
74 473
381 467
86 557
629 796
663 741
124 646
99 602
593 781
410 876
260 920
193 687
412 728
118 147
443 633
880 965
605 816
133 764
284 467
849 858
97 291
520 600
192 476
123 562
259 310
440 956
570 904
151 299
268 317
223 727
488 965
387 871
519 782
636 844
264 985
703 859
304 554
380 745
280 557
87 593
526 589
551 936
209 479
14 304
237 746
13 32
196 979
541 883
298 714
386 700
561 866
116 338
717 947
505 639
725 996
100 365
30 428
16 302
316 906
319 653
129 330
88 443
324 328
40 628
15 403
517 964
658 855
606 857
275 351
127 889
1 988
491 806
417 570
102 822
885 918
532 992
48 974
82 372
81 709
189 484
483 502
449 937
85 117
468 545
213 360
138 372
862 978
174 944
211 545
98 275
464 806
290 867
726 781
640 661
437 627
125 716
111 351
6 654
435 976
251 794
190 622
710 945
263 433
120 473
394 977
220 348
217 977
509 538
720 947
158 179
303 575
464 651
85 653
469 865
62 497
30 439
120 150
160 752
582 872
560 632
45 980
24 779
68 974
561 695
16 517
591 631
61 819
251 832
145 302
117 983
555 798
695 790
543 704
287 854
194 487
239 624
183 246
40 997
250 378
265 472
880 894
633 714
466 940
742 863
545 636
122 625
193 416
674 816
671 958
154 739
142 936
170 959
209 324
351 736
209 586
394 481
28 90
807 972
272 493
449 816
75 130
322 938
490 755
228 774
206 514
159 919
328 655
757 879
314 616
109 899
502 602
159 469
308 908
278 579
402 504
396 531
113 579
70 631
406 646
75 629
233 697
131 549
338 429
651 887
774 823
329 426
55 487
362 673
174 728
575 940
116 233
811 884
6 516
651 659
511 699
281 397
744 829
305 859
38 970
512 638
745 840
799 841
107 515
58 939
244 658
477 633
518 773
67 779
725 811
209 511
238 268
685 759
874 989
619 911
908 960
328 484
171 528
63 412
3 463
469 707
103 660
213 961
29 398
210 769
532 755
498 547
24 184
307 898
175 703
588 912
613 916
142 398
238 864
328 553
240 799
677 812
774 902
79 667
437 803
67 336
194 564
882 993
526 966
478 892
260 448
62 391
177 566
818 979
311 803
44 147
112 959
499 791
167 734
316 647
382 491
353 429
90 833
347 360
19 57
283 837
229 278
122 232
103 795
51 377
191 197
80 199
697 933
447 648
75 641
24 540
565 969
154 399
60 501
758 893
374 519
177 574
298 381
805 953
178 855
147 331
529 829
4 542
5 430
646 988
504 529
70 447
277 601
247 337
103 782
9 399
158 961
538 972
260 556
216 492
190 600
20 140
131 143
135 339
106 572
780 853
229 413
689 701
607 947
709 803
730 811
665 885
551 636
589 980
193 251
382 804
721 851
179 981
518 863
215 893
401 453
69 813
459 769
67 504
86 495
5 775
439 897
227 669
76 429
46 815
398 679
205 531
120 383
291 983
186 678
81 975
45 416
671 874
176 592
88 940
262 494
92 936
539 932
785 940
745 757
425 830
36 156
276 734
26 196
38 652
14 987
404 510
182 834
279 427
136 996
175 293
162 491
202 888
478 829
224 986
587 595
521 649
384 408
382 796
187 611
35 176
544 624
357 459
503 636
416 664
633 956
590 902
119 479
375 881
88 869
452 598
26 243
651 972
187 547
374 810
159 844
327 782
167 683
21 447
98 462
509 863
419 454
315 412
294 711
689 798
289 940
29 961
3 314
279 391
202 549
652 708
756 823
269 989
67 440
316 437
79 528
724 824
15 533
23 41
86 507
598 804
573 626
665 766
406 934
943 955
137 596
442 959
131 488
570 727
555 941
663 860
22 488
332 586
280 404
354 366
729 910
171 485
356 714
151 762
95 649
496 563
468 715
301 598
204 805
536 945
610 747
176 768
761 875
101 157
166 232
522 853
470 960
96 117
185 267
611 635
132 139
384 951
31 846
827 981
706 835
365 583
317 540
131 193
9 80
23 349
241 648
202 653
119 770
75 81
709 814
469 953
199 840
338 465
99 229
294 841
436 804
426 898
334 753
610 868
342 995
582 632
64 644
541 562
636 833
621 649
125 868
381 742
68 496
75 209
280 594
177 915
120 493
25 852
453 722
634 795
45 718
141 156
108 495
681 941
82 909
35 369
749 949
776 794
24 762
396 868
785 819
91 572
204 682
115 137
526 703
422 709
570 642
340 456
23 139
49 176
104 544
83 830
72 636
95 625
178 495
490 996
59 840
89 518
45 979
654 747
142 507
854 946
287 784
311 922
87 486
190 748
608 807
21 878
245 424
200 751
242 918
198 754
64 859
273 681
44 705
328 429
154 624
184 409
219 494
110 305
758 857
495 566
244 293
224 489
716 752
413 688
663 771
632 944
504 995
314 548
521 701
326 875
60 674
513 892
332 400
867 975
37 249
212 280
435 541
37 546
14 964
227 737
676 949
182 370
461 945
507 647
161 981
435 750
42 997
106 330
82 442
198 478
330 409
649 757
305 622
365 463
318 689
103 771
250 417
363 730
238 711
11 471
399 539
397 683
567 580
23 504
479 648
278 756
37 665
288 406
119 646
214 653
114 533
531 762
494 783
273 893
682 731
521 907
222 982
305 579
550 586
380 975
66 657
731 732
471 915
367 796
228 562
580 676
122 761
208 323
102 615
125 595
783 893
34 782
116 876
205 363
702 742
182 767
178 913
277 649
75 830
393 793
153 302
70 840
274 277
164 888
379 536
14 939
47 431
86 723
863 939
291 642
384 472
188 561
243 386
987 993
317 782
388 396
235 934
209 238
179 512
668 874
715 887
147 386
110 712
10 652
300 750
73 135
260 549
696 935
502 684
596 707
96 245
956 992
9 109
166 398
187 817
67 901
230 706
419 825
340 835
848 867
912 920
4 463
699 957
177 239
162 883
185 834
605 757
142 643
86 391
42 578
108 902
258 387
115 861
232 805
432 475
101 388
104 353
312 628
580 804
550 741
163 467
3 703
768 845
645 936
686 708
515 611
551 571
685 998
413 582
887 917
19 792
54 146
122 682
235 479
265 562
509 997
503 702
272 511
157 326
35 209
502 620
192 423
200 830
244 877
560 573
353 908
591 739
276 490
200 289
243 968
850 966
354 751
264 447
403 772
198 390
584 818
9 669
11 500
665 984
521 545
17 208
385 675
724 951
874 924
241 621
168 868
367 696
2 813
182 959
159 365
349 948
19 754
542 734
296 720
209 594
44 225
719 801
527 610
263 449
230 467
175 662
30 114
115 870
609 620
75 762
423 767
300 712
220 225
515 841
51 944
111 766
54 689
264 441
712 993
2 481
144 956
71 176
824 949
349 962
38 434
112 978
238 601
279 457
121 826
549 750
638 948
94 779
328 357
101 221
70 479
27 102
278 623
351 874
103 837
314 699
589 652
293 667
571 967
794 902
469 653
123 418
70 216
175 974
573 972
275 420
377 453
225 853
432 876
205 312
682 714
145 625
50 917
18 811
267 714
590 735
146 712
215 931
705 906
57 390
664 880
255 334
257 818
251 964
134 946
562 625
629 964
678 769
359 882
150 474
65 75
220 663
554 595
38 213
502 602
95 161
45 127
272 863
237 383
516 891
185 455
142 591
420 688
49 82
48 522
9 122
364 671
120 917
45 332
325 954
711 826
485 755
757 952
336 619
512 771
733 851
744 770
326 941
374 459
507 800
673 809
38 406
259 525
304 954
634 687
346 628
114 515
468 879
499 648
199 582
212 788
311 931
36 982
32 220
187 831
504 859
641 910
674 900
214 629
626 981
96 610
610 971
501 851
855 927
130 438
127 695
650 835
8 633
39 871
59 630
136 647
290 696
371 823
38 967
727 778
663 873
338 414
484 616
44 118
544 949
448 556
207 646
285 431
617 933
247 248
893 991
383 688
207 960
706 837
23 616
434 463
490 549
654 751
698 943
488 868
425 426
714 849
409 998
27 281
305 932
275 702
435 976
170 715
8 642
423 442
623 634
114 904
560 961
642 905
37 511
172 462
714 885
124 313
371 662
595 927
203 454
77 431
246 637
58 147
253 347
499 875
183 759
721 766
187 520
405 556
576 697
190 795
109 241
92 902
20 258
277 711
353 998
636 919
67 376
472 628
192 748
282 728
49 930
228 451
235 632
709 784
581 985
5 677
467 546
685 724
565 961
436 564
93 134
468 977
228 977
97 170
378 976
685 897
204 902
216 914
313 699
299 702
281 380
82 748
766 925
251 269
465 728
598 610
367 598
67 576
594 939
349 745
96 421
36 299
102 949
292 414
427 993
708 713
375 572
79 235
339 485
68 348
949 957
443 549
325 509
126 697
227 649
47 322
847 858
398 949
586 689
15 364
461 854
613 722
427 734
692 765
220 817
610 947
54 775
497 878
340 400
354 566
178 826
675 887
38 64
403 623
752 766
215 637
138 400
604 827
298 871
93 371
116 758
41 669
315 590
326 929
492 679
320 497
163 856
671 772
176 227
296 756
719 932
748 896
355 848
502 720
652 872
546 590
408 409
216 998
500 541
707 992
205 997
313 632
145 862
305 371
39 378
535 905
89 654
433 936
10 934
440 658
27 585
985 993
202 435
771 934
479 520
296 927
19 461
605 705
787 880
696 754
166 660
11 255
93 443
879 968
378 405
320 740
84 432
644 734
63 284
579 582
286 762
224 655
82 361
740 829
150 362
93 437
23 447
125 891
95 667
771 822
92 277
486 563
77 951
15 131
360 488
124 374
30 773
125 632
169 731
96 373
94 588
892 964
91 812
481 785
557 961
17 304
427 645
379 503
633 721
82 172
545 898
450 981
108 575
84 521
456 838
616 710
581 821
603 635
167 449
411 893
502 974
428 706
620 708
342 862
35 120
20 202
184 580
156 469
69 552
454 685
71 786
386 396
429 998
656 798
692 943
68 446
273 446
67 153
16 758
187 878
51 388
630 897
349 367
418 563
18 697
262 880
277 864
72 647
54 225
727 996
573 916
363 443
373 623
208 383
389 394
262 439
160 559
685 846
304 410
778 880
205 761
70 817
39 244
869 917
468 646
163 644
89 220
304 842
239 511
226 627
265 682
20 843
424 468
506 704
586 877
285 859
104 348
165 706
347 625
811 814
272 456
269 976
281 322
112 561
116 569
189 252
380 810
49 582
279 753
89 934
151 340
465 794
254 280
378 407
219 904
953 969
675 725
223 996
7 112
354 558
227 525
383 385
336 432
392 966
56 186
303 327
206 899
238 545
180 730
615 861
364 948
402 815
39 90
96 400
150 735
155 227
39 610
152 539
506 819
544 782
339 648
86 322
408 548
505 559
139 952
367 865
317 959
268 406
445 997
279 925
182 284
81 996
619 893
150 713
126 693
274 464
120 137
668 785
124 544
461 950
77 97
171 327
57 372
354 832
632 817
758 776
838 915
587 773
458 922
79 361
352 394
514 602
166 488
810 959
289 688
143 272
376 784
313 619
444 747
343 452
211 854
120 548
50 671
137 285
594 991
645 766
26 123
59 388
19 191
199 480
248 706
270 400
401 491
150 888
341 934
492 789
390 551
339 378
62 253
433 440
23 862
145 200
258 887
79 311
54 287
336 538
535 736
713 807
228 696
862 939
38 134
366 730
523 846
521 584
876 960
794 898
772 823
489 821
31 909
567 861
197 681
400 509
208 418
224 423
87 681
363 496
870 996
520 639
161 495
372 881
122 455
272 722
228 870
36 212
556 780
896 976
16 75
211 487
60 488
633 740
352 774
15 350
423 653
647 918
308 813
291 712
340 762
213 989
202 211
26 768
536 700
524 551
12 774
762 834
174 277
353 628
368 947
372 977
626 798
69 613
359 711
104 474
317 699
464 687
267 518
55 457
966 980
520 606
147 769
133 823
263 320
47 452
431 630
196 430
264 834
546 820
622 923
100 797
40 241
537 565
306 799
52 591
558 974
106 571
122 481
442 928
381 743
153 488
589 683
202 360
946 957
347 525
323 881
225 900
362 789
438 668
367 806
497 924
560 845
681 807
327 736
847 900
389 894
1 485
138 849
464 574
96 989
699 755
313 923
656 675
491 871
122 857
396 456
17 560
242 368
346 698
599 881
194 776
766 971
40 394
110 504
968 982
494 668
584 738
370 395
260 860
45 159
496 500
554 833
517 573
978 992
860 918
370 890
415 913
233 862
309 749
278 736
9 732
471 723
94 592
630 643
465 953
228 788
122 965
62 261
694 817
254 614
401 678
505 870
146 316
104 402
617 672
406 679
181 403
654 773
77 274
6 404
541 969
11 285
72 868
545 564
576 888
345 955
239 977
72 992
98 384
473 833
492 929
18 673
111 450
162 447
526 850
844 943
598 953
131 468
675 802
691 809
31 765
785 813
5 806
166 856
108 681
951 998
794 814
625 702
73 245
770 863
700 807
77 393
523 539
342 544
132 976
8 810
624 896
570 678
209 427
621 890
312 399
127 620
194 246
438 828
318 692
209 795
278 379
594 871
195 902
657 935
326 746
224 664
149 235
357 679
302 439
26 750
645 700
654 671
483 890
110 985
96 952
9 559
432 474
377 602
538 626
729 811
63 476
211 730
411 488
567 704
371 490
233 967
17 886
639 685
148 748
101 671
232 621
96 885
441 488
251 844
63 803
574 865
306 317
582 853
422 494
66 983
298 792
586 951
369 962
272 887
721 894
516 766
652 730
172 389
417 918
17 722
480 590
367 574
221 673
168 933
420 998
152 989
76 880
577 815
250 848
703 921
348 470
79 438
605 900
250 819
23 44
320 502
634 686
86 853
685 788
106 254
183 565
97 640
451 841
234 868
78 937
426 791
8 186
87 504
612 754
635 683
781 797
210 914
468 769
74 930
327 336
814 900
287 910
129 320
140 553
217 997
269 789
233 642
796 924
319 410
457 780
33 822
562 737
243 807
285 316
620 739
420 554
300 706
243 397
160 835
611 727
376 996
401 796
230 974
326 721
163 179
883 984
211 224
231 501
33 785
324 549
407 521
484 880
124 229
658 841
61 386
436 453
161 631
11 168
384 509
272 325
156 687
310 676
380 810
190 684
375 786
559 738
308 397
44 314
298 479
358 932
386 864
793 803
582 794
956 970
92 243
282 557
177 591
12 334
181 695
333 523
40 260
568 891
436 934
659 733
414 593
57 868
662 756
552 859
23 609
115 509
790 851
671 805
160 682
118 140
156 440
416 450
257 342
470 761
55 421
204 246
73 791
81 549
513 717
102 313
327 388
427 956
875 955
762 892
336 680
12 492
239 897
156 685
225 359
191 625
607 645
215 216
295 457
764 969
13 865
62 118
32 488
75 986
143 836
478 879
295 668
194 747
433 907
45 349
657 973
82 235
227 359
297 816
62 521
312 564
625 704
207 513
281 891
35 278
158 894
191 512
261 604
162 290
471 510
334 906
262 346
621 987
63 573
438 871
779 900
383 960
168 406
298 895
174 448
122 332
109 843
312 712
473 881
354 779
114 760
261 799
27 238
421 810
636 865
460 544
417 422
600 926
367 600
593 897
8 551
437 714
628 803
511 927
277 707
642 814
680 821
614 836
706 813
350 647
228 884
422 893
85 820
23 452
199 697
46 749
537 704
334 963
341 891
395 622
265 600
200 210
601 944
37 429
415 461
421 778
346 672
209 842
271 865
469 660
483 563
269 995
21 959
361 380
3 852
231 755
267 742
430 988
344 466
418 537
704 973
51 957
424 800
259 694
444 696
785 940
714 956
831 976
212 452
83 116
214 648
258 313
169 520
247 513
442 763
468 827
194 785
297 617
333 364
90 808
31 807
594 764
426 522
742 751
415 635
628 834
63 924
231 663
446 687
743 986
571 906
101 456
135 530
499 717
806 862
308 670
614 679
436 913
882 955
298 665
278 369
431 925
204 367
427 662
55 184
414 960
647 755
667 838
178 556
42 167
141 252
489 532
702 708
446 591
436 888
805 888
168 592
237 371
676 958
575 790
860 988
394 529
368 637
62 592
7 923
633 841
36 900
374 744
597 603
336 817
226 487
623 654
595 637
555 802
315 378
176 346
145 875
569 781
244 408
375 945
414 785
450 565
464 717
195 845
308 315
579 663
65 311
234 906
701 813
17 462
585 968
115 968
239 316
261 673
724 825
915 983
390 549
144 853
116 267
477 582
141 424
162 734
174 981
641 684
764 880
700 734
245 448
483 626
300 763
266 743
127 727
183 294
56 104
322 924
220 403
643 681
321 621
156 304
572 575
337 987
234 466
478 848
475 691
456 739
261 775
679 721
681 988
821 972
785 897
6 920
79 603
178 426
3 359
481 574
247 711
688 945
490 538
202 959
14 940
416 566
203 914
246 968
375 995
161 568
489 672
528 942
147 869
705 871
283 963
224 994
690 987
257 718
229 697
20 217
410 417
397 586
325 609
144 477
606 711
279 415
136 977
806 848
60 291
343 498
255 500
116 244
191 611
197 500
309 494
216 503
801 903
7 899
412 820
484 795
532 898
289 851
658 812
138 871
413 948
215 981
108 912
226 880
503 718
78 805
72 774
309 678
650 986
684 839
807 945
341 635
487 623
436 629
544 923
308 650
301 734
426 632
408 635
128 307
163 915
690 932
12 20
369 661
7 831
502 814
555 914
179 932
403 562
105 392
478 883
618 754
166 778
45 187
130 800
92 495
70 801
81 186
333 821
741 827
22 941
497 642
353 936
118 454
692 845
222 576
324 975
103 972
794 918
68 720
923 935
992 992
179 738
338 850
289 593
231 942
364 392
329 506
716 959
410 446
583 667
907 985
422 736
341 787
532 632
234 838
569 831
6 86
788 855
78 201
144 227
87 619
370 507
3 947
173 330
412 690
176 617
598 816
165 912
159 223
774 796
144 456
385 461
7 174
318 983
29 322
129 891
413 940
262 667
369 415
826 839
61 457
436 780
275 693
211 600
176 915
372 762
97 148
611 880
99 706
128 864
29 770
20 747
60 185
377 415
33 428
266 981
267 762
319 702
81 456
150 529
71 256
131 299
218 909
317 788
394 653
222 423
19 203
165 947
78 363
284 541
173 523
439 549
30 286
519 758
66 111
144 668
136 967
52 354
655 839
51 448
272 447
251 474
199 465
321 638
339 956
511 604
481 930
727 766
486 738
287 848
552 732
465 769
700 821
135 596
45 661
185 710
213 491
185 734
411 600
56 527
437 558
39 40
368 765
107 583
31 647
360 732
381 503
824 858
103 422
763 992
178 466
253 735
215 390
470 578
525 815
106 152
920 961
108 967
465 551
495 991
724 976
358 632
6 457
108 217
211 878
124 649
166 901
334 636
107 117
689 709
409 795
149 860
494 828
34 958
26 159
136 232
528 863
271 533
265 322
419 977
69 253
419 878
515 747
530 863
220 399
352 585
213 792
288 511
545 819
25 977
35 348
653 890
897 938
964 996
204 384
457 753
230 632
653 976
149 184
325 618
181 969
751 910
184 422
780 816
744 840
536 870
205 874
524 551
144 489
326 347
80 872
103 803
235 712
638 856
196 476
377 740
446 651
407 905
722 851
188 374
341 501
245 993
705 769
545 848
259 648
197 909
728 777
219 789
14 647
209 856
124 597
347 363
28 269
656 754
719 768
111 807
54 222
105 926
427 600
554 636
76 528
546 581
115 306
97 799
656 761
84 662
33 224
10 836
493 541
40 271
79 262
150 261
32 908
509 964
236 519
90 923
470 824
132 670
362 471
6 124
89 904
563 936
313 573
551 583
821 891
622 930
550 678
192 587
359 934
595 874
232 798
58 684
47 355
189 409
603 970
310 509
61 873
224 373
225 775
117 733
134 375
49 54
18 683
419 820
294 951
185 416
93 877
20 915
11 208
325 614
179 635
17 124
287 347
167 289
899 899
276 405
35 231
107 495
27 525
316 755
509 818
688 939
387 958
176 605
707 943
789 900
121 690
185 694
814 861
473 715
539 878
351 768
874 886
846 912
401 939
669 996
387 450
464 614
125 846
789 845
357 554
453 524
48 220
637 640
112 858
356 398
767 901
432 749
374 776
124 954
314 570
541 730
195 956
858 933
501 818
151 483
8 636
461 603
5 20
102 862
235 907
40 453
137 788
691 884
9 939
32 424
155 578
314 351
127 285
173 944
433 563
97 200
441 477
223 439
496 540
404 863
553 902
689 856
469 520
159 409
306 583
440 884
515 790
642 975
852 925
195 587
360 461
172 578
610 938
213 800
664 928
482 617
252 567
37 948
109 549
223 855
469 663
518 983
232 494
86 626
420 991
58 779
229 453
136 392
839 936
605 768
1 379
29 724
30 976
538 579
761 862
213 332
425 730
95 434
3 720
297 422
354 490
943 979
116 583
114 201
718 829
746 986
496 774
304 711
250 529
393 660
12 872
214 502
381 596
383 426
96 722
585 804
78 562
438 529
456 643
64 638
140 385
51 414
160 761
688 717
378 789
578 858
251 362
570 631
735 995
15 830
496 596
195 351
723 936
393 788
145 427
63 456
285 589
476 526
194 823
613 992
349 851
599 969
540 990
9 727
314 799
336 587
174 530
111 938
33 727
281 953
515 932
17 522
270 799
50 623
241 819
16 589
671 984
189 441
303 973
169 394
282 551
725 980
590 919
613 622
648 894
359 576
371 410
880 986
640 707
610 881
527 625
471 976
388 438
418 690
364 412
85 963
645 843
236 467
81 763
190 635
752 989
163 548
208 361
2 150
538 914
221 660
909 940
330 974
348 393
537 797
534 660
180 279
504 523
46 194
604 828
236 357
561 818
298 956
225 768
462 736
397 540
460 482
307 435
432 811
609 827
140 747
270 803
319 551
290 328
597 931
120 832
67 715
142 394
673 940
145 410
403 684
584 862
167 669
76 755
680 878
144 626
191 819
139 431
742 758
207 340
326 468
312 949
