1000
841 140 1912 1908
1392 32 1912 1908
90 1905 1912 1908
14 1471 1912 1908
618 1363 1912 1908
983 952 1912 1908
983 854 1912 1908
1531 1065 1912 1908
657 288 1912 1908
267 818 1912 1908
459 411 1912 1908
1018 1843 1912 1908
1608 64 1912 1908
173 1346 1912 1908
1422 1900 1912 1908
331 1859 1912 1908
438 1966 1912 1908
1566 1053 1912 1908
1337 1223 1912 1908
544 1211 1912 1908
1268 328 1912 1908
1502 1736 1912 1908
1540 1207 1912 1908
440 1553 1912 1908
74 1401 1912 1908
1566 455 1912 1908
696 649 1912 1908
1380 906 1912 1908
370 255 1912 1908
1582 206 1912 1908
1358 1498 1912 1908
1252 937 1912 1908
883 1126 1912 1908
287 1490 1912 1908
1693 1222 1912 1908
585 1203 1912 1908
967 1594 1912 1908
785 1064 1912 1908
863 1241 1912 1908
36 302 1912 1908
1893 137 1912 1908
660 1492 1912 1908
1131 1841 1912 1908
1733 796 1912 1908
214 1421 1912 1908
810 762 1912 1908
843 89 1912 1908
1212 259 1912 1908
18 84 1912 1908
883 1471 1912 1908
1222 1183 1912 1908
1402 1400 1912 1908
1955 587 1912 1908
1518 360 1912 1908
630 1294 1912 1908
1711 926 1912 1908
800 1310 1912 1908
14 1449 1912 1908
627 435 1912 1908
1709 1867 1912 1908
1922 425 1912 1908
50 390 1912 1908
517 1467 1912 1908
371 1218 1912 1908
1490 41 1912 1908
42 1797 1912 1908
1669 1330 1912 1908
258 232 1912 1908
360 1626 1912 1908
711 697 1912 1908
635 1077 1912 1908
1306 1187 1912 1908
1996 681 1912 1908
123 374 1912 1908
1536 960 1912 1908
892 309 1912 1908
1512 1763 1912 1908
1172 275 1912 1908
892 1759 1912 1908
1193 581 1912 1908
483 707 1912 1908
1444 1090 1912 1908
1848 848 1912 1908
481 21 1912 1908
1702 1207 1912 1908
1515 441 1912 1908
1932 1598 1912 1908
420 939 1912 1908
1674 715 1912 1908
1786 284 1912 1908
1154 726 1912 1908
67 1068 1912 1908
1447 1115 1912 1908
994 671 1912 1908
1568 1669 1912 1908
1678 1915 1912 1908
533 1796 1912 1908
1025 744 1912 1908
1361 103 1912 1908
598 1886 1912 1908
414 1202 1912 1908
826 586 1912 1908
923 1961 1912 1908
1516 200 1912 1908
1177 691 1912 1908
621 1642 1912 1908
9 1239 1912 1908
448 1983 1912 1908
1583 337 1912 1908
1450 380 1912 1908
50 1806 1912 1908
802 1222 1912 1908
185 907 1912 1908
1122 1733 1912 1908
654 1593 1912 1908
1508 3 1912 1908
862 1020 1912 1908
1925 1770 1912 1908
1111 231 1912 1908
788 1225 1912 1908
1513 1568 1912 1908
691 1631 1912 1908
789 18 1912 1908
901 958 1912 1908
848 342 1912 1908
94 1993 1912 1908
576 856 1912 1908
6 1477 1912 1908
973 1128 1912 1908
789 1403 1912 1908
1681 37 1912 1908
968 580 1912 1908
1736 563 1912 1908
1498 187 1912 1908
1696 1270 1912 1908
763 686 1912 1908
1978 660 1912 1908
1756 1773 1912 1908
998 183 1912 1908
737 361 1912 1908
906 1256 1912 1908
1533 1926 1912 1908
908 404 1912 1908
1224 681 1912 1908
179 523 1912 1908
76 1161 1912 1908
1929 1371 1912 1908
627 289 1912 1908
651 265 1912 1908
1659 220 1912 1908
1479 1448 1912 1908
1 1880 1912 1908
1308 638 1912 1908
393 723 1912 1908
1453 262 1912 1908
596 1600 1912 1908
1822 505 1912 1908
1431 995 1912 1908
1669 307 1912 1908
1514 1136 1912 1908
1225 1508 1912 1908
486 1887 1912 1908
422 1979 1912 1908
1142 155 1912 1908
1623 748 1912 1908
1670 1917 1912 1908
154 859 1912 1908
823 933 1912 1908
207 1391 1912 1908
1064 801 1912 1908
1625 1519 1912 1908
926 1492 1912 1908
1130 327 1912 1908
668 1152 1912 1908
955 1060 1912 1908
283 1899 1912 1908
1537 419 1912 1908
467 590 1912 1908
1976 1062 1912 1908
1439 640 1912 1908
764 142 1912 1908
349 1791 1912 1908
427 1089 1912 1908
1115 407 1912 1908
628 1301 1912 1908
715 600 1912 1908
825 851 1912 1908
543 1747 1912 1908
1456 84 1912 1908
684 1037 1912 1908
254 1239 1912 1908
811 523 1912 1908
938 296 1912 1908
355 772 1912 1908
560 1034 1912 1908
1312 1986 1912 1908
858 1678 1912 1908
1871 272 1912 1908
280 1225 1912 1908
175 1260 1912 1908
633 977 1912 1908
1952 838 1912 1908
1599 1744 1912 1908
295 1967 1912 1908
495 1471 1912 1908
1656 411 1912 1908
14 1676 1912 1908
1594 1071 1912 1908
756 996 1912 1908
1942 1298 1912 1908
1932 377 1912 1908
1720 703 1912 1908
450 1084 1912 1908
1756 1553 1912 1908
1443 1555 1912 1908
881 518 1912 1908
112 244 1912 1908
1049 845 1912 1908
586 1608 1912 1908
598 823 1912 1908
391 616 1912 1908
750 1368 1912 1908
1707 1027 1912 1908
856 1814 1912 1908
1343 1702 1912 1908
1485 1817 1912 1908
1198 305 1912 1908
359 553 1912 1908
242 1976 1912 1908
692 1747 1912 1908
443 47 1912 1908
771 1428 1912 1908
1112 589 1912 1908
1861 411 1912 1908
1019 1657 1912 1908
1469 459 1912 1908
1560 352 1912 1908
640 1734 1912 1908
1894 188 1912 1908
661 1554 1912 1908
332 301 1912 1908
1670 1144 1912 1908
1525 1252 1912 1908
573 1903 1912 1908
1388 1442 1912 1908
1127 869 1912 1908
912 1741 1912 1908
1140 694 1912 1908
640 1739 1912 1908
164 1730 1912 1908
912 997 1912 1908
27 1435 1912 1908
1522 885 1912 1908
973 1044 1912 1908
365 695 1912 1908
1906 1170 1912 1908
713 395 1912 1908
243 510 1912 1908
208 897 1912 1908
1626 801 1912 1908
1727 283 1912 1908
1910 487 1912 1908
658 1886 1912 1908
836 524 1912 1908
1322 1232 1912 1908
390 1761 1912 1908
1722 923 1912 1908
1727 1863 1912 1908
1317 696 1912 1908
469 1346 1912 1908
578 565 1912 1908
797 599 1912 1908
936 447 1912 1908
930 301 1912 1908
1729 792 1912 1908
1342 336 1912 1908
650 177 1912 1908
239 1369 1912 1908
65 1984 1912 1908
627 134 1912 1908
998 219 1912 1908
27 1720 1912 1908
1754 1019 1912 1908
731 895 1912 1908
1346 1066 1912 1908
728 1632 1912 1908
1188 1588 1912 1908
1192 239 1912 1908
472 1497 1912 1908
645 1300 1912 1908
599 1753 1912 1908
906 810 1912 1908
1279 678 1912 1908
52 1211 1912 1908
1438 1317 1912 1908
1217 309 1912 1908
1234 1437 1912 1908
996 1607 1912 1908
222 197 1912 1908
654 1620 1912 1908
1863 1050 1912 1908
1190 270 1912 1908
1555 838 1912 1908
1282 699 1912 1908
1064 1002 1912 1908
1371 692 1912 1908
275 1764 1912 1908
1357 896 1912 1908
1438 1225 1912 1908
1971 1005 1912 1908
455 1404 1912 1908
655 1495 1912 1908
623 356 1912 1908
671 1022 1912 1908
1144 1578 1912 1908
1337 1332 1912 1908
1942 728 1912 1908
1759 572 1912 1908
1999 1002 1912 1908
1819 524 1912 1908
1178 32 1912 1908
1364 1723 1912 1908
1267 954 1912 1908
742 371 1912 1908
997 74 1912 1908
350 863 1912 1908
1678 1589 1912 1908
1691 1870 1912 1908
1950 897 1912 1908
878 1918 1912 1908
1543 888 1912 1908
1386 1889 1912 1908
878 1332 1912 1908
260 859 1912 1908
472 1136 1912 1908
723 1281 1912 1908
1101 604 1912 1908
1088 394 1912 1908
1768 841 1912 1908
1159 802 1912 1908
165 537 1912 1908
1924 1250 1912 1908
161 224 1912 1908
1927 296 1912 1908
1277 981 1912 1908
1648 229 1912 1908
555 817 1912 1908
1666 1690 1912 1908
335 286 1912 1908
1395 777 1912 1908
542 1944 1912 1908
1066 1945 1912 1908
1874 239 1912 1908
816 1154 1912 1908
1459 1091 1912 1908
687 1612 1912 1908
1327 726 1912 1908
629 1668 1912 1908
274 1517 1912 1908
513 599 1912 1908
1662 1743 1912 1908
485 805 1912 1908
596 947 1912 1908
1202 1598 1912 1908
1177 918 1912 1908
1454 952 1912 1908
1218 1330 1912 1908
1713 102 1912 1908
359 1448 1912 1908
1842 370 1912 1908
1475 903 1912 1908
446 1251 1912 1908
609 353 1912 1908
962 823 1912 1908
560 1868 1912 1908
683 330 1912 1908
1568 991 1912 1908
1421 13 1912 1908
499 592 1912 1908
1144 1295 1912 1908
508 1756 1912 1908
1156 807 1912 1908
1410 1999 1912 1908
550 1991 1912 1908
285 343 1912 1908
1368 1705 1912 1908
1624 1316 1912 1908
1300 1895 1912 1908
1773 59 1912 1908
1369 1978 1912 1908
667 1022 1912 1908
1700 1361 1912 1908
883 1236 1912 1908
728 1068 1912 1908
134 327 1912 1908
1734 461 1912 1908
648 1489 1912 1908
1989 1205 1912 1908
64 877 1912 1908
1947 717 1912 1908
677 1612 1912 1908
1873 569 1912 1908
1186 716 1912 1908
34 662 1912 1908
562 706 1912 1908
91 109 1912 1908
404 801 1912 1908
1693 173 1912 1908
1351 257 1912 1908
422 836 1912 1908
1759 808 1912 1908
1643 1238 1912 1908
558 627 1912 1908
193 1492 1912 1908
251 1470 1912 1908
1934 998 1912 1908
1598 1847 1912 1908
28 1122 1912 1908
1265 223 1912 1908
1366 353 1912 1908
1520 888 1912 1908
329 1808 1912 1908
1113 119 1912 1908
404 1164 1912 1908
1324 131 1912 1908
1895 1765 1912 1908
1244 1828 1912 1908
1319 1035 1912 1908
188 1460 1912 1908
1160 452 1912 1908
227 561 1912 1908
1393 515 1912 1908
1640 456 1912 1908
1483 1042 1912 1908
1845 1915 1912 1908
866 777 1912 1908
1255 1292 1912 1908
962 1987 1912 1908
1932 1199 1912 1908
1530 416 1912 1908
419 1963 1912 1908
1020 1709 1912 1908
1871 537 1912 1908
1770 109 1912 1908
1988 1283 1912 1908
1594 1539 1912 1908
120 1734 1912 1908
195 1237 1912 1908
498 191 1912 1908
157 1130 1912 1908
1774 385 1912 1908
597 1756 1912 1908
759 750 1912 1908
1878 1959 1912 1908
427 1417 1912 1908
832 1367 1912 1908
1770 1993 1912 1908
1908 941 1912 1908
1127 152 1912 1908
181 1514 1912 1908
645 112 1912 1908
936 1586 1912 1908
1722 1100 1912 1908
1268 59 1912 1908
1871 1213 1912 1908
691 1290 1912 1908
285 1554 1912 1908
174 1740 1912 1908
720 1918 1912 1908
1973 1546 1912 1908
936 1717 1912 1908
1636 195 1912 1908
1059 1710 1912 1908
1614 1526 1912 1908
388 146 1912 1908
790 820 1912 1908
1247 1275 1912 1908
1440 114 1912 1908
185 1350 1912 1908
1908 260 1912 1908
492 1729 1912 1908
1211 915 1912 1908
656 1404 1912 1908
207 536 1912 1908
211 988 1912 1908
175 1982 1912 1908
1266 947 1912 1908
40 1139 1912 1908
445 1033 1912 1908
332 70 1912 1908
406 1094 1912 1908
1791 1162 1912 1908
1362 1556 1912 1908
116 1762 1912 1908
1734 337 1912 1908
1108 1618 1912 1908
1562 1434 1912 1908
534 468 1912 1908
1737 1089 1912 1908
520 1008 1912 1908
719 520 1912 1908
196 33 1912 1908
345 787 1912 1908
27 1671 1912 1908
1048 666 1912 1908
1117 1487 1912 1908
1501 1699 1912 1908
350 1772 1912 1908
1278 1723 1912 1908
179 1105 1912 1908
15 1518 1912 1908
530 1236 1912 1908
618 1290 1912 1908
837 509 1912 1908
551 1504 1912 1908
983 1460 1912 1908
1523 1506 1912 1908
1764 645 1912 1908
557 438 1912 1908
637 79 1912 1908
804 400 1912 1908
241 464 1912 1908
234 123 1912 1908
1797 42 1912 1908
419 49 1912 1908
1293 753 1912 1908
598 622 1912 1908
256 411 1912 1908
714 1648 1912 1908
23 1534 1912 1908
298 185 1912 1908
1917 900 1912 1908
785 683 1912 1908
544 1033 1912 1908
702 570 1912 1908
1390 1147 1912 1908
897 846 1912 1908
41 1113 1912 1908
219 205 1912 1908
1491 1653 1912 1908
274 1765 1912 1908
1314 1025 1912 1908
1370 1503 1912 1908
1644 1813 1912 1908
1420 1004 1912 1908
1692 711 1912 1908
1762 748 1912 1908
235 448 1912 1908
1640 1186 1912 1908
902 269 1912 1908
1837 945 1912 1908
1598 924 1912 1908
1071 1281 1912 1908
419 618 1912 1908
1858 1418 1912 1908
1256 299 1912 1908
1977 1814 1912 1908
194 1410 1912 1908
539 483 1912 1908
376 1139 1912 1908
1599 335 1912 1908
916 1944 1912 1908
1183 1098 1912 1908
1551 681 1912 1908
456 1702 1912 1908
712 962 1912 1908
376 842 1912 1908
654 688 1912 1908
1758 1082 1912 1908
1857 3 1912 1908
1518 160 1912 1908
212 1374 1912 1908
1786 1766 1912 1908
461 882 1912 1908
841 489 1912 1908
1347 1590 1912 1908
307 87 1912 1908
895 1873 1912 1908
786 1313 1912 1908
763 717 1912 1908
1442 1481 1912 1908
773 1638 1912 1908
1025 133 1912 1908
236 1209 1912 1908
1855 1866 1912 1908
1297 581 1912 1908
127 224 1912 1908
1783 1852 1912 1908
420 260 1912 1908
836 1762 1912 1908
852 353 1912 1908
29 1869 1912 1908
888 534 1912 1908
1949 3 1912 1908
793 1602 1912 1908
366 1838 1912 1908
708 74 1912 1908
77 1242 1912 1908
1590 1282 1912 1908
154 725 1912 1908
1233 1743 1912 1908
965 782 1912 1908
165 1883 1912 1908
1778 1751 1912 1908
278 1776 1912 1908
181 1955 1912 1908
1244 475 1912 1908
310 839 1912 1908
974 778 1912 1908
542 172 1912 1908
1558 1550 1912 1908
1368 1371 1912 1908
1023 1962 1912 1908
928 847 1912 1908
409 1105 1912 1908
1975 262 1912 1908
611 187 1912 1908
668 128 1912 1908
16 128 1912 1908
211 94 1912 1908
1059 1466 1912 1908
1698 451 1912 1908
1938 1303 1912 1908
1647 1350 1912 1908
197 693 1912 1908
1731 1294 1912 1908
1687 1284 1912 1908
409 20 1912 1908
676 1479 1912 1908
1822 516 1912 1908
425 1490 1912 1908
706 107 1912 1908
87 349 1912 1908
134 1994 1912 1908
1424 1935 1912 1908
1068 1441 1912 1908
904 1363 1912 1908
1018 1268 1912 1908
372 390 1912 1908
1494 1785 1912 1908
1918 902 1912 1908
1722 56 1912 1908
414 580 1912 1908
1137 25 1912 1908
1346 1202 1912 1908
968 1577 1912 1908
1270 118 1912 1908
558 820 1912 1908
1292 437 1912 1908
1411 1708 1912 1908
373 1592 1912 1908
188 32 1912 1908
406 1977 1912 1908
989 629 1912 1908
180 1686 1912 1908
909 288 1912 1908
1543 1501 1912 1908
1605 250 1912 1908
1050 94 1912 1908
976 26 1912 1908
1193 172 1912 1908
1052 1982 1912 1908
785 1563 1912 1908
712 1682 1912 1908
402 243 1912 1908
1123 646 1912 1908
400 491 1912 1908
1635 1387 1912 1908
397 542 1912 1908
43 54 1912 1908
1569 889 1912 1908
1746 748 1912 1908
1250 394 1912 1908
1139 532 1912 1908
651 674 1912 1908
1639 1976 1912 1908
1785 851 1912 1908
1836 1251 1912 1908
696 19 1912 1908
993 771 1912 1908
1578 999 1912 1908
807 1448 1912 1908
1184 1400 1912 1908
1665 931 1912 1908
1374 65 1912 1908
1332 919 1912 1908
91 1517 1912 1908
1703 1451 1912 1908
510 1933 1912 1908
1572 166 1912 1908
1249 1200 1912 1908
869 1041 1912 1908
1938 393 1912 1908
1511 1064 1912 1908
1373 589 1912 1908
1977 1848 1912 1908
1186 321 1912 1908
957 1058 1912 1908
1252 143 1912 1908
1846 1958 1912 1908
1160 1553 1912 1908
40 1881 1912 1908
1442 1284 1912 1908
923 399 1912 1908
1803 951 1912 1908
808 1200 1912 1908
285 505 1912 1908
1385 183 1912 1908
228 173 1912 1908
1021 1053 1912 1908
894 345 1912 1908
225 1074 1912 1908
1324 834 1912 1908
1959 1444 1912 1908
478 689 1912 1908
1410 774 1912 1908
506 1776 1912 1908
8 666 1912 1908
1174 381 1912 1908
142 710 1912 1908
1449 374 1912 1908
959 979 1912 1908
541 1259 1912 1908
1749 408 1912 1908
335 751 1912 1908
942 1587 1912 1908
1853 1911 1912 1908
119 1792 1912 1908
1110 552 1912 1908
724 47 1912 1908
445 108 1912 1908
1830 354 1912 1908
1382 1741 1912 1908
1522 748 1912 1908
1655 968 1912 1908
864 738 1912 1908
952 1996 1912 1908
1849 1885 1912 1908
851 8 1912 1908
328 550 1912 1908
484 1199 1912 1908
1034 104 1912 1908
1145 1799 1912 1908
1277 1138 1912 1908
1250 421 1912 1908
404 82 1912 1908
1858 722 1912 1908
544 554 1912 1908
971 841 1912 1908
280 813 1912 1908
214 918 1912 1908
178 306 1912 1908
1384 279 1912 1908
1767 1680 1912 1908
254 1615 1912 1908
1202 944 1912 1908
1745 1582 1912 1908
1217 526 1912 1908
1106 841 1912 1908
1378 1032 1912 1908
623 1912 1912 1908
711 284 1912 1908
203 690 1912 1908
1106 494 1912 1908
1274 162 1912 1908
985 511 1912 1908
1153 1573 1912 1908
1074 742 1912 1908
1674 1401 1912 1908
39 795 1912 1908
669 1711 1912 1908
1555 1958 1912 1908
1224 1562 1912 1908
1555 964 1912 1908
392 1758 1912 1908
838 1026 1912 1908
1485 337 1912 1908
285 47 1912 1908
1081 1420 1912 1908
619 686 1912 1908
689 1785 1912 1908
325 1553 1912 1908
1434 1671 1912 1908
1074 94 1912 1908
876 385 1912 1908
11 1390 1912 1908
1426 1034 1912 1908
1580 88 1912 1908
1752 1669 1912 1908
1777 266 1912 1908
123 1908 1912 1908
809 1728 1912 1908
1628 816 1912 1908
934 1594 1912 1908
1277 528 1912 1908
1979 170 1912 1908
1985 95 1912 1908
476 419 1912 1908
160 490 1912 1908
368 1755 1912 1908
272 79 1912 1908
578 1417 1912 1908
1644 1456 1912 1908
1739 1943 1912 1908
689 461 1912 1908
633 1008 1912 1908
332 205 1912 1908
43 706 1912 1908
348 1445 1912 1908
1299 1853 1912 1908
1413 1070 1912 1908
1570 1346 1912 1908
1371 1347 1912 1908
1934 389 1912 1908
819 208 1912 1908
366 1851 1912 1908
709 788 1912 1908
668 220 1912 1908
1612 1855 1912 1908
290 1409 1912 1908
659 1940 1912 1908
285 1478 1912 1908
1673 1496 1912 1908
861 649 1912 1908
974 960 1912 1908
434 1177 1912 1908
355 1718 1912 1908
432 1719 1912 1908
1934 677 1912 1908
1163 1927 1912 1908
371 920 1912 1908
1131 608 1912 1908
1627 814 1912 1908
1545 551 1912 1908
336 1368 1912 1908
96 1848 1912 1908
782 1689 1912 1908
476 1837 1912 1908
1716 148 1912 1908
829 596 1912 1908
1568 786 1912 1908
5 1708 1912 1908
1110 1225 1912 1908
1861 408 1912 1908
217 853 1912 1908
564 1242 1912 1908
1040 1154 1912 1908
1863 472 1912 1908
1906 239 1912 1908
1929 763 1912 1908
1609 1740 1912 1908
1076 187 1912 1908
1587 812 1912 1908
918 339 1912 1908
1243 948 1912 1908
1613 498 1912 1908
292 1737 1912 1908
1674 472 1912 1908
814 1445 1912 1908
1266 612 1912 1908
302 275 1912 1908
807 156 1912 1908
42 190 1912 1908
1842 1509 1912 1908
1306 117 1912 1908
301 1174 1912 1908
456 1817 1912 1908
544 1065 1912 1908
416 1165 1912 1908
891 1226 1912 1908
16 1189 1912 1908
1020 1349 1912 1908
1321 1351 1912 1908
867 139 1912 1908
1083 1164 1912 1908
405 957 1912 1908
1164 271 1912 1908
1030 1503 1912 1908
1426 1212 1912 1908
109 998 1912 1908
1907 18 1912 1908
1731 634 1912 1908
1292 897 1912 1908
1523 132 1912 1908
1799 28 1912 1908
1819 1073 1912 1908
1618 824 1912 1908
1706 956 1912 1908
463 1227 1912 1908
127 711 1912 1908
1166 1117 1912 1908
176 1554 1912 1908
371 1737 1912 1908
1616 1778 1912 1908
1286 892 1912 1908
1398 331 1912 1908
1518 581 1912 1908
1757 1366 1912 1908
85 1363 1912 1908
446 1083 1912 1908
1462 778 1912 1908
1287 1399 1912 1908
1937 877 1912 1908
247 103 1912 1908
1686 1013 1912 1908
1871 827 1912 1908
1141 1832 1912 1908
914 580 1912 1908
628 178 1912 1908
741 725 1912 1908
1704 207 1912 1908
1087 100 1912 1908
250 1182 1912 1908
441 218 1912 1908
1699 1247 1912 1908
1839 975 1912 1908
703 1637 1912 1908
813 1278 1912 1908
1118 917 1912 1908
771 1415 1912 1908
814 453 1912 1908
865 1799 1912 1908
434 669 1912 1908
1066 1505 1912 1908
1981 1144 1912 1908
1173 232 1912 1908
1159 820 1912 1908
1175 914 1912 1908
550 1789 1912 1908
1465 1366 1912 1908
870 1429 1912 1908
760 1214 1912 1908
113 1663 1912 1908
639 1189 1912 1908
1479 927 1912 1908
446 1562 1912 1908
279 875 1912 1908
390 1355 1912 1908
1811 60 1912 1908
730 570 1912 1908
1216 1357 1912 1908
928 891 1912 1908
1907 938 1912 1908
989 995 1912 1908
1236 1938 1912 1908
876 1642 1912 1908
734 390 1912 1908
663 1881 1912 1908
1180 1367 1912 1908
908 605 1912 1908
1422 970 1912 1908
1432 1457 1912 1908
1841 1351 1912 1908
431 1255 1912 1908
714 917 1912 1908
1202 1904 1912 1908
651 1696 1912 1908
1990 1518 1912 1908
92 1731 1912 1908
1699 1641 1912 1908
995 1006 1912 1908
946 1574 1912 1908
1723 176 1912 1908
30 1601 1912 1908
1985 173 1912 1908
1059 244 1912 1908
417 1576 1912 1908
386 1085 1912 1908
589 1978 1912 1908
1770 380 1912 1908
630 105 1912 1908
1536 97 1912 1908
1008 17 1912 1908
872 514 1912 1908
1186 846 1912 1908
1768 1954 1912 1908
595 63 1912 1908
1195 251 1912 1908
1774 628 1912 1908
1916 693 1912 1908
1966 49 1912 1908
214 1580 1912 1908
1858 1160 1912 1908
1051 301 1912 1908
1706 706 1912 1908
937 1416 1912 1908
1255 1863 1912 1908
85 607 1912 1908
1870 1808 1912 1908
1684 1877 1912 1908
661 1179 1912 1908
829 464 1912 1908
1652 471 1912 1908
1384 311 1912 1908
645 1939 1912 1908
1329 853 1912 1908
420 723 1912 1908
933 1715 1912 1908
1184 1051 1912 1908
1394 977 1912 1908
