1000
1598 1167 2935 2924
835 1901 2935 2924
1074 1579 2935 2924
1907 1226 2935 2924
854 1363 2935 2924
1124 1817 2935 2924
32 381 2935 2924
64 1260 2935 2924
546 1433 2935 2924
301 1411 2935 2924
869 994 2935 2924
874 1508 2935 2924
1886 846 2935 2924
785 353 2935 2924
203 1243 2935 2924
1557 87 2935 2924
500 562 2935 2924
1155 1931 2935 2924
348 1558 2935 2924
626 364 2935 2924
1422 1939 2935 2924
68 614 2935 2924
914 1201 2935 2924
1733 651 2935 2924
1367 79 2935 2924
409 1817 2935 2924
824 42 2935 2924
431 40 2935 2924
330 1285 2935 2924
1954 1387 2935 2924
1785 1521 2935 2924
1044 1820 2935 2924
832 1044 2935 2924
1506 1905 2935 2924
1359 499 2935 2924
1765 939 2935 2924
116 1978 2935 2924
525 1795 2935 2924
1813 1135 2935 2924
293 430 2935 2924
642 1621 2935 2924
932 888 2935 2924
1493 1828 2935 2924
920 1593 2935 2924
1011 1843 2935 2924
1498 1525 2935 2924
1577 1425 2935 2924
1662 1941 2935 2924
1441 1941 2935 2924
1681 528 2935 2924
701 1874 2935 2924
1499 263 2935 2924
1000 1575 2935 2924
125 994 2935 2924
986 488 2935 2924
562 869 2935 2924
1746 1624 2935 2924
431 511 2935 2924
843 161 2935 2924
1844 1095 2935 2924
185 1864 2935 2924
1642 927 2935 2924
523 75 2935 2924
132 739 2935 2924
744 1028 2935 2924
1104 568 2935 2924
1892 1429 2935 2924
1557 1503 2935 2924
42 1691 2935 2924
852 1601 2935 2924
1344 988 2935 2924
1129 1122 2935 2924
1112 1979 2935 2924
681 1568 2935 2924
699 1393 2935 2924
387 1330 2935 2924
1389 579 2935 2924
977 1787 2935 2924
990 1120 2935 2924
1494 294 2935 2924
1413 1346 2935 2924
542 1641 2935 2924
500 473 2935 2924
851 676 2935 2924
1049 1573 2935 2924
964 81 2935 2924
920 1915 2935 2924
1565 51 2935 2924
1907 1004 2935 2924
339 1672 2935 2924
916 995 2935 2924
823 1753 2935 2924
1295 1829 2935 2924
1632 1799 2935 2924
1747 880 2935 2924
1859 1965 2935 2924
167 1742 2935 2924
1868 98 2935 2924
1966 1089 2935 2924
788 645 2935 2924
133 1574 2935 2924
938 433 2935 2924
1426 1700 2935 2924
1964 1848 2935 2924
900 140 2935 2924
1677 586 2935 2924
1063 808 2935 2924
1998 1389 2935 2924
351 1757 2935 2924
135 147 2935 2924
1065 43 2935 2924
476 585 2935 2924
1103 1561 2935 2924
234 516 2935 2924
1106 1723 2935 2924
216 275 2935 2924
1648 1966 2935 2924
1977 1890 2935 2924
1613 1960 2935 2924
406 1539 2935 2924
859 522 2935 2924
1254 596 2935 2924
1396 207 2935 2924
456 1693 2935 2924
332 1580 2935 2924
1893 784 2935 2924
721 1584 2935 2924
1040 1097 2935 2924
636 1299 2935 2924
1063 638 2935 2924
288 984 2935 2924
1505 1374 2935 2924
600 204 2935 2924
1695 931 2935 2924
1242 1702 2935 2924
221 449 2935 2924
183 247 2935 2924
719 871 2935 2924
1610 89 2935 2924
358 858 2935 2924
39 1666 2935 2924
1131 958 2935 2924
91 1807 2935 2924
272 1871 2935 2924
1360 1147 2935 2924
324 1761 2935 2924
1863 1831 2935 2924
1197 1877 2935 2924
1181 497 2935 2924
13 661 2935 2924
360 1343 2935 2924
1743 1733 2935 2924
1305 722 2935 2924
1064 66 2935 2924
1114 1782 2935 2924
488 1652 2935 2924
1775 1262 2935 2924
488 1677 2935 2924
918 1002 2935 2924
396 72 2935 2924
1304 674 2935 2924
544 1053 2935 2924
1800 553 2935 2924
60 1321 2935 2924
1040 141 2935 2924
354 152 2935 2924
409 227 2935 2924
1212 1853 2935 2924
1633 365 2935 2924
1616 70 2935 2924
788 1093 2935 2924
1918 1674 2935 2924
1493 753 2935 2924
1550 1916 2935 2924
1683 1471 2935 2924
1795 727 2935 2924
391 1655 2935 2924
1068 1601 2935 2924
1346 654 2935 2924
144 1306 2935 2924
1041 687 2935 2924
1039 812 2935 2924
714 1009 2935 2924
405 1594 2935 2924
1774 118 2935 2924
1080 1330 2935 2924
343 359 2935 2924
1143 1901 2935 2924
185 346 2935 2924
1898 108 2935 2924
834 574 2935 2924
454 1770 2935 2924
955 555 2935 2924
1496 670 2935 2924
566 309 2935 2924
647 1079 2935 2924
335 1992 2935 2924
1700 1920 2935 2924
1614 1594 2935 2924
650 1467 2935 2924
321 1981 2935 2924
1200 984 2935 2924
84 1900 2935 2924
435 828 2935 2924
1754 298 2935 2924
1135 300 2935 2924
370 1960 2935 2924
677 1106 2935 2924
1700 1694 2935 2924
1827 963 2935 2924
1636 751 2935 2924
865 801 2935 2924
1771 263 2935 2924
576 644 2935 2924
1779 125 2935 2924
283 1185 2935 2924
297 371 2935 2924
1639 1557 2935 2924
1258 675 2935 2924
404 1913 2935 2924
1225 161 2935 2924
1147 909 2935 2924
20 589 2935 2924
1599 62 2935 2924
1540 320 2935 2924
622 1185 2935 2924
347 1915 2935 2924
1679 887 2935 2924
837 1949 2935 2924
1892 1642 2935 2924
1401 1068 2935 2924
135 924 2935 2924
151 1384 2935 2924
1934 1436 2935 2924
1066 124 2935 2924
408 961 2935 2924
1557 1614 2935 2924
1854 1070 2935 2924
791 77 2935 2924
1253 1823 2935 2924
889 128 2935 2924
537 1592 2935 2924
1004 1338 2935 2924
1329 395 2935 2924
1500 1706 2935 2924
1311 1952 2935 2924
898 100 2935 2924
334 1291 2935 2924
587 811 2935 2924
900 475 2935 2924
628 1833 2935 2924
1375 215 2935 2924
671 402 2935 2924
1786 609 2935 2924
268 1591 2935 2924
1222 980 2935 2924
1827 1678 2935 2924
1747 584 2935 2924
1478 780 2935 2924
870 154 2935 2924
545 1421 2935 2924
1842 1894 2935 2924
971 1000 2935 2924
1730 1503 2935 2924
1845 1021 2935 2924
426 3 2935 2924
439 744 2935 2924
298 57 2935 2924
7 205 2935 2924
765 404 2935 2924
1539 1179 2935 2924
772 367 2935 2924
1811 748 2935 2924
1805 448 2935 2924
90 1056 2935 2924
367 7 2935 2924
372 1735 2935 2924
253 541 2935 2924
1991 1846 2935 2924
480 1831 2935 2924
51 1518 2935 2924
1680 115 2935 2924
1764 1706 2935 2924
1801 1303 2935 2924
1068 1998 2935 2924
1991 711 2935 2924
1771 187 2935 2924
92 1885 2935 2924
313 743 2935 2924
358 2000 2935 2924
872 487 2935 2924
1772 1535 2935 2924
36 1383 2935 2924
1199 965 2935 2924
1748 1214 2935 2924
1467 612 2935 2924
1944 653 2935 2924
1253 1852 2935 2924
522 238 2935 2924
1708 243 2935 2924
47 1798 2935 2924
249 1131 2935 2924
1429 645 2935 2924
1441 1553 2935 2924
148 978 2935 2924
1455 1257 2935 2924
687 305 2935 2924
796 773 2935 2924
610 1183 2935 2924
601 477 2935 2924
1043 1250 2935 2924
1393 1814 2935 2924
1186 171 2935 2924
1978 93 2935 2924
1979 1653 2935 2924
98 619 2935 2924
240 1125 2935 2924
1027 512 2935 2924
1937 793 2935 2924
417 1305 2935 2924
773 1851 2935 2924
472 603 2935 2924
304 637 2935 2924
864 615 2935 2924
1053 1468 2935 2924
683 502 2935 2924
1843 351 2935 2924
1283 605 2935 2924
178 439 2935 2924
1566 1384 2935 2924
4 1310 2935 2924
11 527 2935 2924
766 138 2935 2924
1636 677 2935 2924
350 696 2935 2924
12 21 2935 2924
1244 675 2935 2924
480 1222 2935 2924
1659 76 2935 2924
1784 54 2935 2924
1190 1185 2935 2924
1556 240 2935 2924
565 600 2935 2924
1920 1160 2935 2924
488 610 2935 2924
194 42 2935 2924
1672 1163 2935 2924
233 1824 2935 2924
938 214 2935 2924
1021 1643 2935 2924
1997 818 2935 2924
1683 119 2935 2924
952 297 2935 2924
1960 1065 2935 2924
383 494 2935 2924
419 530 2935 2924
1453 1388 2935 2924
1573 426 2935 2924
1625 267 2935 2924
1833 1511 2935 2924
1219 412 2935 2924
1494 102 2935 2924
165 1385 2935 2924
1402 830 2935 2924
388 872 2935 2924
1646 386 2935 2924
1037 1303 2935 2924
1766 61 2935 2924
1370 1902 2935 2924
208 1397 2935 2924
509 1570 2935 2924
1954 1578 2935 2924
209 1214 2935 2924
1469 469 2935 2924
894 441 2935 2924
1598 779 2935 2924
1203 276 2935 2924
473 1306 2935 2924
555 731 2935 2924
1358 328 2935 2924
667 529 2935 2924
470 745 2935 2924
1023 1942 2935 2924
1397 1943 2935 2924
1026 370 2935 2924
967 905 2935 2924
1540 136 2935 2924
52 1454 2935 2924
307 1958 2935 2924
1565 1537 2935 2924
1461 1777 2935 2924
1918 724 2935 2924
1130 91 2935 2924
1180 854 2935 2924
1116 191 2935 2924
999 1151 2935 2924
815 449 2935 2924
1574 145 2935 2924
243 767 2935 2924
1567 38 2935 2924
1839 356 2935 2924
1998 822 2935 2924
1941 1874 2935 2924
394 16 2935 2924
1763 1477 2935 2924
1269 877 2935 2924
173 68 2935 2924
1626 930 2935 2924
1398 33 2935 2924
911 1756 2935 2924
1462 741 2935 2924
1442 323 2935 2924
706 407 2935 2924
1310 1593 2935 2924
120 1220 2935 2924
1749 1322 2935 2924
1682 1925 2935 2924
660 380 2935 2924
256 1550 2935 2924
1492 1054 2935 2924
1184 618 2935 2924
820 1658 2935 2924
376 930 2935 2924
1458 1508 2935 2924
375 101 2935 2924
1153 1882 2935 2924
1593 159 2935 2924
194 787 2935 2924
1666 340 2935 2924
1677 1298 2935 2924
159 467 2935 2924
262 1059 2935 2924
26 917 2935 2924
154 1466 2935 2924
677 1644 2935 2924
1137 1688 2935 2924
635 1015 2935 2924
331 935 2935 2924
595 1450 2935 2924
981 75 2935 2924
1694 232 2935 2924
1955 944 2935 2924
182 811 2935 2924
1557 1888 2935 2924
1823 1015 2935 2924
148 76 2935 2924
808 716 2935 2924
1283 288 2935 2924
296 19 2935 2924
1616 241 2935 2924
802 1054 2935 2924
1234 1327 2935 2924
1283 1401 2935 2924
282 373 2935 2924
1569 1053 2935 2924
916 838 2935 2924
779 1817 2935 2924
1189 1135 2935 2924
237 713 2935 2924
1532 202 2935 2924
219 641 2935 2924
1634 1318 2935 2924
1154 976 2935 2924
108 225 2935 2924
1068 352 2935 2924
229 1952 2935 2924
890 1681 2935 2924
342 755 2935 2924
1481 1587 2935 2924
1216 900 2935 2924
544 779 2935 2924
1070 1798 2935 2924
1246 329 2935 2924
982 327 2935 2924
1181 698 2935 2924
742 256 2935 2924
883 338 2935 2924
552 17 2935 2924
846 287 2935 2924
288 1240 2935 2924
213 1451 2935 2924
1018 904 2935 2924
1131 424 2935 2924
622 1284 2935 2924
1037 35 2935 2924
206 1379 2935 2924
224 963 2935 2924
1156 1418 2935 2924
870 904 2935 2924
1478 552 2935 2924
1528 606 2935 2924
980 995 2935 2924
842 1065 2935 2924
1046 1869 2935 2924
523 265 2935 2924
1600 1075 2935 2924
164 261 2935 2924
495 249 2935 2924
1206 81 2935 2924
602 673 2935 2924
174 1818 2935 2924
1475 1171 2935 2924
835 261 2935 2924
1670 4 2935 2924
131 501 2935 2924
71 961 2935 2924
1867 581 2935 2924
1397 946 2935 2924
526 1463 2935 2924
1227 841 2935 2924
1562 1341 2935 2924
1003 1842 2935 2924
1496 1054 2935 2924
1027 1235 2935 2924
1211 925 2935 2924
1466 682 2935 2924
733 1623 2935 2924
1041 1268 2935 2924
1094 1635 2935 2924
531 1474 2935 2924
1255 1697 2935 2924
487 1586 2935 2924
1848 1182 2935 2924
59 1806 2935 2924
1152 1468 2935 2924
664 1334 2935 2924
219 1259 2935 2924
178 1158 2935 2924
1987 1093 2935 2924
1895 645 2935 2924
201 1227 2935 2924
1245 1649 2935 2924
1434 1995 2935 2924
1877 1045 2935 2924
1292 1163 2935 2924
492 1124 2935 2924
1936 1516 2935 2924
1190 701 2935 2924
1967 1145 2935 2924
995 647 2935 2924
607 279 2935 2924
1981 1507 2935 2924
893 437 2935 2924
917 1103 2935 2924
418 603 2935 2924
1386 495 2935 2924
1936 508 2935 2924
67 916 2935 2924
1172 213 2935 2924
226 1510 2935 2924
835 957 2935 2924
1313 1803 2935 2924
702 1765 2935 2924
1270 688 2935 2924
144 151 2935 2924
208 316 2935 2924
1772 793 2935 2924
761 1362 2935 2924
1841 1273 2935 2924
835 1532 2935 2924
792 1535 2935 2924
269 866 2935 2924
530 1488 2935 2924
1485 451 2935 2924
1228 1206 2935 2924
438 377 2935 2924
908 11 2935 2924
1969 215 2935 2924
947 301 2935 2924
293 331 2935 2924
954 1368 2935 2924
368 606 2935 2924
583 242 2935 2924
1084 1936 2935 2924
183 1175 2935 2924
973 607 2935 2924
179 1890 2935 2924
208 110 2935 2924
1741 950 2935 2924
1435 191 2935 2924
1681 670 2935 2924
129 1564 2935 2924
102 179 2935 2924
589 1015 2935 2924
124 1796 2935 2924
1491 1455 2935 2924
1726 492 2935 2924
548 1980 2935 2924
1071 1217 2935 2924
1016 192 2935 2924
718 576 2935 2924
1699 1461 2935 2924
339 292 2935 2924
1522 1235 2935 2924
1265 735 2935 2924
205 280 2935 2924
1028 77 2935 2924
580 1600 2935 2924
594 357 2935 2924
1252 1548 2935 2924
1228 953 2935 2924
49 1420 2935 2924
1067 1762 2935 2924
1851 999 2935 2924
1557 1206 2935 2924
1627 1840 2935 2924
743 836 2935 2924
276 208 2935 2924
1114 1221 2935 2924
4 1504 2935 2924
1344 1946 2935 2924
1666 1358 2935 2924
1333 434 2935 2924
271 532 2935 2924
1696 1474 2935 2924
1495 390 2935 2924
897 828 2935 2924
1535 1074 2935 2924
1010 747 2935 2924
134 1055 2935 2924
376 1139 2935 2924
710 160 2935 2924
1537 499 2935 2924
401 1232 2935 2924
822 100 2935 2924
1606 1014 2935 2924
615 1592 2935 2924
619 1904 2935 2924
995 381 2935 2924
1554 329 2935 2924
95 954 2935 2924
646 1348 2935 2924
380 543 2935 2924
1996 992 2935 2924
403 118 2935 2924
1732 532 2935 2924
425 1446 2935 2924
360 593 2935 2924
925 1068 2935 2924
1609 709 2935 2924
1799 1009 2935 2924
631 1316 2935 2924
633 1689 2935 2924
1767 975 2935 2924
1711 1824 2935 2924
1404 1438 2935 2924
1520 1996 2935 2924
416 487 2935 2924
220 1776 2935 2924
361 1142 2935 2924
381 500 2935 2924
1303 1877 2935 2924
360 1199 2935 2924
1170 1267 2935 2924
59 144 2935 2924
126 142 2935 2924
1294 1630 2935 2924
424 1851 2935 2924
676 652 2935 2924
1607 826 2935 2924
857 1769 2935 2924
1694 1156 2935 2924
1170 553 2935 2924
1702 1838 2935 2924
242 1103 2935 2924
294 1526 2935 2924
1521 1061 2935 2924
157 1282 2935 2924
1189 1904 2935 2924
1363 1014 2935 2924
730 174 2935 2924
1261 236 2935 2924
1643 856 2935 2924
1576 283 2935 2924
1241 1570 2935 2924
11 1058 2935 2924
1024 1160 2935 2924
1799 1739 2935 2924
407 1809 2935 2924
1896 475 2935 2924
45 989 2935 2924
1490 1758 2935 2924
15 488 2935 2924
1734 1101 2935 2924
15 982 2935 2924
348 1209 2935 2924
1419 519 2935 2924
1481 1422 2935 2924
461 1906 2935 2924
1688 1059 2935 2924
151 1483 2935 2924
610 982 2935 2924
1269 1662 2935 2924
1192 883 2935 2924
1692 387 2935 2924
1733 1755 2935 2924
47 1914 2935 2924
286 1502 2935 2924
214 910 2935 2924
1123 387 2935 2924
326 1924 2935 2924
797 573 2935 2924
1742 298 2935 2924
272 453 2935 2924
853 1946 2935 2924
264 980 2935 2924
31 1030 2935 2924
1085 616 2935 2924
503 827 2935 2924
1280 1563 2935 2924
964 1616 2935 2924
1517 497 2935 2924
310 198 2935 2924
281 503 2935 2924
1735 1847 2935 2924
1860 1991 2935 2924
843 1032 2935 2924
1606 1537 2935 2924
322 1465 2935 2924
210 1649 2935 2924
3 1073 2935 2924
55 61 2935 2924
433 356 2935 2924
1275 1893 2935 2924
1527 1663 2935 2924
993 227 2935 2924
1549 696 2935 2924
578 1995 2935 2924
450 1552 2935 2924
949 713 2935 2924
1793 1794 2935 2924
1176 1751 2935 2924
1358 1827 2935 2924
678 1158 2935 2924
1336 1137 2935 2924
1808 913 2935 2924
118 278 2935 2924
918 111 2935 2924
924 628 2935 2924
302 688 2935 2924
1141 809 2935 2924
984 1533 2935 2924
1431 1978 2935 2924
274 969 2935 2924
1668 1432 2935 2924
1951 52 2935 2924
213 1936 2935 2924
1408 1588 2935 2924
975 1444 2935 2924
989 1019 2935 2924
1503 501 2935 2924
1402 342 2935 2924
1807 1114 2935 2924
1557 1146 2935 2924
593 1608 2935 2924
1411 151 2935 2924
240 1481 2935 2924
1192 166 2935 2924
1156 119 2935 2924
462 732 2935 2924
620 1040 2935 2924
298 791 2935 2924
499 2000 2935 2924
844 1325 2935 2924
1789 444 2935 2924
876 914 2935 2924
1832 1555 2935 2924
912 976 2935 2924
286 1869 2935 2924
1907 1022 2935 2924
751 413 2935 2924
1757 363 2935 2924
441 801 2935 2924
703 1489 2935 2924
1282 174 2935 2924
837 1508 2935 2924
1545 54 2935 2924
1988 1922 2935 2924
330 1923 2935 2924
1323 115 2935 2924
1241 1723 2935 2924
659 1320 2935 2924
451 1164 2935 2924
1521 238 2935 2924
1554 638 2935 2924
1089 1930 2935 2924
1351 422 2935 2924
218 1003 2935 2924
544 799 2935 2924
510 1164 2935 2924
145 1392 2935 2924
1768 1361 2935 2924
236 1370 2935 2924
1597 679 2935 2924
475 1913 2935 2924
1918 358 2935 2924
18 80 2935 2924
1810 784 2935 2924
1967 1551 2935 2924
750 385 2935 2924
668 1966 2935 2924
798 1854 2935 2924
697 753 2935 2924
170 1336 2935 2924
1140 675 2935 2924
1492 1480 2935 2924
1042 1149 2935 2924
278 1026 2935 2924
1413 1278 2935 2924
359 1796 2935 2924
1541 1121 2935 2924
228 1749 2935 2924
1817 540 2935 2924
184 184 2935 2924
621 621 2935 2924
966 1240 2935 2924
315 365 2935 2924
27 1227 2935 2924
1860 910 2935 2924
751 322 2935 2924
197 1646 2935 2924
1426 1028 2935 2924
1701 1204 2935 2924
753 1128 2935 2924
1747 479 2935 2924
1407 1449 2935 2924
1210 188 2935 2924
702 673 2935 2924
1406 14 2935 2924
1414 1521 2935 2924
221 453 2935 2924
586 1748 2935 2924
1488 890 2935 2924
40 481 2935 2924
1545 638 2935 2924
951 1768 2935 2924
197 512 2935 2924
1848 1809 2935 2924
1849 1702 2935 2924
1334 242 2935 2924
1127 544 2935 2924
1096 1735 2935 2924
103 1114 2935 2924
1084 202 2935 2924
1504 1448 2935 2924
1995 1674 2935 2924
1150 937 2935 2924
650 1285 2935 2924
1211 214 2935 2924
116 1520 2935 2924
1896 401 2935 2924
274 1515 2935 2924
962 521 2935 2924
101 1039 2935 2924
991 450 2935 2924
1544 1889 2935 2924
1376 367 2935 2924
864 110 2935 2924
287 410 2935 2924
1613 143 2935 2924
208 983 2935 2924
1160 1972 2935 2924
753 54 2935 2924
1157 1578 2935 2924
1915 720 2935 2924
192 1991 2935 2924
1168 775 2935 2924
641 1482 2935 2924
1453 1848 2935 2924
378 1901 2935 2924
1879 1913 2935 2924
1861 1589 2935 2924
1711 1421 2935 2924
1048 1022 2935 2924
816 1244 2935 2924
770 576 2935 2924
1901 686 2935 2924
1837 1279 2935 2924
869 431 2935 2924
1228 1940 2935 2924
1761 121 2935 2924
668 839 2935 2924
1362 1775 2935 2924
596 1094 2935 2924
917 1341 2935 2924
1974 1980 2935 2924
640 1419 2935 2924
317 189 2935 2924
724 1113 2935 2924
735 934 2935 2924
1434 290 2935 2924
1547 1951 2935 2924
232 619 2935 2924
1113 1562 2935 2924
587 386 2935 2924
174 1459 2935 2924
1084 241 2935 2924
423 991 2935 2924
557 490 2935 2924
1082 1935 2935 2924
1003 858 2935 2924
538 236 2935 2924
11 1559 2935 2924
882 1386 2935 2924
1022 964 2935 2924
566 1254 2935 2924
1391 1642 2935 2924
519 250 2935 2924
769 350 2935 2924
1213 598 2935 2924
163 464 2935 2924
860 1190 2935 2924
382 215 2935 2924
1250 448 2935 2924
707 1831 2935 2924
1332 100 2935 2924
1646 1677 2935 2924
950 124 2935 2924
1448 1022 2935 2924
1906 1899 2935 2924
638 270 2935 2924
989 1472 2935 2924
477 149 2935 2924
1607 914 2935 2924
599 664 2935 2924
1689 498 2935 2924
524 1208 2935 2924
374 1838 2935 2924
20 92 2935 2924
604 1610 2935 2924
289 1991 2935 2924
1202 422 2935 2924
1984 1318 2935 2924
1593 1229 2935 2924
886 224 2935 2924
1741 433 2935 2924
868 1350 2935 2924
1331 1938 2935 2924
1892 1138 2935 2924
602 1702 2935 2924
427 1401 2935 2924
60 239 2935 2924
935 1707 2935 2924
587 1418 2935 2924
1217 495 2935 2924
1206 1212 2935 2924
266 426 2935 2924
547 1621 2935 2924
1166 662 2935 2924
1316 1438 2935 2924
1701 76 2935 2924
1380 908 2935 2924
879 1565 2935 2924
1065 588 2935 2924
325 1090 2935 2924
257 1623 2935 2924
493 1745 2935 2924
87 349 2935 2924
1092 1288 2935 2924
1324 1659 2935 2924
1411 1665 2935 2924
672 711 2935 2924
1900 399 2935 2924
1112 384 2935 2924
1771 1389 2935 2924
215 1280 2935 2924
167 867 2935 2924
1159 1451 2935 2924
1296 546 2935 2924
318 991 2935 2924
560 148 2935 2924
1308 932 2935 2924
140 1199 2935 2924
1561 1387 2935 2924
242 1073 2935 2924
41 273 2935 2924
714 1810 2935 2924
1225 906 2935 2924
39 311 2935 2924
945 792 2935 2924
917 122 2935 2924
769 1763 2935 2924
842 789 2935 2924
1046 1327 2935 2924
1926 1878 2935 2924
1460 139 2935 2924
69 458 2935 2924
1322 1326 2935 2924
1625 1604 2935 2924
1139 714 2935 2924
1378 675 2935 2924
1585 171 2935 2924
1480 354 2935 2924
370 422 2935 2924
1708 1361 2935 2924
93 572 2935 2924
173 1503 2935 2924
915 1350 2935 2924
1870 1617 2935 2924
1360 1784 2935 2924
