1000
707 1842 1357 1336
982 665 1357 1336
601 310 1357 1336
505 1925 1357 1336
1441 259 1357 1336
209 169 1357 1336
1978 803 1357 1336
405 911 1357 1336
83 1681 1357 1336
687 1843 1357 1336
1280 1226 1357 1336
571 1172 1357 1336
1813 1437 1357 1336
1237 1360 1357 1336
792 394 1357 1336
30 1019 1357 1336
722 1910 1357 1336
392 56 1357 1336
654 1893 1357 1336
1221 622 1357 1336
825 846 1357 1336
827 548 1357 1336
1184 1547 1357 1336
1730 884 1357 1336
148 405 1357 1336
1411 43 1357 1336
600 891 1357 1336
1675 471 1357 1336
129 508 1357 1336
485 1703 1357 1336
917 1383 1357 1336
643 702 1357 1336
76 962 1357 1336
534 1616 1357 1336
322 720 1357 1336
1104 675 1357 1336
1458 9 1357 1336
1721 527 1357 1336
572 1925 1357 1336
7 206 1357 1336
95 400 1357 1336
691 1932 1357 1336
911 1464 1357 1336
106 551 1357 1336
1807 1914 1357 1336
1129 1775 1357 1336
312 216 1357 1336
1920 919 1357 1336
1056 1045 1357 1336
288 690 1357 1336
179 1462 1357 1336
1756 774 1357 1336
589 914 1357 1336
539 1980 1357 1336
1150 227 1357 1336
1220 1005 1357 1336
1636 1235 1357 1336
656 470 1357 1336
1923 639 1357 1336
1434 1428 1357 1336
1584 951 1357 1336
178 1816 1357 1336
1041 1035 1357 1336
645 452 1357 1336
1454 15 1357 1336
326 1884 1357 1336
1763 1175 1357 1336
152 1478 1357 1336
859 1755 1357 1336
993 313 1357 1336
406 36 1357 1336
9 1953 1357 1336
227 1628 1357 1336
1240 217 1357 1336
918 1986 1357 1336
778 190 1357 1336
1107 851 1357 1336
942 1651 1357 1336
736 1777 1357 1336
1282 1111 1357 1336
182 336 1357 1336
1641 736 1357 1336
1697 1587 1357 1336
1925 1843 1357 1336
587 291 1357 1336
220 72 1357 1336
1396 1688 1357 1336
870 1162 1357 1336
300 1485 1357 1336
1244 1605 1357 1336
679 1615 1357 1336
1227 1382 1357 1336
792 190 1357 1336
271 1438 1357 1336
1925 1547 1357 1336
1688 1311 1357 1336
1097 1688 1357 1336
1415 396 1357 1336
1324 1882 1357 1336
433 701 1357 1336
957 1754 1357 1336
1402 472 1357 1336
984 143 1357 1336
1867 1688 1357 1336
624 101 1357 1336
733 1338 1357 1336
118 568 1357 1336
411 955 1357 1336
574 1337 1357 1336
979 1018 1357 1336
433 1527 1357 1336
901 492 1357 1336
1317 567 1357 1336
1506 354 1357 1336
1558 45 1357 1336
1085 388 1357 1336
81 912 1357 1336
1085 1113 1357 1336
307 393 1357 1336
729 556 1357 1336
205 771 1357 1336
762 1560 1357 1336
1651 588 1357 1336
204 1372 1357 1336
1463 1331 1357 1336
748 1928 1357 1336
866 1255 1357 1336
586 718 1357 1336
1948 1118 1357 1336
825 1521 1357 1336
542 282 1357 1336
938 1416 1357 1336
1975 1333 1357 1336
1028 1515 1357 1336
83 1238 1357 1336
974 405 1357 1336
197 1833 1357 1336
386 1968 1357 1336
766 1643 1357 1336
1276 219 1357 1336
979 619 1357 1336
1241 1991 1357 1336
1114 858 1357 1336
1128 357 1357 1336
733 1579 1357 1336
1627 1817 1357 1336
501 483 1357 1336
1222 362 1357 1336
415 377 1357 1336
1855 943 1357 1336
1242 1079 1357 1336
1996 290 1357 1336
7 1863 1357 1336
87 704 1357 1336
935 758 1357 1336
381 647 1357 1336
1728 1475 1357 1336
1706 359 1357 1336
712 832 1357 1336
142 657 1357 1336
1223 1648 1357 1336
602 1866 1357 1336
1177 23 1357 1336
627 1192 1357 1336
457 45 1357 1336
334 1443 1357 1336
1015 1242 1357 1336
898 1125 1357 1336
707 1339 1357 1336
1225 1338 1357 1336
1407 1419 1357 1336
366 1856 1357 1336
911 474 1357 1336
975 1976 1357 1336
1116 425 1357 1336
1308 1714 1357 1336
1244 140 1357 1336
182 772 1357 1336
364 246 1357 1336
1008 868 1357 1336
1670 1583 1357 1336
1185 537 1357 1336
1162 1873 1357 1336
1344 1533 1357 1336
569 934 1357 1336
1990 1517 1357 1336
404 1355 1357 1336
287 999 1357 1336
49 416 1357 1336
1656 1178 1357 1336
1766 102 1357 1336
1746 1017 1357 1336
971 1678 1357 1336
989 920 1357 1336
380 480 1357 1336
333 173 1357 1336
869 1169 1357 1336
232 863 1357 1336
1139 1611 1357 1336
1318 970 1357 1336
1657 1529 1357 1336
799 1321 1357 1336
216 247 1357 1336
1632 1146 1357 1336
117 262 1357 1336
422 189 1357 1336
886 1349 1357 1336
1952 1141 1357 1336
1349 1848 1357 1336
816 628 1357 1336
827 421 1357 1336
1146 1651 1357 1336
1989 1986 1357 1336
1044 1383 1357 1336
466 856 1357 1336
196 204 1357 1336
1187 1202 1357 1336
1717 462 1357 1336
1225 1902 1357 1336
561 650 1357 1336
58 1194 1357 1336
247 802 1357 1336
332 152 1357 1336
694 1061 1357 1336
1896 1290 1357 1336
1952 362 1357 1336
200 277 1357 1336
808 1926 1357 1336
328 1730 1357 1336
147 784 1357 1336
168 1896 1357 1336
746 612 1357 1336
439 179 1357 1336
1110 460 1357 1336
169 240 1357 1336
402 1816 1357 1336
1554 1037 1357 1336
13 247 1357 1336
985 509 1357 1336
4 1387 1357 1336
1989 1058 1357 1336
107 1689 1357 1336
291 913 1357 1336
597 1990 1357 1336
669 1073 1357 1336
1335 842 1357 1336
179 1915 1357 1336
1369 80 1357 1336
1238 1691 1357 1336
932 1572 1357 1336
887 1725 1357 1336
1428 131 1357 1336
1820 1920 1357 1336
598 1470 1357 1336
1419 1190 1357 1336
731 790 1357 1336
941 1857 1357 1336
1443 305 1357 1336
1500 503 1357 1336
1571 995 1357 1336
1012 911 1357 1336
127 597 1357 1336
1285 1762 1357 1336
1919 322 1357 1336
367 970 1357 1336
1358 52 1357 1336
1508 1317 1357 1336
325 955 1357 1336
1401 1170 1357 1336
1412 1653 1357 1336
148 1442 1357 1336
906 1078 1357 1336
1983 1240 1357 1336
679 1346 1357 1336
995 1673 1357 1336
1040 1870 1357 1336
1389 748 1357 1336
107 610 1357 1336
1565 651 1357 1336
334 472 1357 1336
241 1328 1357 1336
788 1998 1357 1336
1422 1848 1357 1336
1975 464 1357 1336
1143 1123 1357 1336
1446 926 1357 1336
1251 1297 1357 1336
1184 828 1357 1336
1019 1094 1357 1336
1127 700 1357 1336
40 1222 1357 1336
830 101 1357 1336
793 633 1357 1336
1803 527 1357 1336
1867 760 1357 1336
1525 404 1357 1336
846 413 1357 1336
1158 1345 1357 1336
662 470 1357 1336
1113 1218 1357 1336
1175 739 1357 1336
1852 744 1357 1336
552 259 1357 1336
463 406 1357 1336
1040 1146 1357 1336
675 1983 1357 1336
396 334 1357 1336
1180 106 1357 1336
1782 948 1357 1336
527 1598 1357 1336
1087 1095 1357 1336
484 1237 1357 1336
501 1793 1357 1336
1988 972 1357 1336
813 1728 1357 1336
1019 1201 1357 1336
186 1682 1357 1336
1943 964 1357 1336
387 584 1357 1336
1718 1734 1357 1336
177 726 1357 1336
684 940 1357 1336
1181 161 1357 1336
1690 348 1357 1336
1654 703 1357 1336
471 1949 1357 1336
953 1658 1357 1336
1067 475 1357 1336
598 1821 1357 1336
1742 1553 1357 1336
657 869 1357 1336
477 461 1357 1336
303 432 1357 1336
1717 1792 1357 1336
932 257 1357 1336
949 570 1357 1336
283 1449 1357 1336
1872 1537 1357 1336
61 1311 1357 1336
600 363 1357 1336
408 1833 1357 1336
1188 1422 1357 1336
265 1872 1357 1336
426 23 1357 1336
1890 1696 1357 1336
37 399 1357 1336
596 212 1357 1336
1695 151 1357 1336
1701 494 1357 1336
1752 1213 1357 1336
699 1340 1357 1336
141 1188 1357 1336
543 1603 1357 1336
1457 1488 1357 1336
955 792 1357 1336
1207 551 1357 1336
476 1346 1357 1336
1060 1376 1357 1336
815 265 1357 1336
1857 1671 1357 1336
583 1273 1357 1336
1447 1751 1357 1336
1221 1823 1357 1336
1058 1710 1357 1336
1406 826 1357 1336
30 1116 1357 1336
665 1819 1357 1336
524 1155 1357 1336
30 869 1357 1336
221 232 1357 1336
1543 397 1357 1336
405 256 1357 1336
1650 1130 1357 1336
1113 1411 1357 1336
684 1365 1357 1336
321 1580 1357 1336
1383 1562 1357 1336
1526 599 1357 1336
964 1381 1357 1336
1572 1713 1357 1336
473 1462 1357 1336
889 875 1357 1336
1340 589 1357 1336
244 999 1357 1336
1574 749 1357 1336
1862 1753 1357 1336
513 12 1357 1336
260 1366 1357 1336
330 1697 1357 1336
1762 904 1357 1336
1551 1285 1357 1336
1240 279 1357 1336
80 786 1357 1336
1441 641 1357 1336
257 1510 1357 1336
1159 546 1357 1336
1174 864 1357 1336
104 732 1357 1336
614 1906 1357 1336
1347 464 1357 1336
137 45 1357 1336
1931 1971 1357 1336
1993 1031 1357 1336
402 474 1357 1336
20 87 1357 1336
287 1997 1357 1336
135 1687 1357 1336
1560 791 1357 1336
1796 1809 1357 1336
696 675 1357 1336
973 835 1357 1336
106 1760 1357 1336
1750 378 1357 1336
1915 1694 1357 1336
1990 1482 1357 1336
1755 1647 1357 1336
470 707 1357 1336
1292 934 1357 1336
1248 333 1357 1336
1457 1050 1357 1336
304 1805 1357 1336
1152 563 1357 1336
150 605 1357 1336
512 1660 1357 1336
1426 1175 1357 1336
411 1103 1357 1336
646 490 1357 1336
1068 891 1357 1336
791 1059 1357 1336
1650 1793 1357 1336
444 1829 1357 1336
427 1442 1357 1336
605 673 1357 1336
1177 642 1357 1336
212 1918 1357 1336
704 1496 1357 1336
367 1281 1357 1336
1541 939 1357 1336
1963 997 1357 1336
784 598 1357 1336
618 501 1357 1336
1594 180 1357 1336
494 1628 1357 1336
799 1860 1357 1336
1659 907 1357 1336
1757 965 1357 1336
1688 1187 1357 1336
371 794 1357 1336
94 38 1357 1336
1074 1192 1357 1336
535 666 1357 1336
815 1251 1357 1336
1615 1301 1357 1336
1742 436 1357 1336
1222 689 1357 1336
1544 1205 1357 1336
1788 1641 1357 1336
1366 1330 1357 1336
995 570 1357 1336
1986 185 1357 1336
656 115 1357 1336
332 1242 1357 1336
938 1748 1357 1336
1299 936 1357 1336
617 1298 1357 1336
1960 614 1357 1336
551 1105 1357 1336
670 1963 1357 1336
82 1800 1357 1336
460 957 1357 1336
344 944 1357 1336
1016 1209 1357 1336
1624 1109 1357 1336
1293 969 1357 1336
1975 355 1357 1336
1590 1499 1357 1336
712 1401 1357 1336
912 1921 1357 1336
1346 1065 1357 1336
315 731 1357 1336
94 1877 1357 1336
1529 1086 1357 1336
310 1443 1357 1336
1981 1088 1357 1336
967 1434 1357 1336
1293 1672 1357 1336
79 82 1357 1336
976 450 1357 1336
1295 1640 1357 1336
977 137 1357 1336
457 471 1357 1336
1657 635 1357 1336
482 575 1357 1336
1816 1080 1357 1336
1857 193 1357 1336
1740 1043 1357 1336
574 1632 1357 1336
1911 895 1357 1336
515 1073 1357 1336
333 1826 1357 1336
1630 219 1357 1336
563 660 1357 1336
428 440 1357 1336
1857 689 1357 1336
1055 1441 1357 1336
1920 1922 1357 1336
1289 950 1357 1336
1389 312 1357 1336
1966 1203 1357 1336
979 1873 1357 1336
165 219 1357 1336
1124 1344 1357 1336
375 1169 1357 1336
1969 1961 1357 1336
926 153 1357 1336
1788 1201 1357 1336
103 987 1357 1336
1773 834 1357 1336
1984 1376 1357 1336
778 868 1357 1336
1354 1938 1357 1336
924 1413 1357 1336
951 784 1357 1336
864 1730 1357 1336
1532 535 1357 1336
579 267 1357 1336
1136 761 1357 1336
645 962 1357 1336
363 890 1357 1336
823 268 1357 1336
296 621 1357 1336
380 206 1357 1336
978 603 1357 1336
1563 1408 1357 1336
634 107 1357 1336
106 749 1357 1336
1487 1834 1357 1336
692 1745 1357 1336
67 1541 1357 1336
1956 1641 1357 1336
1645 90 1357 1336
807 1094 1357 1336
225 1178 1357 1336
1646 1849 1357 1336
1577 201 1357 1336
1241 1176 1357 1336
111 972 1357 1336
252 247 1357 1336
1456 1049 1357 1336
845 1295 1357 1336
1834 1162 1357 1336
835 1227 1357 1336
494 1194 1357 1336
1416 53 1357 1336
1918 1045 1357 1336
1160 1981 1357 1336
863 1420 1357 1336
223 370 1357 1336
392 606 1357 1336
942 1382 1357 1336
929 576 1357 1336
519 1629 1357 1336
68 1686 1357 1336
1772 222 1357 1336
351 711 1357 1336
1459 1440 1357 1336
1440 988 1357 1336
740 286 1357 1336
1975 816 1357 1336
1080 115 1357 1336
1142 1089 1357 1336
1820 1486 1357 1336
1572 717 1357 1336
1868 47 1357 1336
1685 1350 1357 1336
1496 135 1357 1336
403 1342 1357 1336
817 539 1357 1336
696 939 1357 1336
1564 962 1357 1336
1761 51 1357 1336
733 626 1357 1336
1724 576 1357 1336
1645 1686 1357 1336
1146 974 1357 1336
1141 1034 1357 1336
1165 567 1357 1336
1504 1404 1357 1336
586 1469 1357 1336
1036 1757 1357 1336
1288 1504 1357 1336
857 1054 1357 1336
1951 1699 1357 1336
39 275 1357 1336
1546 731 1357 1336
44 1427 1357 1336
596 623 1357 1336
1084 709 1357 1336
1246 1080 1357 1336
542 19 1357 1336
1415 1810 1357 1336
1485 602 1357 1336
866 1129 1357 1336
1764 792 1357 1336
1731 829 1357 1336
1072 588 1357 1336
945 1198 1357 1336
1138 1930 1357 1336
1253 1151 1357 1336
1466 1780 1357 1336
1322 1990 1357 1336
1068 993 1357 1336
538 394 1357 1336
718 377 1357 1336
982 1492 1357 1336
824 869 1357 1336
638 1982 1357 1336
1298 1667 1357 1336
869 1558 1357 1336
408 1665 1357 1336
1694 1163 1357 1336
617 573 1357 1336
945 238 1357 1336
1315 11 1357 1336
1990 1666 1357 1336
25 381 1357 1336
600 1197 1357 1336
1181 1628 1357 1336
1314 1124 1357 1336
229 1198 1357 1336
1765 1874 1357 1336
233 45 1357 1336
160 929 1357 1336
403 1830 1357 1336
1734 846 1357 1336
237 1622 1357 1336
1003 393 1357 1336
1510 1023 1357 1336
183 1394 1357 1336
781 1633 1357 1336
1328 413 1357 1336
1379 1872 1357 1336
852 1502 1357 1336
1645 1572 1357 1336
780 1741 1357 1336
1840 1492 1357 1336
522 227 1357 1336
819 154 1357 1336
1340 1115 1357 1336
1151 577 1357 1336
389 1409 1357 1336
770 1881 1357 1336
1962 614 1357 1336
295 1745 1357 1336
1586 409 1357 1336
1502 1996 1357 1336
341 814 1357 1336
1082 1100 1357 1336
1198 1915 1357 1336
1134 1274 1357 1336
1465 1718 1357 1336
687 1819 1357 1336
1556 1896 1357 1336
1236 507 1357 1336
625 1420 1357 1336
1464 1462 1357 1336
290 879 1357 1336
166 73 1357 1336
1436 1265 1357 1336
332 917 1357 1336
756 915 1357 1336
1320 1884 1357 1336
228 807 1357 1336
525 1682 1357 1336
934 307 1357 1336
895 1436 1357 1336
1511 173 1357 1336
114 388 1357 1336
1173 1407 1357 1336
1902 178 1357 1336
1057 980 1357 1336
1981 260 1357 1336
1950 1737 1357 1336
1803 1270 1357 1336
655 844 1357 1336
1365 1658 1357 1336
908 1520 1357 1336
1098 1585 1357 1336
1517 231 1357 1336
556 1792 1357 1336
861 470 1357 1336
160 412 1357 1336
440 1092 1357 1336
521 1405 1357 1336
716 890 1357 1336
1488 958 1357 1336
907 1699 1357 1336
1615 299 1357 1336
1367 1325 1357 1336
1296 465 1357 1336
1333 103 1357 1336
450 912 1357 1336
1530 608 1357 1336
1620 1212 1357 1336
1552 1646 1357 1336
1368 407 1357 1336
1073 1556 1357 1336
785 1945 1357 1336
586 729 1357 1336
1348 616 1357 1336
1577 136 1357 1336
1322 1407 1357 1336
1647 1050 1357 1336
604 314 1357 1336
95 1005 1357 1336
1957 1208 1357 1336
316 1232 1357 1336
1715 1704 1357 1336
1822 900 1357 1336
1926 1884 1357 1336
909 1260 1357 1336
1343 632 1357 1336
324 1101 1357 1336
1554 1923 1357 1336
1263 1470 1357 1336
852 1028 1357 1336
1757 185 1357 1336
1036 1141 1357 1336
1790 1255 1357 1336
69 676 1357 1336
1685 1288 1357 1336
1626 12 1357 1336
790 1912 1357 1336
1673 1920 1357 1336
1017 762 1357 1336
593 384 1357 1336
933 49 1357 1336
339 1234 1357 1336
485 1953 1357 1336
1923 1338 1357 1336
1606 258 1357 1336
775 769 1357 1336
1910 669 1357 1336
1623 961 1357 1336
278 1740 1357 1336
203 1478 1357 1336
1113 45 1357 1336
464 1166 1357 1336
274 1696 1357 1336
1699 1738 1357 1336
441 84 1357 1336
1571 730 1357 1336
774 1597 1357 1336
642 612 1357 1336
580 145 1357 1336
517 1006 1357 1336
895 1573 1357 1336
1167 1263 1357 1336
501 1204 1357 1336
1353 81 1357 1336
425 1064 1357 1336
45 945 1357 1336
1147 1150 1357 1336
773 1613 1357 1336
1552 1430 1357 1336
1120 964 1357 1336
512 1729 1357 1336
1853 1561 1357 1336
2 849 1357 1336
1262 896 1357 1336
1185 1819 1357 1336
1606 767 1357 1336
1114 39 1357 1336
1499 718 1357 1336
363 750 1357 1336
132 855 1357 1336
1093 315 1357 1336
1691 1286 1357 1336
475 427 1357 1336
923 1193 1357 1336
1632 172 1357 1336
50 896 1357 1336
1660 657 1357 1336
1808 925 1357 1336
1719 347 1357 1336
166 117 1357 1336
1276 1105 1357 1336
504 1918 1357 1336
1847 1577 1357 1336
1243 1870 1357 1336
327 1580 1357 1336
886 993 1357 1336
1388 629 1357 1336
261 115 1357 1336
1673 1842 1357 1336
1697 1250 1357 1336
1347 257 1357 1336
40 989 1357 1336
1615 260 1357 1336
587 1015 1357 1336
1223 797 1357 1336
1370 1588 1357 1336
101 754 1357 1336
1146 1433 1357 1336
1782 25 1357 1336
351 1792 1357 1336
857 1148 1357 1336
1 801 1357 1336
317 1462 1357 1336
171 90 1357 1336
21 1876 1357 1336
1782 1640 1357 1336
615 1029 1357 1336
786 523 1357 1336
1320 1034 1357 1336
1758 981 1357 1336
81 1942 1357 1336
1226 427 1357 1336
1213 318 1357 1336
1915 1426 1357 1336
440 809 1357 1336
1111 1874 1357 1336
1185 720 1357 1336
452 310 1357 1336
680 703 1357 1336
381 1018 1357 1336
1872 658 1357 1336
780 1787 1357 1336
525 1000 1357 1336
1825 1274 1357 1336
1367 851 1357 1336
1689 1081 1357 1336
837 1318 1357 1336
726 59 1357 1336
403 1749 1357 1336
317 1176 1357 1336
908 1175 1357 1336
323 1270 1357 1336
143 1607 1357 1336
383 1728 1357 1336
845 654 1357 1336
187 1219 1357 1336
1449 250 1357 1336
1411 347 1357 1336
598 1338 1357 1336
1779 1402 1357 1336
1964 1071 1357 1336
332 449 1357 1336
163 381 1357 1336
655 789 1357 1336
1318 519 1357 1336
1120 1355 1357 1336
1441 1525 1357 1336
1636 491 1357 1336
1091 1249 1357 1336
1314 1280 1357 1336
1164 485 1357 1336
598 1397 1357 1336
1407 510 1357 1336
1417 25 1357 1336
1601 988 1357 1336
1865 1788 1357 1336
1624 623 1357 1336
631 783 1357 1336
876 1323 1357 1336
787 807 1357 1336
392 1732 1357 1336
930 59 1357 1336
489 178 1357 1336
1160 1521 1357 1336
686 286 1357 1336
862 1284 1357 1336
454 1682 1357 1336
1228 1904 1357 1336
1844 381 1357 1336
783 4 1357 1336
478 908 1357 1336
1588 1566 1357 1336
313 1490 1357 1336
890 1826 1357 1336
1614 1088 1357 1336
1604 1795 1357 1336
1432 461 1357 1336
1860 248 1357 1336
227 110 1357 1336
1937 696 1357 1336
1502 1070 1357 1336
417 1421 1357 1336
1145 1703 1357 1336
287 1349 1357 1336
1511 1815 1357 1336
1110 347 1357 1336
1741 1500 1357 1336
1907 1698 1357 1336
1025 983 1357 1336
598 394 1357 1336
1755 412 1357 1336
193 1912 1357 1336
518 912 1357 1336
855 626 1357 1336
1791 937 1357 1336
686 912 1357 1336
1381 241 1357 1336
813 668 1357 1336
359 1075 1357 1336
318 1874 1357 1336
1641 1260 1357 1336
1964 672 1357 1336
1806 875 1357 1336
1526 1575 1357 1336
622 720 1357 1336
122 439 1357 1336
674 1440 1357 1336
954 1030 1357 1336
66 767 1357 1336
666 1226 1357 1336
590 68 1357 1336
1791 1481 1357 1336
129 1832 1357 1336
1233 384 1357 1336
111 1574 1357 1336
569 441 1357 1336
168 1628 1357 1336
147 1218 1357 1336
1217 25 1357 1336
1853 1660 1357 1336
594 700 1357 1336
277 58 1357 1336
34 747 1357 1336
1551 1309 1357 1336
61 1801 1357 1336
1644 734 1357 1336
798 221 1357 1336
708 756 1357 1336
484 1522 1357 1336
172 1113 1357 1336
1 1825 1357 1336
784 520 1357 1336
1973 1672 1357 1336
282 481 1357 1336
1799 1990 1357 1336
840 484 1357 1336
316 1611 1357 1336
1673 193 1357 1336
1357 188 1357 1336
48 1838 1357 1336
501 1950 1357 1336
79 1360 1357 1336
1504 662 1357 1336
1533 271 1357 1336
1629 830 1357 1336
976 903 1357 1336
1021 834 1357 1336
1347 1569 1357 1336
481 1966 1357 1336
1505 1694 1357 1336
142 1794 1357 1336
1639 1532 1357 1336
1388 1358 1357 1336
437 1133 1357 1336
1474 325 1357 1336
1853 903 1357 1336
620 270 1357 1336
898 1871 1357 1336
1717 1661 1357 1336
826 508 1357 1336
860 1022 1357 1336
1580 714 1357 1336
1139 1658 1357 1336
1058 1603 1357 1336
1194 704 1357 1336
1784 119 1357 1336
728 1869 1357 1336
1706 1397 1357 1336
434 243 1357 1336
313 943 1357 1336
1186 1557 1357 1336
359 1722 1357 1336
465 889 1357 1336
1781 699 1357 1336
572 1092 1357 1336
1836 1786 1357 1336
690 417 1357 1336
1585 706 1357 1336
499 858 1357 1336
1982 1566 1357 1336
882 701 1357 1336
751 589 1357 1336
1380 1591 1357 1336
50 1551 1357 1336
447 172 1357 1336
342 1126 1357 1336
1659 589 1357 1336
1900 1829 1357 1336
579 1295 1357 1336
1561 1588 1357 1336
1925 474 1357 1336
1841 1145 1357 1336
205 535 1357 1336
1165 239 1357 1336
