16 21
-191 -5214 -4794 -8151 -3271 -2249 -9551 -9733 -5967 -3535 -3761 -4099 -5243 -4006 -6646 -1897 -812 -3627 -4588 -8431 -5098 
-8603 -8405 -2830 -1459 -4399 -547 -3258 -9644 -7932 -3815 -372 -9656 -8813 -7428 -336 -5795 -1810 -1164 -9278 -7105 -589 
-9639 -1433 -8411 -6648 -9845 -9904 -782 -275 -2022 -514 -9708 -6272 -3602 -3581 -418 -2074 -6127 -8455 -5610 -5114 -2826 
-6283 -5292 -1611 -491 -9211 -4236 -8150 -4765 -1591 -401 -3837 -3125 -2171 -3540 -3452 -9870 -1790 -2849 -791 -2668 -7673 
-2499 -7079 -8390 -3110 -9194 -9575 -4095 -4718 -5042 -1048 -7731 -3618 -9183 -3378 -9443 -8457 -1502 -3308 -1480 -9022 -430 
-6411 -3081 -7805 -441 -2585 -7385 -3073 -7983 -9210 -8515 -4531 -7895 -8580 -9416 -7162 -8358 -3505 -6248 -5797 -7382 -7131 
-4687 -8556 -1157 -4679 -5808 -2688 -7077 -4848 -4507 -318 -8136 -2046 -8868 -5746 -8492 -125 -2714 -9437 -695 -8499 -4389 
-4771 -4598 -9318 -3415 -1693 -2685 -3495 -4674 -2819 -5643 -1567 -8287 -9515 -6701 -1751 -1879 -2561 -3661 -8239 -7798 -5538 
-8631 -641 -8142 -6287 4 -5997 -9548 -3366 -6298 -4854 -6384 -9274 -8716 -7254 -4945 -2452 -3318 -9682 -4602 -9655 -2830 
-5885 -4988 -3052 -3757 -7996 49 -5295 -7767 -8281 -7946 -5858 -2654 -1865 -3631 -535 -5704 -3372 -7881 -845 -8302 -5215 
-9627 -2228 -6495 -7896 -3598 -5224 -8575 -2061 -2093 -3861 -4689 -1722 -1986 -7543 -2866 -6110 -1754 -5506 -1769 -3346 -2215 
-8069 -8116 -6290 -7429 -5849 -548 -2749 -8508 -960 -1775 -9717 -2005 -951 -7677 -9473 -2795 -8792 -8955 -3676 -4936 -2894 
-1194 -1048 -9938 -2848 -9539 -3498 -9470 -6670 -5783 -4966 -1127 -7418 -9626 -6109 -7726 -9912 -4747 -3033 -1886 -2491 -8002 
-1793 -6717 -3125 -8638 -2923 -3703 -9508 -6105 -8053 -5693 -4430 -8221 -8631 -8739 -4214 -7447 -9660 -1566 -6815 -2243 -8072 
-1576 -3122 -5059 -8529 -6717 -6271 -972 -8822 -7841 -1692 -4757 -472 -1853 -9739 -4919 -1147 -9646 -9560 -1200 -4833 -9555 
-5594 -8681 -9202 -2047 -3990 -7970 -1294 -265 -9457 -4064 -4067 -7125 -7837 -5592 -7316 -225 -9849 -5702 -2150 -465 -583 
