22 23
-7246 -97 -2608 -5849 -4940 -4582 -4784 -3557 -3973 -4219 -3651 -5233 -402 -6910 -3600 -4508 -6938 -107 12 -1531 -7431 -9947 -3325 
-922 -9864 -8631 -2622 -3327 -2552 -3597 -4287 -2923 -4942 -4233 -6748 -1295 -2468 -1696 -1882 -8524 -6016 -3267 -5199 -5295 -298 -3762 
-9141 -8084 -7441 -2926 -8159 -7223 -2471 -9183 -6224 -4168 -4301 -2444 -7038 -4020 -2545 -6616 -7553 -7691 -4411 -1196 -6574 -8822 -4144 
-8936 -1991 -5461 -8616 -7826 -3778 -9623 -7151 -6386 -5292 -373 -2566 -4230 -5295 -143 -5160 -4247 -9420 -2720 -6839 -8598 -9551 -6725 
-5092 -3483 -7387 -6142 -3746 -8403 -8835 -6462 -7093 -8285 -2421 -8612 -562 -4687 -8629 -6950 -1686 -3762 -7605 -4649 -7003 -7904 -4294 
-6496 -6122 -8429 -7195 -6578 -6436 -743 -3480 -5909 -7215 -3307 -8633 -4274 -8573 -3607 -8528 -6084 -5245 -8624 -1913 -6365 -7619 -8600 
-9666 -8070 -4563 -8944 -3213 -275 -2711 -8034 -7670 -6413 -8915 -9815 -4249 -6482 -8455 -3766 -4626 -4046 -2006 -8283 -2299 -2659 -918 
-3856 -6206 -2322 -1824 -6472 -4513 -3367 -8075 -9812 -6030 -8994 -2206 -6781 -7029 -4487 -2284 -5502 -2066 -2599 -562 -7648 -1567 -8263 
-5220 -1248 -2672 -5228 -7567 -783 -6363 -3963 -6479 -3840 -7675 -3710 -1091 -6947 -4493 -5576 -3855 -2775 -7495 -3583 -5411 -493 -2829 
-317 -7381 -7727 -9961 -9617 -4997 -8287 -3889 -5156 -4990 -7476 -3888 -8234 -247 -3941 -4895 -8921 -6637 -202 -9245 -1820 -2906 -2802 
-3699 -9867 -3985 -8412 -6802 -7812 -7803 -9093 -6324 -4169 71 -1959 -4093 -2303 -5506 -6811 -5623 -7628 -3290 -2930 -7891 -4559 -3777 
-9195 -2776 -6800 -225 -4502 -7055 -8145 -8358 82 -6071 -2705 -3226 33 -3298 -9072 -2836 -7939 -1190 -6175 -2184 -2953 -7970 -6132 
-2513 -3009 -1545 -1779 -5179 -8899 -482 -9135 -9051 -2965 -1720 -1502 -9972 -654 -7553 -4327 -75 -3882 -6254 -1154 -4506 -9529 -6921 
-6339 -7878 -3142 -8966 -3138 -6210 -890 -674 -5591 -6886 -9096 -5628 -4648 -3289 -2534 -1442 -7301 -2325 -7540 -2025 -2159 -7232 -2069 
-6680 -5529 -2583 -7345 -9089 -4120 -6120 -6579 -7221 -7845 -9551 -3654 -7299 -1394 -361 -3153 -8543 -1957 -5282 -87 -6289 -2261 -6275 
-4515 -3880 -2851 -826 -8899 -8877 -9644 -4135 -3639 -4047 -3121 -2709 -5890 -9085 -5738 -9720 -9472 -3233 -1018 -1946 -1899 -1063 -7873 
-7034 -3992 -4456 -7734 -8121 -9840 -8166 -8763 -9130 -6166 -206 -2096 -9050 -2564 -2846 -3286 -2635 -2683 -9026 -2335 -4012 -2069 -7020 
-6172 -966 -2157 -8173 -5506 -8927 -7321 -4229 -2141 -4823 -4766 -7521 -747 -8902 -6231 -5373 -3346 -109 -4033 -493 -5965 -3083 -4518 
-2275 -6553 -5030 -6815 -7829 -7708 -7152 -8166 -7803 -4759 -2189 -8585 -8345 -5133 -113 -8910 -1986 -3973 -2516 -5520 -7713 -5603 -8249 
-2485 -5979 -9751 -2647 -9667 -3485 -5957 -3457 -3374 -8648 -6151 -3313 -6154 -6963 -1041 -1919 -9896 -5742 -4427 -4746 -6272 -2759 -8634 
-9839 -8810 -1630 -698 -1907 -4105 -8213 -4571 -9752 -7583 -4163 -4474 -796 -3587 -9729 -4277 -4196 -9158 -5529 -8208 -6340 -8746 -2073 
-4199 -9373 -415 -5550 -6153 -8129 -2273 -1595 -512 -1553 -3078 -1511 -8992 -1622 -7772 -7619 -2384 -741 -7076 -1500 -754 -7054 -3246 
