9 19
-8981 -3077 -1531 -2418 -5129 -2685 -5920 -764 -9991 -214 -2424 -9607 -3172 -9894 -7065 -7963 -6065 -5988 -4291 
-1216 -6988 -4117 -5791 -5603 -6305 -3069 -912 -8570 -9111 -1368 -6109 -2271 -1149 -5157 -2740 -186 -8809 -5442 
-4162 -3663 -6592 -8918 -1096 -9553 -3576 -6950 -2531 -4825 -5656 -7176 -2569 -3740 -9692 -3672 -5163 -7868 -9519 
-1514 -7809 -3683 -895 -2292 -1825 -3148 -8768 -5858 -2252 -9488 -9329 -9465 -2775 -7443 -1509 -4992 -3491 -4288 
-3420 -6967 -9386 -969 -7888 -2099 -10000 -3045 -5900 -8336 -6814 -15 -7352 -3740 -5462 -3201 -8167 -4527 -7021 
-143 -7983 -7310 -6868 -9524 -2085 -8446 -4276 -8877 -6358 -9763 -8647 -8286 -6807 -8911 -6148 -2066 -2647 -687 
-7222 -5607 -5084 -5877 -7933 -9488 -2301 -8485 -3315 -5642 -6074 -7975 -925 -6035 -6594 -4114 -1636 -4278 -7492 
-629 -6933 -9581 -4175 -9413 -3613 -7401 -159 -3560 -2322 -7978 -9037 -4425 -460 -6320 -9099 -2749 -6932 -5483 
-1974 -6003 -2696 -932 -1477 -4325 -749 -5258 -4145 -1833 -3552 -8917 -4651 -9705 -3162 -5926 -3576 -2100 -7260 
