27 15
-9747 -9728 -4307 -4048 -7144 -3817 -7990 -7222 -2850 -7467 -1875 -1862 -2063 -6681 -1151 
-9520 -6485 -5689 -7225 -2167 -4873 -7400 -7758 -4278 -819 -7562 -6398 -4396 -3905 -6807 
-3480 -7876 -4851 -8005 -4846 -9718 -6793 -3219 -1978 -4576 -2601 -1345 -7994 -6342 -153 
-6597 -9397 -7099 -2542 -9524 -3303 -3141 -5492 -6607 -9469 -1669 -7799 -6251 -7399 -1452 
-6287 -1053 -7373 -9535 -1137 -5538 -1366 -9636 -6808 -2804 -8024 -7235 -2902 -9227 -7682 
-1174 -9108 -1921 -7748 -2425 -9169 -8183 -9539 -8463 -4563 -9758 -1134 -7775 -2285 -3595 
-3914 -1680 -8795 -387 -199 -1401 -9154 -2035 -7592 -9574 -8901 -1861 -4255 -7021 -3272 
-9353 -3599 -7134 -9417 -713 -6169 -2991 -7722 -5446 -3832 -7681 -8113 -6748 -1784 -7629 
-4472 -2410 -2546 -3296 -2490 -308 -6198 -4979 -4995 -2580 -2264 -6019 -9976 -8097 -3781 
-6711 -1345 -2183 -9427 -81 -9716 -9484 -9703 -3377 -8141 -540 -8963 -8790 -149 -6095 
-5240 -5911 -3069 -7130 -4949 -2735 -3749 -8270 -8260 -9089 -8611 -9944 -2238 -8013 -1444 
-402 -7692 -4761 -9807 -9556 -1456 -4124 -7393 -6096 -8716 -7111 -1745 -747 -9331 -4403 
-3426 -4493 -7266 -7621 -5036 -7305 -4157 -1746 -4035 -5907 -419 -8267 -2964 -6116 -6354 
-2706 -6674 -3582 -9296 -3810 -6390 -8465 -3531 -1655 -4283 -123 -4986 -6536 -5075 -5261 
-4618 -6020 -5321 -3459 -1214 -3674 -8617 -668 -8691 -3801 -5926 -772 -2332 -8464 -4803 
-7400 -4803 -5206 -7482 -2926 -9787 -5551 -3816 -7786 -1248 -3586 -7508 -9694 -1610 -8149 
-9655 -1294 -9222 -6385 -8325 -3557 -9851 -2771 -1171 -6535 -4818 -7079 -1119 -8300 -7871 
-4253 -6824 -5216 -6290 -2835 -367 -9705 -2207 -6356 -3351 -7174 -5482 -5540 -2638 -4384 
-868 -3526 -1821 -1176 -2692 -3229 -6712 -2734 -26 -8824 -4075 -2773 -1192 -8086 -8890 
-8777 -9888 -4618 -9743 -3067 -4507 -731 -578 -6413 -4981 -1017 -4180 -2575 -5330 -5195 
-3357 -8754 -9355 -131 -6564 -5653 -6123 -9733 -9540 -1456 -7475 -4468 -7921 -8899 -683 
-8536 -503 -1137 -9190 -930 -5587 -2310 -8093 -6183 -8083 -620 -7285 -9174 -671 -511 
-4968 -8141 -8507 -5984 -8684 -9339 -6990 -454 -5769 -3625 -4450 -4337 -2682 -3185 -7821 
-9213 -8208 -8565 -9101 -2733 -8530 -2242 -4973 -9413 -7206 -995 -4362 -8314 -4042 -2350 
-2343 -6491 -6556 -5490 -1770 -630 -2419 -4848 -1053 -9591 -9424 -7721 -665 -5173 -1078 
-4173 -7466 -6631 -770 -9523 -5881 -2001 -5580 -3091 -497 -2832 -984 -5690 -6483 -305 
-1666 -7086 -297 -638 -4274 -2700 -1987 -2340 -9140 -5099 -5525 -5259 -3105 -216 -2095 
