9 27
-4581 -5133 -5520 -2890 -4812 -3855 -6524 -9495 -9394 -9206 -2170 -5983 -2206 -8961 -5779 -8243 -1273 -3785 -8397 -4013 -4181 -6142 -9137 -5442 -3455 -5096 -8472 
-4944 -6991 -1662 -8758 -8128 -3208 -1250 -8797 -7937 -9617 -751 -8039 -4613 -5590 -6834 -8948 -7813 -1165 -5429 -9046 -85 -1353 -407 -9892 -3154 -5426 -6406 
-7334 -6639 -5362 -6140 -7992 -888 -2742 -3243 -6818 -9566 -1036 -1025 -694 -7460 -370 -2848 -698 -3588 -865 -4223 -3170 -6596 -1003 -7771 -2591 -8318 -8880 
-3351 -3663 -788 -4242 -10000 -8323 -2793 -4314 -6810 -1363 -8802 -3685 -6161 -6326 -9829 -9999 -8185 -863 -1466 -5291 -5007 -3137 -7257 -6388 -41 -2824 -7737 
-5746 -5650 -857 -3016 -263 -6648 -6970 -3961 -2991 -8828 -1515 -8984 -2089 -3745 -4251 -1602 -7679 -7858 -8997 -2602 -609 -907 -6836 -4605 -4579 -6508 -5807 
-1843 -4579 -5134 -4881 -8296 -564 -7620 -6198 -5472 -6794 -6451 -8020 -5667 -5547 -142 -1804 -2042 -1947 -5003 -7398 -3720 -7441 -824 -1360 -385 -2068 -2951 
-8328 -3914 -9619 -5610 -4509 -1384 -3441 -5032 -7194 -6777 -2578 -3643 -2923 -2062 -8276 -7196 -4306 -6183 -4771 -2745 -8768 -345 -6202 -454 -9569 -7903 -1167 
-2800 -8967 -6862 -4990 -6293 -2876 -7345 -579 -1663 -9431 -8534 -5428 -7184 -2867 -6903 -3628 -5403 -452 -509 -2938 -4666 -7268 -4805 -7839 -195 -432 -758 
-4680 -4723 -1676 -2216 -1537 -2777 -1546 -7532 -1308 -7692 -159 -4802 -2242 -9325 -9473 -997 -1642 -3654 -6856 -883 -7733 -9634 -9325 -7659 -3884 -7130 -4066 
