9 27
-1290 -3139 -8460 -2626 -7846 -5946 -2543 -6514 -1665 -845 -9848 -1938 -9125 -4447 -1300 -8146 -8309 -1654 -4695 -8135 -8554 -5996 -8873 -6903 -7950 -5733 -7966 
-2138 -6840 -9839 -1122 -4189 -186 -8186 -181 -6935 -7814 -3329 -6980 -2379 -8586 -395 -8942 -8812 -7420 -8654 -80 -6337 -9710 -1743 -7266 -5713 -7615 -1376 
-2944 -7988 -7052 -413 -1142 -1276 -4996 -5148 -5289 -7208 -4921 -4981 -7699 -9453 -1164 -2683 -1410 -3528 -1181 -1713 -9066 -9677 -7853 -7149 -2558 -3620 -142 
-3360 -4731 -3994 -1586 -9800 -6690 -6528 -8756 -9425 -2013 -5753 -4486 -8333 -6969 -7475 -6781 -8552 -4379 -7006 -9388 -4656 -4098 -6109 -1809 -1927 -5551 -6334 
-715 -2648 -5538 -8342 -531 -2005 -7862 -547 -2363 -9256 -5249 -2981 -2893 -305 -285 -2110 -9541 -9853 -3944 -3981 -535 -8375 -5433 -1339 -5590 -1710 -624 
-8317 -8144 -9020 -8950 -2831 -7751 -9650 -3771 -7008 -3789 -5029 -9447 -4560 -7661 -9879 -2609 -2449 -7849 -2244 -3619 -5238 -9514 -4850 -1804 -4304 -3639 -2445 
-4324 -9415 -4657 -4691 -9356 -9501 -2644 -189 -1663 -4868 -5953 -7772 -7362 -7935 -4746 -1038 -321 -469 -6210 -6358 -7448 -8989 -3754 -2847 -5523 -1379 -5640 
-3614 -1462 -4133 -4860 -471 -9697 -9844 -6298 -5496 -6173 -4289 -9550 -6650 -3974 -9592 -632 -4514 -7727 -1088 -6180 -582 -3377 -7725 -8824 -1897 -9852 -1037 
-8824 -1306 -3956 -5487 -3705 -8322 -5046 -1047 -7755 -7081 -4684 -2588 -8701 -8501 -2208 -8829 -4586 -2267 -1582 -9336 -1850 -9560 -1406 -8154 -6020 -2393 -9115 
