28 28
6719 5433 1336 8727 7142 1538 4859 6151 4439 9635 7836 9897 9543 6924 8063 1249 451 808 3097 3605 9296 2341 522 9647 3139 2633 1649 1322 
5865 2825 6836 1273 9609 6159 8679 1546 2739 6738 9860 6739 1337 1654 8462 9841 5410 1111 5677 9671 9966 7737 6438 7205 3441 1207 3197 5048 
8778 479 1877 5710 3104 4835 5336 8009 2168 8079 2154 371 2316 8675 4981 2989 7212 3200 9184 7718 6245 2964 259 2055 2704 2137 1195 1599 
2514 7720 3180 447 864 9792 4697 5185 7039 4019 8308 1910 6471 4978 6553 6174 2129 31 5826 4637 2035 2916 2754 5630 9533 6395 4977 5970 
6803 7282 7648 6984 1496 3751 4835 1240 1995 1775 5185 4106 3346 7077 1913 9834 6078 9418 1452 4712 6055 5801 9220 6603 3762 1162 6977 7396 
3776 329 8151 4199 8346 1030 1466 1574 6854 3288 1179 8439 2787 5681 174 5917 3990 5662 6457 424 2965 1849 1644 488 149 8765 7169 5460 
2497 2819 776 1817 6196 9141 3150 4638 4734 6888 9732 2367 3936 4736 9939 7573 2098 2613 8007 8311 1346 3073 7806 7268 7125 4539 3700 9294 
5019 9920 9995 9391 6065 1646 1919 6211 2296 5455 4593 6707 5686 2545 4978 4310 9142 2049 867 9421 3946 2087 2548 4330 3610 7494 6935 5711 
7600 4798 2116 5266 6989 2377 6505 1536 901 5987 3394 2680 2429 6483 9380 8271 5433 1307 756 4368 4520 7333 1491 6343 7494 1343 5109 5436 
595 9094 9437 6075 4052 4928 9965 1128 9800 3768 3524 15 5529 2502 2305 1675 8829 1382 2300 5345 298 8100 2630 587 6303 4243 1328 2487 
3154 197 6287 4405 3160 9319 2790 302 2221 2244 8637 4521 9542 773 9955 1697 6321 372 8309 8632 1654 7895 6552 9297 7578 2395 1421 9933 
9906 8116 1809 46 3390 6054 7425 6263 7985 8475 2688 8516 5433 2242 7910 4632 3789 852 9322 1204 7998 9256 5641 768 3403 8246 7256 5775 
3759 8985 9192 7654 2129 6007 5682 3235 8983 5133 5623 220 5930 7710 9974 6259 2366 2207 2575 2333 4933 522 365 5138 6999 4530 289 454 
7865 3379 4148 3048 9608 7808 9896 6876 7520 3487 3943 4246 8564 4970 5989 4771 6907 4290 3609 289 9711 4570 8841 3549 3880 4010 6708 1755 
1712 9658 3058 1138 3474 2487 2313 295 4945 254 5395 2785 3112 779 6409 7260 3145 8250 1924 9024 5613 2601 7903 9445 9612 6311 4999 5883 
6588 4765 7288 4357 1777 3117 6635 8624 852 9377 8385 5384 7034 9498 3411 5476 7288 52 7310 4571 8291 9543 8403 4839 8123 9710 5118 555 
8830 3262 7088 5259 464 113 8764 798 8715 8565 8824 97 8702 209 3618 1299 2296 129 9375 97 9812 1696 6428 6993 1181 7835 2790 8293 
9001 433 6029 8724 9404 2407 171 2649 8200 6736 9808 7981 9064 1084 8813 4224 4377 9191 4948 5405 8298 8721 6803 6512 9469 7582 8163 154 
979 4529 9565 781 8124 1439 9965 1278 4962 3211 3821 7010 301 5565 4377 762 4215 7566 806 8257 9679 1816 7393 7585 1256 64 8564 202 
5821 4998 1825 8096 1633 8710 9289 5143 3387 4310 3968 3391 3780 9153 5996 3112 3126 9544 941 5310 837 3189 1024 4232 8762 2559 3787 8771 
1806 3766 7973 998 7754 5848 8948 9853 2071 4949 3477 6376 7434 9148 4100 8523 3151 9301 9839 9845 3983 6638 3326 3544 3520 1415 6938 6166 
6797 3580 5985 5147 6701 8181 7530 7280 4832 721 5347 9600 6142 5897 5889 3854 5361 7537 4273 2044 4617 1104 206 4817 8560 6526 3371 5236 
2302 887 4568 9694 837 9219 687 914 72 2819 4319 9012 8869 1556 5887 2801 3209 2125 4705 5671 2912 9443 6909 1116 8672 57 9941 7482 
8134 3436 1533 2006 5273 5066 1519 8136 9916 5205 5846 5951 1071 5834 7373 8443 3467 5505 9646 500 484 3750 6922 8171 1884 3284 6290 4046 
392 3212 3769 5178 8160 3984 9851 3659 2305 9030 6946 7424 4256 2444 1596 1394 1034 7269 3642 8536 3341 4508 1626 4794 3368 1110 7650 2512 
4852 5395 8074 1390 3335 3165 4965 7296 6314 2498 1813 8214 4684 9841 2153 4647 9560 6763 6292 6159 5910 1745 5628 4539 2155 2354 7774 2926 
5903 4124 3756 2140 3280 7824 6440 4925 2979 133 4685 7908 1784 5191 6495 2407 2384 2674 9592 1836 9349 8971 6267 8511 202 2104 679 6448 
4793 4478 9187 1160 7523 3460 3581 8046 3345 7007 6813 8573 2615 3546 6073 9803 2247 3494 7117 4526 7060 893 103 9611 2557 4726 9974 4433 
