28 23
561 2680 7820 1204 5579 9608 8408 1838 3891 6674 3110 4561 3839 7144 4487 3654 7222 7220 6725 20 2720 1076 8185 
3075 6539 240 6238 1570 550 5025 6219 8712 6160 6862 9819 8037 1216 4431 1052 6963 6664 9284 5451 3953 6177 4562 
8488 2857 7671 9347 6261 6131 95 3443 7445 2747 9839 3976 9295 8730 9778 3203 5263 2957 9407 578 722 5063 9045 
2776 9405 8418 5263 8953 8364 3367 1371 9401 3225 8465 9012 3892 9844 8141 7946 4997 1214 5285 2455 3285 1917 7115 
7494 3368 1260 5413 1386 524 2178 4888 3798 7003 5862 239 4765 6908 8093 9304 5181 5519 5894 5916 922 9843 5147 
7345 6798 7126 7979 7153 5628 1521 3170 8914 8451 8167 6861 4603 3666 5249 7785 7467 4524 8093 7671 1915 8736 9657 
9135 679 5052 7991 8203 9321 8291 4973 1395 6491 1621 3232 7281 3828 1608 1484 3344 5108 2752 8868 6667 7031 594 
4748 2293 8205 2754 4504 3928 1212 5686 5097 4865 3396 3411 141 3877 4212 361 5137 2563 6608 3041 1337 3806 2037 
1801 6492 1206 1684 8813 8319 3396 557 838 4169 9201 7820 4700 986 5282 3984 2346 2867 9316 2803 1134 4478 4494 
7874 5491 1308 1476 4343 9897 8144 7728 524 5431 2215 4045 2455 6238 889 1482 8354 8314 245 3626 8122 4662 9367 
3760 1435 7193 963 9294 2200 3749 924 3912 2669 3590 9408 8804 4092 5546 8441 3734 2617 6664 2636 3863 9911 179 
2525 3577 8477 2091 4754 2199 9531 5689 4089 3646 6015 3693 5761 5697 9808 2133 5057 3943 8979 8881 7043 7141 5267 
5359 5597 8365 3461 8090 3092 7646 8694 3805 8227 7415 7334 5816 1030 6367 981 8644 3818 7201 9030 288 8553 5036 
5958 2281 233 4909 5972 1508 6536 4026 5933 6460 4067 6239 3382 712 7333 4497 4031 1967 111 5814 3381 1857 4116 
9833 5866 6675 9597 8640 3095 3877 9284 8439 5034 4401 8526 5156 4194 2727 9259 8683 8968 921 4187 698 7527 3986 
1261 7705 6931 1470 3278 3273 9227 698 4481 7510 9853 7614 6854 6591 2250 2737 5481 5651 4105 4889 3562 5175 9011 
5614 7301 8521 5570 5566 677 6397 9321 5349 8127 36 3484 7096 6643 5480 6627 1239 3335 6032 9798 7410 3237 8570 
3011 565 352 4566 4785 7354 7348 6910 1470 1462 8601 2931 2019 2668 3310 3372 7309 7587 636 8080 7468 8883 1506 
667 2021 3929 1012 3946 1173 7457 4339 3473 6051 2474 8826 4730 6944 1191 3408 354 3339 6646 9115 2717 6077 2250 
437 2948 8520 1574 2334 4172 8174 1414 7615 7919 3333 1103 2623 1220 4599 3942 7375 5281 4253 1759 6709 7539 2134 
244 3851 7582 2331 2722 9483 239 790 3252 1862 1896 8165 3362 5495 1933 6379 5093 2439 1871 3772 6910 4969 9334 
1815 7758 8337 6457 5121 301 5899 9235 585 3937 5367 2054 545 9334 5725 6638 7421 9063 2373 1304 2737 7121 566 
297 4473 7973 5593 4939 4825 6484 6328 2089 6741 2022 4305 4181 1508 5026 5703 7848 483 9219 6866 9078 1897 4507 
5550 7537 2018 8789 2007 1276 7746 2341 9451 3186 6966 6620 1309 1827 9532 407 198 4100 1449 1399 8076 7518 1048 
4248 4250 6189 5095 2313 8604 8983 8651 4548 8145 676 2510 2420 2382 6537 6690 3225 3203 8903 2517 2588 2703 8484 
9385 4514 8295 5399 6160 1536 3193 7078 9763 1698 1115 2286 2837 7231 2355 3475 1455 4349 950 5047 5376 8796 3072 
3558 7876 9093 3621 8401 5603 2681 3944 6045 7425 2453 613 8003 3181 7466 9052 1963 1921 8721 4390 5684 6946 6133 
5213 9616 2510 287 3354 8391 4980 1439 2597 3859 5068 7418 8057 6982 8714 4913 4711 494 5007 3161 2670 8442 9264 
