24 21
-10000 54 54 78 96 99 31 1 78 60 57 13 86 -10000 41 33 33 18 27 94 74 
43 84 3 25 -10000 50 36 36 8 77 29 10 43 34 22 30 -10000 50 50 -10000 56 
-10000 75 91 17 -10000 98 70 21 27 58 46 71 79 96 -10000 1 50 14 79 -10000 -10000 
-10000 93 75 2 -10000 68 79 -10000 2 51 42 45 83 56 75 34 -10000 87 93 59 24 
59 6 5 87 13 84 98 33 98 8 78 40 80 33 42 50 10 95 -10000 13 91 
98 21 -10000 -10000 43 74 8 29 -10000 99 8 3 87 20 -10000 68 53 34 2 50 89 
23 61 76 85 22 97 9 53 -10000 17 84 53 -10000 -10000 36 17 31 36 91 -10000 8 
74 -10000 34 31 -10000 67 -10000 79 86 38 32 16 -10000 64 79 27 70 96 33 61 40 
41 86 54 -10000 58 6 33 10 81 33 60 70 73 87 94 -10000 50 83 72 28 82 
74 -10000 57 -10000 48 -10000 42 56 99 84 17 63 57 55 79 92 37 90 62 -10000 35 
49 65 99 70 86 53 6 68 69 21 -10000 30 -10000 69 9 75 33 -10000 -10000 -10000 100 
4 -10000 -10000 49 74 67 86 100 77 6 47 51 70 57 88 30 36 73 86 6 43 
44 37 41 63 22 -10000 -10000 60 39 -10000 56 5 38 82 62 80 94 14 38 -10000 13 
-10000 92 86 22 96 98 12 77 59 76 88 17 45 -10000 63 35 19 100 70 15 44 
84 77 4 76 12 52 69 95 100 13 -10000 14 -10000 59 -10000 -10000 -10000 63 90 58 14 
35 98 24 69 13 84 -10000 -10000 7 -10000 31 69 55 -10000 92 94 90 -10000 59 -10000 87 
67 36 12 23 59 59 91 16 -10000 35 -10000 -10000 23 25 60 38 90 41 40 94 16 
9 41 95 85 7 20 14 68 -10000 -10000 90 19 33 94 93 -10000 74 -10000 87 15 95 
66 28 -10000 17 55 81 51 19 83 -10000 25 41 -10000 69 -10000 -10000 90 29 -10000 54 32 
60 7 97 85 -10000 77 3 25 37 56 25 77 -10000 75 82 26 66 57 -10000 25 63 
-10000 -10000 59 66 -10000 66 17 -10000 28 89 8 81 7 66 64 60 56 50 14 81 -10000 
-10000 44 -10000 61 -10000 25 37 76 90 -10000 40 -10000 44 -10000 89 10 -10000 96 53 36 78 
-10000 83 79 -10000 87 36 43 8 -10000 -10000 98 23 55 44 -10000 96 -10000 -10000 58 67 99 
96 37 58 34 26 30 -10000 75 19 85 65 31 20 4 44 66 47 63 -10000 77 47 
