21 26
72 90 42 32 -10000 25 -10000 62 -10000 88 92 55 48 -10000 4 77 52 79 100 41 89 88 63 79 53 80 
73 18 75 -10000 11 51 -10000 44 34 64 33 -10000 3 44 82 -10000 -10000 84 78 -10000 10 53 77 64 85 -10000 
89 46 -10000 -10000 78 2 81 84 81 38 100 96 -10000 36 50 55 5 98 -10000 63 -10000 89 1 51 20 44 
77 23 27 4 47 -10000 33 7 -10000 6 52 23 10 13 67 35 25 43 13 59 22 -10000 1 26 -10000 69 
21 57 33 65 38 3 84 96 -10000 77 -10000 85 77 -10000 -10000 77 77 22 48 -10000 53 -10000 -10000 89 27 83 
34 48 70 4 -10000 21 67 35 60 21 9 52 -10000 94 51 17 80 66 -10000 43 3 54 79 60 97 9 
8 30 72 17 73 66 87 30 78 52 8 -10000 10 -10000 12 27 96 76 -10000 59 -10000 71 19 -10000 47 26 
16 6 62 79 79 64 -10000 28 50 27 19 83 96 58 7 78 -10000 97 12 82 -10000 44 75 74 91 51 
31 39 66 1 4 -10000 -10000 88 -10000 77 33 54 58 14 72 35 50 23 29 -10000 56 67 74 27 23 39 
24 82 42 98 23 76 6 2 13 85 57 -10000 98 68 39 29 11 14 -10000 61 6 -10000 1 92 34 -10000 
74 26 82 21 70 -10000 -10000 67 -10000 49 32 92 77 -10000 68 2 15 14 32 -10000 62 64 86 28 73 26 
73 27 20 48 47 19 60 43 85 20 69 36 36 -10000 37 42 56 74 21 58 92 94 33 -10000 30 91 
54 24 44 64 -10000 22 39 94 11 98 17 44 30 -10000 49 90 16 64 1 36 5 13 -10000 -10000 64 31 
92 16 87 92 -10000 25 -10000 7 23 -10000 49 72 58 23 -10000 99 11 55 16 16 89 6 -10000 -10000 50 24 
-10000 78 -10000 49 16 26 92 72 1 73 26 7 45 88 79 27 82 53 34 15 63 89 78 80 34 32 
69 32 92 74 28 98 -10000 -10000 32 -10000 68 -10000 68 55 47 72 88 22 73 95 46 42 42 55 -10000 53 
75 -10000 20 36 -10000 58 38 80 32 12 65 2 75 -10000 2 32 32 96 45 100 18 -10000 39 -10000 58 -10000 
14 52 51 56 5 -10000 -10000 54 51 86 12 98 27 79 41 37 7 64 48 63 59 78 65 50 66 -10000 
21 25 -10000 23 86 -10000 86 43 12 47 -10000 -10000 44 91 74 42 -10000 9 16 -10000 34 68 49 -10000 1 45 
-10000 -10000 78 55 87 88 13 23 49 65 31 3 -10000 17 -10000 5 73 16 -10000 79 37 -10000 54 58 -10000 27 
-10000 41 72 16 46 -10000 96 15 63 42 17 59 100 23 72 90 16 59 47 -10000 51 20 38 31 -10000 8 
