29 25
-10000 28 40 66 73 8 70 83 92 50 68 59 31 84 1 5 22 5 76 46 97 17 85 57 -10000 
22 97 -10000 15 -10000 96 1 59 43 64 -10000 8 29 45 13 14 48 -10000 13 14 35 20 11 73 6 
-10000 27 57 -10000 50 35 -10000 68 100 -10000 51 81 84 16 99 75 -10000 84 35 100 89 8 16 1 35 
50 17 87 90 31 45 -10000 46 46 40 67 -10000 44 15 51 68 43 -10000 21 -10000 73 95 62 98 72 
-10000 21 77 58 -10000 71 73 88 61 70 49 54 73 84 -10000 87 96 71 90 31 93 61 44 95 98 
99 -10000 85 43 20 79 51 47 41 33 -10000 68 -10000 71 70 -10000 27 84 11 78 61 80 51 60 74 
80 93 87 1 29 -10000 22 19 84 43 88 47 76 11 35 58 65 1 -10000 99 54 77 45 55 -10000 
22 -10000 3 100 53 16 67 79 8 30 27 69 85 -10000 98 -10000 23 25 65 70 62 51 54 34 22 
41 100 60 14 45 28 52 55 11 52 63 93 32 58 2 78 5 11 -10000 32 3 6 95 22 98 
37 84 28 55 29 47 53 48 4 47 38 74 76 76 95 64 35 23 -10000 -10000 35 85 82 8 6 
95 33 3 29 89 79 35 15 30 15 56 61 60 70 28 58 86 16 -10000 10 92 77 74 92 80 
32 66 7 8 85 92 51 25 84 68 38 64 90 48 68 -10000 17 81 -10000 85 94 55 58 2 69 
-10000 22 40 85 7 -10000 20 15 3 29 40 65 19 34 2 66 77 18 14 63 -10000 10 79 -10000 39 
-10000 79 64 87 16 34 -10000 5 61 -10000 55 53 -10000 13 -10000 36 9 32 88 7 59 60 -10000 95 4 
89 26 -10000 11 18 75 88 84 -10000 4 31 64 38 -10000 71 50 62 72 15 58 10 -10000 54 3 48 
70 87 -10000 -10000 47 1 16 48 56 -10000 86 65 32 38 6 23 50 12 47 86 3 25 69 27 71 
46 72 47 61 20 52 72 5 -10000 41 -10000 55 59 90 72 12 45 -10000 80 98 84 14 42 26 -10000 
28 2 28 23 78 41 36 80 57 77 84 54 79 72 75 41 57 71 42 -10000 46 55 70 96 84 
40 19 66 -10000 28 73 25 88 27 48 37 90 23 3 7 88 66 75 24 24 65 78 93 -10000 58 
35 67 53 11 59 75 22 72 19 45 60 59 78 90 -10000 48 50 56 96 45 57 -10000 89 -10000 83 
15 11 82 29 35 28 -10000 77 62 62 3 53 10 -10000 20 -10000 64 46 -10000 82 -10000 77 73 2 18 
-10000 27 32 -10000 36 19 -10000 26 81 76 57 48 43 -10000 3 97 45 44 46 -10000 32 -10000 96 15 -10000 
38 71 25 83 91 92 46 -10000 41 47 -10000 90 37 30 77 89 45 76 -10000 68 12 18 84 86 28 
49 49 89 57 74 -10000 6 86 87 -10000 19 8 93 77 19 40 71 45 -10000 92 86 1 43 7 85 
68 -10000 64 56 56 22 69 23 57 8 50 94 65 59 45 85 29 82 82 87 1 85 63 54 -10000 
32 67 23 -10000 99 61 64 54 13 60 28 91 72 62 75 70 73 67 65 69 87 74 -10000 95 19 
84 16 88 2 62 98 38 56 -10000 43 56 98 -10000 77 -10000 61 32 94 87 40 20 33 62 53 37 
77 -10000 21 -10000 32 30 -10000 39 32 28 66 78 21 62 87 42 24 72 -10000 30 73 63 72 29 66 
92 43 5 -10000 31 31 2 72 61 77 23 8 57 47 18 69 61 51 62 -10000 3 36 -10000 -10000 1 
