15 24
4799 -1922 -2249 -8892 -5900 791 -8448 -4401 1575 9787 4283 7374 2559 6098 -8124 -6375 -5261 8038 -4581 917 -7988 -1207 9999 -847 
-9582 8091 -1921 5539 8242 5465 8397 -5156 -2232 5801 9555 1051 -938 -5216 9235 6170 2219 1276 -6018 5389 -265 -8601 -5312 3701 
3924 290 -1399 9326 -9284 4122 -3888 2046 4677 7436 5123 -2024 -1124 -5980 6793 -9988 4393 -4556 -8056 371 3755 5070 4888 -3120 
-6707 -77 -1677 -9415 -6566 -1524 2142 5056 -5260 -8381 7507 -9029 198 8615 -433 -103 7013 8096 482 4062 -6374 8027 6628 -7046 
3140 6205 6104 -3234 -988 -6265 -238 -9502 -8865 5964 -9002 -2046 -1429 -8046 -6361 156 -9036 4301 -7945 -3478 9792 6776 7049 -4342 
8244 363 -6657 -8943 -5800 4822 -7763 4243 9192 -7021 -2010 -7190 -697 9971 550 -2938 -1841 5826 4476 307 8275 -7134 -7074 8927 
4816 -483 8773 -9573 2175 -6070 6299 6103 -725 7372 3338 -5053 1375 -4544 -2129 -1419 -427 -1135 -9685 -3106 -1046 1912 2976 -2323 
-9046 -6833 -8032 -8511 2713 2065 1188 8940 4737 6941 -8934 -3694 -5857 -3359 -477 -1843 816 6415 -9175 742 -3556 1708 2077 -2925 
-2391 -5762 1278 -2043 -8439 3514 4879 -7187 -3394 9610 8286 3747 -229 -9907 -1091 6110 -3147 -2474 -6971 -3667 9176 -5460 -8663 7209 
-5038 8468 -5550 -1973 9940 -3510 5884 985 6059 2532 4143 9825 -7009 3723 2883 9830 -8989 -2576 -3237 410 1939 -5400 3418 -5390 
6109 -1891 -5479 -8132 3004 -4516 -3415 -3755 8733 -6052 310 7721 -6894 -351 2649 -2575 -5233 -9077 9572 -6505 -5278 -8916 4597 4996 
3994 -411 -2145 -106 4235 -942 9117 -7210 -4844 927 -9907 7138 -39 2481 -2656 -8998 -575 -6522 8245 -5932 9029 -7532 887 -8333 
-8413 -5691 9436 5727 -8663 1820 -1419 2929 -3119 -1506 5014 6571 5702 -3079 650 -8837 -1639 -6558 5803 -9283 -9111 -1659 -2364 -2834 
5760 -3719 6611 -5599 3997 8212 6537 -3950 9279 6461 4745 4931 -8149 -2383 4730 1680 1594 596 -8495 4011 -2130 7121 -9382 4707 
-413 -2224 -1214 -4519 3205 -1815 -6979 7219 3949 9636 -977 -9665 1283 7275 6362 -8626 -1957 -1465 8113 5029 -3788 -1205 411 -9175 
