13 10
6756 6340 -8524 -5631 2136 9306 -7402 -2160 -2209 7652 
-3192 2230 3646 -5684 2199 -9347 7745 3369 6234 3816 
-1274 6735 4377 -9897 -7594 -7652 2344 5021 -9452 9437 
688 3808 1920 4642 -7020 -9477 9386 5653 -8408 5288 
6423 -6392 -583 -4289 1795 -2546 9935 -2981 -5734 7847 
5097 -1942 -2739 3221 -3922 6256 -6479 -4433 -7100 -273 
686 9360 3934 -1855 4966 -4267 6564 7755 -1888 -3463 
-8282 -4919 -1254 -1846 7549 3709 -7250 -8474 6211 6448 
-190 9137 -1525 -6414 2223 6467 -4853 8752 -5724 -9753 
1223 -9412 1520 -2699 9027 -3117 9160 4731 1859 -5590 
-5299 1483 5161 -126 -1913 -1086 -1260 6339 -453 -6839 
-6447 1001 -1969 5025 -8692 -3786 7461 2274 -6011 -6428 
7185 4157 3408 7924 -8702 3477 -5897 9472 -9654 -7609 
