24 6
-1429 -7047 3481 -1270 -5012 649 
4629 -5761 2619 7132 999 -9796 
-413 319 2719 -3748 4484 5742 
-2109 -6785 -2579 -8500 5846 8782 
-2186 9563 8003 2231 8062 -1516 
4096 1858 -4774 -8859 -9646 8535 
-3525 3199 -444 -5441 -1777 -2374 
-5074 -8529 -6085 -889 -2870 -3589 
-7873 -2345 -7019 5707 -8116 -5203 
6504 -9063 5304 5419 -7515 1964 
4785 3597 4810 -56 3085 -1067 
-9101 560 1324 287 -6896 -8870 
5321 -4118 4153 7749 -7368 -5395 
6945 -1631 -4204 -8972 4889 4354 
-4252 -1984 9501 -9585 7944 -1862 
-6059 2366 1596 3042 -9801 9909 
2724 1364 4088 -4627 4129 3698 
-7560 9419 9073 3155 -3466 6894 
285 -6446 4377 -8494 -7996 8017 
-3407 2136 -2347 -9232 7979 -3156 
-7300 131 -3860 -5963 339 -3991 
1219 8275 -8923 9465 -335 749 
-1546 -9412 -2893 5052 -4225 6228 
-2472 2925 -9890 5737 -5851 -8735 
