99
711 902 901 980 65
332 813 436 821 38
575 314 586 502 7
465 405 466 676 90
278 537 830 928 10
153 371 719 937 3
564 140 627 260 21
449 522 903 929 81
186 406 302 604 2
614 508 643 691 48
109 420 417 614 53
493 734 700 925 6
707 357 855 523 44
270 371 742 905 67
269 480 969 986 57
171 930 917 990 51
99 599 543 810 7
263 763 538 828 38
994 587 994 664 69
737 453 856 479 26
118 382 307 561 99
184 204 527 429 98
32 274 279 468 85
649 112 824 812 18
557 250 963 486 83
938 273 989 719 21
71 185 87 524 73
426 3 747 723 14
345 142 769 698 56
811 360 908 635 63
172 735 816 906 23
54 459 225 536 76
777 736 967 782 76
335 76 983 736 40
704 468 763 978 48
472 670 861 883 5
674 512 841 517 17
496 37 579 702 27
417 74 675 628 23
724 859 733 943 20
409 526 723 968 23
461 66 985 727 33
669 542 882 660 98
356 798 394 808 77
458 267 699 707 40
55 438 442 602 11
939 376 941 991 70
389 224 674 859 12
735 238 929 905 91
23 481 666 637 93
662 272 679 982 84
570 870 866 997 2
736 146 802 509 95
982 42 995 721 49
272 375 789 783 28
212 283 823 519 30
350 686 832 697 9
858 284 975 737 51
921 745 990 959 7
702 718 854 741 40
837 671 993 765 92
961 186 964 745 73
165 997 198 1000 92
927 114 947 769 2
586 293 942 987 92
439 909 447 949 17
159 231 307 533 68
405 797 590 900 23
360 302 446 918 60
624 277 768 284 54
458 751 589 832 54
916 683 965 933 9
2 6 995 994 44
908 492 963 588 45
3 34 277 672 11
163 211 551 899 37
337 381 640 558 35
289 493 522 603 84
1000 869 1000 952 18
405 673 409 781 37
531 335 561 644 1
38 881 587 976 48
360 490 750 520 42
356 949 423 962 60
236 376 993 945 64
850 550 947 581 78
576 219 815 897 29
862 420 967 521 21
692 970 796 990 55
517 264 770 731 54
449 267 781 360 93
957 346 988 994 47
485 84 525 347 55
158 360 732 993 40
123 939 478 983 45
953 456 962 842 76
710 69 812 211 65
14 162 860 618 91
882 953 908 987 38
