95
176845565 894983345 329502329 917749979 10
919401452 724122928 987757691 871792862 38
723593931 753996953 762382572 817339339 13
575120486 36395481 748794577 399254049 57
202540696 70489444 957139106 559589272 12
379806650 539498761 645261523 959043056 15
546734272 603593041 714774007 991402889 46
820032398 654784210 876615005 659847187 94
485568723 469314523 733162031 831785229 92
9613524 164594252 599743803 486820245 56
368938776 241545807 404249833 317906283 79
367707739 274102026 931737698 774345656 26
62113889 263710184 792021378 875490280 70
695041322 461994159 896288967 693723368 20
971776392 414935016 985847446 842084135 25
478494978 648477359 726239043 730810628 50
815515604 952136810 872143761 987583135 60
358562646 126424724 966167852 235134055 25
397454688 295875556 969049118 342882661 41
295642247 794991225 865196096 952846247 20
949133901 372791541 963959778 669664431 28
416114900 799845085 888557673 928701585 4
485755162 943607445 662232452 965725338 49
21525158 676579615 321230003 979217304 51
680946233 745485818 720962700 936970142 24
521444898 921160279 558022335 986377686 37
620820594 770942527 635475117 941989193 87
577526640 169269531 797301755 175602911 57
522173990 671406383 950905131 783300472 30
154329274 466978841 247255839 659861925 92
556501031 722799477 719604143 871668652 47
177012954 570623329 192910416 631866413 35
828490763 787761928 925989896 798304627 37
183669536 330200110 991397064 591810480 89
64197108 290202043 817413826 816884939 97
791829793 521388168 933897294 997036715 92
189751730 83054675 483846539 677952860 35
496525974 376947951 681854281 401701917 22
901796506 474332424 923204968 584097346 27
341402765 176888784 838360671 565469520 15
138907920 813345729 335914250 965514688 57
6074718 774818599 729243877 878655553 89
584440214 167888023 981037073 485757894 11
104017103 239965174 676350580 467071564 59
662753322 936861052 769090123 973400888 60
118666024 909770116 245891115 934299471 85
897710641 196031910 936202239 581723627 64
301272675 235858081 325223023 479985059 71
335466669 419517271 760076857 997233668 29
225196517 32014736 395801775 955578147 48
611011196 241296903 741062321 427948874 39
490598283 877751753 593617271 988169706 86
353491222 938973704 837539372 967228861 70
638781042 290153624 753607262 425779312 64
769635900 911882926 917882774 940243414 93
162746401 178157103 484405673 987159458 99
670698723 714636738 948668017 936308864 62
821541400 770913403 838227735 842942889 78
740729221 284994923 962064550 363490882 51
484889432 264471476 714459836 946403617 69
285793818 104803339 572147553 746690061 46
501496184 726845718 962774628 953207452 70
162575363 584384883 545521306 669597648 12
357947918 532928204 831636840 914752967 26
558697764 347287414 956289147 922359970 77
308236718 23478482 756980940 177211872 7
78894764 643044637 909910434 941392610 54
996890320 85458453 998417390 343213706 81
551163076 86124625 567636858 381549984 38
113737068 312210137 483892369 923290297 93
816789454 489847962 889012282 603944044 67
965695102 744307583 973725671 929044901 25
726087878 482758256 982313015 487221835 41
494517192 344751470 521464750 697795832 36
263117407 463392833 905530311 513948269 97
352439280 625952399 463726717 776894456 63
578539017 988212654 822710392 997600862 19
587322244 773525479 957677629 830983751 8
829554974 656368744 980277971 894388282 21
11271013 171373660 849132023 793084916 15
494929832 921371653 768441898 996604771 34
535893593 614628382 931432695 783400451 55
927555161 623778934 952898340 838869443 80
206841654 275755629 521854537 857244844 30
511397816 759158263 863480930 762353822 100
304888877 552004995 493890590 701528730 47
25477183 230099103 289765224 445572908 23
579560294 634658200 915840072 689035908 100
161607938 829636879 787344216 906716016 49
8348299 380913883 563134026 617415058 8
408267688 648584600 929754425 806423316 49
267665513 931757814 650982557 995353791 24
841004732 669254096 858111316 739959485 75
47380909 999436745 186427688 999516347 56
577865990 375736543 937265866 769632553 6
