993
959 626 993 672 61
764 312 946 680 25
522 381 996 574 75
44 664 655 759 43
877 392 964 403 79
623 972 857 991 99
538 212 878 222 5
302 380 898 464 15
829 133 974 421 29
111 608 257 999 83
364 390 424 830 46
958 468 972 570 11
564 307 567 791 12
385 233 969 515 37
634 942 774 947 17
629 606 723 706 62
677 691 799 730 58
563 664 833 865 11
560 689 562 879 80
7 919 277 947 69
23 42 505 952 5
730 448 962 965 44
665 136 681 848 44
478 915 635 957 24
518 767 725 938 9
996 167 999 988 98
177 313 257 885 43
14 987 885 988 99
603 892 994 898 82
912 840 946 874 28
48 351 269 754 1
876 405 933 666 61
362 814 696 959 50
694 11 698 775 40
577 507 822 610 34
729 231 897 693 11
621 881 816 915 7
766 804 955 945 96
842 968 930 969 100
785 239 794 397 100
471 344 714 854 32
864 297 970 317 87
707 32 986 655 88
164 658 972 937 82
295 948 766 968 26
459 562 651 880 94
377 125 424 986 7
752 20 856 419 53
742 474 993 798 44
718 839 968 952 83
284 70 832 635 43
23 455 340 718 8
941 246 958 939 51
289 657 496 774 41
196 194 834 991 77
932 547 978 607 32
584 358 781 795 7
676 684 888 779 36
452 650 509 842 69
832 433 942 470 60
639 524 724 829 93
485 532 850 563 88
348 30 840 239 15
801 250 875 713 64
567 333 968 621 66
580 116 584 632 33
20 618 158 765 92
511 215 633 335 98
620 838 975 860 40
400 319 845 906 10
521 609 860 793 65
236 970 603 987 23
783 590 970 653 72
155 899 921 944 50
708 919 991 920 15
779 847 907 922 59
783 328 794 387 15
769 611 969 711 62
56 709 869 823 60
453 551 494 988 71
327 30 721 143 24
381 369 648 553 28
644 821 905 838 68
649 837 694 857 54
484 563 831 803 6
299 504 319 682 86
505 600 843 702 99
270 111 758 221 17
680 54 832 216 86
571 606 700 972 47
3 8 994 998 86
249 427 818 526 15
305 735 813 976 23
682 728 984 801 2
741 447 750 530 36
653 766 989 766 56
111 501 165 505 21
46 749 47 844 29
351 930 994 975 51
310 656 665 677 21
835 365 975 845 87
636 489 778 676 73
975 398 990 942 39
192 849 557 877 9
594 749 841 803 88
635 530 821 904 34
459 632 919 832 62
692 259 987 470 2
369 720 514 879 40
424 849 948 885 40
416 613 461 941 68
672 733 967 759 90
26 129 442 168 47
535 775 601 831 47
233 969 627 985 32
916 987 989 991 55
874 941 992 967 90
41 829 424 829 96
825 671 949 811 99
885 343 909 595 77
71 686 807 822 9
443 97 998 477 77
280 528 781 620 88
317 163 622 578 75
849 765 992 992 93
329 517 984 866 11
354 790 681 837 21
678 59 818 87 96
877 596 962 625 66
272 962 722 973 33
723 884 749 920 97
875 262 943 889 27
50 364 986 462 43
60 224 737 917 16
568 904 968 958 58
332 336 907 833 24
571 240 998 607 100
942 67 948 627 45
436 950 652 971 76
985 426 986 548 37
712 526 984 848 12
136 187 872 665 2
838 995 897 1000 90
434 452 714 672 25
668 581 679 875 37
654 236 768 662 60
825 767 879 814 89
353 966 702 971 24
223 132 516 443 12
32 853 336 858 23
621 662 761 764 27
612 126 987 154 83
261 602 966 654 81
305 481 570 588 99
117 952 865 977 82
484 474 528 897 12
478 250 551 773 78
124 866 835 889 19
117 57 381 809 92
206 95 872 381 25
315 604 773 993 30
921 897 953 910 12
130 108 300 535 92
945 244 964 639 24
176 1 367 999 29
122 782 630 839 81
432 703 501 819 58
348 474 721 759 15
191 703 640 748 66
34 286 778 870 48
763 534 905 960 27
969 779 998 995 50
133 788 964 806 8
421 649 877 785 58
296 819 836 945 48
502 714 837 900 41
664 452 702 659 57
696 196 906 567 6
709 355 803 374 17
115 838 878 977 32
272 621 885 876 4
827 371 859 864 91
923 170 960 204 5
667 170 799 566 55
629 798 856 864 13
693 947 733 986 37
716 860 846 867 23
227 528 914 978 27
325 827 717 992 15
868 156 933 178 6
854 981 982 982 75
640 952 759 968 25
653 463 955 662 80
814 764 956 904 81
557 325 968 576 22
524 119 984 147 49
378 607 794 718 88
511 135 918 692 38
195 610 829 702 7
613 600 721 842 39
338 890 928 908 83
920 85 990 126 94
276 743 712 971 94
785 391 817 489 88
376 405 425 928 56
330 336 664 416 85
532 726 772 840 66
20 409 386 697 41
459 185 884 467 11
706 892 913 954 79
358 536 447 813 70
718 435 810 737 79
649 286 923 957 89
381 492 435 951 56
329 499 644 837 47
875 997 904 1000 22
532 818 543 978 90
659 610 954 769 99
657 571 942 738 21
481 596 639 675 47
977 266 994 457 59
29 942 653 950 84
223 873 937 980 88
597 403 826 944 94
193 460 921 855 57
855 962 879 966 75
365 880 509 957 49
845 103 903 670 65
615 781 686 870 57
51 561 334 954 32
421 986 977 996 5
205 99 679 408 66
67 241 542 646 26
899 894 961 896 53
667 891 726 993 41
599 566 761 777 60
440 13 779 88 75
784 427 992 855 31
889 596 976 678 30
113 149 258 627 77
44 644 673 984 13
348 55 836 396 89
526 330 594 947 22
742 860 780 922 94
973 708 989 882 80
221 370 749 572 13
498 992 907 997 7
7 324 749 572 59
593 58 837 811 40
779 279 943 702 16
336 962 720 980 27
911 288 943 304 96
315 300 406 463 95
315 660 607 775 36
549 815 784 976 21
371 199 459 473 36
8 63 727 154 45
36 788 197 789 83
200 409 798 932 87
231 952 600 997 32
1000 621 1000 777 28
606 422 695 843 43
938 558 985 594 52
886 577 987 926 43
442 604 553 732 4
89 372 275 411 47
236 946 815 955 48
42 948 166 958 37
617 779 753 801 9
844 214 901 569 84
170 48 614 885 93
844 836 1000 858 77
977 537 977 784 80
442 281 978 658 37
83 54 319 203 60
828 286 847 309 68
553 535 686 979 16
744 304 917 405 95
25 469 743 931 63
679 547 936 965 86
49 126 196 263 94
812 493 989 988 6
166 496 646 859 81
443 178 747 578 90
942 529 951 852 94
670 190 702 880 15
320 799 842 948 25
837 418 865 751 69
816 524 984 584 31
533 733 985 825 49
724 603 980 745 31
638 590 656 859 39
473 854 901 991 84
603 685 889 728 86
138 735 161 940 12
128 690 742 812 27
104 415 742 442 8
992 636 1000 705 54
272 606 830 798 11
335 449 752 973 83
956 705 963 795 96
736 834 861 969 28
17 79 573 632 7
461 584 652 834 50
530 687 583 849 7
723 923 856 923 75
215 212 654 717 52
343 90 851 636 49
856 380 953 572 90
182 467 330 669 2
536 287 923 932 33
584 154 969 494 68
743 382 974 446 61
671 16 955 566 35
405 866 949 991 3
499 15 696 133 10
119 222 485 262 21
337 57 493 751 45
792 390 966 635 19
408 586 475 911 59
873 643 1000 740 79
777 681 858 801 65
347 146 386 780 57
883 676 897 795 65
529 608 689 922 97
247 403 341 548 15
914 861 925 887 18
446 20 866 842 88
865 91 954 244 32
565 500 617 927 68
841 520 894 999 38
964 484 977 635 27
365 186 780 652 57
256 666 727 773 90
601 288 716 334 24
553 499 977 841 47
412 841 491 966 60
917 463 950 507 39
892 400 929 635 17
383 681 477 797 53
775 149 935 396 57
639 717 983 792 74
490 682 749 928 96
261 80 830 141 12
856 167 953 390 88
124 312 783 898 60
598 951 955 977 25
463 551 644 942 95
429 373 752 998 96
1 232 977 967 86
186 328 601 870 21
250 453 558 699 77
843 400 868 613 95
321 717 881 999 83
427 847 759 922 61
141 676 934 919 22
721 79 903 483 100
75 699 980 928 20
324 923 542 939 96
900 765 909 771 76
676 62 824 774 9
484 6 746 53 5
828 834 852 860 25
744 506 803 890 87
103 422 197 463 79
674 234 695 584 63
758 888 857 922 29
286 139 429 433 65
775 652 855 905 79
266 984 845 990 56
561 836 943 936 25
541 10 735 912 53
257 524 976 871 26
886 917 890 955 51
2 4 994 997 96
926 254 933 694 6
212 835 945 879 32
591 902 820 943 24
770 256 973 288 36
809 438 874 888 50
50 916 244 993 30
546 727 859 997 66
588 792 854 992 46
802 384 823 636 12
861 763 948 829 20
665 711 666 949 34
975 170 995 763 51
884 688 918 719 15
60 691 482 747 49
225 945 847 994 26
826 481 888 952 11
830 810 864 879 83
598 977 913 1000 82
613 358 695 374 35
434 12 693 445 12
15 304 680 361 81
427 509 608 748 100
192 178 386 280 80
524 426 645 533 68
75 49 884 463 46
42 693 825 803 81
903 319 952 379 4
389 199 495 477 59
767 664 962 824 53
575 343 997 669 29
533 879 746 978 9
687 297 706 406 81
107 552 768 603 82
374 828 816 926 20
76 137 243 985 57
59 745 357 856 30
711 399 711 590 70
479 378 672 559 59
296 471 342 987 16
684 467 717 691 10
316 434 656 533 59
407 344 925 790 9
237 769 791 997 7
511 238 630 464 83
681 17 801 159 42
778 568 979 619 20
9 394 282 648 29
306 504 900 935 56
521 459 943 672 80
167 501 391 673 67
199 418 657 851 13
238 46 543 126 92
714 967 766 977 89
849 75 902 132 84
120 779 698 873 38
235 127 659 865 59
609 724 915 730 8
846 652 905 764 54
76 206 461 621 13
58 855 462 935 15
880 826 916 926 15
325 284 353 752 25
390 192 497 837 95
410 54 667 828 91
845 174 865 262 17
115 32 665 112 57
238 529 572 918 37
159 1 396 118 60
405 195 701 922 79
406 154 437 745 77
743 67 754 164 73
956 416 974 992 61
721 646 886 785 94
334 171 652 937 20
277 91 506 470 47
811 528 849 643 33
691 303 923 781 34
37 670 305 683 83
9 368 247 436 93
690 900 809 900 57
600 72 728 353 15
989 76 990 448 90
548 448 906 605 46
439 883 489 937 3
72 926 320 932 46
199 517 624 747 20
232 928 329 986 44
323 755 950 822 12
326 582 381 653 19
858 33 963 877 93
188 940 271 991 68
999 696 1000 758 45
317 793 724 846 65
694 818 879 824 94
474 455 749 910 94
264 790 582 927 38
655 836 993 969 66
778 185 868 737 19
859 851 968 887 37
305 1 427 327 55
281 23 902 652 65
211 606 299 934 66
846 395 964 870 9
890 772 970 855 11
192 375 333 852 37
934 925 939 954 53
416 1000 524 1000 75
127 79 606 342 89
738 321 767 703 44
351 218 494 781 1
639 445 849 932 21
28 284 205 330 8
107 525 603 944 84
547 732 740 926 44
114 36 402 449 31
683 695 925 950 34
81 612 478 849 88
776 725 868 771 20
309 166 334 462 37
288 681 681 725 77
105 661 573 675 85
759 189 978 928 3
264 845 812 958 73
356 904 686 905 10
784 389 857 985 22
558 117 871 597 78
37 280 530 392 26
373 576 644 954 62
170 809 309 988 62
384 537 528 845 25
169 338 435 807 9
285 580 331 841 29
833 81 866 511 77
501 725 785 895 66
206 52 655 827 100
801 278 936 955 72
249 306 391 336 21
74 564 484 877 49
804 320 860 884 42
431 684 550 943 55
407 185 685 859 26
724 934 905 936 88
953 141 989 619 19
42 413 182 780 32
127 781 207 996 23
163 179 437 204 72
538 496 835 696 16
865 311 913 778 90
962 324 963 563 43
958 392 976 581 51
66 307 228 582 92
494 186 545 215 28
771 50 864 565 28
737 754 914 795 27
513 406 901 576 51
361 416 633 468 24
512 414 672 943 2
423 552 711 995 34
498 991 697 992 47
686 86 846 329 71
361 919 654 977 16
392 958 674 990 100
521 54 971 601 29
702 663 907 758 12
145 405 192 999 22
701 71 764 497 42
923 140 994 338 22
968 183 972 421 24
989 804 1000 858 21
927 765 964 935 56
43 231 350 865 83
11 395 658 836 19
508 377 793 407 23
89 139 390 738 52
341 751 824 942 93
683 50 779 391 84
823 593 855 887 85
902 643 954 833 16
516 738 887 753 100
596 319 830 968 57
329 435 380 947 36
522 379 997 648 42
825 614 997 808 90
642 121 698 215 47
794 325 972 719 48
519 645 635 976 18
429 402 583 976 80
654 767 872 997 12
830 468 837 580 50
742 729 990 983 89
51 89 592 536 16
789 341 961 551 5
380 8 555 111 84
835 99 910 589 75
118 24 891 831 57
710 829 762 933 46
95 269 562 496 72
667 468 981 694 49
69 546 916 880 91
841 579 893 915 76
155 654 887 960 94
376 521 490 864 93
722 546 890 908 81
99 987 366 990 86
352 582 912 726 43
734 686 787 931 95
195 847 580 852 56
967 100 994 631 22
871 297 946 749 66
99 99 321 620 96
763 70 893 563 73
670 94 721 179 73
529 917 874 954 18
163 472 255 954 76
440 756 539 849 47
958 215 983 628 73
256 750 554 762 87
37 563 850 683 67
397 409 460 680 90
631 606 862 678 23
157 154 176 989 33
370 215 707 254 49
454 421 470 520 99
531 496 668 825 1
723 173 943 740 66
288 23 719 460 91
922 531 971 946 40
876 819 964 938 61
325 947 514 979 28
738 703 981 795 100
784 695 912 755 90
31 493 219 542 2
935 563 962 996 3
242 370 383 767 92
584 36 900 319 45
447 424 800 624 2
772 924 775 974 55
234 293 769 934 70
545 149 717 421 20
78 475 398 923 1
887 17 986 402 68
235 271 357 717 73
781 622 792 790 41
462 5 716 326 53
263 50 590 698 33
838 397 985 758 94
672 487 941 753 51
771 699 877 909 50
417 241 872 631 67
672 723 713 812 7
516 864 572 939 30
701 880 738 883 79
577 513 833 623 88
877 946 972 959 82
440 476 465 716 90
797 452 961 726 65
35 498 440 731 75
1000 448 1000 472 27
307 859 580 917 47
416 697 529 697 63
538 284 570 345 81
950 603 1000 720 99
711 161 858 175 40
514 897 656 965 79
425 557 653 995 60
20 970 824 989 55
391 501 922 724 35
923 599 983 833 4
434 126 521 250 22
193 546 923 836 92
57 822 797 889 4
931 394 976 768 73
104 897 327 993 45
393 763 789 923 15
356 892 565 996 65
564 43 580 784 32
401 978 977 994 94
358 840 699 849 27
681 366 900 594 53
410 518 657 534 18
879 265 938 935 55
336 288 417 410 10
412 162 785 884 4
218 323 256 804 89
966 889 985 965 5
827 222 994 313 49
9 157 663 731 62
865 112 994 398 31
167 986 922 986 34
59 737 532 864 72
106 349 424 730 98
862 14 941 73 46
331 196 905 527 19
760 453 889 602 5
468 795 650 836 33
670 273 813 729 80
670 750 911 986 21
615 960 863 981 59
625 138 765 936 31
108 856 705 922 77
393 586 579 934 36
705 759 710 778 30
965 137 974 835 30
609 713 864 952 58
197 832 344 855 60
66 899 831 960 93
365 267 461 896 25
548 957 978 985 60
502 652 908 913 32
60 291 391 478 32
235 101 259 822 83
433 352 900 930 17
961 47 989 927 96
888 172 987 433 59
191 531 528 667 67
91 327 829 539 78
533 262 676 970 42
209 776 938 828 98
296 276 585 991 19
485 757 886 806 69
83 895 418 910 79
360 902 901 924 54
871 503 955 752 33
930 683 946 836 49
827 903 861 969 62
184 306 691 628 35
933 194 940 727 97
7 602 713 685 43
25 472 357 831 87
871 759 900 875 55
87 902 761 917 96
532 703 545 769 84
105 366 167 387 82
851 50 907 139 47
75 750 320 884 52
89 638 343 755 40
155 240 616 279 54
453 647 577 915 60
768 800 819 821 89
139 554 279 961 100
623 593 882 861 79
703 433 905 873 89
433 445 853 578 67
334 824 397 993 19
188 227 893 578 13
957 870 969 966 39
582 392 950 812 97
577 177 667 964 53
9 948 829 957 83
535 938 883 959 68
611 861 727 883 36
535 374 999 866 81
760 999 996 999 23
776 271 883 597 8
238 724 695 933 12
416 871 940 990 96
750 857 992 917 19
357 214 600 364 32
663 428 983 542 91
401 415 696 538 74
991 808 998 819 37
471 905 859 936 1
533 177 660 350 20
676 998 943 1000 36
151 435 624 970 75
406 298 554 727 93
896 590 979 732 99
84 170 557 327 3
305 655 379 976 78
531 163 882 824 35
577 570 680 692 9
239 63 537 381 68
715 121 845 151 95
372 685 542 718 33
149 524 213 954 6
936 698 967 716 28
333 669 940 923 6
451 257 989 842 81
233 660 584 804 88
610 213 869 922 33
190 698 724 853 38
8 541 537 694 24
196 581 341 801 27
93 392 398 794 65
253 863 636 938 57
282 556 293 655 10
631 601 715 966 14
101 671 617 791 23
744 549 842 861 66
980 929 997 962 29
814 220 846 436 21
824 542 867 811 44
243 897 597 941 91
7 117 820 435 61
371 812 451 994 5
869 996 884 997 35
306 697 755 914 59
468 319 685 633 44
103 99 475 825 67
138 796 149 946 31
427 734 792 900 28
144 747 745 795 83
895 917 927 919 92
969 672 975 928 92
922 632 998 758 1
275 565 988 965 92
289 517 289 872 32
62 744 214 780 48
713 153 971 231 55
13 231 400 502 86
212 311 843 771 89
280 98 357 425 92
701 106 902 612 81
953 313 956 737 85
496 51 917 636 70
870 279 965 875 87
558 967 934 973 17
831 349 986 490 77
125 924 976 980 41
143 66 581 879 86
790 240 803 458 33
136 968 416 998 14
945 631 955 962 85
817 791 925 899 20
273 65 590 95 22
713 295 880 516 44
461 277 834 657 12
489 539 768 767 24
474 528 612 692 3
457 156 459 252 1
182 200 913 521 55
763 1 863 437 36
241 152 340 873 48
383 383 394 770 8
208 509 996 558 63
665 660 695 951 84
20 854 684 932 12
211 356 812 779 88
566 905 694 942 84
470 907 539 999 47
256 14 595 139 17
895 899 933 975 97
606 350 854 598 36
521 921 755 956 81
125 294 628 439 47
421 251 452 883 100
763 864 788 892 86
9 42 679 683 46
988 546 996 910 84
414 927 998 974 1
721 476 851 519 43
587 161 864 769 21
255 331 373 559 86
238 313 466 766 34
286 71 491 258 92
750 79 958 303 40
845 422 950 773 73
426 323 925 471 62
450 847 616 967 85
362 359 486 823 63
256 703 666 742 38
854 623 986 962 88
747 222 753 251 1
900 816 924 896 2
848 539 963 969 59
109 71 813 467 53
854 479 890 942 70
948 860 986 934 72
810 718 906 799 69
501 774 737 947 90
160 622 922 703 4
579 874 695 923 94
68 273 342 694 27
758 185 935 269 99
156 543 285 602 49
419 193 759 575 4
42 991 359 992 33
521 513 887 828 100
381 422 794 562 27
84 166 753 206 38
330 826 612 852 85
464 112 998 473 45
599 633 699 912 93
362 455 524 630 12
707 251 752 808 80
686 546 864 719 93
903 191 950 437 18
28 994 982 995 3
708 801 953 876 68
97 933 910 941 2
508 447 689 944 55
199 49 699 942 95
643 403 819 734 60
563 195 741 344 16
187 579 605 684 43
423 143 861 285 42
391 609 404 624 56
725 596 909 852 70
562 350 912 965 45
480 467 667 493 32
755 361 867 525 47
260 431 660 845 69
22 743 631 922 70
9 534 119 900 87
635 406 869 440 66
470 429 894 620 15
723 621 909 651 71
473 619 925 856 77
929 464 979 824 94
884 129 998 960 14
406 311 667 791 53
138 606 787 726 90
984 345 986 721 88
389 545 714 794 82
663 736 986 966 19
206 101 494 183 27
407 307 703 423 4
971 213 993 702 20
497 523 649 644 75
556 899 954 944 9
817 950 947 973 11
276 673 488 715 25
853 971 990 990 76
356 457 407 963 82
59 680 708 733 90
275 148 575 297 94
326 854 578 927 90
273 194 874 422 98
559 300 930 770 51
8 884 837 908 52
211 775 915 895 72
715 198 719 779 88
579 687 729 957 42
925 43 989 514 47
274 321 654 1000 27
848 790 899 793 95
152 605 232 688 24
238 388 959 808 78
553 337 970 827 32
798 358 906 577 68
853 115 918 231 18
499 221 944 639 26
497 691 500 875 55
843 127 993 740 100
262 732 537 945 78
800 315 884 493 92
337 452 873 497 96
445 247 469 633 51
610 606 615 907 100
377 928 924 950 67
908 344 981 705 10
200 63 366 717 90
808 309 853 345 51
527 807 981 991 34
925 206 999 431 18
240 354 724 631 95
921 186 1000 452 10
311 659 833 788 81
392 52 875 234 54
691 87 968 595 84
918 962 988 992 97
209 784 676 809 99
867 336 961 761 90
83 224 449 353 17
771 272 934 498 82
223 86 908 403 4
570 255 642 550 95
80 880 496 897 47
660 286 968 579 39
79 932 167 994 92
314 277 627 440 42
896 127 976 756 25
78 446 958 509 86
546 415 847 779 43
383 664 910 834 67
971 668 972 836 95
21 403 534 990 45
454 960 879 989 58
960 910 985 946 93
417 228 937 391 14
700 787 760 881 14
577 201 750 331 9
811 41 987 551 12
162 997 916 997 78
394 302 651 837 43
651 248 823 543 38
86 300 660 379 38
9 237 338 716 26
840 145 963 796 99
42 234 187 650 98
181 147 533 361 19
811 611 996 652 6
714 139 730 360 61
553 493 997 696 50
148 743 660 863 93
998 578 998 996 73
610 428 773 975 92
939 140 951 875 13
539 921 558 927 25
853 220 859 938 41
78 580 314 652 59
712 982 757 997 4
192 652 460 937 38
478 402 732 826 12
865 2 975 183 4
728 202 752 499 62
196 584 907 920 87
626 674 906 674 31
160 626 588 955 64
178 166 394 697 44
266 332 290 357 27
380 569 653 836 29
354 367 482 748 82
135 478 499 801 15
952 878 988 974 33
108 322 351 348 33
666 136 768 541 28
692 922 898 937 53
