951
625558 365385 971564 617349 70
324109 324457 628827 959463 59
985582 834130 995677 862345 68
379108 755112 911471 896827 33
782080 211429 859253 530312 83
331070 897431 747057 916921 83
45907 74508 592529 276845 71
18306 468273 214791 705830 85
594105 604931 893847 689966 35
700223 525454 707954 981318 7
187733 467904 932155 679444 36
872856 323315 888507 854652 21
843244 405527 918374 677328 84
504228 61892 564749 505154 59
818909 808124 852510 831513 66
837224 238026 891076 783571 39
211036 919310 790806 948640 48
921402 11840 965732 330574 53
69548 324031 235274 614576 46
580739 210437 601650 782106 64
831173 598205 955574 982272 100
373272 635707 494243 701141 48
329933 856881 603770 968258 82
156233 980383 461408 985303 92
765747 58589 893117 121627 5
471499 40833 944913 426051 10
468667 985830 794842 996476 32
466165 156180 901665 861710 63
551526 248224 911778 930492 3
937043 902583 998725 961522 99
415810 119278 485119 973389 23
318813 824597 985366 925042 28
489428 827395 659868 871431 96
770954 478624 783443 847082 59
606144 312953 807641 825199 65
949647 690033 992544 723997 13
489639 612716 501774 752844 20
73517 599177 421676 931519 66
77574 960507 429689 976271 28
793823 879864 945737 892225 71
276296 611989 295691 739630 85
87053 683721 264356 865864 45
10520 371070 743821 604141 2
569598 881593 831878 945360 90
837600 872161 940666 903704 1
668108 332128 730510 662135 96
895737 121658 898556 171472 84
454296 603581 916089 750093 60
405072 977318 650523 995231 58
211104 224051 439769 433226 73
360027 961066 779227 972664 70
758338 78567 834957 566849 22
918003 686423 981331 985609 87
225544 778836 672527 945578 11
925891 569889 988617 599213 45
202586 510722 228959 688211 68
846301 379840 940868 524687 2
711417 613424 758420 942158 56
478955 447079 885366 973025 17
795466 222215 900546 409504 30
118196 286892 576002 403168 57
287822 419330 443692 600249 23
333136 226721 434807 699587 73
807319 582120 937617 947801 78
580523 743102 754446 762903 68
436635 541081 483958 680760 42
876042 18613 892439 65309 79
779643 942771 971557 946322 24
451114 307207 672236 536518 18
869151 899765 927780 950781 30
256741 668926 540539 699659 79
787537 625026 820367 887834 90
853412 56258 930283 906207 79
687681 307229 701654 606916 52
343210 605252 704145 820797 55
464044 979250 936541 999736 37
546285 381685 558482 896027 54
579328 460748 650837 538040 40
303970 571328 445870 642619 56
879269 331398 899402 566598 25
310672 523303 479516 686030 23
390442 872081 430148 895754 4
329942 130054 668171 249530 73
558297 607999 956366 765243 12
397133 985614 462651 989464 4
243803 809532 526215 957393 79
386996 76770 392127 969510 13
755403 547642 888973 633522 86
222346 816987 547352 932491 47
140041 240007 240763 897930 93
530601 56820 937544 98707 81
482107 307853 777439 746261 26
200463 512535 920986 755774 35
964086 460329 979027 711116 6
92815 404806 801971 576898 62
851579 811821 977703 838173 52
939694 676532 987093 992643 11
956208 798074 976497 982399 58
122044 396855 607494 597371 79
206872 128678 920340 554706 74
536093 116688 812302 545711 10
656232 553635 885991 716663 23
775527 202106 816610 963678 15
557555 666300 758457 959975 73
572459 187980 618524 870106 73
842855 209182 900950 424182 83
603162 11761 884724 116874 1
535137 902194 716730 995255 13
262201 675956 548579 842188 90
893977 767524 942693 917542 7
886405 132327 949518 774063 28
649993 376041 659635 516059 15
504640 930735 821619 969511 67
233400 93302 701983 954409 40
654349 511948 816336 954642 65
347742 795403 639503 934959 37
738578 848346 798085 968589 93
303112 397539 748669 859084 47
594197 345915 704461 661703 27
493449 135773 640770 740877 14
541222 884561 644208 943326 45
95694 420104 748122 579244 7
900841 656628 915594 689125 86
359427 221769 906391 747158 84
946404 45941 997711 601998 48
796774 166377 939134 542705 67
707859 689466 961574 996041 66
934513 803007 939150 894169 51
319594 421191 718637 631354 53
926281 485174 950328 802281 84
290666 673411 452847 850461 18
891634 335978 985303 392267 32
847787 963977 963799 992692 52
522856 209139 550447 407088 57
560412 460955 801490 538058 88
502130 554174 731414 584050 89
515181 469710 582974 766540 60
511874 205449 714417 292903 9
163284 184930 369091 702691 23
450782 35601 535747 112165 66
601565 227867 930252 345389 54
488147 160241 975926 889825 17
866700 278422 925586 893466 7
864328 324226 952994 999629 49
65753 122992 182961 734958 89
439146 1655 512912 481191 34
530993 101127 948340 311845 72
123220 127885 612431 935367 65
438611 431287 965027 830164 57
684732 453579 697166 751999 48
189376 168089 353528 800925 21
208598 344631 982775 834726 65
289576 703580 546680 854047 43
111425 32694 955399 954928 60
712491 801063 732418 909830 39
543294 959176 609635 966737 31
417219 405398 628076 963475 100
960332 845145 975557 959410 27
282712 618605 489042 820136 94
733221 429272 972268 695282 50
735354 389537 901177 943176 97
875018 634049 959163 999343 12
220976 967804 945889 987996 94
933162 96527 982956 318772 61
182865 556660 827446 707918 91
350522 339042 628758 660541 16
948912 844828 969668 879333 86
237425 134192 727943 603440 60
886097 974056 912574 982507 40
265495 527556 916051 565811 27
983500 946718 994320 974946 20
537778 258350 752334 638686 69
794160 604501 864790 675291 41
304534 743694 591259 826851 89
893153 911455 906881 975510 1
798377 73888 867126 884777 27
851759 565576 993428 744432 29
371667 769367 430526 895766 22
96796 865660 296299 953454 36
640243 518323 684333 525299 57
271463 262337 413594 693753 86
193599 78826 974602 293134 18
518982 528463 969995 973952 100
963872 489122 970589 727390 26
762433 977407 986073 996051 30
765463 901922 964418 938519 9
28083 22014 256378 926016 99
264741 882454 703830 945717 23
691399 867230 877503 995236 84
802438 21617 827611 299230 10
343086 578934 440059 819491 52
138812 875994 997744 988325 42
323543 487540 418205 906044 52
269166 228228 768605 903862 22
318223 96647 970704 585244 25
49879 708320 659236 790962 85
32286 939951 667549 981644 64
790532 986783 883233 998917 87
983143 509181 993732 654809 29
226548 210149 311293 974237 45
744332 2406 835608 740261 20
245626 22994 805003 802649 49
852286 815642 956074 969376 10
508921 515727 657484 998780 93
426752 458049 869610 545210 8
698970 783223 922620 986287 21
698722 529074 846345 708804 14
924888 414384 972748 978388 61
615281 10729 623207 169325 68
339773 244766 838131 656446 59
685599 800271 893362 830741 15
683116 13362 942389 21419 68
714023 620864 870666 792709 65
667416 532123 827363 866469 61
40696 834886 125913 970596 33
676267 165232 787910 598580 69
117120 903054 770007 975274 66
847658 334755 961435 833134 94
479565 485025 658489 642539 8
744958 213223 781100 987702 9
547525 758621 736987 914011 52
777077 105789 974369 771226 44
455221 392006 736183 733124 46
899641 286938 957985 365623 57
23305 593490 784091 905702 37
556394 307433 953557 348136 77
873969 209911 938805 941086 41
348806 263190 830899 383353 25
473135 930268 920150 968188 98
274024 719582 381361 823171 27
849349 487452 959854 709105 1
147156 187330 261784 366623 89
947954 793064 969151 885617 85
936559 987812 997537 999278 75
895062 624006 912970 966825 24
812700 536250 918094 874607 66
393537 801261 819295 826427 3
513991 765481 820330 870702 3
696801 367604 753213 465334 54
924625 466754 960146 512659 8
521184 123549 997222 668537 62
850726 18605 997556 854189 55
900191 500443 952343 766968 47
25606 412853 313415 739231 14
184135 877233 259989 947188 33
773925 359530 938671 460104 21
273197 346877 540203 847992 55
750093 247374 960101 499896 39
915509 369649 942689 494388 54
805614 220361 979393 868038 7
268601 365831 387943 863072 21
606399 226803 993949 227236 100
4604 158591 815798 878510 79
421869 633602 509193 963303 56
287261 431880 473922 873442 14
604809 717324 878175 897116 9
971991 482190 989867 806573 77
109690 946783 698935 994045 35
102663 408125 754016 684940 60
987089 962005 990042 974344 28
623551 92026 702547 691589 46
362239 608972 682959 819485 32
738778 621710 926154 883233 18
210411 415871 788363 598318 7
520602 416582 980235 535988 54
53110 704292 248437 910405 92
76168 231108 516503 360716 10
529697 881308 879329 900091 17
931564 104992 987309 361672 93
715100 350895 818719 407563 36
92844 868373 791123 957560 57
15225 277362 613242 427193 35
962908 94679 981094 255646 70
476407 647667 792525 956343 4
935942 291653 991314 324130 22
153710 999750 864169 999809 40
449802 406238 767376 902186 18
298032 214684 715109 990472 41
449628 176065 880065 849544 29
867336 918208 908560 998249 27
972610 739004 984288 999058 2
675957 907064 935325 969559 27
132703 790657 194436 922060 42
101280 681453 707310 877806 36
485329 219725 919915 316995 30
80638 742975 346177 947735 16
561046 851025 570657 971555 94
87859 557156 605921 828769 22
88925 477556 216028 954032 4
896862 283891 984800 899023 62
491134 492009 992705 939442 41
142874 499869 173814 537908 70
251331 370568 732629 697669 16
2724 617091 742654 819086 62
936538 936442 940154 951385 64
138791 857460 324490 952590 31
17424 589828 440446 922406 92
655978 480241 761153 558654 74
633157 436535 871197 704307 28
476594 829629 608995 955085 96
242009 867721 419966 956931 75
24574 123541 358689 514908 87
509545 264984 529276 653658 95
938602 500156 989771 728429 55
79227 714947 361589 861224 97
993883 103428 997245 729241 23
505174 423260 710808 554671 43
942550 123439 949389 656529 21
259217 423944 467332 871640 46
96854 304932 799476 435501 38
247803 206050 554060 607955 57
140464 588786 788419 935084 37
864241 656679 926359 709239 95
779161 375389 981705 528987 23
792468 622486 963893 699141 59
943844 788766 954506 886722 85
322623 139705 742649 281542 29
570376 88504 970697 535377 26
87048 970381 589089 999519 21
992447 731525 999439 744844 94
782209 473292 864248 968538 89
540538 428763 626295 815100 55
409225 555937 559865 846936 63
364597 244190 545181 245538 88
61866 145544 641092 700986 75
690025 893798 700866 924881 53
159610 871197 433182 907026 55
514916 422241 880747 974806 69
392409 889122 418296 939990 3
320285 705892 325150 874052 79
362963 60165 908972 205362 26
165431 149441 632464 392157 54
516635 692670 862544 917251 32
634689 479004 801014 982937 62
600791 962818 942500 998677 69
297791 107503 387654 692522 59
231032 357561 296971 430951 18
474876 704360 726318 937593 48
282121 831357 489305 851264 97
299344 953349 742994 990276 57
327831 120548 744898 309729 91
854771 768535 936165 806241 29
399929 205575 903953 815307 70
639419 671308 914087 940307 82
5694 10015 418155 632655 57
398260 985215 708072 999951 48
827770 637759 954177 739619 8
780959 846874 933232 935790 44
576363 243780 910744 753154 87
761778 839266 961819 975660 91
412908 276663 832395 876949 30
229841 193745 675010 481865 75
651980 285746 971097 423462 80
935065 893770 951163 905212 58
749963 24744 798452 413943 56
215356 459311 467391 862368 81
517134 834829 659805 944956 80
951128 132454 963049 712796 4
162332 90510 190877 258290 3
145721 8274 931753 25749 42
841653 483928 913297 888372 98
349001 746911 800866 825522 20
635007 568935 755251 764275 96
454575 15143 810415 268758 68
646834 917118 797544 996528 9
147293 686315 273176 781287 36
785070 859358 860923 955809 45
895725 960324 934826 999348 79
910813 615245 963988 622515 50
295760 150564 940764 426561 67
814301 782687 821823 899739 54
104108 448808 912160 890300 45
434385 831008 537703 907128 89
22571 811363 189119 974729 67
369482 355557 553418 704374 63
231523 853029 359043 937140 89
653634 936302 917163 936722 19
763900 518623 990684 536435 3
394470 967272 642229 992016 9
661861 950377 815301 951051 36
920148 904935 934038 959577 44
11745 671344 123356 988125 23
467860 394791 809466 771757 55
172586 481710 548245 638260 20
126853 7286 158554 986208 99
569476 210541 946187 367893 66
722058 983320 804382 993279 63
295081 123014 560061 350423 9
949404 307135 973734 539183 78
807086 530773 889771 747735 93
123481 81515 595227 607636 89
49214 408742 655885 567449 81
663091 455963 777856 725050 93
567755 335256 798994 880906 97
391922 59936 640865 337438 82
284290 451504 409922 596082 8
101620 590145 669276 782591 1
324338 552250 958851 964574 84
211902 314065 637005 480768 60
730126 264195 900477 624603 31
113439 3607 330750 769626 17
91928 804499 124328 813855 87
895549 180587 988768 647450 97
355612 962548 790335 983242 76
614610 265086 865803 693965 69
140642 989866 925580 991152 79
350402 718651 761885 757923 66
378275 726359 848448 797154 94
830636 769181 939728 801724 86
688585 23584 847667 446279 19
215177 724712 908504 830300 94
44943 300679 356134 682902 14
34439 541012 947714 754909 93
133745 545339 901978 657789 65
961742 148630 982437 666556 31
446473 721941 974214 954252 34
717782 883524 965545 991465 71
897995 946203 965124 990711 69
733769 837182 988138 975820 8
918523 22813 988749 304695 60
771570 122538 788470 673291 42
21523 850806 382209 906688 58
309898 102988 549637 546915 23
716919 371546 946024 950758 63
359868 773357 961632 817925 49
135727 268347 780898 417137 93
492290 663985 853385 788959 76
550600 216696 584866 247798 41
786426 217967 873827 800063 1
994343 70829 999018 419840 23
442307 878070 752672 938441 11
685889 799476 945486 861933 8
278885 244435 281068 377439 86
779728 748190 944519 923092 70
895213 908816 950823 984282 94
341862 26636 631441 70883 34
918495 542772 989679 638443 47
929875 587504 935357 902359 24
335597 823390 691678 877818 42
324856 531792 466335 938681 46
484182 111209 588558 663070 38
649373 646930 941279 999571 7
244613 341227 434008 938244 48
350528 575619 713797 844720 25
923584 693961 947358 941435 22
357918 188725 927937 634084 35
996388 107052 998178 109850 22
148470 362373 777216 789415 64
503895 155824 629497 275895 67
636058 363708 996463 840445 1
789667 664933 835792 741356 99
410103 705965 992220 740183 19
340052 632046 647696 881353 99
852067 374890 952979 583747 12
662653 295582 670965 575754 19
891337 636442 993763 699657 6
863968 327291 960446 539015 66
134848 35731 137281 281060 18
694145 812389 695011 848594 87
918594 498127 946065 573514 27
784151 664961 822950 769764 56
502433 146917 568644 362982 69
448169 575182 963606 716987 96
808355 958047 850921 959500 77
719064 39101 977263 136130 93
553960 92452 890718 104002 98
776392 881727 815961 975982 25
73221 223746 291913 682742 35
355388 192792 831205 382637 62
453767 199315 611851 703297 65
664671 702777 820144 986428 15
257621 791077 497873 976371 71
277089 138320 441992 770496 62
352039 894593 850839 957120 30
743920 604818 914616 731020 1
65132 856075 920025 872879 41
902090 593693 980524 883261 70
714272 256856 865732 675806 83
707168 404564 820940 479001 92
292990 115864 400410 509646 66
13061 235234 642877 889062 29
470961 741704 880136 878405 55
423610 812970 687902 989612 60
132864 853158 343379 974776 29
711121 554732 876468 824524 70
955114 886132 983584 892104 38
617420 568989 663657 982932 83
482479 830838 974260 894845 80
625813 914426 995726 992382 83
297771 783084 725261 980260 26
305198 593013 436825 675200 69
672651 307009 998066 464683 23
954377 909905 970889 985273 71
586668 142457 755344 747122 73
242172 940381 679986 986182 81
674175 433675 764309 684343 54
871167 901426 952207 907816 20
267344 336833 388202 984444 4
680732 636960 759547 919347 90
282650 339384 913468 414150 20
625724 487769 797001 920076 46
992750 193685 993809 333717 71
105896 535825 438783 703890 13
523502 308013 762002 446175 44
80955 595572 945209 950906 82
176978 295094 498085 377153 41
454085 577145 803304 671541 2
701100 373293 706157 660555 2
604554 234516 758722 494548 6
702550 898799 908650 916213 66
27780 974119 278087 978787 37
751492 629892 915386 715332 80
288756 482147 475410 718695 73
47883 774768 615029 799068 75
782637 17312 975446 374567 63
169078 264951 804882 758709 63
559046 367170 563118 553454 30
828231 78724 941552 342577 22
631101 344272 964023 759969 61
607301 921394 630840 983797 93
298306 225009 774925 473622 49
242369 761578 693330 898482 98
932548 97913 960310 387644 28
896179 757421 914231 809305 12
90148 606208 252583 653133 42
92244 3770 467700 312603 97
298800 287722 924897 857007 92
789981 868350 981673 915355 32
354823 318312 789267 539205 52
311119 300505 631885 774453 76
756464 32746 984545 400644 70
718332 825463 812631 963632 92
80100 748690 923059 777780 57
210492 516306 804124 820967 10
481340 653254 831584 834306 28
336847 831090 591581 922271 10
269416 124063 973906 882212 3
392771 728920 908103 912857 12
411711 13359 889621 962249 48
159139 777922 189788 998134 5
369563 18741 480729 274050 22
552637 147731 782794 950636 76
589858 190777 804787 744182 53
576476 837319 966593 837458 87
839531 472973 916865 858086 24
903958 459439 970118 820817 57
269400 634672 578390 839558 64
260082 811542 445453 866895 56
867115 250697 887011 861944 48
21287 140666 570738 581464 50
918466 578308 959216 776547 91
590840 425025 735031 447069 67
269085 521763 962253 537597 84
581700 854878 711546 943303 30
695805 372400 707895 735859 86
274618 57085 447015 427462 75
18929 894914 135974 962169 52
343461 524690 592194 598362 63
113265 770102 665748 825795 59
773813 485174 882809 710814 14
277735 989776 492595 993530 52
761378 514905 970195 863879 53
934700 607410 975111 663839 91
148019 17663 638955 368044 84
62163 720113 351507 841416 4
276896 991020 846208 996790 58
45007 217855 591706 790059 49
439213 696714 965123 990942 99
991380 978315 996852 981015 65
249690 92983 374253 645598 67
559688 968901 753096 986988 17
649717 537314 893710 873738 9
772662 743078 775182 816485 28
307649 904639 404367 953622 73
118965 684769 204036 853307 68
667827 322195 846138 820862 46
662775 44173 762802 226740 78
254404 188381 974991 992164 52
459703 15282 692023 800412 100
189834 543429 919540 859754 68
316675 500786 738292 691936 16
890990 177371 977524 277731 15
744918 280009 989472 395471 15
955007 227864 958485 337575 4
811195 663334 946505 817169 51
556308 655679 585222 921848 42
314632 175410 937501 560036 13
269665 546419 866618 955258 82
130980 608064 445812 934091 14
455154 699260 527668 999158 4
611951 71956 943241 279944 77
164228 185876 729428 629886 16
879884 190987 895648 330038 17
289101 570228 913053 611190 33
159032 862963 444760 920769 34
34819 627535 497550 737431 55
543326 595457 567158 610654 94
68872 275177 743323 982924 54
111033 210864 561028 467941 66
119835 563346 393794 701500 18
947465 585159 996558 860200 51
925955 59223 963965 317369 18
37115 823303 999581 898696 71
798963 869092 839099 952356 34
796222 988466 822861 988590 67
117174 600591 629491 807041 88
725864 141735 991367 314879 43
849368 576825 952021 846465 62
930687 587656 953076 713566 42
225794 43023 794360 682935 66
885498 179569 990697 423501 21
147565 587513 194462 786724 91
888962 167803 999213 587764 49
937348 84894 939144 828822 45
791157 73393 988127 299917 4
65994 703999 449263 851478 15
346559 391445 631867 421710 50
649295 169201 949942 902241 37
67805 513273 156888 821455 27
621648 366280 971949 368300 3
263812 669232 667139 827035 59
951865 59469 979546 139866 84
802803 329929 809465 738178 37
347053 70268 904900 714696 99
553118 137727 981591 531019 62
126988 406034 314379 750274 90
216305 978678 660570 978720 92
238037 867133 717959 995371 93
188420 545474 921040 724671 85
979430 236740 997547 787609 48
412315 772223 449894 915668 68
865194 687534 984677 843363 15
590462 664011 919145 683716 50
915273 249013 960666 879045 60
609312 315919 700206 972656 52
225135 433449 647259 687300 65
706300 327113 754911 495323 65
270304 197864 537834 625247 23
301785 472424 580763 787616 68
738871 362028 778373 874580 86
338240 61876 938892 132279 92
566719 144220 783916 966616 17
308186 771949 504763 800245 64
281920 840470 730778 916450 78
565541 313253 870971 851809 84
53541 986871 627409 990682 4
838147 627427 853365 875251 30
823869 338870 909676 920083 89
98970 364135 183018 588730 62
287576 19528 366503 986846 73
830116 452170 917614 457340 98
190121 393496 708767 804944 70
815698 719656 838201 842499 48
154568 301019 710317 594639 7
77699 472436 976173 626872 65
565501 593317 878052 784553 34
247964 521162 329057 893931 65
865655 644008 959510 881880 29
142609 453546 470203 609627 7
252008 364847 319335 492804 46
289002 221548 461196 458203 29
125251 584950 264514 999968 54
55687 857645 215688 949209 7
662380 947310 867049 978926 55
278469 811070 932050 921958 93
302373 662881 854227 854823 14
901111 113264 988595 947701 22
625420 730914 682404 852535 45
62416 819455 762545 949247 11
456898 482749 926831 807259 16
139523 703388 260180 747114 68
545217 119950 610576 593756 42
281777 38043 972151 387949 18
320061 971688 641237 982235 86
401749 479959 872641 545347 14
497217 5571 979752 538933 8
647928 106005 789473 448828 20
629484 254183 812570 361201 60
698724 497009 879305 650389 29
369681 729705 589561 851874 61
787531 808630 820707 828177 35
560422 259873 786150 333979 92
379505 15212 596829 278510 9
480402 978630 985778 988606 69
211133 144874 787729 211145 92
857876 377253 960111 787108 45
916617 313570 983058 472273 52
946890 470909 957189 701028 37
960323 735871 989521 960817 50
13809 938597 970498 957601 34
580253 424056 844199 753445 4
717557 895470 760627 942259 27
143919 344031 836200 731492 35
129219 615994 727883 981495 57
595715 250521 643147 369911 40
399363 135562 568175 581697 77
761859 575050 803147 944150 17
446804 713485 620556 882933 80
833228 262008 925423 940655 20
679931 631917 750658 705738 10
158241 206632 882331 289180 80
865822 511778 977263 806506 72
849538 719290 934996 848384 36
637764 827685 857890 924946 38
799655 940176 905617 956157 77
127382 53908 605224 833904 100
56620 585367 491091 764681 1
56731 222798 822931 581405 21
65466 143022 732747 827576 78
787963 398621 814172 927052 48
629716 722384 986098 931276 37
634921 218647 792220 416546 43
306751 204701 892415 352762 28
475126 602407 884695 778302 27
370064 893028 991253 937213 23
396834 925384 469176 962519 58
535570 751792 876849 897061 68
265536 68595 984937 681504 5
513899 462431 894308 737476 86
809422 668014 908494 682673 36
617998 1985 895990 264515 82
12575 662845 79148 947231 76
73993 50348 521798 705246 92
837374 280534 849072 390040 39
21876 356639 804838 521404 35
684486 763332 758100 980348 81
298793 570613 813513 730954 81
475027 703361 752345 746578 66
39011 990714 256905 992568 2
660432 469115 995399 844825 18
849227 96244 921952 309210 38
137342 173326 708731 269290 97
217376 667380 308543 836417 9
99706 166399 294002 905749 71
560222 173767 804552 860223 26
289823 790282 892021 976655 59
315998 144914 610324 837819 40
225135 585683 868520 770356 45
109380 63124 588738 99262 43
889562 755229 977366 906528 22
790456 389171 860846 710465 33
161932 452453 775199 816050 77
582819 471567 818564 719414 90
818894 355934 983773 955444 60
672945 245900 780709 986897 6
290432 508667 364307 792450 94
398197 89545 452867 687520 26
146290 470224 687962 594867 80
517521 441445 605108 777792 36
58670 326582 776074 478130 68
521723 350390 879859 783683 59
985273 440593 996791 932999 40
530774 446050 733656 784715 33
593565 216189 633173 731860 85
668502 449189 766333 491225 26
589978 534970 906464 699572 50
222569 418353 384367 665184 52
600211 31676 646987 890540 49
174919 572325 668931 957207 52
168594 363568 360400 549337 52
207577 785806 373341 878709 63
545777 687650 941436 781161 4
649156 940091 829484 985134 48
405724 478547 923827 563835 32
456840 798936 785060 943825 53
864523 827901 877874 964305 92
764367 945626 883291 986342 60
892403 928377 941180 970155 32
103009 242043 572825 352721 13
867692 483817 993955 807613 19
905791 875411 957487 928504 35
297079 315785 511533 339062 42
758821 230250 762827 472982 22
454284 22228 811346 101321 91
963965 425583 999004 936520 88
607747 350080 650512 454812 14
427606 870699 880645 885058 40
946867 72480 979780 582352 28
266960 585573 726716 663485 45
21004 997127 886580 999434 48
226485 469932 740460 835831 83
667828 376356 979561 412007 14
620227 903627 704944 948007 23
837165 706058 979672 985621 64
947170 460993 999854 536326 46
467443 9560 566672 245259 71
741334 721135 962152 827100 77
646578 403116 920284 998629 57
655449 795419 950409 967749 35
856020 949611 885020 994963 59
319156 175634 444858 810836 100
603570 110563 896142 751187 9
203555 807454 220348 881437 97
994049 532003 996889 945658 33
172212 157658 564560 535424 70
955409 460822 984536 695406 6
98114 862698 721267 966305 29
15413 145787 85292 389626 85
19066 695720 623763 744580 57
130238 80258 750161 886543 29
945397 400766 976899 707371 44
504645 34239 952695 55930 48
114667 971396 379103 986427 92
983237 40886 993423 95950 5
860842 126722 976450 906789 5
474078 925305 671261 985326 2
893578 416663 933112 530938 63
252108 317762 869110 731759 20
928230 301214 972686 926406 11
279321 462970 632048 533105 55
718890 715884 723207 861283 96
355974 952333 539350 988695 97
345018 524191 876453 705868 21
663439 237680 910873 943497 31
240521 194232 327321 365222 99
655532 947372 982183 952578 5
187483 335290 470465 640294 74
229229 843986 705945 859791 67
529059 347235 805931 818384 35
370216 789742 952394 936614 15
917061 825518 926862 878447 19
464575 206036 609545 678142 73
884227 455760 898744 984947 8
457571 556710 610735 719010 24
138043 538735 501943 725676 35
141306 174809 780806 560269 23
594069 343912 808654 358595 44
955758 170361 991864 881554 68
348669 630667 689336 966927 76
511783 259437 735388 432999 68
942737 226773 990232 390815 4
175763 89200 518383 847591 71
109109 19467 524764 559011 90
600370 502040 698360 707755 38
907734 280270 936056 996559 8
657460 206456 957041 705331 68
59459 946651 948909 997221 29
177484 99220 640607 637930 26
883054 773080 958427 898125 47
166845 10735 685169 405779 35
993356 605414 995180 746980 6
754892 219057 792453 946817 81
375573 118308 932159 152364 71
121888 595821 645414 778808 91
582905 681821 766659 821514 52
409663 157119 868028 515495 70
238308 785862 364182 870569 5
821185 274821 918198 838272 70
754249 580701 778089 894681 44
489190 528455 653934 639161 57
834895 728661 959626 895222 35
800359 985693 867402 994394 8
567704 574331 787090 592527 1
594977 741327 708890 985017 60
447262 989794 478598 990728 90
235423 256229 339494 308020 62
577949 382507 855801 428583 17
452130 800836 511232 911431 76
672592 177374 822143 283830 22
241722 400010 329376 670333 100
93730 550412 869796 737254 59
438483 499876 753252 585057 34
605105 543548 667916 567818 87
375230 986665 836053 998361 53
982902 762746 987018 912163 15
190598 587972 505720 844261 85
55706 405185 517427 575705 94
32097 865322 363120 866565 10
548767 299629 805607 956616 70
953464 429689 987386 825520 50
222286 960945 557683 980711 4
333311 492081 399883 633944 29
977497 784249 996345 898822 54
788605 181454 935067 753665 71
778510 745194 808537 956338 82
71465 967209 294736 983790 26
323686 146186 650599 800246 65
683164 575723 903482 637319 57
820360 77624 879727 490958 58
676081 741343 933711 947321 11
648543 5366 759320 707753 57
79020 588784 812836 748101 81
737612 963709 786102 993693 97
398339 442181 669070 733578 16
841471 178164 973717 460432 32
532893 9005 974006 760482 92
620052 466969 784697 917218 61
369632 48091 944745 997028 98
265226 271343 528008 651938 61
951851 653512 999323 814699 81
419054 263059 659899 473452 72
61154 769722 630033 874606 73
488485 509727 652702 838068 66
934491 61207 944608 86801 7
110123 432985 638774 610938 57
652436 855999 946616 936785 15
813907 168451 994958 689682 90
646346 998415 975407 998529 39
929437 252982 995041 588848 78
230991 833549 679868 977554 43
232751 529252 535069 847895 25
304591 272573 476278 840944 32
581596 952447 828082 992285 31
568165 703398 934776 792666 17
326872 74816 381134 500841 55
416972 303436 839190 452554 41
701918 241820 727836 756721 89
223617 209747 411862 217923 55
230988 116750 582920 831181 47
384310 125315 558720 450117 54
347781 954056 873445 998626 10
42555 53663 887387 352666 56
13250 249509 368097 749033 53
158429 565684 323500 955086 30
186093 134061 823326 401064 53
564744 736786 590431 743597 80
312241 171331 804595 286566 89
347465 987669 771827 988017 9
148321 471760 348058 559863 65
756481 722689 872308 774455 52
107161 76635 155883 353465 53
8225 346158 588199 859367 13
367481 550140 645515 771751 78
337128 288848 946244 501840 60
51505 397946 166518 736297 72
348296 389311 858001 993964 82
302945 186997 866064 453508 94
95320 305103 240002 851132 45
10961 700082 94672 959036 92
866586 92246 991383 203725 34
62105 393693 699609 739729 68
397846 733470 603097 901691 71
669090 360712 837539 972522 82
852873 564643 937101 799974 94
379209 877978 858601 904306 22
204447 927503 473197 958935 59
386574 969832 808361 973424 52
278353 840908 479116 859896 58
179131 214018 946917 300834 69
389588 939324 933563 992775 61
325500 592277 802038 658299 36
230036 348068 547149 986560 90
189739 441442 246052 753153 78
280351 794157 898568 946693 50
146793 909970 193807 911929 79
125946 715828 829397 797336 82
715170 628432 781667 956469 55
805931 169795 864995 594837 71
498255 549670 878742 700621 72
203967 849063 652130 937468 22
149957 357312 485103 796917 82
