100
1 1
2 0
5 1
7 0
8 4
10 1
15 1
16 1
17 4
18 4
22 4
23 0
24 1
30 0
33 1
36 0
37 1
38 0
40 1
43 0
44 1
45 1
47 0
48 4
50 1
52 4
53 0
61 0
62 1
63 0
65 4
66 1
70 4
77 0
78 4
81 0
84 4
87 0
88 0
89 4
90 0
91 1
92 1
95 4
96 4
103 4
107 1
109 1
112 1
116 0
119 1
121 1
123 4
130 4
133 1
140 0
141 0
142 0
149 4
154 1
155 0
163 4
166 4
172 4
175 4
180 1
182 4
189 0
190 4
191 4
192 1
197 0
203 4
204 1
212 0
215 0
216 4
218 0
219 1
240 0
246 4
247 0
253 1
256 1
257 1
259 4
260 1
262 4
265 0
269 0
270 4
271 0
274 1
285 1
290 0
292 4
295 4
297 4
298 0
300 1
