100
2 0
5 0
10 4
13 4
15 4
16 4
23 0
25 1
26 4
27 4
30 0
33 4
34 4
41 0
46 1
47 4
51 1
52 4
53 0
64 0
65 1
66 0
71 0
72 0
73 1
77 1
78 4
80 1
86 1
87 0
88 4
89 0
90 1
92 1
95 4
97 4
100 4
101 4
102 4
104 1
110 0
113 1
119 4
121 0
122 4
125 4
128 1
129 1
130 4
131 1
133 4
141 1
142 1
147 4
148 1
149 4
152 1
153 0
155 4
158 1
159 4
162 4
163 0
171 0
173 0
176 4
177 1
178 4
179 1
181 0
182 4
183 4
188 0
192 0
196 4
205 1
210 0
213 1
215 1
223 0
226 0
229 1
232 0
238 1
245 0
249 1
258 0
260 4
264 4
265 0
271 1
273 1
276 0
281 4
283 4
286 0
288 4
291 0
292 0
294 0
