100
1 0
2 0
5 0
7 0
8 0
10 0
15 0
16 0
17 4
18 0
22 0
23 0
24 0
30 0
33 0
36 0
37 4
38 0
40 0
43 0
44 0
45 0
47 0
48 0
50 0
52 0
53 0
61 0
62 0
63 0
65 0
66 4
70 0
77 0
78 0
81 0
84 0
87 0
88 0
89 0
90 0
91 0
92 0
95 0
96 0
103 0
107 0
109 0
112 0
116 0
119 0
121 0
123 0
130 0
133 0
140 0
141 0
142 0
149 0
154 0
155 0
163 0
166 0
172 0
175 0
180 0
182 0
189 0
190 0
191 0
192 0
197 0
203 0
204 0
212 0
215 0
216 0
218 0
219 1
240 0
246 0
247 0
253 0
256 0
257 0
259 0
260 0
262 0
265 0
269 0
270 0
271 0
274 0
285 0
290 0
292 0
295 0
297 0
298 0
300 0
