100
1 4
3 0
4 0
5 4
9 0
10 1
12 0
13 4
14 4
18 0
19 1
21 1
26 4
27 4
28 4
29 4
33 1
36 0
37 0
38 0
40 1
41 1
43 1
52 4
56 0
57 0
66 1
68 4
73 1
75 4
80 1
81 0
83 4
87 4
88 1
95 1
96 1
101 0
104 1
107 4
111 4
113 4
119 1
121 0
122 4
124 4
127 1
136 0
137 1
138 1
151 0
153 0
158 1
159 0
161 1
162 1
164 1
167 0
170 1
180 4
183 1
184 1
188 4
192 1
197 1
205 4
208 4
209 4
210 1
211 1
215 1
219 0
221 0
222 1
223 1
224 1
225 4
233 4
235 4
237 1
242 4
245 1
247 0
250 4
251 0
252 4
255 0
258 1
269 0
270 1
271 4
275 4
278 1
279 1
280 0
285 4
292 4
294 0
295 1
297 0
