417 19
498 335
-609 -181
246 -785
253 967
-448 284
805 -275
148 -924
-816 906
877 -251
444 635
-921 420
790 -207
431 810
-791 363
-928 -835
-83 872
795 871
124 50
836 161
571 -845
-143 -710
-706 372
-699 876
-869 -922
-419 554
-402 588
875 -133
-945 -69
260 58
128 -738
-364 -650
-15 -794
308 231
-470 -430
510 -897
659 -265
-815 188
-120 267
-875 -776
182 -43
-466 441
-150 -662
150 -635
625 339
-488 161
-35 345
533 -124
106 -865
-636 -808
881 -292
195 -739
-242 -724
940 -739
538 -43
775 -25
389 -435
153 953
121 -243
-158 967
476 414
-383 -412
-371 -52
-398 747
706 335
539 0
93 796
735 126
652 -331
796 -706
109 864
95 -543
885 -487
-844 66
-257 158
461 -861
215 -809
536 81
-416 152
-893 936
805 -143
637 475
-965 -508
-358 658
-777 -261
-436 -795
873 -25
-7 882
-76 38
465 -160
-311 51
-366 293
-124 -859
129 -698
976 520
288 342
220 -902
-738 959
-45 879
-86 -184
-94 522
-727 -251
-437 514
-501 323
-413 -122
393 -26
-43 472
-270 266
-347 -322
-442 -504
305 -533
304 -728
183 830
653 26
-530 155
-513 -270
332 -874
-285 748
-938 839
-132 -787
407 -370
-80 391
-286 557
-976 48
-523 955
371 483
-945 347
529 -167
-23 725
741 895
-167 18
304 728
-166 -477
-401 211
-157 844
-750 362
-518 240
-535 -99
424 165
-157 -593
-840 674
966 331
965 124
737 183
700 -100
396 -597
-683 207
523 210
242 684
345 278
739 11
448 489
316 -292
164 -221
85 560
538 43
-473 -260
376 -860
-456 -468
631 -124
934 187
-401 -741
-874 -980
375 633
920 556
-216 -555
-538 -12
353 666
-499 1000
-720 172
-666 -13
-452 478
-226 963
610 -513
-289 -745
-510 282
464 314
516 -252
-491 363
-71 129
530 -366
-91 -372
-586 -35
880 123
416 -559
462 -452
212 502
300 917
851 -547
-317 -713
-39 -653
782 -649
-599 -895
-709 287
-166 -97
694 -478
810 945
462 452
276 -758
416 559
515 592
-643 -474
29 923
726 -805
-426 -540
-776 -34
-889 341
-525 198
-598 299
112 -294
492 81
-114 -681
666 -913
-394 83
529 167
476 -414
-794 -724
477 155
-435 119
-799 993
543 -318
-311 720
-299 394
-125 -284
536 -81
-116 -150
727 950
-900 -709
-952 634
773 99
267 258
448 -489
-681 470
148 -417
146 849
159 -275
732 397
-228 -799
767 -992
-707 502
487 375
-642 -228
-170 -46
68 -875
-193 -955
-837 298
-259 602
912 -124
533 124
-714 -153
-848 933
-658 423
-553 -694
621 -856
592 -243
-742 -676
-984 -136
-244 99
-121 860
324 429
-903 -534
-85 682
-635 166
599 -800
-649 76
508 294
-259 -773
-482 -391
34 881
-561 -826
-161 -842
-678 -53
-420 -161
-714 -916
462 882
-526 -186
-725 -965
-87 -300
-556 820
739 706
-882 397
420 38
353 -666
907 955
942 -422
396 597
-520 -228
515 -793
-537 -56
-196 534
-494 -352
-488 -53
-87 -871
-995 9
75 -387
56 620
-193 823
72 875
433 -525
-662 249
-932 -465
-589 527
30 -881
260 -436
-101 -751
-570 944
585 182
-461 -859
-427 -236
627 -395
641 -784
-256 776
-900 -297
-302 231
-230 2
-264 897
-217 -509
-984 842
-114 -335
-225 -369
-888 -818
846 -906
-443 915
-263 663
-407 -578
3 -511
-49 -879
516 252
-605 -360
-709 -31
-53 163
-953 -199
715 463
276 758
981 259
-934 216
-730 -293
595 -374
-341 -683
-335 690
777 -572
280 -608
605 740
-11 -882
-538 31
-526 -722
-823 -407
-712 -856
-218 892
-449 -955
375 -633
329 698
755 -400
498 -335
-67 747
352 882
-531 -143
-866 -153
947 380
-3 -105
-149 576
-386 -615
-771 96
-51 -692
770 276
503 -949
246 785
831 -358
952 -359
-225 802
-381 624
-661 -715
884 -928
697 -961
-949 -918
639 -623
994 463
487 -375
-986 600
508 -294
-534 112
301 810
-645 -286
-614 605
433 525
71 -326
203 717
781 -889
-884 -623
-197 -821
175 30
177 569
-727 -748
256 -379
609 -933
143 -851
941 83
421 -244
-671 -862
921 -2
329 -698
935 -530
341 -44
-971 156
736 -612
-753 441
742 -749
-843 837
-504 -311
-537 74
523 -210
757 755
215 809
255 414
533 -616
-479 403
115 974
179 -832
