378 22
-736 -185
-539 311
363 887
-501 -541
-110 893
-201 -870
204 585
-325 983
818 13
-532 171
401 409
-792 -56
337 -806
807 317
-525 646
381 -22
-156 -508
-57 -612
-210 -247
-745 115
-484 780
374 -782
755 389
6 669
-268 950
-448 -724
-653 183
-799 -706
-621 -507
-257 684
351 573
748 -90
-2 811
405 -830
-377 564
338 321
-542 -625
619 -511
180 -334
620 -341
-464 -109
839 235
959 120
-151 -725
314 -554
-959 786
-176 450
-997 -924
-486 -281
-373 989
818 558
750 50
-190 70
-341 -804
654 539
799 -160
-628 929
-71 111
478 -696
-824 -528
-496 -25
367 787
591 844
-566 954
520 -420
-427 742
-257 470
-264 -548
-453 -349
928 -647
-855 -662
-466 983
752 0
-921 -120
-349 799
741 150
-378 -780
601 -973
-512 -660
978 -188
-906 63
-269 368
-750 65
594 -552
94 488
-88 53
-654 55
581 677
-521 115
-894 -363
-554 610
-869 941
-919 174
-421 588
-797 251
-340 929
732 676
-209 867
541 355
-683 -376
568 -591
742 -140
-861 390
501 -477
818 -462
681 -380
-558 742
-991 -202
-498 -782
977 -144
-256 848
-124 440
630 216
-528 -246
-792 401
924 396
98 -895
-207 -463
235 -932
-767 -524
-116 -646
589 560
579 -396
551 -262
-392 769
-201 18
-803 -385
-100 -117
-695 106
-414 -753
757 -658
-292 582
498 954
-160 882
196 -871
196 197
218 968
687 -896
0 513
203 470
646 -78
233 -586
-79 985
-60 900
48 -901
296 959
-392 -50
540 301
-298 -611
733 199
-757 639
659 434
734 -487
-427 103
-411 224
-743 -135
330 811
107 636
90 896
-135 699
875 407
438 733
516 64
951 442
147 -885
712 -287
539 -628
-766 -968
-751 -35
-188 -608
-76 577
434 893
-421 326
-143 642
-644 -465
-114 830
-287 224
-652 -705
986 753
125 840
678 389
245 -853
-886 449
255 789
-616 -780
614 520
98 -145
-597 -548
-310 -79
-252 624
275 -140
-295 -830
-481 -693
695 343
-672 403
562 599
-461 712
710 296
285 682
898 -912
-118 -845
698 -334
722 248
848 -997
887 556
337 -99
37 -718
-795 -452
735 -190
304 -992
-935 626
-823 611
787 -784
417 515
471 703
-638 590
19 -663
148 -835
-714 -282
-830 -237
382 -271
-495 -75
936 -754
-631 490
-422 802
-434 429
250 311
755 -704
-170 948
665 -253
-828 -947
-914 -670
705 882
352 -212
737 -780
-576 -16
-748 -85
773 -228
-2 -902
237 856
-706 310
46 177
813 -606
-303 826
433 190
287 188
-249 -852
-643 -183
287 -264
-573 431
503 20
410 609
776 274
39 901
-957 -751
464 151
-285 -360
-897 -63
-960 -629
-607 532
-545 -56
-156 268
-726 -234
815 -341
-916 -194
-20 407
593 -847
271 -746
410 -756
81 -402
939 -441
-494 -157
-602 999
-156 135
893 -402
-830 59
-581 572
-652 447
451 951
885 -847
483 417
-719 263
-394 -404
-682 581
-771 820
-846 -435
-804 491
624 -282
-274 -140
-375 306
871 -655
-739 165
288 -314
314 -718
-648 280
3 -473
-168 -433
-432 -848
284 835
-522 557
-410 -934
-395 -622
-570 -587
400 291
933 -584
559 792
-816 759
503 670
-140 330
-494 680
642 -469
-854 -736
-575 382
-236 581
250 649
-684 -65
-605 -440
478 -321
-152 -884
-54 -35
747 100
-447 913
981 74
-623 759
-25 220
96 -298
145 -81
-144 23
-1000 828
-10 902
-990 -482
-690 357
533 635
-295 -411
-700 -329
325 469
663 -425
-730 214
-272 735
-509 -400
566 996
-693 -958
-963 -369
292 -832
445 -727
82 355
-102 -894
691 -820
-52 -900
388 356
-554 -323
768 830
637 478
725 -238
180 -961
-231 -999
492 285
829 377
134 -937
968 837
139 887
-140 747
621 712
403 761
250 718
-751 15
-910 504
188 874
103 -540
-764 -826
509 -663
-580 -273
-665 -421
-495 -940
-924 680
627 894
-884 796
-226 -385
