392 19
-511 156
440 742
-180 -478
413 -688
37 840
139 -823
264 -442
-247 310
779 -360
442 804
195 123
-610 -668
45 966
-235 -862
-534 -57
-532 72
-723 -200
913 811
182 281
751 -296
-46 -506
-289 678
195 473
-524 115
-363 374
315 -221
708 -724
-104 -391
-21 642
290 -980
-426 310
970 -14
-53 918
-1000 518
-747 445
-497 963
435 -298
-304 -373
-29 -929
-134 945
422 -460
-348 703
-534 535
299 348
-243 -75
-112 326
642 122
-754 -4
-674 613
-834 773
-223 -462
-763 634
789 -218
-527 -100
527 -100
-892 -268
233 -201
-537 29
-516 -143
-378 209
-774 -224
-340 -393
-150 768
-729 -378
951 444
305 -682
398 -611
267 -573
890 -847
500 425
-365 -238
520 -309
-150 17
-420 15
689 -671
184 -625
-332 -918
-481 817
237 455
-226 867
-37 359
466 649
520 129
-206 -59
-121 494
455 336
472 688
-573 -105
-514 761
969 356
295 583
-781 -618
0 -508
693 -179
920 -578
-365 -422
51 -432
-34 586
288 168
-667 268
-346 -29
-465 35
725 640
385 354
-550 788
545 -739
-396 343
845 -312
-410 551
-949 456
-482 -224
359 -973
-520 349
-76 502
461 507
136 -491
-201 270
-329 265
-84 -712
-122 -642
-321 -467
-826 -386
530 86
991 -692
262 -886
91 -500
454 59
-632 799
-271 -944
-818 -776
422 658
664 -879
-214 -512
669 489
62 -603
283 14
-359 330
69 -173
242 767
-475 237
-131 568
981 -189
498 -342
195 30
987 -947
61 504
340 617
-808 170
-786 -39
-358 -744
-230 976
46 -506
423 -769
639 -225
-613 468
-829 -849
-213 -820
433 204
384 881
-959 -301
717 -269
-352 468
-503 415
-849 667
-512 -860
795 -122
142 852
-65 647
579 460
-139 653
-796 286
75 -912
789 -306
-290 427
-251 449
538 0
598 -89
478 -511
-435 -298
-810 875
-495 197
-807 -538
413 -856
-638 -43
482 -224
-649 -847
-172 589
391 -550
-36 704
-801 416
716 -8
-369 22
865 122
467 -637
-682 -787
-332 -545
-873 -863
785 -700
-169 219
-993 -425
385 -902
371 -418
-457 -931
-59 -182
501 -184
-719 777
-59 43
934 735
852 -940
460 -262
-601 -902
303 -419
-160 -579
491 579
-316 632
628 191
-313 154
894 -530
-774 206
-884 176
81 -670
-193 352
-687 -484
343 -462
534 -57
-734 735
151 487
763 204
-403 -592
-452 274
117 -948
566 -373
4 20
508 708
-272 -759
-374 -364
-460 -262
352 383
516 -143
-776 -129
69 115
-198 523
-428 483
88 741
763 954
-665 846
988 -873
896 -203
566 987
-120 733
572 -703
-15 931
724 349
-264 -442
-563 577
-937 707
337 -155
-775 -335
863 317
-848 -489
685 -806
638 667
874 894
-278 196
-221 -571
536 43
398 170
-110 911
-596 -801
-303 -419
312 869
-127 -216
-208 32
-518 -642
754 -415
-945 -945
938 -728
-406 -332
935 606
214 -48
-113 995
441 -11
489 211
-493 638
-812 249
920 -148
668 -48
543 742
340 -393
569 342
-557 494
-358 -104
180 -478
374 -364
-704 -678
-250 398
-439 858
273 260
-252 689
908 -780
-328 402
106 497
-758 689
-568 94
-30 507
-378 -485
-635 -976
404 231
-586 739
-209 467
-409 -410
-730 128
359 120
791 -811
751 457
444 286
475 978
910 772
316 410
868 645
-21 -749
506 170
-82 265
-862 600
-537 433
-91 -500
419 -46
-275 630
-234 355
828 -753
-521 -942
15 507
274 632
-80 -915
252 806
860 391
221 -910
-616 -149
468 249
125 164
96 934
957 -412
194 393
-485 911
47 174
-802 525
681 836
852 -680
-457 78
734 -599
434 117
406 -332
-584 -178
-989 -997
39 -553
453 841
349 -691
-955 -463
731 276
393 275
277 435
-471 -745
-394 -850
685 751
-926 -995
-936 -395
-895 225
-867 -121
-501 -184
-306 762
-85 797
855 -629
-191 79
168 -959
-193 -956
416 321
-677 928
543 575
556 625
1000 -133
273 -265
-533 700
223 -462
885 -399
-857 74
285 -137
-537 -14
-166 483
-506 -768
-136 -491
508 -940
-838 -319
