589 6
-587 834
487 730
23 -604
-190 -666
853 748
692 337
640 406
-860 100
213 660
361 161
731 245
476 641
825 -487
508 526
-24 -685
210 -993
934 -191
-200 730
-236 654
236 -850
-598 -864
382 -86
-534 150
-508 -526
-320 -330
471 -552
-71 683
-25 868
-463 177
-214 -93
-249 658
793 -41
848 631
227 -26
-326 625
-324 915
-259 648
471 552
-171 340
-95 680
-703 -318
613 -801
-166 670
-326 -625
921 460
-443 552
451 564
-562 -485
-451 -564
52 608
236 654
114 863
-988 -590
527 513
-725 605
281 641
680 -354
900 -2
-663 -879
397 -270
379 -324
-234 389
-231 141
-937 601
-508 526
-304 -633
654 389
880 993
-667 -372
407 -509
-701 -779
-246 289
-498 -641
-272 225
-595 -454
-751 223
595 -454
-855 497
781 123
31 776
571 -638
-5 -288
996 778
-692 -337
-217 189
781 -123
707 -519
654 -389
-667 372
578 -470
-680 354
-41 973
230 361
945 -936
-339 834
-771 164
555 -190
-664 -520
490 540
-390 -597
-124 -775
-778 363
-548 -595
-944 823
-605 169
-542 -19
-213 660
714 300
-383 -900
-437 -105
-989 592
172 298
-921 479
751 -223
628 820
287 -780
143 -674
236 -654
420 -857
690 -738
-983 -350
648 704
-106 -631
-471 552
-865 -239
-861 673
-724 -281
-462 -968
829 49
975 -971
711 502
707 671
-498 408
259 648
272 50
527 -513
-892 -464
842 -568
979 -150
-855 -173
213 -660
-888 -965
-610 439
460 675
-414 547
-654 -389
54 -902
-345 22
145 -116
-119 678
985 -56
640 -443
95 -680
521 212
59 -20
511 604
771 164
37 -51
-640 -406
-494 -292
143 674
777 -143
-244 -582
640 -406
743 243
631 -880
-426 158
-735 750
276 -810
-793 -973
-414 -954
759 204
-583 -930
-781 292
794 20
-548 -612
705 9
369 -607
-369 -261
-992 -257
192 733
789 82
771 -164
275 -80
374 707
-639 496
-640 255
-937 -522
829 -187
785 -103
765 -184
-420 -647
-777 973
793 41
-71 -683
-583 196
714 -300
-411 -587
-36 959
-843 -667
272 184
-595 -934
12 -800
-397 -807
-390 597
-724 -164
-62 -655
-789 -82
-785 -103
451 -564
820 195
-829 -211
461 -158
-535 -376
332 73
-698 122
-858 -587
777 143
471 321
-950 461
-150 881
8 -906
765 184
304 -633
751 223
562 -907
-181 891
-321 -609
456 -836
941 -823
155 -206
-794 -20
-246 -501
-98 -319
610 439
667 372
-369 -607
93 -106
-360 413
369 607
955 314
5 -843
328 -169
789 -82
-842 539
-781 123
847 153
-692 337
610 -439
-578 470
779 881
-190 666
348 -616
304 633
562 485
801 255
99 -445
756 396
693 -863
750 -893
-544 499
661 -865
-765 184
-793 41
286 -431
949 -85
663 -799
-759 204
-281 -641
348 -690
748 882
-680 -354
717 35
326 -625
170 592
-25 -843
338 551
-789 82
780 718
785 103
-544 -499
43 7
327 683
-64 -206
234 -202
414 241
795 0
-230 -911
-470 800
595 454
48 -684
667 -372
-105 -960
-777 -143
-654 389
-140 912
-852 -372
56 -978
937 -803
-248 -169
281 -641
183 -462
348 616
-987 296
-647 310
703 -318
544 499
84 349
88 -494
-751 -223
90 -747
-803 -309
-496 -158
848 521
-679 -759
934 738
-3 -115
166 670
-575 -176
-236 -654
71 479
-233 -470
-304 633
724 281
213 -918
-213 -660
809 560
-269 -944
-917 -785
-336 -844
659 227
-259 -648
982 -948
-471 -552
-527 513
584 144
544 -499
-786 389
-490 -540
-485 -736
844 -92
-281 641
-918 541
874 538
259 -648
-8 811
422 214
806 -322
119 -678
-125 858
161 -43
-140 511
-48 -684
213 -252
925 -13
-965 608
-724 281
48 684
625 423
-832 570
-434 461
-928 253
743 -243
-714 300
398 -668
-759 -204
-490 540
-315 -415
829 342
-69 101
0 -686
-562 485
-169 -444
427 -22
494 269
508 -526
-48 684
903 -861
-95 -680
-121 760
561 603
-781 195
-119 -678
855 762
-755 686
109 466
565 100
-357 -131
-223 -59
95 680
-935 -204
-381 -397
570 219
57 -82
161 713
-143 674
-647 -138
-640 406
-143 -674
-24 685
-524 -588
278 -176
2 -142
-777 143
-996 124
-897 -592
-38 -858
-610 -439
-510 499
-578 -470
431 -576
-734 -262
759 -204
187 113
692 -337
-348 -616
411 -587
56 725
800 -432
521 -281
-791 62
-595 454
992 -331
-131 638
-785 103
-4 -927
71 683
411 587
-298 867
431 576
409 -213
-188 -707
934 525
-158 -334
553 -449
-839 -599
724 -281
-369 607
-148 -625
-625 -423
-348 616
-527 -513
434 632
946 761
71 -683
-673 -741
-703 318
-743 243
808 -476
449 147
-19 -514
-412 310
-894 850
-765 -184
-29 566
-771 -164
-135 -276
104 -1000
-263 -405
-718 -913
828 316
190 -666
-706 -544
-276 -853
-657 -680
72 572
24 685
531 972
221 -958
487 295
161 236
-944 -75
-729 -146
166 -670
119 678
734 262
-166 7
788 800
948 -202
-74 992
390 597
-573 -147
900 -254
0 686
-867 148
-794 20
-793 -41
734 -262
599 696
-290 135
680 354
-474 -122
399 -860
815 -54
-893 -438
881 -207
-266 682
819 -434
-961 -13
856 -189
791 -62
625 -423
-917 311
-391 -575
-570 -450
-431 576
-466 -471
-451 564
746 144
390 -597
-903 -248
615 -133
-512 -175
351 248
-781 -123
401 -755
190 666
7 355
-356 -326
23 -956
-241 -420
-743 -243
830 969
35 -87
-791 -62
-50 -565
-420 -68
-727 -210
24 -585
241 -174
-980 46
488 238
-514 -932
-565 -562
-674 388
-135 898
-403 -417
702 744
271 -127
-396 436
-850 215
212 -456
-409 444
791 62
-682 523
-204 -626
347 655
-431 -576
-962 819
414 102
714 865
-474 -379
-379 836
-734 262
888 -145
863 690
6 757
993 -297
-411 587
-545 -782
-166 -670
594 136
794 -20
223 -902
806 203
562 -485
411 708
763 512
-154 665
703 318
-631 137
-721 155
-286 -47
578 470
-625 423
690 159
568 -121
490 -540
55 523
547 145
622 938
-139 757
-303 -329
24 -685
326 625
-714 -300
-795 0
-12 375
892 71
