580 10
310 -832
166 760
-774 714
-155 -892
-656 -679
-670 -102
-235 852
-404 698
580 324
510 -804
882 822
29 -109
-655 -922
598 -240
-581 -321
760 927
-436 607
60 917
537 -102
-270 448
-427 232
963 -765
512 382
-329 -448
-75 854
698 -907
664 874
-429 -664
29 269
-292 388
219 862
-602 -215
-568 369
562 386
281 -689
529 -696
234 -706
187 -400
929 466
-593 265
-501 -129
-555 409
-178 416
619 44
542 -445
-246 937
-457 -621
-619 -18
456 -624
874 183
684 452
574 -345
-515 511
619 22
-271 -741
104 908
-254 841
886 757
608 176
-136 -899
-359 -894
-488 -374
-936 -573
728 -235
-618 70
535 -464
-376 -35
130 -446
460 -215
542 505
-28 -921
-881 733
114 -624
-595 -258
269 -135
-169 689
420 676
-176 -78
687 188
-224 -951
256 839
3 -261
989 457
-544 -442
-8 921
952 552
-248 207
464 805
428 -666
530 113
-496 753
-564 -382
-831 -905
-606 -194
45 147
898 881
210 -867
-165 -664
-134 463
-702 -306
-695 -24
-881 236
370 914
-68 -916
918 375
-528 -429
602 -219
-642 -714
338 69
563 107
-943 926
-18 957
-41 -102
-75 482
46 894
-526 486
618 66
-414 -748
65 -916
-145 593
712 -891
295 -995
281 639
-915 687
974 275
-293 64
525 -489
-663 847
351 -219
-766 -729
684 -257
-261 416
527 483
946 728
-697 -987
129 -901
-923 -344
-187 -942
-56 317
247 -845
-117 -100
413 -686
-624 -816
-501 -541
643 717
-847 -342
569 -366
-615 894
-53 948
170 849
347 -653
498 797
58 212
374 787
-613 -929
-597 244
-610 157
-141 897
995 576
-289 815
-599 -237
-667 -573
272 658
-3 -921
-600 440
94 780
-619 25
-249 -844
983 166
620 0
311 543
-48 -919
-92 -911
-517 244
390 715
494 -556
-828 850
-702 482
317 -791
285 151
172 -885
-341 270
-404 -493
519 502
594 262
-529 -904
595 108
359 751
-285 -818
533 -408
-987 -592
1000 -268
300 -806
-117 905
-997 494
481 -579
484 -42
436 -459
-302 -804
-433 659
514 -514
937 -44
599 -48
-581 -147
585 -304
873 448
-575 -342
40 919
-234 28
388 -89
-484 -101
79 -591
308 -587
-267 -831
42 468
435 656
-838 -852
-447 638
658 -782
385 -354
-340 770
608 -176
309 799
938 -357
-47 -544
-334 -985
14 134
-33 920
529 162
813 -893
386 64
-97 910
-178 -479
-129 -629
-464 509
-879 -420
-863 64
543 306
164 -693
238 851
584 577
-310 -335
398 -706
285 -864
701 -323
817 -577
-687 10
-798 -922
116 -103
38 631
383 -724
-521 -499
-789 -300
-589 286
393 328
-590 -279
526 415
-264 -356
585 304
343 768
-608 179
-619 3
80 914
221 138
-70 -418
418 -622
338 -807
613 132
926 738
-531 -403
182 881
-793 37
615 110
-468 -683
-783 419
124 903
521 214
-200 47
-488 956
-509 6
38 105
-617 -84
464 -879
-768 591
16 921
594 -262
617 -88
862 786
-762 -195
63 -963
-826 810
-443 -28
228 -856
403 -460
-707 100
-78 978
265 -833
-427 -773
738 829
338 -551
99 348
832 -655
406 696
274 826
503 -538
195 281
797 879
628 902
68 859
925 -388
-529 -480
291 813
-736 136
-793 -848
469 -602
326 783
462 613
485 167
556 406
153 -893
-272 828
-373 736
442 -646
-212 -866
-551 -422
-534 467
-588 702
-620 -779
-389 717
-584 307
-57 -979
565 -954
430 58
998 -791
304 612
-486 571
-319 -789
-615 -106
-470 -163
713 -529
-523 279
51 375
475 591
-137 443
-461 616
-336 -774
549 -425
-561 389
85 -913
508 526
488 568
375 733
-53 918
605 197
798 -60
201 872
935 -409
619 -22
611 154
-531 -939
353 702
-185 702
247 -574
334 -776
422 866
449 635
-500 -943
-875 -981
923 -708
290 -37
-217 863
-495 553
574 345
351 -759
-357 753
-210 -168
-483 -577
-90 578
-400 -703
-151 -317
-832 638
-512 -517
-505 -413
-910 -197
605 917
-492 -559
-583 842
66 -654
-448 -738
-324 785
672 295
611 -154
-471 1000
110 -49
749 443
580 -324
300 33
147 109
-632 610
-50 188
327 710
931 666
946 185
-612 717
126 -400
-132 876
252 416
893 -205
964 631
-609 -172
-854 -916
-833 210
4 -213
615 857
-710 429
-189 823
-193 -875
-664 -735
613 -132
-902 433
-83 831
-570 -362
-307 800
163 889
-784 884
913 992
-646 406
-174 -884
-815 601
-374 553
179 945
-616 92
-415 -684
569 366
899 332
575 -778
-866 135
283 -820
-737 -733
175 731
330 -908
170 -72
-611 -150
602 219
-536 -461
-573 348
-112 -906
455 -372
-55 988
528 -749
206 375
-601 222
-813 -838
-178 596
191 -876
-179 882
535 464
-455 356
-140 -801
510 -614
-750 -96
61 -23
275 269
832 336
-379 294
-704 -54
542 445
768 -970
-333 678
626 -539
-73 915
873 -900
-285 -410
-918 -851
-474 594
-854 -284
-198 873
-557 -402
485 992
562 -386
-615 114
-579 328
143 896
556 -406
598 240
-613 -128
832 -905
-419 679
-781 -361
112 -749
666 -87
440 895
-379 -66
805 -507
-807 -464
-56 -247
-504 535
-550 572
-619 47
845 751
317 512
63 -72
-541 448
396 -590
-893 122
-548 429
-470 -599
-393 41
-334 -53
-176 -595
-353 -757
475 -123
-618 -62
109 -907
-376 424
-444 -643
-804 841
-494 -254
863 -835
62 -786
826 -331
60 -878
-231 -855
-386 521
-54 148
606 963
-613 136
-605 201
521 627
618 -66
-627 -319
617 88
590 -283
-30 -763
678 -344
557 -275
-917 -641
-600 -437
367 -742
268 593
45 -919
-385 -722
549 425
-369 227
777 -722
-369 -740
-696 157
503 -874
605 -197
-957 478
465 -56
-678 376
-984 518
772 599
-80 877
-808 -145
590 283
756 776
-458 399
-552 -940
-619 -40
-160 890
615 -110
669 178
453 974
-536 816
549 29
965 -547
-475 686
881 370
497 550
-272 -899
619 -44
-160 -173
-586 -300
951 -655
796 -436
722 387
140 -711
21 -921
