435 17
-300 613
-503 -93
241 556
-224 -817
235 -438
811 402
995 693
174 -715
-593 -93
811 794
-505 -56
-562 -43
406 455
613 586
302 180
-970 324
956 679
484 -222
-348 756
214 690
-748 495
879 56
-284 -45
-312 -837
-481 -239
742 -621
786 -62
668 112
663 626
-150 989
70 35
-342 -874
-407 -93
-460 973
-499 -130
533 -133
-906 -172
534 -926
-764 -597
901 -95
457 -326
-632 -852
-225 -682
891 -426
-919 -853
225 -141
-911 -799
-771 830
303 759
-864 895
104 119
-903 239
492 481
411 160
359 877
153 86
741 590
-606 518
-926 800
-257 819
53 367
506 37
501 112
453 -505
-545 47
-301 -966
139 -40
-629 -618
-928 753
-525 687
797 -714
-80 -890
497 -149
477 -257
118 -181
-584 -155
-851 -819
-890 -76
366 -930
83 156
345 759
-880 -604
320 590
990 -611
-431 906
138 -732
800 -951
-539 -275
-642 -806
753 826
-171 626
504 -74
-219 -135
592 -135
573 366
-194 312
492 665
-617 763
-158 560
-686 891
218 431
844 698
71 664
-53 -135
264 -650
34 760
-3 761
851 632
-821 446
-506 18
196 -87
71 754
778 -826
295 619
76 298
299 356
308 864
717 -986
-380 839
-893 -917
-832 194
418 -548
121 554
305 470
-566 -558
-248 664
-927 -1000
-103 -543
144 730
-598 -308
-298 432
532 -664
361 -533
116 -493
581 -921
636 -849
484 222
-911 572
-156 -724
622 -793
468 -292
842 284
477 257
78 953
-454 117
-440 -376
108 744
491 -720
366 527
-691 515
159 39
-395 249
387 492
-154 -447
-878 953
-124 -423
382 -499
611 -354
-404 -953
-829 -218
833 -931
-242 -94
258 16
-936 29
853 156
834 -216
-405 567
-615 -381
-410 447
-45 -703
-352 -547
-503 93
880 530
935 -964
-494 -167
-954 -465
-162 -784
-83 -751
662 -638
619 644
375 -289
-588 -793
134 424
-724 636
-243 568
-785 332
-388 89
237 -673
835 966
102 -746
557 -531
122 70
-612 -649
-120 -740
444 -661
434 -393
-120 564
-150 727
-655 -404
-589 -235
-488 204
-472 275
-452 343
-463 309
-51 -187
434 393
435 735
-342 -658
930 -518
420 424
843 807
-96 -159
158 -388
343 559
46 931
178 381
385 -750
-24 -448
981 -747
-335 285
407 -650
242 669
-213 -187
-348 553
833 -783
-751 785
-977 697
94 -236
-413 691
611 391
420 -424
339 -566
-274 640
-864 -464
174 862
553 -837
184 -54
499 885
620 551
-525 882
-394 -477
301 -152
779 -555
-343 -53
390 761
10 -241
446 360
-46 -758
-943 -337
65 -755
150 -793
-452 -343
315 313
41 523
-286 977
-743 -534
-463 -309
-542 417
-494 167
640 -681
19 -446
-155 221
306 507
704 -835
-320 719
-752 81
553 -341
-40 759
402 -462
-863 -8
648 306
-9 -106
-867 -539
-191 -705
566 279
-375 423
452 -846
-209 633
582 -273
857 -662
826 508
792 673
532 -423
-9 -761
-10 671
549 534
-994 391
-44 54
180 712
-981 807
-972 -527
-629 670
-324 911
-489 -594
-69 -436
779 -129
533 126
-595 -195
-219 850
469 -406
-65 218
-391 934
-191 956
-12 -209
468 292
-21 -569
28 -760
497 149
979 -261
-488 -204
-753 -179
830 452
504 74
463 836
178 316
327 19
532 -622
497 369
706 78
269 645
-446 520
-879 70
-899 497
587 -430
325 268
-113 666
676 -213
-472 -275
682 -703
-220 686
554 698
-423 185
-588 150
-459 -878
-325 584
439 96
507 0
-809 -566
-69 -59
-374 -513
290 -624
-114 742
-506 -18
938 -293
-500 -496
-588 705
-205 -455
-235 -243
574 438
917 725
-768 -79
-677 973
858 352
-558 -219
89 425
501 -112
825 896
-528 -379
-818 698
-499 130
363 -58
-528 -454
961 -61
-954 269
-280 -635
-440 376
302 83
-505 56
-499 -895
720 563
-305 -608
-691 -333
491 -185
765 860
491 185
895 -574
-111 -43
-253 -659
797 964
-77 752
-430 597
-533 221
-391 484
245 -236
603 703
-111 -196
56 -874
457 326
-593 945
-202 155
-661 594
206 14
-329 -578
956 928
-291 7
30 -725
187 932
156 506
-835 260
209 -694
-413 -440
848 -853
-370 520
-424 416
-663 363
140 -552
276 -539
446 -360
-186 708
288 790
-673 -926
907 342
-427 -409
506 -37
555 405
546 922
-481 239
850 238
-167 785
210 843
657 885
840 -275
380 -875
-182 750
747 -474
346 354
-292 516
98 -602
601 78
927 -374
834 -399
-824 55
-725 -107
315 -596
-358 -115
