350 25
-532 -408
560 983
-67 -466
-863 230
718 -893
410 706
960 423
-143 782
115 836
89 -80
-976 -851
-481 -671
-567 -532
-481 671
-415 -101
639 -38
57 855
181 -960
693 414
-696 -504
-40 -792
-748 16
-618 -666
540 -438
547 630
687 325
-251 615
588 -877
427 78
-851 -802
-342 -733
-364 -288
268 -701
455 684
-902 -26
-169 463
831 -310
888 944
212 440
-896 801
-484 -95
-822 -328
253 653
77 -215
455 -684
-310 611
63 156
-902 26
-890 129
-890 -129
-436 694
698 664
-577 -351
-991 14
-40 792
669 865
583 -512
-550 132
-120 315
-292 -251
417 -209
-811 -187
418 478
384 149
-962 -141
791 -783
619 -446
304 -576
-766 419
-470 189
-660 285
-666 -798
750 441
-416 130
-37 690
-866 -852
-273 -657
288 956
-342 733
-657 543
-180 245
975 -257
482 -226
672 -528
-319 44
439 568
-327 143
302 -959
566 -188
-785 990
-390 -715
-212 -518
646 798
-583 -738
-967 -309
963 -68
642 373
299 -38
393 981
-898 -77
-55 -177
-782 -249
165 -779
-325 -159
-571 614
-270 -485
-789 679
513 236
-92 875
870 -212
2 158
-689 897
-136 -254
-898 77
-524 -645
806 -357
-722 -322
266 -757
-399 320
591 132
437 367
-841 996
-964 -205
-379 -27
-980 -572
-657 -543
134 -555
32 -441
444 626
62 791
637 561
-953 219
777 -403
227 -396
799 83
-831 -498
-347 571
410 -706
-940 479
-255 825
833 304
-838 -663
994 959
-204 341
215 -106
363 725
150 -373
461 -102
-32 -414
966 591
-746 -145
363 889
1 428
-936 416
872 205
-780 -512
315 -743
-48 -51
-31 492
-863 -230
903 0
-242 -32
936 489
-92 788
852 756
609 -773
-143 -782
-145 -493
114 786
315 743
216 -769
-571 -614
-480 531
-220 -657
-795 -374
-83 -850
797 977
-536 -994
-674 -271
-706 639
-640 980
-879 -180
-111 -404
553 504
-87 93
-247 -96
-194 774
852 -261
62 -791
-766 -419
-390 715
156 879
-977 819
134 -978
-637 -153
-94 178
-990 -83
-194 -774
-524 645
955 904
-615 -579
237 -229
-661 403
781 397
-59 -966
228 -894
-749 -786
165 779
553 -312
593 597
857 403
266 757
817 646
11 -792
924 378
757 292
451 260
944 -666
-152 11
300 556
-92 -788
676 -135
-995 400
-632 330
-697 -941
542 -634
20 -491
-724 -622
442 -599
-160 729
851 -451
689 -424
-431 372
-896 505
363 -725
543 418
863 -958
300 162
613 -1000
-403 912
681 -652
745 -446
581 -370
-981 -661
83 -606
-294 749
499 660
-384 -145
-417 -595
-63 353
-497 -529
90 -487
-915 919
216 769
-245 -763
44 604
-768 734
449 949
633 263
-543 -88
296 894
-501 -465
-218 -342
239 147
710 -579
588 -601
-541 -159
-644 751
892 644
654 939
499 -660
-476 -208
366 605
-577 915
148 -726
802 728
-260 178
-857 -570
114 -786
339 -256
715 483
210 52
-822 328
168 159
100 -157
191 -2
889 335
-294 -749
83 518
250 857
-733 462
610 330
913 -973
-826 -129
399 -272
894 -110
18 -118
11 792
856 -781
631 -566
-615 579
827 -671
900 -58
942 -155
369 -346
-844 -280
306 -213
-340 881
-844 280
211 -283
-449 238
-363 415
-795 374
91 -343
-478 -735
740 892
895 103
369 310
-245 763
885 -868
-112 -546
-879 180
274 -142
-733 -462
-436 -694
-197 -873
625 66
677 523
552 834
854 255
398 -553
561 258
-168 -639
-696 504
884 -161
-440 -499
-719 283
-544 70
-480 459
456 -855
885 155
901 51
225 326
-814 101
809 351
710 -488
-503 -832
282 -828
-284 547
27 -257
