307 2
-413 405
553 -403
449 -221
591 -622
473 -563
88 925
-547 876
-652 764
-535 214
-149 666
814 218
907 -633
754 911
301 -339
591 -108
-468 -424
-829 -436
-542 -407
-571 80
973 830
-715 911
967 27
-291 688
-708 924
-805 243
-382 -401
-915 -824
328 -850
51 868
-714 582
-700 686
986 -816
757 148
-531 921
222 564
-888 61
896 404
-466 -494
-30 755
-853 384
994 -45
741 -63
994 740
-105 -544
-169 -680
683 950
856 790
-99 -37
969 -917
-303 -60
159 139
-258 482
-141 95
697 -669
-397 -267
784 939
50 -335
458 -575
696 837
-48 -54
594 -223
884 -44
219 610
963 -853
565 149
-562 -715
835 938
-55 -183
676 344
-851 -657
-127 459
554 -604
18 -614
158 905
449 182
-810 457
805 780
906 173
-297 830
-312 -999
-205 -419
207 -200
-874 617
826 595
162 -598
544 -814
636 -620
-344 88
334 -21
386 573
330 -425
-969 800
-695 -735
316 -965
52 -548
-391 645
-944 685
258 724
-24 -530
-301 -742
-145 -429
272 59
644 -345
-704 -1000
-27 -167
971 645
534 944
-209 955
525 -524
-77 144
-720 417
-927 -759
641 145
-488 225
7 -997
-988 832
353 963
220 -53
-547 146
319 -417
-314 -165
-964 727
204 100
-636 -524
-998 -679
942 -266
-263 76
-591 -23
780 403
864 417
476 769
638 -736
764 563
506 813
-167 515
960 241
-89 870
-722 -308
402 340
-278 -124
925 -938
596 643
-380 -288
-639 -570
-251 599
581 736
-221 407
584 416
236 -126
349 -187
-824 -557
319 -903
551 863
96 -555
-430 607
-945 -234
-406 315
-56 -771
-416 188
535 -458
64 -150
635 102
-714 -472
419 -491
410 -344
306 -666
979 628
-248 961
348 -611
798 522
47 948
8 -894
911 -654
-676 33
654 -355
767 -335
-950 952
323 687
-671 696
950 153
133 -646
-157 619
-644 -490
-932 522
217 -877
-503 118
378 -537
780 554
-189 348
-150 -312
-630 -675
901 -70
-791 207
-340 -845
577 -382
-430 735
59 -648
-202 -905
995 909
797 -561
239 184
555 92
662 83
685 -20
-193 -293
539 317
-568 383
-231 633
-398 -996
-889 -873
92 -691
601 -518
-218 688
961 963
493 -173
243 -14
-814 -10
-133 829
831 -644
975 589
-627 663
-554 -105
-440 605
609 455
794 473
-538 -62
-581 -375
-759 -600
-285 -155
253 -990
424 -986
977 356
-531 174
-267 268
-741 615
861 879
868 -572
363 -833
-639 300
899 182
-193 -557
375 -372
-890 373
-236 529
942 325
-141 315
-60 58
-521 -885
787 -121
897 -34
384 532
248 315
196 -89
-746 -259
555 -184
-218 587
216 698
-501 822
-355 115
-309 228
331 782
886 -225
1000 188
-457 480
-845 577
-392 865
-794 -177
-582 -179
-445 -997
324 -297
79 618
13 -925
903 -973
-106 -938
-382 -549
-485 116
597 231
-707 406
395 103
658 -287
310 241
488 268
-748 -429
-162 -473
-513 563
-815 492
318 334
-619 -221
42 731
-30 447
827 819
-129 111
-227 427
-674 -359
-720 555
935 359
-756 133
755 578
685 -602
771 821
-467 898
861 381
-318 -804
-701 145
-157 132
873 -373
234 76
