508 12
300 -725
604 -442
708 180
211 -761
472 -767
-726 26
662 -328
210 233
-137 110
641 -375
723 78
969 -27
363 714
340 -164
-702 -206
-336 -523
-981 478
-518 324
748 -351
-239 888
-827 253
-720 103
590 -463
297 970
-530 -544
629 -398
-242 -334
-423 -647
912 -647
-695 -231
249 272
702 206
63 665
206 423
233 753
-431 -57
-702 206
496 580
-278 -735
-945 -65
106 -45
785 -104
-492 -243
-816 405
-772 967
627 -123
-953 -172
-678 409
-91 -450
-372 -819
47 794
47 -794
978 995
361 662
-723 78
115 -4
-403 661
-811 523
-357 366
-7 -150
576 484
561 -504
219 -58
412 318
977 379
-989 -174
278 735
188 -768
363 689
167 550
321 -713
93 68
-479 -598
911 -328
666 622
655 814
922 319
695 231
433 -718
-858 511
697 894
403 -661
-489 311
-688 -255
383 675
-246 941
399 224
858 -802
473 378
558 -625
681 521
-568 264
248 355
-151 487
-723 -78
-629 -397
-737 327
313 -87
-662 -328
-665 -807
-300 725
-717 129
-998 64
-417 -313
450 679
-44 239
347 -270
-78 675
-442 631
-457 687
-957 -489
442 -631
-553 925
-902 166
-514 562
527 848
645 882
-493 -298
84 -186
727 0
-472 498
-36 -892
720 103
717 129
-165 775
-126 165
-680 280
-118 785
-776 -316
290 549
141 780
599 -32
-216 308
680 280
-656 -134
-272 808
178 -925
-618 217
-454 439
568 23
-838 971
-47 -794
-617 420
449 -798
-708 -180
-440 -185
713 155
-591 -728
-363 689
188 768
696 -916
442 631
-576 629
-743 645
-788 715
300 725
650 -49
206 30
855 254
680 -615
-792 164
-695 231
139 -146
-383 -675
-868 438
-342 -702
703 -714
-391 -385
844 558
272 -801
713 -155
-349 -292
5 658
270 148
286 236
126 -122
488 -730
-677 -41
423 647
688 -255
631 530
-321 713
14 -894
461 615
-243 -257
-767 -126
23 795
510 -374
-208 -40
530 -544
920 -364
761 -460
935 -619
190 195
-924 -9
58 539
-720 -103
809 234
-211 761
-455 -794
-941 188
707 926
-728 -772
232 -942
29 323
-23 -795
763 -28
822 661
294 -394
958 964
-496 -580
-99 6
712 -276
-563 -761
383 -675
-577 380
-304 -999
-168 121
12 487
590 463
513 -318
78 -840
310 269
-47 794
439 -159
-19 -550
402 -997
-462 223
725 -52
934 584
-72 -147
-403 -661
632 -337
553 -404
-723 -320
146 395
363 -689
-545 -252
-300 -725
456 -5
652 352
508 -770
514 -562
812 -549
-178 -343
-492 843
-165 -775
126 903
-652 352
-617 -420
-990 705
652 -352
944 643
349 -969
-725 52
997 824
-750 -510
496 -580
236 80
23 -580
582 -151
723 -78
342 702
617 420
855 647
-530 544
-459 527
720 -103
314 340
165 775
683 -384
-546 -524
-10 368
641 375
375 -581
-403 -517
-29 628
4 -449
582 719
-141 -780
449 -835
-717 -129
-15 855
420 571
-953 -33
-676 90
256 -744
133 -873
459 -261
153 -887
-561 504
-469 -380
423 -647
-374 -958
680 -280
819 802
635 -194
-34 -449
-442 -631
-988 -803
717 -129
-375 114
-629 397
-652 -352
292 -301
-641 375
-524 967
-429 848
7 -865
23 -795
725 52
532 -810
-233 -753
-658 244
822 869
-713 -155
880 869
671 -304
454 -429
684 745
479 598
-188 768
818 -101
-94 -789
884 -163
-199 -791
-694 599
561 504
-535 891
-81 -689
688 255
-931 748
-36 56
-363 -689
629 397
344 128
-383 675
604 442
118 -785
-991 138
926 -829
617 -420
726 -26
646 -945
-640 -867
843 989
173 -630
-80 472
-180 -306
-305 -515
-237 481
-561 -504
-666 157
461 -615
746 758
802 959
-423 647
33 -106
347 89
-691 -95
-580 561
-461 -615
-907 840
779 512
-864 -406
-304 656
514 562
-23 795
-590 -463
-719 909
667 -92
884 -880
994 254
403 661
-121 -587
863 -642
-94 91
-496 580
-889 534
907 840
-536 425
-177 225
671 304
-261 -232
702 -206
662 -680
-4 305
-662 328
656 929
-785 303
-956 -746
-747 -648
171 -209
530 544
914 601
479 -598
-508 751
729 -567
-120 543
695 -231
478 271
-348 7
-680 -280
-830 446
-717 832
455 -922
-724 528
-97 427
-457 887
-461 615
-291 -849
708 -180
-57 -914
-71 792
-661 -449
-766 -916
-719 -877
542 -360
-256 744
219 401
32 267
-282 -186
858 -25
743 -645
-574 26
838 425
-479 598
-595 -561
-726 -26
-50 137
726 26
479 -156
-377 -495
384 -179
873 809
345 -749
71 -792
165 -775
-172 -444
-546 524
-152 300
68 926
422 241
542 144
-713 155
-408 -456
100 -898
-671 -304
-573 900
-671 304
-725 -52
-727 0
-167 -63
-188 -768
-536 281
-716 -929
-664 -66
-604 -442
-838 -775
-576 -484
-590 463
-307 -293
-998 899
-798 -768
-708 180
-302 962
-975 -674
-495 933
-958 77
-354 -136
-576 484
-558 -9
-67 -259
-911 -258
656 -711
576 -484
-641 -375
-520 676
307 -440
-688 255
-314 829
624 235
-625 668
-384 78
-510 -772
662 328
-133 -725
-245 -624
835 -379
-782 83
-752 125
-514 -562
-374 -650
-604 442
-587 797
411 868
-134 951
-644 71
702 -438
-995 -5
317 -129
94 789
546 524
546 -524
93 218
-943 -767
38 173
968 180
