303 4
378 390
85 -915
-589 497
450 869
14 -178
-148 143
-467 104
-179 322
-247 558
-569 225
219 -492
10 -445
827 891
387 -38
-694 -677
672 -869
-738 469
856 533
140 -137
-170 -331
-993 -285
-562 -939
-800 184
436 -274
286 -641
594 879
680 -32
679 768
820 654
-829 515
-735 15
702 -877
-346 603
-966 752
-993 -388
-465 -513
-532 -119
-46 332
333 -520
499 642
505 393
-45 -626
-41 320
-136 853
247 753
27 871
-77 -153
933 -444
-906 745
373 203
-76 -199
573 743
15 -129
879 -371
-668 -636
857 -393
-921 -346
-397 -217
-722 -347
513 -705
393 -403
-312 517
576 -794
562 -368
908 665
72 32
348 666
-986 -571
573 370
636 -930
-440 -397
330 -684
-464 627
321 -250
881 -771
-55 162
4 -271
-184 -227
630 384
557 -840
-460 -995
578 708
354 324
784 -383
83 -605
538 812
550 -679
322 289
-959 620
316 424
233 -24
180 273
5 909
-656 -319
-666 376
-699 326
113 -613
-328 660
-127 -36
93 -219
-581 33
-61 282
95 726
-434 719
914 -319
129 667
-828 -218
-281 381
-837 521
-968 870
65 -782
110 -319
-878 571
-992 -62
406 598
80 468
787 569
-955 -984
-481 914
388 879
-610 -806
-450 -246
253 -841
187 -897
-55 172
-508 -256
82 498
-413 803
941 -731
482 -243
368 450
749 -912
990 334
-506 -885
-429 68
-376 -740
-56 -948
619 -687
977 536
-497 131
124 404
-876 452
-158 812
-615 775
-154 254
446 502
613 -709
-245 183
566 914
745 -579
-527 391
520 146
-678 540
901 -530
788 316
-816 -11
582 135
-240 -751
-50 943
-407 -319
141 106
896 -818
-534 355
-589 333
936 438
-730 -741
-449 746
-155 -146
-827 890
-659 -921
233 -605
732 -992
659 -658
213 -694
-706 800
709 -707
-545 -699
508 304
-330 -457
-40 484
766 479
-311 212
-353 -738
476 511
32 -785
-304 -218
670 -54
24 53
-793 -685
292 898
-613 521
379 -906
413 -503
-703 -943
-611 382
179 288
990 958
617 -20
-398 338
455 379
608 477
-606 160
78 539
-569 -542
79 94
-279 258
-636 134
-696 722
620 279
521 338
-280 -265
912 -549
678 589
303 -486
73 529
-578 -172
687 -957
469 908
-417 -568
9 -352
-256 -347
754 -247
318 -808
43 475
824 735
758 824
-884 -791
-120 397
868 462
789 -390
36 -190
888 -599
-759 688
-466 -576
-777 145
-739 -599
-20 -559
-810 -178
521 -747
-523 833
-827 23
530 784
466 342
793 125
-860 -292
458 -586
-598 275
935 207
523 623
-348 704
-601 422
633 -814
315 -972
-628 875
-287 483
772 7
-281 348
183 -719
-222 120
-170 245
917 -978
-380 967
45 -918
934 47
-849 316
508 -161
827 -142
880 -725
708 -612
697 877
-886 635
-232 -229
-871 890
596 437
-861 -558
767 -792
-779 451
384 -113
699 213
-114 -78
10 -623
-741 -684
-472 -693
119 948
-542 308
-370 775
-64 330
363 -918
405 718
42 746
-209 762
-68 948
567 -728
91 522
-678 342
58 683
-635 797
475 281
-208 989
603 908
-176 -351
-8 486
-167 -459
