442 7
700 0
699 15
699 30
698 45
696 60
694 75
692 90
689 105
685 119
682 134
678 149
673 163
668 178
662 192
657 206
650 220
644 234
637 248
629 262
621 275
613 289
604 302
595 315
586 327
576 340
566 352
555 364
544 376
533 388
522 399
510 410
498 421
485 432
472 442
459 452
446 462
432 471
418 480
404 489
389 498
375 506
360 514
344 522
329 529
313 536
298 542
282 549
265 555
249 560
232 565
216 570
199 575
182 579
165 582
148 586
131 589
113 592
96 594
78 596
61 597
43 598
26 599
8 599
-8 599
-26 599
-43 598
-61 597
-78 596
-96 594
-113 592
-131 589
-148 586
-165 582
-182 579
-199 575
-216 570
-232 565
-249 560
-265 555
-282 549
-298 542
-313 536
-329 529
-344 522
-360 514
-375 506
-389 498
-404 489
-418 480
-432 471
-446 462
-459 452
-472 442
-485 432
-498 421
-510 410
-522 399
-533 388
-544 376
-555 364
-566 352
-576 340
-586 327
-595 315
-604 302
-613 289
-621 275
-629 262
-637 248
-644 234
-650 220
-657 206
-662 192
-668 178
-673 163
-678 149
-682 134
-685 119
-689 105
-692 90
-694 75
-696 60
-698 45
-699 30
-699 15
-700 0
-699 -15
-699 -30
-698 -45
-696 -60
-694 -75
-692 -90
-689 -105
-685 -119
-682 -134
-678 -149
-673 -163
-668 -178
-662 -192
-657 -206
-650 -220
-644 -234
-637 -248
-629 -262
-621 -275
-613 -289
-604 -302
-595 -315
-586 -327
-576 -340
-566 -352
-555 -364
-544 -376
-533 -388
-522 -399
-510 -410
-498 -421
-485 -432
-472 -442
-459 -452
-446 -462
-432 -471
-418 -480
-404 -489
-389 -498
-375 -506
-360 -514
-344 -522
-329 -529
-313 -536
-298 -542
-282 -549
-265 -555
-249 -560
-232 -565
-216 -570
-199 -575
-182 -579
-165 -582
-148 -586
-131 -589
-113 -592
-96 -594
-78 -596
-61 -597
-43 -598
-26 -599
-8 -599
8 -599
26 -599
43 -598
61 -597
78 -596
96 -594
113 -592
131 -589
148 -586
165 -582
182 -579
199 -575
216 -570
232 -565
249 -560
265 -555
282 -549
298 -542
313 -536
329 -529
344 -522
360 -514
375 -506
389 -498
404 -489
418 -480
432 -471
446 -462
459 -452
472 -442
485 -432
498 -421
510 -410
522 -399
533 -388
544 -376
555 -364
566 -352
576 -340
586 -327
595 -315
604 -302
613 -289
621 -275
629 -262
637 -248
644 -234
650 -220
657 -206
662 -192
668 -178
673 -163
678 -149
682 -134
685 -119
689 -105
692 -90
694 -75
696 -60
698 -45
699 -30
699 -15
-172 117
-316 892
78 -622
342 991
-462 -76
572 80
-713 -150
-349 -951
736 -932
911 0
745 -183
-938 871
640 -164
-812 601
-333 324
-839 -343
-831 -580
-740 216
-297 793
-696 -434
822 -187
636 485
-1000 -175
-596 856
91 -830
16 215
-865 649
775 -82
-591 48
766 742
101 319
170 173
72 704
753 225
743 -60
-508 860
-271 -746
862 -524
263 -910
-831 880
519 886
172 -270
587 687
-559 -227
407 -706
363 72
72 173
103 699
-635 512
-842 -748
73 -871
170 -488
-665 -862
959 196
247 808
-495 -253
-53 904
707 -82
309 -828
-319 378
-592 969
359 153
-853 981
824 958
331 -978
215 -406
-67 672
-84 334
-30 -967
-924 -592
-944 673
-173 265
986 86
-78 132
949 -857
965 177
-266 -140
-989 -308
550 -328
-121 41
-687 -795
915 636
837 -803
-656 605
985 700
315 -704
87 952
761 -429
260 134
550 487
705 -940
670 601
176 15
-389 786
-479 -747
-424 710
937 965
-905 -449
348 687
170 287
954 85
226 692
-785 -189
512 -773
-502 -465
389 -565
-353 255
-426 875
365 749
903 -528
411 -824
-166 -243
-225 -485
-436 -826
-970 432
-554 501
-65 -639
113 -973
-816 385
-132 -297
-711 817
393 781
20 -808
901 101
-593 -39
-452 636
174 -709
258 -211
65 661
217 536
632 204
-128 -467
962 -222
361 477
542 680
619 561
-740 889
55 510
180 813
513 609
-481 918
-548 166
966 -16
978 -456
-314 -337
-840 -563
192 635
734 755
525 187
-172 622
720 94
380 125
-666 351
-959 43
-948 274
48 828
279 844
145 -955
501 684
571 -737
533 -911
-972 -479
-188 -49
800 -352
91 -96
-781 656
-511 523
-949 544
140 -798
-221 -848
561 619
939 -629
90 -861
-970 655
-705 601
-513 -435
-274 611
132 235
971 897
-814 -802
691 -239
-758 -288
-834 21
-139 509
-929 530
794 276
734 348
30 686
388 -632
-485 817
559 284
225 -752
