1000 1
700 0
699 3
699 7
699 11
699 15
699 18
699 22
699 26
699 30
698 33
698 37
698 41
698 45
697 48
697 52
696 56
696 60
696 63
695 67
695 71
694 75
693 78
693 82
692 86
692 90
691 93
690 97
689 101
689 105
688 108
687 112
686 116
685 119
685 123
684 127
683 130
682 134
681 138
680 141
679 145
678 149
676 152
675 156
674 160
673 163
672 167
670 171
669 174
668 178
667 181
665 185
664 188
662 192
661 196
660 199
658 203
657 206
655 210
654 213
652 217
650 220
649 224
647 227
645 231
644 234
642 238
640 241
638 245
637 248
635 252
633 255
631 258
629 262
627 265
625 269
623 272
621 275
619 279
617 282
615 285
613 289
611 292
609 295
606 298
604 302
602 305
600 308
597 311
595 315
593 318
591 321
588 324
586 327
583 330
581 334
578 337
576 340
573 343
571 346
568 349
566 352
563 355
561 358
558 361
555 364
553 367
550 370
547 373
544 376
542 379
539 382
536 385
533 388
530 391
527 393
525 396
522 399
519 402
516 405
513 407
510 410
507 413
504 416
501 418
498 421
494 424
491 426
488 429
485 432
482 434
479 437
475 439
472 442
469 445
466 447
462 450
459 452
456 455
452 457
449 459
446 462
442 464
439 467
435 469
432 471
429 474
425 476
422 478
418 480
414 483
411 485
407 487
404 489
400 491
397 494
393 496
389 498
386 500
382 502
378 504
375 506
371 508
367 510
363 512
360 514
356 516
352 518
348 520
344 522
341 523
337 525
333 527
329 529
325 531
321 532
317 534
313 536
309 537
305 539
302 541
298 542
294 544
290 546
286 547
282 549
278 550
273 552
269 553
265 555
261 556
257 557
253 559
249 560
245 561
241 563
237 564
232 565
228 567
224 568
220 569
216 570
212 571
207 572
203 574
199 575
195 576
191 577
186 578
182 579
178 580
174 581
169 582
165 582
161 583
156 584
152 585
148 586
144 587
139 587
135 588
131 589
126 590
122 590
118 591
113 592
109 592
105 593
100 593
96 594
92 594
87 595
83 595
78 596
74 596
70 596
65 597
61 597
57 597
52 598
48 598
43 598
39 599
35 599
30 599
26 599
21 599
17 599
13 599
8 599
4 599
0 600
-4 599
-8 599
-13 599
-17 599
-21 599
-26 599
-30 599
-35 599
-39 599
-43 598
-48 598
-52 598
-57 597
-61 597
-65 597
-70 596
-74 596
-78 596
-83 595
-87 595
-92 594
-96 594
-100 593
-105 593
-109 592
-113 592
-118 591
-122 590
-126 590
-131 589
-135 588
-139 587
-144 587
-148 586
-152 585
-156 584
-161 583
-165 582
-169 582
-174 581
-178 580
-182 579
-186 578
-191 577
-195 576
-199 575
-203 574
-207 572
-212 571
-216 570
-220 569
-224 568
-228 567
-232 565
-237 564
-241 563
-245 561
-249 560
-253 559
-257 557
-261 556
-265 555
-269 553
-273 552
-278 550
-282 549
-286 547
-290 546
-294 544
-298 542
-302 541
-305 539
-309 537
-313 536
-317 534
-321 532
-325 531
-329 529
-333 527
-337 525
-341 523
-344 522
-348 520
-352 518
-356 516
-360 514
-363 512
-367 510
-371 508
-375 506
-378 504
-382 502
-386 500
-389 498
-393 496
-397 494
-400 491
-404 489
-407 487
-411 485
-414 483
-418 480
-422 478
-425 476
-429 474
-432 471
-435 469
-439 467
-442 464
-446 462
-449 459
-452 457
-456 455
-459 452
-462 450
-466 447
-469 445
-472 442
-475 439
-479 437
-482 434
-485 432
-488 429
-491 426
-494 424
-498 421
-501 418
-504 416
-507 413
-510 410
-513 407
-516 405
-519 402
-522 399
-525 396
-527 393
-530 391
-533 388
-536 385
-539 382
-542 379
-544 376
-547 373
-550 370
-553 367
-555 364
-558 361
-561 358
-563 355
-566 352
-568 349
-571 346
-573 343
-576 340
-578 337
-581 334
-583 330
-586 327
-588 324
-591 321
-593 318
-595 315
-597 311
-600 308
-602 305
-604 302
-606 298
-609 295
-611 292
-613 289
-615 285
-617 282
-619 279
-621 275
-623 272
-625 269
-627 265
-629 262
-631 258
-633 255
-635 252
-637 248
-638 245
-640 241
-642 238
-644 234
-645 231
-647 227
-649 224
-650 220
-652 217
-654 213
-655 210
-657 206
-658 203
-660 199
-661 196
-662 192
-664 188
-665 185
-667 181
-668 178
-669 174
-670 171
-672 167
-673 163
-674 160
-675 156
-676 152
-678 149
-679 145
-680 141
-681 138
-682 134
-683 130
-684 127
-685 123
-685 119
-686 116
-687 112
-688 108
-689 105
-689 101
-690 97
-691 93
-692 90
-692 86
-693 82
-693 78
-694 75
-695 71
-695 67
-696 63
-696 60
-696 56
-697 52
-697 48
-698 45
-698 41
-698 37
-698 33
-699 30
-699 26
-699 22
-699 18
-699 15
-699 11
-699 7
-699 3
-700 0
-699 -3
-699 -7
-699 -11
-699 -15
-699 -18
-699 -22
-699 -26
-699 -30
-698 -33
-698 -37
-698 -41
-698 -45
-697 -48
-697 -52
-696 -56
-696 -60
-696 -63
-695 -67
-695 -71
-694 -75
-693 -78
-693 -82
-692 -86
-692 -90
-691 -93
-690 -97
-689 -101
-689 -105
-688 -108
-687 -112
-686 -116
-685 -119
-685 -123
-684 -127
-683 -130
-682 -134
-681 -138
-680 -141
-679 -145
-678 -149
-676 -152
-675 -156
-674 -160
-673 -163
-672 -167
-670 -171
-669 -174
-668 -178
-667 -181
-665 -185
-664 -188
-662 -192
-661 -196
-660 -199
-658 -203
-657 -206
-655 -210
-654 -213
-652 -217
-650 -220
-649 -224
-647 -227
-645 -231
-644 -234
-642 -238
-640 -241
-638 -245
-637 -248
-635 -252
-633 -255
-631 -258
-629 -262
-627 -265
-625 -269
-623 -272
-621 -275
-619 -279
-617 -282
-615 -285
-613 -289
-611 -292
-609 -295
-606 -298
-604 -302
-602 -305
-600 -308
-597 -311
-595 -315
-593 -318
-591 -321
-588 -324
-586 -327
-583 -330
-581 -334
-578 -337
-576 -340
-573 -343
-571 -346
-568 -349
-566 -352
-563 -355
-561 -358
-558 -361
-555 -364
-553 -367
-550 -370
-547 -373
-544 -376
-542 -379
-539 -382
-536 -385
-533 -388
-530 -391
-527 -393
-525 -396
-522 -399
-519 -402
-516 -405
-513 -407
-510 -410
-507 -413
-504 -416
-501 -418
-498 -421
-494 -424
-491 -426
-488 -429
-485 -432
-482 -434
-479 -437
-475 -439
-472 -442
-469 -445
-466 -447
-462 -450
-459 -452
-456 -455
-452 -457
-449 -459
-446 -462
-442 -464
-439 -467
-435 -469
-432 -471
-429 -474
-425 -476
-422 -478
-418 -480
-414 -483
-411 -485
-407 -487
-404 -489
-400 -491
-397 -494
-393 -496
-389 -498
-386 -500
-382 -502
-378 -504
-375 -506
-371 -508
-367 -510
-363 -512
-360 -514
-356 -516
-352 -518
-348 -520
-344 -522
-341 -523
-337 -525
-333 -527
-329 -529
-325 -531
-321 -532
-317 -534
-313 -536
-309 -537
-305 -539
-302 -541
-298 -542
-294 -544
-290 -546
-286 -547
-282 -549
-278 -550
-273 -552
-269 -553
-265 -555
-261 -556
-257 -557
-253 -559
-249 -560
-245 -561
-241 -563
-237 -564
-232 -565
-228 -567
-224 -568
-220 -569
-216 -570
-212 -571
-207 -572
-203 -574
-199 -575
-195 -576
-191 -577
-186 -578
-182 -579
-178 -580
-174 -581
-169 -582
-165 -582
-161 -583
-156 -584
-152 -585
-148 -586
-144 -587
-139 -587
-135 -588
-131 -589
-126 -590
-122 -590
-118 -591
-113 -592
-109 -592
-105 -593
-100 -593
-96 -594
-92 -594
-87 -595
-83 -595
-78 -596
-74 -596
-70 -596
-65 -597
-61 -597
-57 -597
-52 -598
-48 -598
-43 -598
-39 -599
-35 -599
-30 -599
-26 -599
-21 -599
-17 -599
-13 -599
-8 -599
-4 -599
0 -600
4 -599
8 -599
13 -599
17 -599
21 -599
26 -599
30 -599
35 -599
39 -599
43 -598
48 -598
52 -598
57 -597
61 -597
65 -597
70 -596
74 -596
78 -596
83 -595
87 -595
92 -594
96 -594
100 -593
105 -593
109 -592
113 -592
118 -591
122 -590
126 -590
131 -589
135 -588
139 -587
144 -587
148 -586
152 -585
156 -584
161 -583
165 -582
169 -582
174 -581
178 -580
182 -579
186 -578
191 -577
195 -576
199 -575
203 -574
207 -572
212 -571
216 -570
220 -569
224 -568
228 -567
232 -565
237 -564
241 -563
245 -561
249 -560
253 -559
257 -557
261 -556
265 -555
269 -553
273 -552
278 -550
282 -549
286 -547
290 -546
294 -544
298 -542
302 -541
305 -539
309 -537
313 -536
317 -534
321 -532
325 -531
329 -529
333 -527
337 -525
341 -523
344 -522
348 -520
352 -518
356 -516
360 -514
363 -512
367 -510
371 -508
375 -506
378 -504
382 -502
386 -500
389 -498
393 -496
397 -494
400 -491
404 -489
407 -487
411 -485
414 -483
418 -480
422 -478
425 -476
429 -474
432 -471
435 -469
439 -467
442 -464
446 -462
449 -459
452 -457
456 -455
459 -452
462 -450
466 -447
469 -445
472 -442
475 -439
479 -437
482 -434
485 -432
488 -429
491 -426
494 -424
498 -421
501 -418
504 -416
507 -413
510 -410
513 -407
516 -405
519 -402
522 -399
525 -396
527 -393
530 -391
533 -388
536 -385
539 -382
542 -379
544 -376
547 -373
550 -370
553 -367
555 -364
558 -361
561 -358
563 -355
566 -352
568 -349
571 -346
573 -343
576 -340
578 -337
581 -334
583 -330
586 -327
588 -324
591 -321
593 -318
595 -315
597 -311
600 -308
602 -305
604 -302
606 -298
609 -295
611 -292
613 -289
615 -285
617 -282
619 -279
621 -275
623 -272
625 -269
627 -265
629 -262
631 -258
633 -255
635 -252
637 -248
638 -245
640 -241
642 -238
644 -234
645 -231
647 -227
649 -224
650 -220
652 -217
654 -213
655 -210
657 -206
658 -203
660 -199
661 -196
662 -192
664 -188
665 -185
667 -181
668 -178
669 -174
670 -171
672 -167
673 -163
674 -160
675 -156
676 -152
678 -149
679 -145
680 -141
681 -138
682 -134
683 -130
684 -127
685 -123
685 -119
686 -116
687 -112
688 -108
689 -105
689 -101
690 -97
691 -93
692 -90
692 -86
693 -82
693 -78
694 -75
695 -71
695 -67
696 -63
696 -60
696 -56
697 -52
697 -48
698 -45
698 -41
698 -37
698 -33
699 -30
699 -26
699 -22
699 -18
699 -15
699 -11
699 -7
699 -3
