1000 2
950 0
949 5
949 11
949 17
949 23
949 29
949 35
949 41
948 47
948 53
948 59
947 65
947 71
946 77
946 83
945 89
945 95
944 101
943 107
943 113
942 119
941 124
940 130
940 136
939 142
938 148
937 154
936 160
935 166
934 172
933 178
932 183
930 189
929 195
928 201
927 207
925 213
924 218
923 224
921 230
920 236
918 242
917 247
915 253
913 259
912 265
910 270
908 276
907 282
905 287
903 293
901 299
899 304
897 310
895 316
893 321
891 327
889 333
887 338
885 344
883 349
881 355
878 360
876 366
874 371
871 377
869 382
867 388
864 393
862 399
859 404
857 409
854 415
851 420
849 425
846 431
843 436
840 441
838 447
835 452
832 457
829 462
826 468
823 473
820 478
817 483
814 488
811 493
808 498
805 503
802 509
798 514
795 519
792 524
789 529
785 533
782 538
778 543
775 548
772 553
768 558
765 563
761 568
757 572
754 577
750 582
746 586
743 591
739 596
735 600
731 605
728 610
724 614
720 619
716 623
712 628
708 632
704 637
700 641
696 645
692 650
688 654
684 658
680 663
675 667
671 671
667 675
663 680
658 684
654 688
650 692
645 696
641 700
637 704
632 708
628 712
623 716
619 720
614 724
610 728
605 731
600 735
596 739
591 743
586 746
582 750
577 754
572 757
568 761
563 765
558 768
553 772
548 775
543 778
538 782
533 785
529 789
524 792
519 795
514 798
509 802
503 805
498 808
493 811
488 814
483 817
478 820
473 823
468 826
462 829
457 832
452 835
447 838
441 840
436 843
431 846
425 849
420 851
415 854
409 857
404 859
399 862
393 864
388 867
382 869
377 871
371 874
366 876
360 878
355 881
349 883
344 885
338 887
333 889
327 891
321 893
316 895
310 897
304 899
299 901
293 903
287 905
282 907
276 908
270 910
265 912
259 913
253 915
247 917
242 918
236 920
230 921
224 923
218 924
213 925
207 927
201 928
195 929
189 930
183 932
178 933
172 934
166 935
160 936
154 937
148 938
142 939
136 940
130 940
124 941
119 942
113 943
107 943
101 944
95 945
89 945
83 946
77 946
71 947
65 947
59 948
53 948
47 948
41 949
35 949
29 949
23 949
17 949
11 949
5 949
0 950
-5 949
-11 949
-17 949
-23 949
-29 949
-35 949
-41 949
-47 948
-53 948
-59 948
-65 947
-71 947
-77 946
-83 946
-89 945
-95 945
-101 944
-107 943
-113 943
-119 942
-124 941
-130 940
-136 940
-142 939
-148 938
-154 937
-160 936
-166 935
-172 934
-178 933
-183 932
-189 930
-195 929
-201 928
-207 927
-213 925
-218 924
-224 923
-230 921
-236 920
-242 918
-247 917
-253 915
-259 913
-265 912
-270 910
-276 908
-282 907
-287 905
-293 903
-299 901
-304 899
-310 897
-316 895
-321 893
-327 891
-333 889
-338 887
-344 885
-349 883
-355 881
-360 878
-366 876
-371 874
-377 871
-382 869
-388 867
-393 864
-399 862
-404 859
-409 857
-415 854
-420 851
-425 849
-431 846
-436 843
-441 840
-447 838
-452 835
-457 832
-462 829
-468 826
-473 823
-478 820
-483 817
-488 814
-493 811
-498 808
-503 805
-509 802
-514 798
-519 795
-524 792
-529 789
-533 785
-538 782
-543 778
-548 775
-553 772
-558 768
-563 765
-568 761
-572 757
-577 754
-582 750
-586 746
-591 743
-596 739
-600 735
-605 731
-610 728
-614 724
-619 720
-623 716
-628 712
-632 708
-637 704
-641 700
-645 696
-650 692
-654 688
-658 684
-663 680
-667 675
-671 671
-675 667
-680 663
-684 658
-688 654
-692 650
-696 645
-700 641
-704 637
-708 632
-712 628
-716 623
-720 619
-724 614
-728 610
-731 605
-735 600
-739 596
-743 591
-746 586
-750 582
-754 577
-757 572
-761 568
-765 563
-768 558
-772 553
-775 548
-778 543
-782 538
-785 533
-789 529
-792 524
-795 519
-798 514
-802 509
-805 503
-808 498
-811 493
-814 488
-817 483
-820 478
-823 473
-826 468
-829 462
-832 457
-835 452
-838 447
-840 441
-843 436
-846 431
-849 425
-851 420
-854 415
-857 409
-859 404
-862 399
-864 393
-867 388
-869 382
-871 377
-874 371
-876 366
-878 360
-881 355
-883 349
-885 344
-887 338
-889 333
-891 327
-893 321
-895 316
-897 310
-899 304
-901 299
-903 293
-905 287
-907 282
-908 276
-910 270
-912 265
-913 259
-915 253
-917 247
-918 242
-920 236
-921 230
-923 224
-924 218
-925 213
-927 207
-928 201
-929 195
-930 189
-932 183
-933 178
-934 172
-935 166
-936 160
-937 154
-938 148
-939 142
-940 136
-940 130
-941 124
-942 119
-943 113
-943 107
-944 101
-945 95
-945 89
-946 83
-946 77
-947 71
-947 65
-948 59
-948 53
-948 47
-949 41
-949 35
-949 29
-949 23
-949 17
-949 11
-949 5
-950 0
-949 -5
-949 -11
-949 -17
-949 -23
-949 -29
-949 -35
-949 -41
-948 -47
-948 -53
-948 -59
-947 -65
-947 -71
-946 -77
-946 -83
-945 -89
-945 -95
-944 -101
-943 -107
-943 -113
-942 -119
-941 -124
-940 -130
-940 -136
-939 -142
-938 -148
-937 -154
-936 -160
-935 -166
-934 -172
-933 -178
-932 -183
-930 -189
-929 -195
-928 -201
-927 -207
-925 -213
-924 -218
-923 -224
-921 -230
-920 -236
-918 -242
-917 -247
-915 -253
-913 -259
-912 -265
-910 -270
-908 -276
-907 -282
-905 -287
-903 -293
-901 -299
-899 -304
-897 -310
-895 -316
-893 -321
-891 -327
-889 -333
-887 -338
-885 -344
-883 -349
-881 -355
-878 -360
-876 -366
-874 -371
-871 -377
-869 -382
-867 -388
-864 -393
-862 -399
-859 -404
-857 -409
-854 -415
-851 -420
-849 -425
-846 -431
-843 -436
-840 -441
-838 -447
-835 -452
-832 -457
-829 -462
-826 -468
-823 -473
-820 -478
-817 -483
-814 -488
-811 -493
-808 -498
-805 -503
-802 -509
-798 -514
-795 -519
-792 -524
-789 -529
-785 -533
-782 -538
-778 -543
-775 -548
-772 -553
-768 -558
-765 -563
-761 -568
-757 -572
-754 -577
-750 -582
-746 -586
-743 -591
-739 -596
-735 -600
-731 -605
-728 -610
-724 -614
-720 -619
-716 -623
-712 -628
-708 -632
-704 -637
-700 -641
-696 -645
-692 -650
-688 -654
-684 -658
-680 -663
-675 -667
-671 -671
-667 -675
-663 -680
-658 -684
-654 -688
-650 -692
-645 -696
-641 -700
-637 -704
-632 -708
-628 -712
-623 -716
-619 -720
-614 -724
-610 -728
-605 -731
-600 -735
-596 -739
-591 -743
-586 -746
-582 -750
-577 -754
-572 -757
-568 -761
-563 -765
-558 -768
-553 -772
-548 -775
-543 -778
-538 -782
-533 -785
-529 -789
-524 -792
-519 -795
-514 -798
-509 -802
-503 -805
-498 -808
-493 -811
-488 -814
-483 -817
-478 -820
-473 -823
-468 -826
-462 -829
-457 -832
-452 -835
-447 -838
-441 -840
-436 -843
-431 -846
-425 -849
-420 -851
-415 -854
-409 -857
-404 -859
-399 -862
-393 -864
-388 -867
-382 -869
-377 -871
-371 -874
-366 -876
-360 -878
-355 -881
-349 -883
-344 -885
-338 -887
-333 -889
-327 -891
-321 -893
-316 -895
-310 -897
-304 -899
-299 -901
-293 -903
-287 -905
-282 -907
-276 -908
-270 -910
-265 -912
-259 -913
-253 -915
-247 -917
-242 -918
-236 -920
-230 -921
-224 -923
-218 -924
-213 -925
-207 -927
-201 -928
-195 -929
-189 -930
-183 -932
-178 -933
-172 -934
-166 -935
-160 -936
-154 -937
-148 -938
-142 -939
-136 -940
-130 -940
-124 -941
-119 -942
-113 -943
-107 -943
-101 -944
-95 -945
-89 -945
-83 -946
-77 -946
-71 -947
-65 -947
-59 -948
-53 -948
-47 -948
-41 -949
-35 -949
-29 -949
-23 -949
-17 -949
-11 -949
-5 -949
0 -950
5 -949
11 -949
17 -949
23 -949
29 -949
35 -949
41 -949
47 -948
53 -948
59 -948
65 -947
71 -947
77 -946
83 -946
89 -945
95 -945
101 -944
107 -943
113 -943
119 -942
124 -941
130 -940
136 -940
142 -939
148 -938
154 -937
160 -936
166 -935
172 -934
178 -933
183 -932
189 -930
195 -929
201 -928
207 -927
213 -925
218 -924
224 -923
230 -921
236 -920
242 -918
247 -917
253 -915
259 -913
265 -912
270 -910
276 -908
282 -907
287 -905
293 -903
299 -901
304 -899
310 -897
316 -895
321 -893
327 -891
333 -889
338 -887
344 -885
349 -883
355 -881
360 -878
366 -876
371 -874
377 -871
382 -869
388 -867
393 -864
399 -862
404 -859
409 -857
415 -854
420 -851
425 -849
431 -846
436 -843
441 -840
447 -838
452 -835
457 -832
462 -829
468 -826
473 -823
478 -820
483 -817
488 -814
493 -811
498 -808
503 -805
509 -802
514 -798
519 -795
524 -792
529 -789
533 -785
538 -782
543 -778
548 -775
553 -772
558 -768
563 -765
568 -761
572 -757
577 -754
582 -750
586 -746
591 -743
596 -739
600 -735
605 -731
610 -728
614 -724
619 -720
623 -716
628 -712
632 -708
637 -704
641 -700
645 -696
650 -692
654 -688
658 -684
663 -680
667 -675
671 -671
675 -667
680 -663
684 -658
688 -654
692 -650
696 -645
700 -641
704 -637
708 -632
712 -628
716 -623
720 -619
724 -614
728 -610
731 -605
735 -600
739 -596
743 -591
746 -586
750 -582
754 -577
757 -572
761 -568
765 -563
768 -558
772 -553
775 -548
778 -543
782 -538
785 -533
789 -529
792 -524
795 -519
798 -514
802 -509
805 -503
808 -498
811 -493
814 -488
817 -483
820 -478
823 -473
826 -468
829 -462
832 -457
835 -452
838 -447
840 -441
843 -436
846 -431
849 -425
851 -420
854 -415
857 -409
859 -404
862 -399
864 -393
867 -388
869 -382
871 -377
874 -371
876 -366
878 -360
881 -355
883 -349
885 -344
887 -338
889 -333
891 -327
893 -321
895 -316
897 -310
899 -304
901 -299
903 -293
905 -287
907 -282
908 -276
910 -270
912 -265
913 -259
915 -253
917 -247
918 -242
920 -236
921 -230
923 -224
924 -218
925 -213
927 -207
928 -201
929 -195
930 -189
932 -183
933 -178
934 -172
935 -166
936 -160
937 -154
938 -148
939 -142
940 -136
940 -130
941 -124
942 -119
943 -113
943 -107
944 -101
945 -95
945 -89
946 -83
946 -77
947 -71
947 -65
948 -59
948 -53
948 -47
949 -41
949 -35
949 -29
949 -23
949 -17
949 -11
949 -5
