579 10
298 859
-332 719
-174 -920
-699 -47
-425 754
727 -596
746 -479
-853 -772
-877 -859
-574 904
79 778
-985 884
696 357
-28 611
249 887
756 681
822 -913
-678 -236
692 142
-510 -650
-600 325
333 -749
-720 994
-21 461
-706 714
660 471
-261 470
482 -419
-698 -71
-360 814
-83 835
990 401
842 -151
-288 690
-107 281
-613 457
-567 183
-17 -949
555 -577
425 -754
344 826
35 -948
-530 431
778 -989
382 875
-571 -873
698 -902
-606 -862
763 369
458 815
678 236
-857 789
0 -416
-743 453
555 577
404 775
-889 72
637 393
-694 119
265 -878
705 903
-158 -164
928 -354
334 -297
612 627
-713 -559
566 558
745 -703
856 549
-472 -700
689 166
70 945
302 -21
-142 787
-313 849
-544 596
452 -317
-949 -722
-265 878
-472 700
595 -498
15 -159
-76 580
604 478
-557 135
-335 -87
650 349
-368 772
-186 -532
910 -118
-459 -716
240 -767
-29 -742
-689 -166
998 -267
-340 -752
566 -558
-604 478
-201 -680
510 -650
276 -190
317 655
-58 709
199 910
-389 -789
601 -710
379 -489
698 -71
807 756
-522 632
980 -132
544 596
14 -749
-485 684
227 775
-724 -419
692 -142
148 928
537 272
-235 764
213 676
-17 516
678 -236
-745 -590
439 -739
61 -946
-367 -808
-183 -878
574 66
437 102
577 278
-528 205
-121 -238
-697 282
-662 -304
662 -304
459 716
763 -527
-673 -259
194 46
-673 259
783 -546
-736 -244
-692 142
404 -775
-830 -754
-791 -122
673 -259
-668 -282
241 -891
-450 876
700 0
-173 480
-781 -17
430 -667
393 -854
664 -615
173 -51
763 -48
236 -805
-491 -960
-224 -899
184 -363
443 533
-485 -684
-113 937
411 -707
-359 -167
8 -873
650 -349
649 -999
-671 -417
321 843
533 614
621 -436
-986 218
685 189
716 -748
-544 865
-531 -496
-439 739
-112 420
-199 -910
-286 667
918 -207
198 -456
461 -343
-620 692
322 -267
-555 577
709 311
273 874
-189 -325
-310 -398
-296 237
495 524
439 739
-766 585
25 -335
216 478
-694 -119
-675 -572
576 538
769 28
124 -306
-451 803
-307 -144
217 191
-53 -216
958 316
-777 -89
-551 463
381 -61
139 -930
-818 -660
877 -338
-662 304
-139 -89
165 -923
647 991
-126 -433
100 790
-644 -371
701 -717
-61 946
6 54
689 -166
866 421
-696 95
-533 -614
-637 -393
-531 728
-951 530
498 -667
-913 -576
772 -696
682 213
685 -189
561 963
849 669
10 -469
0 914
-635 -63
485 -131
538 328
926 -262
363 -855
-923 463
-178 431
696 95
896 108
715 663
229 139
-76 909
-595 -498
761 -911
-399 417
-621 436
-363 -466
-70 -945
-808 64
942 383
348 723
522 504
-678 236
259 -47
122 935
969 -33
-668 282
586 -519
-98 -277
-364 -656
-51 -358
367 808
-720 575
297 316
108 357
504 413
-613 -457
5 14
-657 327
-815 606
-896 644
345 356
122 511
43 948
568 -738
138 870
-637 393
-644 371
-199 336
-142 832
113 -937
-999 526
383 634
614 113
472 700
-710 -643
239 -183
-134 -543
313 -849
-974 74
-404 -775
-343 -934
290 -864
-566 558
-800 -252
582 -755
423 -228
-699 47
-279 -329
17 949
673 259
-459 716
-321 -843
-657 -327
-240 544
-555 -577
-416 -736
981 -540
629 -415
207 -663
236 -246
899 956
-696 -95
-273 -609
-958 -30
-586 -519
456 -629
-495 -619
595 498
401 509
-407 836
-382 795
178 -795
580 -72
109 -398
-522 -632
996 767
-855 635
-957 -602
-313 792
926 181
-96 -940
-301 -545
343 -613
132 16
-650 349
-722 421
-576 538
897 -466
-8 949
-43 171
699 47
576 -538
-321 410
-358 940
-107 107
418 -459
-865 -239
-425 -754
-650 -349
-698 71
-241 891
-832 -108
-364 855
-533 614
-428 215
-54 469
-344 -826
223 505
-581 679
-172 117
-680 842
-699 23
96 940
-87 942
668 282
942 -183
-558 -322
-682 213
279 91
-740 294
-183 232
84 -715
657 -327
613 -457
740 -397
-248 229
382 -795
322 572
-191 913
-473 -667
-930 922
-498 -667
-498 -912
522 632
268 -530
985 37
-510 650
-752 -103
724 -948
-620 861
-664 -468
-236 -798
-964 221
699 -23
-951 -653
-836 735
-767 456
657 327
-142 -699
-455 -433
-566 -558
-195 -857
-256 -967
-439 -739
-533 957
699 23
-799 110
-979 130
498 667
337 -832
-156 -423
191 -913
-225 -134
-342 -226
-366 -908
107 -57
389 789
682 -213
-666 433
-682 -213
-220 -73
-986 372
696 -95
-813 -716
-337 832
39 41
943 -604
14 508
-35 948
-129 -911
442 656
-432 -584
370 513
694 -119
586 -792
983 540
-685 189
-79 -798
304 -127
-344 321
462 -394
425 754
-239 397
-574 -307
-77 124
-621 -436
-678 414
138 -136
941 -930
533 -614
399 -40
-955 -196
-2 -10
892 -102
-706 -527
111 985
291 137
-544 -596
544 -596
454 -918
408 -193
-273 -874
-885 743
662 304
360 -814
-484 -640
216 -903
-723 -665
-825 658
668 -282
-32 501
-488 -830
-920 699
-586 519
-148 -61
-700 0
989 111
-544 -846
698 71
-295 462
-685 -189
174 920
224 899
147 -424
-639 185
-783 320
472 -700
-498 667
-1000 -58
699 -47
-593 886
-125 343
-477 -156
-290 864
-884 -655
786 594
686 970
-156 276
-689 166
-629 415
586 519
-8 -397
459 -716
-604 -478
485 684
-165 923
-595 498
621 436
711 191
72 618
676 -557
604 -478
468 -857
-298 -859
922 -531
-562 -793
581 -106
644 -371
629 415
-56 -175
-446 -566
-103 63
622 371
613 457
-868 -142
-270 -585
637 -393
-148 -928
-404 775
-258 652
-937 -543
-692 -142
-249 -887
-140 388
-139 930
315 -689
234 -445
-246 709
-576 -538
8 -949
-629 -415
428 -921
751 294
913 242
-776 -363
485 -684
-49 -994
644 371
-508 838
-216 903
905 587
-43 -948
957 -382
872 -466
415 -147
522 -632
-699 -23
694 119
510 650
-122 -935
-702 935
-239 373
-917 -207
-252 -565
528 -487
87 -942
