42 95
24 18
20 12
5 38
13 24
10 30
7 36
37 30
42 25
42 15
14 17
34 11
30 28
16 29
42 18
2 15
25 23
30 42
32 33
37 3
14 3
38 22
7 37
5 4
7 16
19 40
26 6
25 41
34 23
14 33
35 36
11 23
35 1
13 28
1 26
1 23
10 5
17 12
27 24
18 8
4 19
21 18
8 13
35 2
27 16
28 14
4 26
28 6
22 34
15 1
13 2
21 19
32 40
41 19
27 25
34 10
10 15
11 2
32 39
41 32
40 16
8 7
31 41
12 39
33 39
22 12
11 21
20 39
5 26
38 3
17 38
24 20
3 29
37 22
20 33
36 17
21 6
31 27
6 4
36 8
40 31
4 30
42 29
31 17
26 11
15 23
41 33
10 1
34 35
5 37
29 32
39 14
13 25
16 38
27 12
18 6
481
65 80
11 95
25 53
24 55
2 83
2 86
3 32
5 6
6 35
46 88
20 36
36 71
15 63
29 49
8 31
61 84
57 92
50 91
16 81
6 66
18 91
20 67
25 73
25 59
67 78
2 48
7 24
21 37
82 86
46 90
11 18
11 75
64 70
50 60
65 86
5 20
58 83
24 82
45 60
42 43
16 90
19 41
18 75
5 39
61 81
75 91
70 88
57 86
44 47
8 31
14 24
35 71
11 56
54 71
5 95
15 18
55 86
5 36
31 72
9 92
4 57
50 68
55 70
11 16
7 18
17 43
41 78
51 87
38 42
23 39
37 38
29 56
89 92
24 33
39 68
20 29
39 85
14 75
44 85
26 47
4 68
41 63
50 51
84 89
16 92
25 35
50 80
43 60
73 92
45 66
32 83
71 71
50 69
17 84
14 37
40 61
28 78
33 78
71 76
18 72
42 83
8 37
24 67
1 76
44 61
46 92
18 31
4 67
52 67
8 17
62 74
45 45
4 24
74 79
88 91
52 78
35 60
17 58
28 92
58 85
5 40
67 79
22 47
67 86
1 81
59 90
36 59
8 62
59 78
45 54
71 94
7 34
47 55
61 79
23 43
69 80
25 49
43 48
20 95
33 92
5 25
56 60
60 60
21 27
43 68
15 71
9 66
21 22
52 81
6 95
5 74
26 76
24 28
20 69
3 44
17 45
27 72
10 84
33 36
9 75
5 76
68 89
11 85
38 89
91 94
1 37
14 69
23 92
39 91
14 82
30 91
19 32
3 41
7 35
12 73
15 74
5 88
46 74
16 37
8 16
32 50
5 6
28 63
3 94
9 20
15 85
21 38
34 37
37 58
32 72
49 83
10 41
53 84
1 19
31 86
9 22
13 80
24 45
20 37
47 57
28 36
63 68
6 53
4 12
43 75
43 88
50 59
33 48
7 48
48 89
53 78
15 60
36 66
4 9
55 55
57 79
30 88
42 46
32 50
54 74
26 93
63 85
47 95
34 50
44 78
24 40
36 55
6 83
87 91
6 46
47 63
29 36
72 92
28 78
23 33
4 48
27 66
34 71
63 64
8 25
47 65
31 82
12 84
10 89
56 79
49 89
55 68
2 77
44 57
4 11
19 72
49 86
11 58
46 64
19 73
39 72
31 92
22 53
12 45
23 89
4 17
21 48
21 70
55 95
45 70
36 71
21 30
43 84
59 72
16 58
32 86
9 84
12 50
2 93
73 83
76 86
1 11
25 70
31 80
42 54
13 74
52 72
48 59
15 22
47 60
9 65
17 35
20 32
15 92
6 16
16 69
16 91
44 83
54 75
21 30
30 95
6 68
61 81
1 18
74 79
44 87
44 75
8 63
9 20
24 56
77 95
2 77
27 73
14 46
60 89
11 73
38 51
64 81
30 69
38 45
5 85
14 59
31 95
20 29
48 93
27 74
55 70
7 17
65 92
16 69
30 35
1 56
8 46
47 57
7 77
30 72
7 69
40 52
55 61
30 54
31 51
6 25
32 46
44 59
63 87
82 89
37 56
40 59
16 92
13 45
65 88
23 35
71 94
59 75
80 85
60 90
23 61
14 51
28 41
1 80
37 77
40 92
34 53
3 38
45 60
14 32
3 61
40 84
4 43
48 75
2 8
14 58
15 38
12 95
20 77
49 59
70 79
54 78
17 69
6 93
27 92
10 80
59 67
55 74
60 65
34 72
4 33
23 83
11 33
13 91
50 60
9 47
36 62
30 44
3 25
36 69
84 90
56 78
21 60
6 12
23 79
35 62
8 48
55 94
9 40
45 58
25 52
80 92
51 80
22 86
7 53
78 94
38 48
69 76
85 94
71 78
19 41
54 95
14 93
5 71
43 54
24 92
8 68
35 58
14 71
24 56
34 48
47 89
23 64
26 34
66 73
32 49
26 64
34 65
19 31
66 89
74 93
13 35
11 55
13 23
31 71
24 46
22 65
44 87
61 95
14 45
73 89
8 17
57 81
27 47
62 69
25 56
69 79
4 37
54 79
27 72
15 45
20 44
30 72
66 85
5 92
43 82
35 64
1 7
28 40
13 53
11 86
34 59
68 89
44 62
51 85
17 93
4 33
38 72
28 59
39 63
7 58
8 86
30 62
16 32
22 39
26 69
16 80
56 89
32 72
32 86
