35 98
25 2
2 26
30 34
10 5
33 11
6 29
32 11
17 19
20 3
15 20
20 10
34 3
9 12
26 8
11 27
21 13
17 16
23 27
14 3
25 10
13 6
6 32
8 20
29 27
6 26
1 4
28 8
28 3
34 14
15 28
19 2
33 32
4 22
27 1
25 11
14 2
21 14
34 33
12 8
17 4
35 22
17 30
23 15
13 22
22 21
19 1
26 18
10 35
23 18
9 4
7 29
25 24
24 12
23 9
24 9
5 32
12 19
30 35
31 24
21 7
13 7
35 18
16 18
5 33
1 28
31 30
7 5
15 16
4 30
28 19
14 12
8 31
11 23
27 7
2 35
29 15
32 18
13 10
17 5
6 34
1 9
24 26
22 16
3 16
21 20
31 29
33 31
6 35
22 10
25 31
1 21
20 14
24 32
27 28
2 33
7 26
12 17
29 4
483
1 66
48 76
42 76
21 50
39 76
5 39
51 60
11 58
28 81
74 90
24 51
18 77
11 57
9 9
42 88
12 24
56 96
15 40
33 64
16 71
42 54
75 92
69 89
7 58
18 34
24 52
13 31
23 41
6 87
32 85
3 65
1 43
22 58
40 54
55 77
20 81
13 64
67 89
3 81
51 74
5 16
82 97
35 94
7 77
1 47
3 10
9 13
3 34
22 42
44 98
26 52
20 72
38 42
62 95
24 68
70 93
25 72
62 77
20 39
20 94
6 85
54 76
68 79
43 89
76 86
44 84
19 67
13 61
30 61
57 84
82 97
71 79
8 13
81 88
51 84
56 91
34 45
2 14
45 68
1 58
3 86
55 84
52 76
17 38
29 81
77 80
13 66
8 30
25 51
12 31
36 68
78 80
3 79
26 49
25 62
13 26
21 66
23 96
19 39
35 56
13 23
37 88
80 98
6 19
50 85
37 42
16 54
12 23
28 50
37 75
18 89
43 65
39 65
14 62
52 59
37 69
21 61
2 80
55 60
7 65
41 97
8 94
68 85
20 61
14 53
50 58
26 48
65 79
14 42
28 78
4 94
20 70
1 64
71 79
33 55
1 95
9 32
46 55
49 62
18 74
16 79
42 75
11 28
62 95
53 95
4 78
97 98
63 73
1 98
54 97
33 97
7 20
8 61
11 75
6 26
28 41
59 85
38 68
55 69
65 77
44 51
50 80
10 43
68 96
10 22
7 97
13 21
18 37
75 92
2 48
54 75
94 96
89 90
60 63
46 83
38 53
29 74
27 58
28 83
24 49
5 30
47 79
64 97
18 29
14 65
23 84
81 95
18 42
28 80
3 30
65 94
49 82
25 41
64 75
24 54
29 68
16 39
9 91
35 80
4 75
46 60
26 97
43 97
26 40
25 96
45 55
47 92
72 93
25 35
58 91
34 60
42 72
7 75
21 65
86 95
69 88
13 50
11 86
81 93
73 90
3 78
19 80
67 94
9 30
1 91
26 44
41 60
53 90
29 47
13 35
26 37
24 38
65 86
4 36
47 93
64 80
38 95
17 91
6 26
52 76
26 75
42 77
18 86
64 87
16 55
54 95
77 91
35 88
91 97
26 45
42 46
38 80
83 97
84 89
18 78
5 96
31 92
2 11
18 45
75 87
30 55
4 84
63 73
38 61
19 22
62 63
64 97
5 56
51 96
30 93
15 90
8 89
46 76
73 93
5 90
47 82
23 34
50 52
43 95
69 72
17 32
36 37
84 92
37 41
89 89
59 66
12 36
14 22
58 94
49 62
45 98
51 88
23 56
41 74
11 54
27 47
83 96
38 63
32 59
74 76
49 95
36 84
9 57
66 97
53 61
52 70
61 77
40 41
38 88
15 98
4 61
2 26
1 44
32 39
4 68
9 52
64 98
28 91
46 57
65 93
21 62
18 78
15 53
19 42
8 33
11 41
22 50
6 12
6 65
68 92
56 73
75 93
56 68
14 22
69 71
32 78
47 51
1 11
21 84
28 42
39 72
23 39
6 60
81 83
12 76
40 50
33 81
34 88
6 12
57 74
38 90
61 84
43 71
19 84
56 81
3 84
41 75
8 37
2 46
19 67
23 24
9 12
60 96
1 65
14 63
2 40
3 41
29 80
40 76
63 78
25 39
74 87
31 75
5 34
13 44
8 29
24 88
5 78
11 24
6 47
25 52
22 62
10 90
3 85
65 85
12 64
39 60
54 90
43 70
15 95
55 79
22 34
24 80
34 68
16 59
40 84
3 23
33 61
48 63
34 73
39 84
1 45
10 33
4 90
42 53
63 72
22 49
2 53
31 76
35 89
30 91
16 30
46 86
4 35
11 76
25 94
70 79
5 40
62 97
29 36
6 17
69 84
61 70
2 96
61 93
46 81
64 69
23 92
5 58
83 98
26 53
48 64
10 30
34 91
8 18
28 78
68 78
5 40
6 39
55 91
74 98
19 57
50 98
41 58
63 95
17 43
22 62
7 64
53 71
34 53
27 37
13 60
6 17
44 55
48 77
1 76
57 77
32 51
47 62
26 89
33 43
20 96
17 50
25 35
11 51
71 78
66 76
23 50
28 75
31 70
4 60
12 87
6 35
25 58
57 85
14 82
63 76
41 79
7 92
20 31
53 84
36 95
46 63
