43 100
4 30
15 12
15 6
26 36
20 7
25 19
18 38
13 9
3 9
26 31
13 24
30 18
12 9
21 14
3 27
35 17
30 6
23 13
41 42
19 14
10 29
1 22
29 3
22 11
25 34
35 4
43 3
12 21
16 35
25 10
10 16
26 40
22 40
1 11
31 11
17 40
39 9
18 25
27 35
14 18
30 13
20 41
33 27
32 15
28 34
30 35
7 22
3 37
32 11
25 20
19 42
1 21
22 19
37 34
4 5
31 29
24 12
35 8
2 13
10 23
5 9
1 42
2 32
9 19
8 19
9 43
39 30
19 34
21 4
24 17
43 4
37 23
15 28
23 8
40 32
30 36
2 34
9 10
1 9
1 31
39 11
22 8
6 2
24 6
5 17
20 11
36 34
15 39
17 3
36 11
33 36
12 34
2 12
21 32
15 42
39 20
36 12
17 32
20 37
43 13
487
47 89
35 93
20 50
11 86
6 28
48 91
10 16
24 26
49 81
50 59
8 87
15 25
42 84
24 48
4 96
42 81
25 45
16 77
26 87
6 53
1 44
48 53
16 73
28 96
21 29
6 59
31 37
25 72
24 73
19 47
76 79
12 72
3 88
39 81
26 92
70 86
33 92
59 74
54 57
7 29
12 82
70 88
12 42
65 94
40 84
12 35
19 47
35 73
74 86
12 53
38 65
8 33
22 58
66 78
11 72
45 59
46 84
66 77
9 59
93 94
28 51
21 56
74 90
12 93
63 98
27 75
7 87
9 86
16 52
27 38
23 96
23 58
88 93
2 87
80 99
49 94
7 49
21 33
38 65
53 96
62 70
31 49
17 76
9 91
68 98
42 69
91 94
52 86
31 38
29 87
17 32
29 75
49 80
59 70
13 54
27 74
4 23
27 50
20 87
39 93
61 84
29 81
4 32
15 34
21 53
37 62
85 90
16 63
22 90
37 54
10 27
50 80
58 66
51 85
43 44
76 80
4 56
8 59
39 74
11 44
5 27
47 63
46 61
30 87
67 82
9 40
28 72
10 93
29 60
25 30
3 5
56 58
12 63
2 68
11 37
12 15
10 67
12 77
6 70
50 52
24 89
12 52
60 73
41 44
73 84
17 38
29 72
40 47
14 86
41 74
52 76
42 88
16 61
5 31
54 74
34 97
43 97
54 100
21 44
46 56
14 68
94 97
37 40
23 88
6 29
81 96
36 80
75 93
51 79
24 75
60 85
73 79
8 72
28 84
67 82
83 87
28 95
32 35
20 22
6 25
50 53
57 82
83 88
26 91
14 100
66 98
11 38
18 76
11 62
45 80
79 92
66 87
7 100
26 70
27 74
2 75
10 79
19 56
81 93
6 9
32 74
42 55
64 82
25 59
55 92
4 84
22 86
22 92
43 73
46 69
21 47
23 65
25 61
80 92
34 99
14 86
15 96
59 90
51 93
36 94
15 66
39 79
9 99
77 84
20 56
50 75
40 84
25 44
4 16
14 87
72 90
56 79
14 70
57 78
25 87
16 33
52 85
7 36
5 42
29 75
42 85
24 33
8 74
86 95
14 29
54 95
35 66
53 91
43 78
29 59
62 71
20 68
6 73
32 62
1 46
73 85
21 80
16 58
18 39
71 81
16 33
30 58
14 87
40 76
1 51
71 98
21 55
43 82
86 95
10 79
32 100
59 67
47 79
29 63
72 100
13 45
10 85
12 40
57 82
76 91
28 90
23 69
6 90
20 31
38 46
41 77
21 84
39 50
38 88
32 73
3 34
68 94
5 45
13 73
53 80
23 42
85 94
24 31
31 64
7 66
36 97
15 23
6 41
20 74
17 34
16 30
41 52
45 96
18 32
16 38
11 61
41 98
4 76
7 63
53 73
39 85
60 90
15 64
32 93
24 38
33 97
20 28
51 57
13 95
69 93
6 44
48 64
6 100
36 42
47 90
20 31
78 98
36 76
19 41
21 78
17 94
13 96
69 90
25 37
34 82
45 89
30 75
12 79
46 56
9 81
2 84
4 51
44 79
20 41
56 67
53 76
8 30
12 42
11 95
8 75
35 59
40 64
18 85
26 36
9 63
14 37
12 68
9 83
49 65
40 56
4 94
49 56
50 75
63 85
2 34
70 100
20 27
52 97
16 80
70 88
50 82
57 91
6 99
61 80
65 84
14 84
35 85
62 86
52 85
31 79
52 100
1 71
74 81
2 26
59 69
14 64
67 95
26 50
12 39
85 98
24 47
4 35
22 87
41 52
69 92
4 39
45 84
46 65
33 62
29 56
19 100
18 94
19 66
19 77
4 58
33 74
8 50
23 36
28 46
15 75
20 78
5 16
13 69
13 26
54 69
39 100
4 22
40 71
32 80
57 95
12 44
17 99
19 62
27 93
28 98
22 85
65 86
5 77
12 58
18 45
36 62
35 69
23 75
21 70
47 65
32 83
10 61
27 88
48 59
23 72
77 85
34 96
48 65
31 86
73 82
8 76
46 95
29 78
30 45
24 61
5 22
24 80
4 95
54 88
23 53
9 36
52 100
56 82
37 89
13 54
1 49
10 29
39 78
53 73
25 89
10 57
10 58
49 81
14 84
13 41
36 48
72 94
36 100
29 64
36 88
81 91
38 69
15 44
32 71
53 90
2 81
22 94
