24 92
5 8
8 12
19 7
4 2
12 23
14 23
23 7
21 4
11 19
8 15
14 4
8 6
5 13
7 2
14 17
9 18
1 16
21 19
23 24
13 2
23 2
24 13
24 12
16 11
6 23
17 11
19 24
16 23
4 15
16 17
7 1
8 22
18 22
14 6
7 14
1 23
22 17
9 8
22 11
19 13
6 20
12 13
9 5
2 1
1 24
7 16
22 7
15 22
5 4
3 21
22 24
7 20
5 1
8 10
12 19
15 21
15 17
10 16
18 13
11 18
23 21
21 12
7 9
19 23
19 16
17 21
24 16
3 13
6 2
15 16
8 19
3 15
3 22
21 13
20 13
13 7
20 5
6 17
8 21
8 2
9 10
1 11
8 4
8 20
18 20
17 12
4 13
2 3
10 12
13 9
10 24
8 17
489
14 76
84 85
23 31
24 49
2 29
7 43
42 74
63 64
20 54
57 64
6 37
70 86
29 42
7 51
64 66
26 75
14 49
18 71
66 85
42 86
32 42
31 41
12 13
1 33
13 64
37 49
18 71
59 66
7 72
18 19
40 86
42 44
2 61
61 86
50 75
24 79
27 82
3 42
3 78
22 38
7 67
35 84
48 77
31 90
28 55
49 61
43 92
10 44
9 18
37 83
23 68
5 54
56 90
23 46
7 68
9 73
43 74
6 12
9 90
36 65
12 85
33 54
32 83
5 40
8 41
23 70
11 32
27 48
21 35
41 71
36 79
57 61
69 72
62 66
5 29
79 80
19 37
41 69
9 45
16 57
33 86
79 83
54 65
7 39
57 74
17 88
56 83
59 73
76 82
52 72
58 86
31 39
77 79
7 33
62 71
37 51
55 64
27 41
25 79
46 74
69 83
10 73
30 32
55 79
19 59
14 52
24 52
48 82
36 78
29 56
6 13
8 54
3 76
48 75
29 56
1 20
32 50
11 40
27 79
14 45
27 33
4 5
27 34
52 92
18 28
56 63
17 40
64 70
19 92
19 48
55 60
15 34
2 57
84 85
6 28
8 36
72 80
6 12
11 62
6 79
61 78
65 89
14 77
44 76
3 14
39 68
10 53
50 66
2 42
30 57
41 47
66 77
28 88
72 89
25 46
23 71
19 85
17 84
33 67
60 86
17 46
26 61
18 46
40 48
4 7
1 77
9 44
20 67
45 86
16 90
18 79
17 50
8 45
66 77
22 74
18 39
27 79
12 73
44 51
28 91
3 52
46 91
60 65
12 65
29 58
50 75
55 66
7 32
21 46
32 82
27 49
53 68
75 80
67 73
48 78
65 80
7 63
15 74
36 46
26 41
22 23
24 24
3 36
4 31
48 62
74 86
58 61
41 75
3 88
15 74
51 79
5 61
82 89
19 32
76 85
5 21
15 44
51 69
7 86
42 54
16 87
63 73
56 85
21 91
36 75
72 86
61 81
58 90
17 70
37 53
9 57
6 63
48 74
42 61
23 28
31 43
41 57
20 23
34 84
19 69
38 66
10 75
7 26
40 44
24 63
19 44
29 49
24 82
70 90
5 65
20 43
47 77
18 84
25 44
9 10
22 41
48 50
4 21
4 83
12 67
15 56
33 83
52 62
14 30
27 60
34 79
29 69
11 60
3 86
2 32
52 72
7 63
67 69
68 73
57 79
19 87
27 82
9 42
63 89
56 71
52 89
65 82
28 41
21 73
12 83
42 62
8 49
47 64
28 51
22 90
70 80
26 89
29 85
47 88
32 88
25 46
5 74
25 65
42 55
36 52
5 67
1 32
23 78
50 64
36 61
20 53
16 88
24 79
22 48
18 43
2 64
46 67
80 85
13 42
33 86
28 64
5 89
73 87
9 33
59 69
24 33
29 50
14 30
29 61
53 75
16 52
5 35
39 79
72 79
23 76
71 77
3 90
9 46
42 78
32 70
76 86
7 84
29 62
25 45
27 80
40 69
15 41
26 67
10 87
71 90
28 92
16 59
61 75
47 87
18 42
80 89
1 25
53 73
49 67
56 92
12 25
6 30
67 74
9 24
15 79
16 89
82 87
29 61
51 76
46 63
19 59
43 79
58 71
36 70
21 47
43 50
24 92
39 73
9 88
3 75
77 84
9 72
65 82
19 76
15 78
2 58
21 64
47 63
83 90
41 80
40 80
12 52
10 84
38 58
27 61
52 80
59 81
52 78
11 65
22 72
42 85
17 31
5 72
69 85
2 19
34 60
16 64
23 85
3 91
34 68
35 47
4 27
60 88
5 67
56 74
40 79
6 35
43 65
28 48
30 77
36 47
31 70
7 57
52 91
66 89
18 62
11 33
15 89
2 71
22 89
41 76
8 60
43 48
31 48
2 82
55 86
7 84
53 91
25 49
52 86
30 81
14 59
50 71
11 62
19 37
9 30
32 60
34 56
29 36
4 34
28 82
23 30
18 28
81 92
70 77
39 52
9 48
11 28
29 64
1 64
43 77
8 81
5 76
19 78
34 81
63 92
30 57
32 85
32 47
20 71
31 57
1 41
32 64
17 43
41 64
20 85
29 69
24 54
5 35
35 83
47 67
7 12
6 78
38 45
77 86
55 91
29 43
7 63
12 47
1 24
65 80
62 77
17 67
44 84
