22 95
7 12
3 9
5 7
21 19
1 11
17 5
19 14
19 15
7 9
4 6
11 9
3 2
7 3
3 16
15 10
13 19
5 2
17 3
11 12
20 5
20 7
1 21
5 15
15 14
22 15
2 16
7 10
15 17
20 13
22 20
4 17
5 4
15 20
4 2
7 18
16 9
1 13
1 2
7 21
2 13
6 16
6 1
21 8
12 1
11 16
20 9
4 19
10 9
5 21
3 11
15 8
11 18
1 8
5 10
8 22
10 8
12 18
21 9
5 12
1 3
21 13
1 17
16 17
11 2
17 18
7 6
13 6
12 15
3 13
17 2
2 15
4 20
6 12
7 15
16 7
12 13
21 22
18 8
22 13
11 14
14 10
5 16
17 11
2 10
22 1
14 5
11 21
7 8
9 18
9 17
20 3
3 19
10 18
9 2
13 16
491
56 86
38 79
7 34
12 44
31 68
1 9
12 66
11 70
17 51
54 82
28 52
75 78
22 73
47 59
30 36
10 89
17 85
23 31
24 42
51 63
11 72
51 73
59 83
1 47
2 11
59 79
30 58
41 48
36 85
11 68
16 18
30 61
7 89
27 52
20 32
43 78
30 88
20 72
64 85
1 72
56 65
59 91
2 15
44 47
51 83
3 17
68 77
29 72
67 81
3 4
2 77
43 86
9 62
62 93
27 35
89 93
57 87
4 84
29 58
45 50
66 77
44 46
45 73
16 22
22 55
16 53
58 95
8 43
6 22
6 48
3 40
32 41
27 59
18 35
52 81
33 59
8 49
79 93
5 77
10 36
23 26
23 88
32 80
6 30
35 37
51 73
35 91
9 90
19 40
13 71
23 71
8 71
75 83
56 65
74 85
12 88
1 77
34 81
10 64
46 86
41 95
24 34
29 34
29 49
38 66
21 85
10 26
60 85
13 26
2 42
4 32
5 14
10 44
20 82
9 72
6 65
15 85
39 45
16 64
78 90
6 16
16 67
31 41
2 50
40 53
52 56
62 71
57 81
7 43
2 16
17 63
21 28
53 56
65 69
22 63
27 47
18 75
17 39
37 45
2 67
23 77
49 54
13 81
31 87
32 55
4 68
24 95
49 92
62 77
3 18
30 61
6 26
62 78
23 27
3 89
25 76
13 78
27 93
54 90
47 81
85 86
16 82
10 13
32 86
46 74
5 88
11 16
8 88
30 77
16 76
20 40
32 54
22 77
17 26
11 35
22 60
75 95
7 8
36 84
60 92
81 82
61 91
2 68
75 80
2 95
18 55
10 39
49 61
71 86
26 74
35 82
47 78
14 52
84 95
78 87
59 73
24 64
62 65
50 92
41 90
49 92
13 85
7 58
50 89
25 34
17 19
59 63
69 94
19 80
7 68
31 62
30 76
46 55
48 91
33 92
39 42
29 48
31 32
11 77
26 41
6 44
57 61
8 55
23 32
4 39
2 30
7 32
31 83
23 49
35 45
55 70
84 87
22 23
20 33
1 45
6 70
31 86
64 90
82 95
18 23
44 95
24 31
4 15
49 74
34 48
21 36
19 43
38 55
55 72
46 80
57 67
25 73
21 78
18 78
7 26
48 73
55 63
33 76
13 25
33 66
58 84
17 72
24 48
5 68
29 90
33 51
28 68
35 85
13 38
12 67
2 84
5 11
11 67
41 68
17 53
73 81
53 62
56 77
49 78
55 78
3 87
61 87
27 74
26 35
24 42
24 43
15 75
3 64
83 88
41 54
19 37
39 64
51 90
38 55
39 61
30 62
72 95
23 85
30 53
55 92
85 93
35 42
43 75
21 94
44 92
64 86
3 91
34 43
63 72
62 92
45 82
61 82
7 39
4 87
85 94
37 88
21 32
17 74
12 83
79 94
52 59
47 67
11 61
28 77
74 79
29 87
60 73
63 86
13 77
8 66
55 63
42 84
55 84
59 71
54 66
22 51
65 75
29 46
8 13
24 91
38 80
28 65
48 77
6 15
66 82
28 67
14 82
27 49
67 77
67 81
1 36
26 61
65 78
4 38
60 75
26 83
4 32
44 88
15 75
17 27
3 66
40 89
8 51
19 70
67 89
34 90
20 32
37 76
9 24
6 12
9 53
1 18
20 77
15 59
65 70
41 64
54 81
10 36
4 9
28 69
10 32
5 40
10 31
49 80
15 66
13 80
60 91
25 79
39 69
80 85
61 86
26 69
86 94
23 93
33 59
17 22
1 78
32 42
56 88
22 61
61 94
5 95
68 81
30 85
12 69
3 59
7 92
12 78
39 93
5 44
47 57
46 67
15 89
8 13
9 51
12 24
87 93
50 60
9 53
46 95
24 44
38 65
45 84
26 71
15 80
30 78
27 41
35 68
24 50
43 59
34 44
56 93
62 90
15 47
74 93
2 14
38 48
63 82
36 86
47 55
67 84
30 93
2 27
29 76
22 69
39 65
7 92
60 94
11 58
10 36
5 20
34 42
67 94
4 29
68 77
49 94
2 75
15 48
51 63
11 27
49 68
35 58
5 39
36 77
45 81
11 34
19 49
1 90
62 70
20 74
53 58
34 94
46 54
22 48
2 56
28 79
10 30
23 83
5 65
3 33
12 78
6 18
75 87
53 64
11 23
56 61
6 52
50 79
28 61
2 85
19 31
