38 85
16 2
28 36
32 29
35 27
2 24
9 35
37 8
28 38
22 5
10 36
37 17
18 25
27 33
5 32
24 1
18 3
20 12
30 20
33 1
8 31
17 26
25 31
23 19
4 34
21 30
10 34
19 12
11 14
7 38
3 14
7 16
21 13
6 15
11 6
22 26
13 4
23 9
15 29
26 14
2 31
9 20
3 34
13 29
30 23
1 8
18 21
6 37
36 25
10 35
7 11
32 38
4 17
27 16
22 12
5 33
24 19
34 33
23 27
30 8
38 4
25 12
16 26
17 28
3 2
10 28
11 29
18 15
9 7
32 35
37 13
15 22
20 5
6 14
36 1
21 19
3 35
23 20
32 30
19 5
27 34
9 4
10 26
13 14
33 24
7 18
499
49 52
82 82
25 63
54 61
26 68
28 67
28 43
6 59
10 80
50 84
8 51
29 51
28 58
7 37
57 85
8 65
61 62
4 43
14 80
19 20
3 38
2 80
49 72
10 82
16 85
50 80
23 66
8 16
22 37
36 44
35 65
53 85
4 83
11 77
59 71
12 12
13 73
48 60
18 58
13 18
7 30
10 67
71 82
18 22
18 61
10 14
13 83
37 63
30 58
28 32
15 81
43 44
5 8
18 26
19 30
49 85
66 78
15 20
20 74
80 83
7 11
4 46
23 66
38 39
52 66
23 26
62 68
26 67
30 41
5 8
7 71
10 20
25 73
49 82
13 79
43 61
3 47
63 69
16 68
21 76
39 47
14 15
37 71
57 82
5 77
19 62
53 71
81 82
52 77
22 45
44 70
39 73
17 47
29 56
34 74
19 27
37 74
22 83
25 37
17 79
12 83
50 77
39 72
4 6
48 63
5 69
7 22
10 77
48 80
38 69
13 38
52 74
2 7
10 26
43 45
40 84
13 76
46 52
49 62
14 82
54 82
1 17
18 77
13 26
63 81
33 81
4 75
33 63
10 73
9 59
57 74
5 44
47 51
10 66
23 56
24 62
19 62
40 78
10 22
5 48
41 42
37 73
3 15
12 20
44 78
21 32
50 67
32 53
32 41
3 33
20 51
68 80
27 65
73 79
1 34
42 83
34 76
29 78
48 48
6 46
23 83
47 80
5 26
56 78
4 24
43 80
11 20
38 80
67 84
41 73
15 70
47 82
18 67
23 39
42 72
69 70
64 64
25 30
42 47
18 70
2 54
13 69
63 73
7 28
36 44
16 26
62 79
46 58
32 58
14 43
15 34
1 21
24 59
42 76
1 50
1 34
13 31
11 19
40 54
19 45
17 38
30 52
66 80
57 64
23 79
21 81
26 45
21 26
3 13
8 28
18 56
67 82
47 85
69 83
15 20
21 71
15 44
8 64
14 23
8 39
16 22
18 34
18 67
18 73
3 26
24 41
61 71
6 38
3 38
11 62
5 59
72 82
4 69
50 68
4 74
6 66
40 79
12 72
10 53
8 31
33 58
28 64
65 82
33 43
27 66
5 37
33 67
13 50
44 72
10 15
12 37
64 85
30 46
28 36
44 53
22 62
37 83
61 73
18 77
15 20
1 13
19 76
69 79
3 22
12 69
5 78
8 15
64 84
22 43
8 61
1 44
7 73
8 35
21 78
62 82
56 68
22 27
47 77
70 81
12 19
49 82
18 61
24 61
18 82
6 78
3 69
55 66
31 61
19 43
43 82
27 35
22 43
40 61
37 63
8 27
33 59
50 74
12 33
51 67
8 59
13 53
24 85
17 75
11 50
17 54
13 48
3 24
13 21
24 34
61 74
30 49
48 83
29 53
20 65
35 81
37 73
32 80
58 81
9 36
55 63
60 65
32 48
28 70
2 65
58 70
12 31
40 75
40 54
31 60
67 85
62 78
14 43
12 25
20 51
60 85
22 68
9 31
7 52
11 64
36 41
25 76
38 72
35 54
18 82
57 84
38 49
8 61
6 29
26 33
7 37
61 67
12 71
69 77
20 79
12 55
2 77
37 71
28 74
39 48
10 67
19 46
16 63
63 69
16 49
3 42
7 17
79 85
13 83
10 36
25 69
11 18
41 54
3 68
6 58
30 44
8 73
42 52
20 71
2 78
23 44
36 84
32 65
19 85
29 82
40 83
77 85
6 66
24 47
36 71
7 43
16 48
1 51
24 43
7 45
3 29
30 69
61 80
48 55
17 44
14 83
31 83
13 63
16 78
43 70
1 49
58 69
35 53
16 77
60 77
62 83
27 62
45 56
25 61
49 64
47 74
43 51
66 85
15 66
16 70
29 53
30 39
2 45
30 36
19 69
12 37
14 53
12 49
30 62
50 60
15 72
9 59
57 74
41 74
46 60
50 75
77 84
10 44
12 24
4 76
9 25
2 44
39 73
3 69
4 12
20 31
28 52
25 77
42 79
75 85
34 85
57 84
12 44
5 36
48 53
6 37
62 77
50 80
66 73
8 14
20 53
37 58
39 72
29 70
22 59
14 70
35 81
39 58
31 67
25 44
29 35
43 78
31 72
16 85
68 80
9 61
47 62
5 47
31 46
4 60
52 74
40 85
43 55
21 83
34 63
20 32
8 47
2 61
37 72
10 48
13 40
9 28
4 39
58 73
4 11
19 62
18 77
3 16
17 36
50 85
