20 27
18 15
14 2
6 10
1 4
12 11
3 13
8 19
9 20
7 5
18 6
16 9
3 11
17 1
17 16
10 19
20 14
13 4
5 2
12 7
15 8
3 20
4 11
14 6
1 15
12 16
19 18
13 17
499
21 25
16 23
16 18
6 18
10 20
12 16
10 19
5 12
8 27
13 18
11 26
25 27
11 13
9 14
2 17
11 14
2 16
6 20
8 13
1 25
22 25
2 5
5 7
22 22
2 12
24 27
10 22
8 15
1 20
5 26
3 18
7 9
3 19
16 26
12 15
5 10
9 25
4 27
2 22
3 14
6 26
17 18
6 8
13 17
6 17
15 24
7 12
3 14
1 14
2 18
1 22
9 27
19 26
1 21
9 15
12 15
3 13
10 20
5 8
2 26
2 21
15 16
13 17
18 26
7 9
7 16
4 19
5 11
5 19
20 27
8 20
3 21
22 22
18 19
17 26
8 9
18 23
12 19
3 12
6 7
22 27
3 18
7 14
5 17
11 25
5 8
7 18
1 1
2 8
8 16
16 24
3 24
8 11
11 21
26 26
7 14
9 9
5 12
10 15
14 16
20 24
14 21
10 16
3 6
10 17
2 21
6 25
4 24
13 14
1 24
1 3
15 25
8 11
9 25
17 25
2 27
6 21
10 15
18 19
9 15
16 25
3 10
3 3
5 15
11 15
4 22
9 13
2 23
10 16
9 21
9 23
2 23
18 26
9 11
5 15
6 21
5 12
3 12
7 26
10 24
10 18
14 22
4 26
3 7
4 13
9 23
1 7
18 26
6 25
16 26
10 12
12 19
14 19
9 15
18 27
8 27
10 17
4 10
5 13
6 14
9 17
9 11
9 24
16 18
4 7
16 18
13 24
16 19
15 22
5 24
20 21
10 20
2 19
3 13
7 23
4 17
23 27
8 13
1 25
4 14
19 20
10 21
1 4
7 9
22 22
1 4
14 20
5 13
11 14
7 7
9 23
21 26
11 12
9 17
4 27
12 19
10 11
2 14
10 27
20 21
20 20
7 14
2 26
1 27
2 6
10 23
18 22
2 3
5 20
21 26
12 26
1 11
2 8
7 24
1 5
17 20
3 14
4 15
14 17
4 18
20 27
17 26
8 21
14 27
16 25
16 23
13 23
19 26
11 14
14 15
4 16
18 23
10 22
10 11
5 18
1 23
10 19
7 19
8 13
20 24
15 23
9 11
9 21
1 9
4 22
13 19
20 22
1 15
13 15
4 23
10 26
2 10
11 22
5 20
5 26
4 25
1 24
12 24
15 26
6 19
1 13
15 25
10 13
18 24
4 13
22 26
9 18
2 23
3 16
7 21
14 24
10 20
4 13
23 27
14 19
5 19
2 15
16 22
1 12
5 26
6 22
7 17
9 12
4 8
6 24
6 8
17 27
7 18
12 19
6 25
2 8
2 10
8 25
4 23
13 24
2 7
5 17
3 12
1 24
17 19
5 23
10 14
16 27
17 25
17 25
18 24
21 26
22 25
13 27
14 18
6 23
7 24
14 20
6 13
1 25
14 27
7 15
18 23
12 23
10 24
8 14
17 27
3 18
8 26
5 20
12 20
16 26
9 25
2 10
18 23
2 4
5 22
6 14
17 23
10 19
10 17
3 6
10 25
4 14
1 13
14 22
14 26
15 22
4 7
9 23
1 25
14 18
15 20
1 9
22 27
10 20
6 15
4 12
2 15
14 17
1 4
16 18
14 19
12 17
14 26
21 27
3 5
2 4
3 14
4 7
5 15
4 10
2 7
11 20
6 19
2 20
12 16
16 25
14 25
7 14
6 16
8 25
3 7
11 20
23 25
4 23
16 27
8 24
10 16
1 14
8 14
12 16
11 18
14 24
18 20
20 26
16 18
17 26
4 15
7 22
10 26
6 12
5 17
16 19
5 12
9 21
5 12
9 26
11 17
11 24
20 22
8 27
8 22
23 27
2 5
6 16
9 13
4 10
16 25
9 14
5 12
1 22
14 24
18 24
11 23
3 10
18 20
14 22
5 8
3 19
5 11
13 18
2 18
2 18
4 12
6 25
4 24
7 18
20 27
12 18
17 25
6 19
16 26
23 27
1 26
8 27
12 18
18 25
19 26
6 21
4 6
10 25
1 13
2 21
2 8
24 27
5 15
20 25
13 18
16 18
8 11
17 27
5 19
2 11
1 11
4 18
4 11
3 19
10 24
15 24
2 10
8 23
11 23
14 25
5 13
1 24
1 10
9 20
9 19
3 22
22 27
5 7
13 27
2 25
14 25
13 26
8 24
19 22
8 19
9 21
12 18
9 21
7 17
13 25
4 15
3 8
12 14
9 27
13 25
9 12
13 16
9 14
21 26
18 26
