22 20
20 17
9 18
5 3
6 14
4 10
19 1
15 11
22 16
8 12
2 13
21 7
19 10
8 15
5 20
6 12
4 3
1 22
21 14
2 16
18 17
483
7 20
5 16
15 19
9 16
1 7
18 20
10 14
1 6
7 15
4 12
2 14
16 20
1 10
8 19
14 16
12 20
8 8
2 7
7 7
13 18
9 19
3 12
8 10
12 16
14 15
19 20
9 18
9 15
5 20
5 8
12 19
4 19
2 6
4 13
2 9
7 9
3 10
11 19
10 14
6 15
5 9
6 17
12 14
5 17
4 8
9 20
4 14
11 18
6 10
6 15
3 15
4 12
14 17
2 18
8 8
4 16
4 10
4 17
1 20
2 9
2 3
8 20
6 17
3 18
4 19
1 8
11 18
5 6
6 17
3 4
13 19
11 16
8 14
5 20
5 18
19 20
19 19
6 16
3 8
6 18
7 17
4 18
14 20
2 16
16 20
4 11
13 14
12 13
8 18
2 5
4 5
15 20
5 15
2 3
19 20
5 19
9 16
1 8
2 10
1 15
17 17
3 4
7 9
6 15
11 14
10 19
10 15
9 17
6 19
4 10
8 10
1 18
1 15
16 17
11 14
2 16
7 12
7 16
3 10
4 4
2 13
5 7
3 13
7 8
8 11
4 13
4 7
2 14
16 19
9 9
1 17
2 20
8 18
6 9
2 20
4 12
3 9
6 11
1 9
4 5
8 17
3 8
9 11
6 8
17 19
6 12
8 13
11 12
8 17
8 20
4 9
4 19
1 4
1 16
5 10
6 11
5 18
15 20
8 19
13 17
16 18
20 20
2 17
3 5
2 14
2 12
3 17
5 12
3 17
12 20
10 14
9 18
1 8
4 6
16 20
7 14
6 14
6 14
8 19
1 10
6 12
7 13
3 12
8 10
2 19
1 5
11 20
10 18
3 8
5 16
13 16
15 18
8 20
2 12
6 17
11 19
9 17
10 18
14 19
1 10
5 7
10 12
10 17
8 17
1 6
11 20
3 14
7 16
3 7
1 17
5 9
14 17
7 19
4 7
7 16
4 7
4 16
4 19
8 15
3 18
9 14
5 20
4 17
8 20
4 11
15 18
13 19
5 18
1 20
4 7
7 16
5 11
14 19
7 20
8 16
3 18
12 18
2 16
7 14
3 16
11 17
5 9
2 9
6 8
6 17
7 11
13 19
8 11
5 9
10 16
4 18
4 11
2 6
6 12
2 11
10 13
4 10
5 9
6 11
13 17
4 16
1 17
4 18
6 12
5 9
1 8
2 19
5 16
1 7
7 19
1 17
10 13
18 20
10 13
1 12
12 14
11 17
9 20
10 15
15 18
12 15
4 11
8 15
4 17
1 15
13 17
8 14
6 14
6 19
1 5
7 11
7 17
3 16
7 18
1 15
1 15
5 7
11 19
4 14
1 17
2 9
10 20
6 19
5 12
14 16
8 17
3 17
1 15
7 14
7 14
3 10
6 14
3 13
2 14
13 16
3 6
6 11
4 10
9 13
15 20
14 18
7 11
13 20
5 16
5 18
7 13
13 20
6 12
7 11
5 14
16 19
6 20
4 9
9 16
1 10
3 7
9 14
6 9
2 4
16 20
3 19
3 18
7 10
5 12
11 18
1 10
9 20
16 18
6 11
1 4
1 14
10 16
9 11
13 15
17 19
10 12
1 9
3 20
1 10
9 13
2 15
11 19
10 14
11 17
4 11
13 17
8 18
5 14
1 3
1 13
7 12
11 13
12 14
5 15
5 15
1 8
17 20
13 16
5 18
16 20
9 12
1 19
9 16
12 16
13 16
10 18
6 10
4 17
6 8
12 14
10 19
11 19
3 5
16 20
7 17
14 20
15 17
1 16
1 11
12 16
10 17
13 17
2 5
12 16
10 15
6 17
1 13
8 12
16 18
12 14
3 14
3 8
10 15
15 20
2 7
11 16
7 18
2 20
11 20
6 9
6 13
11 17
11 18
8 14
8 11
14 19
8 15
2 13
6 19
3 16
7 20
6 14
5 13
9 13
10 13
10 13
2 13
11 19
7 16
9 14
7 15
9 11
14 17
7 20
4 15
3 15
4 17
7 18
8 15
2 17
2 9
4 12
2 20
8 19
16 20
2 20
6 10
11 19
2 19
5 17
6 11
14 19
15 17
2 11
11 20
8 19
8 19
6 20
7 18
6 9
3 9
11 19
9 14
2 12
13 17
3 13
2 19
5 19
1 20
4 15
3 16
3 5
2 17
