34 13
20 26
3 34
11 9
33 28
1 28
17 22
25 33
25 32
30 17
14 1
6 2
10 13
18 22
498
7 9
7 12
12 13
8 10
9 10
4 10
4 6
3 11
1 5
1 13
5 7
2 10
11 11
7 9
6 12
5 10
3 12
1 5
3 12
10 12
9 13
3 8
3 8
5 7
6 12
3 7
10 12
1 9
7 11
5 8
6 9
6 6
10 11
6 13
4 10
5 12
3 8
7 7
2 13
11 13
6 6
5 6
3 7
2 11
5 6
7 10
3 12
4 13
8 10
1 6
2 12
5 10
5 9
10 13
5 13
12 12
5 5
4 9
7 11
2 7
1 13
3 13
1 4
2 10
2 5
3 3
1 3
9 13
6 9
10 10
10 10
3 8
1 13
11 12
7 7
2 9
1 6
8 12
2 6
5 9
6 7
11 12
7 7
10 12
4 8
2 10
4 6
5 6
3 6
1 4
5 9
3 9
7 9
2 13
4 11
5 10
8 12
4 7
3 4
6 9
4 10
3 11
4 10
4 8
8 13
4 5
1 6
7 13
8 10
3 9
11 12
9 13
6 9
1 3
8 10
4 9
2 8
8 11
5 11
1 5
4 6
9 10
5 7
3 11
1 13
11 12
12 13
8 9
4 13
8 11
6 11
4 13
2 11
12 13
2 4
6 8
4 7
6 13
5 10
4 10
3 6
5 10
2 6
2 7
7 11
5 5
5 10
6 7
4 9
6 13
5 13
1 9
3 5
1 13
4 7
1 13
6 9
5 9
3 8
3 10
8 9
3 12
7 8
2 5
12 13
3 7
1 11
5 7
6 13
8 8
7 11
6 8
2 4
3 9
7 9
5 7
2 9
4 8
5 10
6 12
1 9
9 12
5 12
2 13
9 13
8 12
2 4
6 10
3 9
1 5
2 11
5 6
8 10
2 12
7 13
2 4
3 5
3 12
2 9
2 8
9 11
3 9
1 13
2 12
3 9
4 13
2 9
7 9
5 10
9 11
12 13
1 1
1 4
1 3
3 6
2 11
4 6
3 4
5 6
4 6
7 10
5 11
7 13
6 13
2 9
7 13
2 3
7 8
3 11
7 8
4 7
7 8
12 13
7 9
3 4
12 13
1 3
9 10
2 4
9 10
5 10
4 9
11 12
2 3
10 13
10 13
4 6
7 8
4 5
9 13
7 11
8 10
2 6
3 5
2 10
1 3
6 11
11 12
3 7
1 3
2 11
4 10
3 11
3 8
2 4
4 12
1 13
2 8
2 6
2 6
3 6
3 6
1 4
7 13
2 7
10 11
1 12
2 6
8 13
5 9
1 11
3 11
1 13
1 6
1 6
3 9
1 1
3 5
6 7
2 9
6 8
8 11
6 8
9 11
2 7
13 13
4 9
9 12
2 3
3 3
7 13
6 9
3 12
9 11
5 8
1 10
2 9
8 11
3 6
5 6
1 7
6 9
6 13
2 7
7 9
1 5
11 12
11 13
9 12
3 10
3 8
3 7
3 13
4 6
5 10
5 12
4 5
2 4
8 9
3 8
1 6
3 5
1 2
4 12
12 13
2 4
6 7
10 11
5 13
5 11
3 11
2 5
6 6
2 10
4 13
6 7
4 12
4 11
1 13
1 5
2 6
4 10
2 13
7 8
1 12
1 4
2 8
5 9
2 3
1 12
6 7
10 12
4 7
5 6
9 10
6 11
3 11
4 8
4 12
1 10
2 3
1 5
7 12
3 13
1 12
2 5
7 11
5 12
5 9
3 4
6 9
8 13
6 9
6 12
10 12
3 7
9 12
7 12
5 11
3 11
2 12
7 9
12 13
5 5
11 11
3 7
6 9
1 13
4 13
3 6
1 9
5 10
10 13
3 10
10 13
7 13
2 11
6 9
3 12
3 13
9 9
4 5
4 6
4 10
7 11
2 12
5 12
10 13
6 12
1 5
7 8
4 5
8 11
2 10
4 10
7 12
2 5
5 12
2 12
1 5
1 2
2 8
7 10
11 13
8 11
2 4
6 10
8 13
7 9
5 11
11 13
1 1
4 12
2 7
3 10
4 6
3 10
5 6
4 12
5 6
3 10
8 9
3 6
9 13
6 11
4 12
4 6
1 7
5 8
7 11
4 5
2 10
3 7
7 7
6 13
1 10
9 10
2 4
12 13
3 13
6 9
11 11
1 12
4 6
8 9
1 2
10 13
7 8
3 7
6 8
6 9
8 11
1 5
4 6
9 13
2 6
9 13
9 13
4 8
8 11
7 8
3 7
1 4
6 13
6 13
8 13
10 13
6 7
