49 21
7 20
16 8
49 11
6 44
15 49
4 9
23 31
24 13
5 25
49 20
45 6
10 22
5 39
16 15
9 27
24 29
34 23
39 45
23 9
12 40
40 21
484
9 11
2 13
1 15
8 12
4 9
3 4
1 19
3 8
5 12
2 6
10 19
1 18
5 10
9 17
6 21
2 12
9 14
2 13
12 20
11 15
5 14
3 15
9 20
3 20
1 5
3 19
3 12
16 17
9 10
2 13
3 9
1 17
14 14
4 16
3 10
13 16
7 17
2 15
6 18
1 6
1 20
2 10
3 15
3 10
2 5
8 21
5 21
1 17
11 16
19 20
13 17
10 10
3 19
1 11
11 18
5 14
6 11
3 11
3 20
19 19
7 16
6 10
6 15
3 5
1 1
17 21
9 13
5 9
11 13
6 9
3 13
11 19
16 19
12 20
1 15
5 10
9 15
14 21
18 20
2 18
19 20
8 11
7 13
16 16
2 5
5 21
12 16
7 13
9 14
14 18
6 21
6 16
9 18
6 17
3 5
11 19
4 20
6 8
11 19
2 13
18 20
9 17
7 15
5 13
7 15
15 18
11 12
7 20
2 18
21 21
5 11
6 18
9 21
13 17
13 17
9 13
2 9
19 21
8 10
4 21
15 19
4 14
8 10
2 10
10 12
1 16
17 18
3 19
10 14
9 19
6 20
6 20
6 15
5 13
2 9
12 16
2 4
9 19
7 12
11 21
11 14
10 13
4 10
12 18
10 17
3 16
1 13
18 19
2 16
8 17
8 17
11 12
6 19
7 20
9 12
5 6
18 18
12 19
3 4
15 20
10 18
12 20
9 16
8 15
1 9
1 16
9 15
4 12
1 14
3 18
7 21
3 7
16 17
18 20
13 16
2 17
5 7
1 21
12 15
7 20
6 13
6 12
14 16
7 16
12 16
9 20
10 13
5 21
7 19
21 21
10 16
1 15
1 18
6 14
13 18
2 4
2 16
8 16
8 21
20 21
7 9
18 19
17 18
2 21
15 20
2 20
12 21
8 16
6 19
11 14
15 21
2 12
9 17
14 15
13 16
4 13
11 17
10 21
5 20
9 20
8 18
8 19
5 11
2 14
4 16
12 15
1 18
4 14
7 17
10 17
9 17
10 17
19 21
5 7
1 17
10 14
9 14
3 20
13 16
10 19
2 21
1 16
5 16
2 21
1 12
8 17
3 20
5 14
5 10
5 14
11 21
9 17
8 18
4 18
6 17
11 17
5 17
1 10
10 20
3 13
1 17
6 10
11 14
9 21
7 21
10 16
4 12
7 17
14 20
3 12
8 10
11 18
9 12
14 19
12 21
5 7
8 15
2 14
8 18
4 13
8 16
6 13
7 9
12 20
5 12
10 12
18 20
6 20
6 17
10 17
3 19
1 20
14 19
1 20
11 13
4 17
13 19
15 21
12 21
1 7
10 14
9 17
13 19
9 20
2 11
15 17
5 15
11 13
4 14
8 21
4 20
3 20
1 8
2 17
4 6
11 16
2 13
2 9
4 10
4 12
14 16
3 20
5 8
6 19
6 17
4 8
4 7
5 21
12 14
6 20
3 19
4 17
4 6
6 15
3 21
3 7
9 19
10 16
10 21
11 17
6 16
13 18
8 11
9 21
7 14
2 18
4 21
4 16
7 18
8 16
1 10
8 17
3 19
4 6
19 21
6 16
8 12
9 18
1 3
4 19
2 14
7 19
13 18
2 6
11 16
14 16
11 20
5 17
12 15
4 18
6 10
7 12
3 12
8 11
12 14
3 9
5 21
13 20
2 5
11 21
2 4
7 9
13 19
2 16
3 21
6 13
1 11
2 14
2 8
1 15
6 12
3 13
8 14
1 14
5 15
2 14
5 14
5 20
5 11
9 17
15 17
14 21
3 14
8 12
2 14
4 10
3 21
9 14
1 12
2 7
6 20
3 8
2 21
9 18
5 18
16 20
5 21
7 12
1 7
9 21
6 21
1 9
5 8
2 4
11 21
5 20
12 14
6 9
1 13
3 20
11 17
14 17
1 16
3 15
2 8
16 18
5 21
3 20
6 20
8 12
2 16
3 19
6 17
8 13
15 18
8 12
4 20
2 6
9 11
6 8
3 5
12 21
6 15
9 21
16 18
12 21
1 14
13 19
7 19
5 12
2 6
4 11
16 18
4 15
5 19
10 14
17 21
15 21
4 7
14 16
4 9
8 21
4 6
4 15
11 14
6 17
7 20
9 19
7 18
2 11
6 14
7 10
2 20
3 21
