50 12
6 18
30 9
15 47
22 32
49 29
41 39
32 31
37 43
38 40
2 10
45 17
37 38
492
2 9
4 9
2 6
4 5
1 3
4 11
1 9
1 5
5 11
3 7
4 10
5 9
6 9
2 7
4 12
6 8
4 4
5 9
4 10
1 2
4 6
1 6
5 5
3 9
3 5
7 10
3 6
2 6
1 11
1 12
6 8
5 9
4 5
5 5
6 8
1 6
1 10
5 11
2 5
6 9
4 9
3 10
7 8
8 11
6 8
4 10
7 8
11 12
3 9
3 11
6 12
3 6
2 5
3 3
9 12
3 10
3 5
1 12
11 12
9 11
1 7
6 12
4 7
1 8
10 12
5 11
1 6
2 2
2 8
9 11
3 11
2 12
3 7
6 10
1 9
7 11
9 10
4 7
5 11
4 7
6 12
5 12
3 6
4 6
5 6
6 8
1 5
1 7
6 7
8 9
2 7
6 10
2 4
4 9
3 4
4 4
8 12
2 12
1 9
5 9
3 3
3 4
4 7
1 2
2 9
1 3
3 10
5 11
11 12
7 7
2 2
1 10
9 9
1 6
3 9
10 11
5 5
5 11
9 10
2 4
8 10
5 8
6 12
3 8
1 4
2 9
2 3
3 10
3 7
3 12
9 12
1 2
7 9
4 5
8 11
5 10
5 7
4 9
5 11
3 12
3 9
8 9
9 11
6 11
1 4
9 12
5 10
1 5
8 12
3 9
6 10
8 8
8 10
3 6
6 11
1 5
2 5
4 9
1 11
8 9
9 12
4 12
4 7
4 6
3 4
4 9
8 9
6 12
2 3
1 4
8 11
6 12
4 6
4 5
4 5
4 4
3 5
11 11
6 6
8 12
4 9
8 9
3 7
6 10
9 12
2 11
7 9
2 12
1 9
8 9
5 12
4 9
2 2
7 12
2 11
3 7
10 10
3 4
4 12
1 8
3 9
5 10
1 11
4 5
8 12
1 12
3 4
4 8
5 6
3 7
6 11
1 12
7 7
3 4
7 8
7 10
7 10
3 11
6 9
4 7
8 9
7 11
6 11
7 8
1 3
2 2
6 7
5 5
5 12
3 7
4 8
1 9
2 11
10 11
6 9
2 9
5 12
7 12
6 6
6 12
6 12
4 5
10 10
2 8
2 9
8 9
9 9
9 10
7 12
7 8
4 12
8 12
7 12
7 9
12 12
6 8
1 11
1 8
2 8
1 2
9 10
1 6
8 12
4 8
3 7
2 9
2 7
1 2
3 11
3 6
3 7
4 10
1 10
2 9
6 10
3 11
6 11
6 10
5 12
1 12
2 3
7 12
4 9
5 11
4 11
6 12
3 12
2 9
5 7
2 7
4 9
1 3
7 9
10 11
2 10
4 10
3 8
3 10
4 5
2 11
3 11
6 10
1 10
7 9
6 9
5 11
1 5
7 9
1 8
2 4
1 5
5 8
5 7
4 11
5 11
6 9
2 4
8 11
4 10
8 12
8 12
2 9
7 9
8 10
6 7
3 5
6 11
4 9
1 12
7 10
3 10
3 5
4 5
8 12
7 8
3 7
6 12
1 11
1 8
1 8
7 10
4 10
5 12
1 4
3 4
1 2
4 5
5 9
4 7
2 12
2 6
5 8
5 7
4 8
3 11
4 10
7 12
2 8
5 7
8 10
2 10
3 6
2 5
10 11
6 10
9 10
1 12
3 9
6 9
6 12
1 7
7 11
5 11
1 9
2 10
2 11
6 9
3 6
3 11
8 12
1 4
6 8
4 9
4 7
7 8
1 2
6 8
4 5
6 12
2 5
7 10
1 12
5 6
5 7
11 12
3 4
11 12
3 6
1 5
4 6
5 10
9 11
2 10
5 9
6 10
4 6
6 9
2 10
3 4
2 8
3 6
5 11
6 10
3 8
4 12
1 11
6 10
4 10
6 9
3 12
5 12
6 11
2 5
2 9
3 7
3 11
2 8
8 9
1 10
1 5
1 12
3 5
7 8
2 10
5 10
4 7
3 9
5 7
6 7
9 11
2 9
3 7
9 12
7 12
2 12
2 4
2 11
1 9
2 7
9 10
4 10
4 7
10 12
1 7
2 6
5 7
2 12
1 2
3 11
1 2
8 12
3 7
10 11
3 8
5 12
2 4
4 12
5 6
3 6
9 11
6 9
8 12
4 12
2 11
11 12
5 8
7 11
3 4
10 11
8 10
3 12
2 12
6 9
6 8
2 7
7 10
1 6
1 2
8 11
1 6
4 11
6 11
