50 97
50 23
9 27
19 50
43 5
27 49
7 32
44 50
19 15
1 17
44 36
2 34
39 24
25 23
24 47
39 7
32 40
32 43
19 2
42 11
7 18
12 13
1 5
15 21
20 15
37 15
1 40
49 41
13 23
13 38
21 3
47 3
45 28
45 13
31 38
25 37
5 36
2 7
43 16
27 14
30 15
28 32
6 28
22 20
50 36
8 23
39 4
25 35
33 21
49 13
2 14
11 3
22 3
20 50
16 49
14 45
31 19
23 4
40 24
40 47
46 30
2 22
14 34
44 12
49 3
16 46
4 37
48 23
38 15
23 1
10 5
21 34
9 50
9 5
29 11
28 44
46 22
7 46
26 42
45 42
38 50
30 37
24 18
2 49
20 13
48 15
5 6
14 15
27 40
37 23
13 43
18 40
31 26
16 13
12 40
32 15
38 3
29 44
487
14 79
43 97
15 94
74 85
81 88
66 72
2 29
34 59
8 89
36 77
16 43
57 66
4 14
14 74
36 94
36 75
12 50
75 95
8 93
5 88
5 17
19 63
24 33
55 83
21 62
11 66
65 94
11 67
14 69
18 65
50 84
33 73
81 95
6 30
34 76
27 93
38 89
5 45
46 61
10 90
81 89
20 77
21 57
21 28
34 70
17 26
1 56
49 54
12 16
25 90
19 77
48 51
11 29
52 56
76 89
6 97
50 67
17 26
68 70
38 84
40 43
30 54
37 75
17 90
9 79
17 58
27 68
9 68
91 96
22 58
57 69
27 70
40 43
29 44
45 47
81 84
37 89
16 97
7 63
86 89
40 71
32 77
41 85
2 70
13 59
15 91
49 52
23 84
28 47
66 72
49 93
59 84
8 19
57 84
5 9
45 75
48 55
40 88
42 74
86 92
34 85
17 34
39 52
1 39
1 7
72 93
64 86
13 38
6 30
10 94
39 72
18 20
30 58
6 42
2 36
25 66
54 58
27 82
12 54
12 27
1 91
13 38
51 65
4 51
47 80
13 52
30 53
6 82
47 87
21 22
16 45
22 69
5 6
17 95
24 91
59 84
56 97
54 97
81 81
57 94
30 69
16 49
1 54
22 97
20 34
43 49
64 64
3 20
4 49
19 28
6 11
45 61
10 75
17 90
58 73
22 87
44 69
37 76
37 56
89 97
73 87
71 85
71 90
74 87
39 72
4 78
48 49
41 59
26 89
17 82
5 64
38 42
7 75
20 62
45 50
34 84
25 57
21 95
10 81
5 55
39 48
31 35
10 21
23 77
1 7
93 95
34 43
39 49
42 89
45 86
31 41
53 97
8 88
28 71
17 33
28 96
71 94
25 60
37 82
4 68
22 97
64 65
33 38
8 47
29 91
70 93
24 48
3 14
30 86
18 37
46 62
66 67
28 73
12 91
12 95
33 79
28 77
31 60
17 77
1 46
4 93
27 49
51 74
63 72
80 89
2 76
67 68
3 28
39 85
5 27
35 77
20 27
20 45
48 72
46 54
9 54
14 38
36 51
30 38
39 51
14 78
2 41
41 50
32 54
1 42
23 52
5 74
31 88
7 68
35 56
22 70
40 82
24 41
23 55
35 64
21 38
23 65
28 94
41 76
5 12
49 66
34 73
28 38
37 77
13 78
34 66
35 68
32 55
3 85
9 89
5 72
85 94
69 81
44 55
66 90
58 79
17 85
25 54
16 61
59 64
41 97
9 27
1 90
19 63
6 92
11 66
10 29
13 94
43 51
35 87
20 68
26 67
50 56
24 71
13 87
32 85
21 89
27 52
24 81
5 76
15 29
38 75
43 71
19 50
25 70
53 75
41 78
44 96
1 30
3 73
22 65
73 91
21 56
27 71
44 62
49 72
26 76
12 52
31 93
55 70
56 65
8 63
37 96
41 70
6 62
37 96
27 37
19 94
62 97
48 59
36 68
7 79
37 54
8 57
25 72
16 87
14 82
30 81
4 81
54 86
65 90
35 84
19 37
49 62
1 54
30 68
37 56
43 80
7 87
2 32
48 92
8 52
15 33
23 47
18 76
16 66
2 83
52 81
22 77
3 23
6 69
9 64
92 97
20 71
47 57
13 28
50 71
23 59
38 60
44 53
14 65
17 32
21 95
49 75
20 51
17 80
8 90
16 64
28 63
23 86
9 27
2 69
30 49
21 59
5 23
37 73
24 84
4 66
2 54
42 71
54 86
8 81
61 82
3 25
5 88
26 70
65 84
89 96
26 92
5 43
40 49
11 81
27 60
31 96
5 52
43 51
35 66
2 7
28 59
6 18
31 70
5 24
59 93
19 53
21 89
61 69
62 72
34 82
22 38
67 72
15 35
21 40
72 79
12 50
44 85
36 66
14 22
34 54
44 49
8 37
23 54
87 95
38 50
7 59
55 73
29 72
27 41
39 92
15 75
50 89
50 63
27 76
5 15
13 48
80 94
50 55
36 83
31 67
24 79
37 53
83 94
77 93
35 41
32 51
68 89
29 72
6 72
2 22
10 85
23 51
26 55
10 85
50 56
35 93
52 88
46 87
31 65
8 93
9 18
77 85
24 80
35 83
26 70
10 75
3 27
55 64
83 95
65 78
72 91
15 26
82 91
58 84
9 73
60 92
8 86
5 83
42 73
