29 94
8 23
16 19
8 7
26 1
3 10
11 3
8 9
17 23
20 12
2 15
24 19
24 22
15 22
18 29
2 7
19 1
29 5
11 29
11 28
29 13
8 10
16 15
1 22
6 2
28 29
12 22
13 26
15 1
17 8
28 6
19 12
17 7
12 24
26 14
6 23
7 4
22 18
18 5
6 24
27 14
2 25
15 21
23 25
25 14
27 12
20 1
6 25
16 28
25 13
27 10
10 9
23 16
4 16
19 4
28 27
7 27
10 20
4 20
20 21
11 9
11 18
21 13
14 18
13 24
14 9
17 4
21 17
21 26
5 26
27 5
10 29
5 11
20 17
24 14
21 4
12 16
13 19
9 3
9 1
3 18
28 26
25 7
5 8
3 15
2 3
23 2
22 6
7 12
26 9
27 20
11 19
2 28
16 25
6 15
494
48 68
12 64
34 87
35 84
52 78
21 55
1 50
55 78
60 75
32 65
17 39
6 46
18 62
25 73
22 72
71 91
1 8
35 67
82 94
1 52
55 65
4 47
55 58
47 56
26 64
34 78
55 68
18 66
44 48
42 51
38 92
54 92
26 72
58 71
39 58
9 54
19 84
5 81
43 73
43 51
60 94
8 94
20 73
17 67
23 58
46 50
9 28
5 43
7 60
4 7
61 90
14 38
25 50
19 28
1 93
2 92
10 61
12 91
13 82
11 36
3 60
56 81
56 68
59 60
66 88
62 83
5 58
3 13
47 55
53 67
47 68
39 77
9 73
51 91
18 61
46 58
45 52
7 51
32 66
15 25
63 76
13 27
41 80
41 65
63 87
25 40
7 63
71 78
12 60
29 93
26 57
6 9
12 33
59 64
9 73
3 88
32 54
55 66
26 73
38 65
20 62
14 36
46 69
80 85
11 15
40 63
45 71
35 71
36 82
4 90
23 40
24 26
55 79
23 59
36 60
55 55
53 91
27 69
42 85
38 78
5 9
8 46
49 79
42 66
16 72
55 87
17 94
12 80
1 34
36 70
31 93
22 52
22 27
10 94
38 74
43 77
55 82
76 93
9 23
50 64
26 83
10 52
31 48
31 63
39 81
80 92
1 45
27 63
4 67
10 52
60 77
78 91
46 85
21 80
40 84
35 65
4 71
22 34
17 24
10 90
55 87
21 55
15 64
13 62
19 90
3 27
55 81
7 49
69 71
16 18
53 85
13 88
29 60
28 52
23 76
62 87
14 42
22 37
28 60
4 72
6 55
5 42
18 79
74 89
54 91
36 44
74 75
9 63
40 90
21 86
11 45
15 18
24 62
54 77
28 57
14 55
85 88
12 81
69 86
32 54
83 93
3 63
66 73
4 44
21 87
63 90
10 31
80 80
65 72
31 63
49 53
44 47
57 65
39 84
21 48
25 62
19 27
23 57
24 60
43 66
62 80
11 43
3 23
28 74
19 90
4 10
70 80
40 76
42 65
11 89
35 85
35 57
19 87
43 58
10 55
85 89
22 27
25 37
75 91
26 30
40 86
29 88
10 25
59 92
1 74
86 90
48 61
30 54
19 92
7 28
44 74
27 28
2 90
9 77
39 86
10 34
62 78
29 34
3 87
8 31
48 88
3 54
2 58
25 39
9 66
14 32
41 85
43 66
75 80
4 51
19 84
13 28
41 77
11 87
23 59
18 52
46 70
3 38
35 76
54 69
17 74
20 82
7 80
86 88
44 60
10 21
33 59
37 67
5 29
9 64
26 77
47 78
3 84
64 81
66 92
38 71
52 82
22 88
16 37
11 28
32 85
37 76
73 90
1 74
33 83
15 90
40 42
43 92
10 32
38 55
31 62
58 78
55 94
25 92
16 53
29 89
2 67
5 50
45 84
30 45
43 87
4 50
41 52
10 33
47 66
11 26
13 49
6 36
10 89
21 38
69 83
82 87
43 70
18 60
19 63
21 37
11 24
27 90
42 52
24 78
5 52
5 10
56 82
2 68
30 60
5 83
7 34
53 90
1 16
37 89
13 65
30 60
14 65
8 89
85 91
86 93
8 78
22 91
24 93
13 80
20 28
19 24
4 45
65 92
36 81
36 43
1 7
34 56
1 52
34 69
22 58
31 52
42 55
27 75
34 67
18 72
75 83
54 62
5 75
40 89
10 72
4 81
11 87
28 87
70 85
6 14
68 81
48 86
13 59
2 76
69 91
27 55
49 75
3 93
28 70
14 38
30 74
33 50
24 61
23 57
71 86
8 19
17 30
20 72
57 94
55 78
11 29
56 66
35 50
49 68
23 30
16 86
45 88
47 65
62 86
11 27
48 72
10 82
72 91
6 90
34 51
71 83
4 18
53 75
65 94
41 92
62 87
72 88
70 81
3 89
23 42
10 74
4 33
66 82
55 85
4 80
5 88
20 46
79 84
45 76
30 64
44 49
73 84
35 53
17 26
61 84
21 49
7 55
36 58
55 71
10 81
70 80
31 63
38 49
12 21
5 82
61 82
20 48
45 71
11 64
16 60
46 85
48 55
18 83
19 88
54 69
20 33
37 44
25 66
74 79
17 25
32 87
2 28
29 61
13 91
6 30
50 79
49 80
35 54
6 55
28 87
25 64
22 62
20 67
7 62
38 92
54 93
65 83
40 85
29 34
36 65
46 84
38 47
31 81
