854
904 549668303
307 784799703
568 761210649
397 958358808
679 169295512
721 87483168
812 72875807
204 148679507
610 949086919
516 21957702
995 430961556
395 743839190
699 708281280
564 863040887
660 525065412
425 67890593
118 741635219
974 7137068
166 761286258
770 841269910
999 590030548
622 237344153
329 959354761
610 43372227
797 564870043
425 291762428
904 532140606
738 174739771
621 7154179
83 80649312
841 435493489
355 882534941
927 316428098
811 538962211
9 498136826
483 605749206
551 971846595
392 672285660
683 791080927
916 754897867
170 294085830
765 653561403
249 43681377
184 52135137
115 475193933
348 320139513
957 812403194
740 249741314
992 308544192
60 142444315
979 113137020
554 758083914
936 701203788
281 992127139
684 961464877
732 85445758
166 664761686
386 43930532
90 965827078
539 631778150
89 408550479
222 309925597
901 814026762
505 776239399
882 926890971
818 750813804
250 775492224
826 519305894
225 997908306
268 991400873
686 299490151
383 709352614
641 205568003
429 490185435
293 447633608
919 699860303
612 844167023
869 93067712
444 982807679
705 680712969
865 159824577
804 785259086
744 965452547
783 338290712
274 801404723
577 142219728
666 120047731
547 297688215
427 195830980
233 529098852
681 95686184
234 991988120
188 6662261
319 555932117
871 287598510
394 572717348
24 250871892
350 878499967
586 861112275
402 146139275
189 142635803
144 645413842
440 297817060
141 646230348
402 416322549
434 909793041
882 796014167
598 259089078
964 719890045
718 824682244
175 31030519
516 8906488
9 578288335
176 686838459
763 76100740
175 194847644
786 621599488
769 16916935
248 878682063
529 677672897
884 961072938
528 284347290
342 988747
170 485731011
727 48370736
862 452715171
849 20531604
707 548047525
896 753414157
674 37299085
511 32340377
179 305010562
220 366572076
454 711440030
165 1638426
499 90182510
247 566095302
746 766150386
135 4574727
280 851762867
283 678396145
244 466121539
968 967780204
224 493711033
567 775930611
404 619935840
483 590590964
959 156483170
964 531214351
424 296322598
335 382281712
462 190117757
326 490218554
698 239976961
140 989511201
60 44499485
903 41724759
205 35952479
565 78170881
959 557807680
12 238894625
560 1134605
225 118958859
47 999615189
173 806811971
361 760367370
705 168138297
543 121411347
122 714757309
219 308609057
262 362170912
671 444236851
390 52485765
508 952661386
866 98713599
871 730410909
67 36514107
451 346967305
898 194288071
309 251497612
641 445207056
748 600682397
666 936249444
606 469840590
543 772076690
234 550355358
968 766693581
882 783091238
673 739969119
149 469656910
614 920248525
638 164487485
373 719832978
256 77090552
528 266507540
57 228422345
877 33128090
936 385156722
262 866109702
516 354526051
807 897277832
587 390072238
291 241252019
663 348019441
574 298204846
438 579908231
146 36430948
936 686068153
604 950058338
430 579340706
219 539670892
221 170837306
514 32826943
315 207844979
787 309107877
756 389013513
25 246801478
592 921972073
930 862641691
267 296396420
505 107068539
49 427287987
927 19690498
163 705003979
943 856199098
581 512858174
94 992778822
511 543511109
669 123777334
169 192195828
385 276522978
633 886479441
859 352696938
649 693380592
117 538651216
720 45078941
338 711606691
504 927721086
382 657477368
124 883223304
532 314125188
89 683279784
646 402400206
489 599154999
394 292390122
814 901025021
295 771401104
529 139262371
214 311677716
752 744386371
517 159947505
743 41526053
244 956858045
600 98423158
19 998476058
701 22971777
827 743140306
561 764061383
529 551317321
543 775405412
671 521178458
765 795362108
787 640376444
903 838769443
980 58365304
11 505391085
465 194713814
96 740104379
221 319483421
294 413962693
608 941668405
498 699155386
144 748256952
118 324177033
615 313511743
397 872280997
800 820081710
863 49966516
134 318037390
156 279206727
636 754946021
369 238494547
65 961114113
976 835933022
611 600210324
920 883190096
965 594480682
278 884530176
212 905147019
795 183435926
12 961251722
134 779373468
528 597193770
275 784151979
640 569067549
957 302968606
895 819246286
739 464708218
10 906158838
296 390667232
1000 134569816
45 176285158
88 385982044
634 113080025
215 366246524
295 779839139
243 617385283
922 345112395
444 793875497
846 23916175
673 729174689
965 616422487
64 728349238
581 275604793
315 960401070
294 117231757
375 844856193
102 436808900
996 68695818
183 783368944
415 49859635
627 35396291
223 968452883
615 500194905
208 753782348
812 32357364
574 58755153
638 631275868
480 197656728
292 850292446
293 754485875
927 879118402
435 189216006
548 494791040
785 954781550
860 677723897
264 533261284
163 761363520
445 56219636
839 270204975
71 446333627
618 907924603
528 301258893
790 197337242
750 104814694
592 710113727
652 685368891
541 859143424
847 71509778
317 583482876
34 189064482
542 48118586
742 164659498
402 31050608
232 37438585
468 96298806
421 740592004
89 599834928
466 321480060
118 274403648
918 154515398
694 647749696
111 928847992
901 71065261
840 421100694
709 518225184
115 827220952
169 982273649
444 52155465
710 440725193
953 60901194
877 939270880
731 263935160
223 686584732
718 733630844
423 267874161
653 568158440
136 735647205
960 781727997
378 770622669
851 214076210
381 63721444
528 900814745
573 595949280
941 803515145
19 544710285
329 734362707
723 546331291
891 853968716
615 278488534
657 515399086
24 709347673
125 976327238
149 409600578
130 61863095
315 212462210
78 954720352
640 588979866
549 42593656
762 6887264
407 349401347
967 966983160
992 509124255
37 76631020
7 371603681
181 733851015
446 847281738
942 181742028
803 224888207
554 29654180
80 228733311
171 52142433
699 304196937
406 761795173
634 139981856
349 251003050
245 52264822
375 41090238
156 8721975
379 634247964
462 70433695
180 654457633
868 396413095
435 615082680
800 890752186
783 163357513
729 29407598
251 172302535
73 775105176
317 853320489
738 904400427
321 14097936
184 442883580
755 10667781
149 3790177
178 991171294
797 515617296
589 714901013
5 169876051
590 20085467
329 745257363
1000 5002098
319 342471367
552 584271862
266 23635072
539 978050680
315 13286517
840 11044402
32 534950357
774 44274474
800 586733427
679 263503520
41 378582274
984 163412217
584 69039754
549 593410518
216 903188272
529 288163913
293 803105828
616 358744728
500 466420036
934 25451053
109 844947152
519 206787930
346 843413721
411 9540689
85 3859220
597 852916378
964 22327996
292 276152245
794 256075834
123 516580117
808 771174594
346 579442740
877 34198517
949 189297633
17 944727703
598 321286741
662 759679049
682 363804541
606 874505029
483 35805262
362 539157406
312 733992436
903 507898831
340 789737685
380 479175593
3 764611353
131 925880361
870 960258963
545 597211220
984 119861463
570 777207926
752 413554007
789 15039061
870 666385075
984 91097156
460 904661060
220 541866406
382 356432009
339 15039841
351 240956782
666 21469598
72 254345581
332 81342123
35 460838549
765 136182350
165 426500127
511 331416524
773 480078554
453 658326486
567 581042998
529 418462846
409 160034067
335 867215043
1000 57745381
573 299408436
372 59198613
608 137759772
445 128571472
931 174549286
177 723290720
131 412199224
19 613326308
998 487348490
314 315611555
504 853530884
941 413806689
440 214163534
577 894908724
8 825656624
387 294271552
735 161833490
151 500872451
752 117734065
476 361319631
62 378467203
839 375120311
190 863209330
435 551146248
607 445449596
659 490765533
383 2907851
90 986549603
986 7543701
197 51094558
934 986281841
748 624743767
889 761928234
492 193168041
671 364570048
587 965875824
726 436403789
655 909532779
635 720241588
227 746988934
380 534253646
38 159098640
850 107484801
270 393782087
997 281679271
811 973679054
684 381782338
555 392432175
77 222200739
899 358197883
268 545180510
385 928164727
202 546268974
347 142511672
440 196995429
715 969572222
672 26278379
950 305375077
904 962698447
564 606283832
519 129175515
695 252296630
12 328049650
246 297283726
145 356312133
567 97860029
176 726010263
869 417845624
963 816441038
171 306331772
324 842510535
597 816484110
582 967410390
648 508137203
36 205872450
845 391993899
754 545058088
928 382878824
371 983013226
490 322717796
946 631061762
516 637179444
618 968576225
774 327563880
843 331891120
915 51183262
929 184811835
652 617591840
66 949055251
526 44283798
420 37474417
308 91016490
217 124641546
861 802451175
859 940696073
453 185895035
333 2924867
206 292382202
789 456495233
246 785770076
620 598965070
919 890933687
183 971001582
944 733274807
37 654202264
405 499761505
30 686910204
41 682403570
412 287317391
1 396582028
655 364772073
225 785432102
362 165617066
218 797324443
140 265057427
924 230915217
255 219171198
743 319140107
858 368712029
522 734111303
265 569954726
243 52493283
107 943404136
600 410820731
210 888968191
30 579141868
459 220509685
711 773730247
971 11966368
842 163682071
263 633324626
125 845601209
668 920443922
652 780091478
118 992321111
993 655312416
657 786478559
694 645596353
492 613025077
17 796351617
372 474602356
116 233120557
175 549615083
477 503732048
324 110638695
60 496238672
751 46303115
136 839298758
334 85799046
875 702136074
564 444275893
389 973276168
788 490182112
445 186142201
523 717368306
869 761016644
169 820316260
568 599212817
751 803434384
255 969701429
603 118173791
421 59855729
83 615661605
76 951378848
92 906105863
386 730616678
821 561716541
961 179953582
420 134645811
53 315819979
512 603484079
670 698850359
866 404723005
426 877765277
977 535644386
813 340281020
158 662159526
458 607693123
382 209319623
809 159372872
281 901946972
933 545032396
44 685203944
115 340938487
993 131004893
266 294670281
137 591933996
248 70931436
767 958687075
772 941082594
394 350554677
600 748089078
125 879343147
186 49949002
115 767291485
915 572834529
147 354557958
86 871669222
303 336468075
105 61910564
810 841460461
831 706462767
812 440818907
461 266267519
629 96639288
324 462373061
492 748218692
884 196364951
179 985812207
678 143596737
315 20169475
985 10953700
490 59688912
517 72055961
373 854523385
509 608703264
496 805822198
474 37795641
388 119502166
853 832434698
263 485294656
922 64093193
396 570549905
863 20844790
334 485937784
568 702087622
695 999176616
936 366572411
866 987622724
721 430394420
933 425900871
166 186601102
45 277074214
661 695611594
518 892944219
183 426469649
534 724247470
747 938571378
739 417105116
193 699782487
717 322870773
584 660586453
444 66985427
21 678611719
28 928708544
825 924430806
449 458870879
689 316342280
65 251586491
963 331909392
68 947025221
658 539407203
615 361863653
672 635309786
869 798794023
668 278399773
341 963385024
601 266916313
695 596613621
955 648821637
992 716522505
756 695323413
343 907948066
784 496994351
330 259553412
298 623839661
228 298918390
677 784191319
959 162560839
110 590247841
728 333598573
576 734956703
43 43145629
757 832898244
129 324893160
292 614457691
68 777095975
624 23354181
2 358159774
430 287219371
162 9004073
201 427284450
896 686119524
62 501224698
337 269531790
423 183079163
801 323803910
272 20836784
835 888039195
840 528429067
460 87544915
149 883336060
171 788863477
357 360217038
488 711620408
854 427068055
314 953781772
314 520859653
320 36465996
49 140799304
153 60728172
561 245176083
671 119905814
73 341213459
745 126850955
329 600312971
161 22076018
107 148746403
768 705158179
997 966479581
639 913941484
117 310386865
999 471759634
144 63870739
538 499320131
196 452134278
426 819245409
780 2055832
570 21141785
233 484782802
473 385015034
564 973520264
77 560349963
723 608756495
781 171474408
68 776000893
494 927663281
895 465691183
589 529861691
808 618779106
793 175562656
577 559384554
901 48858836
984 774434222
135 959432677
845 352980399
477 217393718
632 41006400
74 104 103 120 119 89 96 100 49 