916
178039751 609
52333103 131
45204504 277
942646306 894
665061229 702
789534445 840
194928907 367
835194468 753
487998844 148
215377437 873
974853113 745
470674199 909
960627319 460
749883828 907
425718821 267
21331831 590
578403426 383
289378215 606
298863660 356
463579058 27
353695907 901
623660669 235
558960437 751
123085439 785
795932214 63
49227556 990
967349091 674
495642713 670
813584069 764
245456123 44
907557843 348
791226100 592
244646076 636
334517932 526
889704897 798
487397922 261
880014127 194
672493271 697
357894944 530
420087219 504
53970117 13
767082190 251
138907463 822
347403527 860
874196011 587
226590345 1000
81079280 570
416388313 640
214924613 227
503951331 689
529868085 864
220101900 319
345740126 64
150187916 476
767449230 995
917758541 275
801713044 756
767276710 173
770572181 118
45528087 744
146486107 158
829682680 806
641930815 217
11224757 784
505756936 117
970415118 521
768718232 934
433602089 177
952264754 598
773138290 707
517529170 366
931406737 649
810353186 256
790132088 166
361261426 714
332271672 509
10109545 395
435028059 246
794222564 752
29013545 768
472235038 208
415980586 268
583950951 103
961535822 179
903640037 598
975191267 79
241416430 382
931895724 864
719666340 275
208080428 807
944349039 301
63178747 108
586190298 497
626989868 465
705539506 421
598707215 156
609855602 604
458164370 632
335612816 449
784783521 903
859708223 651
456518303 594
203989122 34
373864526 522
811606372 148
352032435 700
287459574 310
281774573 359
311820495 23
901206541 250
961000407 860
907206730 749
14150443 674
15672022 620
904296023 65
2279219 856
604065476 1
275310376 511
226466465 330
31161572 88
419969104 184
764618208 688
236715012 916
563866060 670
474530551 712
353367516 654
138321731 227
856957007 958
743419973 226
722641976 590
270421772 176
476893383 997
165653849 672
295352207 699
728354625 533
935872288 55
1595226 252
583661227 969
584863426 259
264550385 950
849689287 587
959181860 141
565410638 605
557275993 746
46116121 130
920864584 191
184906074 120
346432010 177
778623491 659
655643464 248
659234424 896
21886377 720
459461177 831
213967076 822
689932824 129
370232828 831
335552823 850
977268846 569
124996666 480
99786483 563
949368843 160
209207102 533
615194457 34
917205211 830
151639687 830
595268404 110
800529858 678
509271506 5
183440690 133
708342472 331
152076471 513
952701354 217
874029131 512
432002016 922
953246616 343
548777023 453
548967622 875
63381524 711
275105511 66
742960629 779
656416827 783
973993198 511
742593263 896
530018380 544
42563409 826
196266538 582
143179640 278
917954705 91
6691407 671
127848988 620
847638200 576
797078255 84
891337564 486
46339848 844
725648485 18
846932639 653
578239754 285
127087949 884
302169508 652
407485766 115
11963862 79
930076242 469
760976635 421
533530859 202
586874904 158
447911075 846
690217402 241
260064146 321
229947946 673
138291851 670
532895992 779
821186639 871
674487390 602
947996229 551
335526825 572
67344851 338
251622509 80
259847320 798
650658959 962
175071562 67
517264453 542
222644809 159
49887257 106
234285100 750
776783042 288
481100309 504
592590770 553
209620398 791
821668827 533
991065925 496
397363344 217
408822041 989
854453661 386
936993530 816
223763584 637
890720929 834
61031839 398
57870245 943
672854524 347
160073415 587
976361262 4
24736838 394
224668742 312
64587981 164
825694646 580
279831228 600
710680873 362
335020232 76
201029860 308
462789337 18
596635506 550
555755522 51
551302513 734
202812828 566
660784934 369
603403631 204
388600693 129
388438263 380
70585948 560
456097505 434
438926685 908
360493007 646
997887510 885
566428542 2
192549067 232
350326475 450
244577830 687
981724209 95
885466824 452
726380350 491
514490043 301
18656056 753
503466508 790
745249056 821
128128203 519
8262946 21
502604673 895
694127960 272
101313663 295
198935458 1000
651658730 420
260428150 13
857826826 700
33265222 326
31772891 518
790210982 114
185792395 882
33281549 622
318552859 725
105417704 57
955885045 642
52308955 467
46179277 524
196757290 672
526040516 28
787078415 863
202732066 730
57340452 23
822964641 190
247333203 310
932238058 922
218806860 845
7194022 267
911938925 927
63414912 208
793952556 970
426201782 784
704945011 230
925851545 695
217251313 539
114062315 27
78397834 808
839198924 651
888966170 393
795356295 332
603805582 452
462667718 109
517709833 15
167398110 646
104088781 735
919389365 747
677918355 40
831349099 41
477943935 915
203595832 618
539010097 197
931653353 164
366682037 632
842342158 293
718333243 309
592660309 389
267044156 537
851095791 745
714092386 522
187034477 755
93399955 813
626052147 768
414648738 777
679230668 36
17098614 425
204650238 204
858818336 128
960983389 202
242751999 165
857281029 778
231989456 279
248416106 686
930088532 924
514397272 811
230467200 462
200236814 564
15478516 322
92087347 721
42075797 977
117436589 173
998295915 499
786561264 196
263780455 2
733647611 512
100141181 472
374908577 809
379277516 508
549263005 641
805583931 603
446022871 48
513752651 588
681801737 548
4396280 514
499954092 738
20722498 518
619699226 840
204138813 894
386539195 515
780348936 989
319350077 696
25179555 866
413676220 513
855589538 842
257848361 202
783499640 461
806987438 0
710670037 33
772372234 168
995587376 137
334899892 604
917197698 34
601200526 475
746801076 506
926000986 329
253223419 331
746774339 72
708435104 790
61494137 789
327010322 528
802178015 104
97141828 630
902817876 902
623377139 712
756765850 745
413002427 141
521844050 774
51864565 776
954951567 853
367626123 422
938456178 189
397583697 696
22775436 525
497312590 438
206573808 978
527676037 541
218761394 30
136226184 386
754810523 488
301340624 284
875481921 8
390573238 545
517176273 535
388714555 179
745986929 642
8186795 115
891495316 436
498235214 254
558363915 98
283174025 770
808260992 624
853379391 959
844686700 760
680235292 933
441984241 905
236975516 186
894688059 425
534939707 522
249415621 299
679609834 297
900426228 190
32346621 311
7848285 400
461157289 639
124931051 212
705894873 968
818879897 303
297908088 190
280363960 307
802898708 143
37284880 543
266140113 193
584977173 295
309816336 293
81035548 830
474653064 832
312510287 791
624018106 602
392553329 945
782329674 421
959445610 60
859654309 573
618747658 761
11472727 287
810799830 10
180914280 272
904692764 497
900927491 433
87468284 494
953225965 371
888962652 591
735713811 263
913646378 446
365550915 16
816863671 497
886918307 209
986718111 442
424035866 91
574349409 160
27243885 830
290240492 461
177746096 87
87311905 194
157445602 244
113298777 719
163156556 788
961993634 508
763906205 384
4505178 250
931475822 467
2950559 22
515986911 574
295436894 722
173402020 357
564331180 884
631556347 769
61532118 304
211971541 992
515562855 539
430124510 123
404672782 730
475601855 73
255180987 777
81475152 692
252909331 705
41187132 224
710009700 150
144769874 894
707816337 442
61362856 789
162636635 208
752239863 591
772093326 351
375781242 895
762273959 407
838657983 303
698889224 568
56118903 48
954798029 186
711124304 300
225407630 841
889468179 896
182276720 167
488103592 665
156792696 442
586672254 431
9117854 449
670549649 486
479170466 876
576420751 111
654285078 696
4504623 123
54113231 193
858216259 648
552730265 347
580200842 183
479604504 60
357796223 928
290106487 80
424908421 668
170576020 404
267120448 381
921470182 913
389574701 540
262329021 290
773733842 285
891601770 36
754433514 531
54477096 338
406110755 325
595950493 963
904200850 924
715637399 826
3446673 601
763218307 711
62313701 354
184978453 922
656161872 238
469153279 378
474539988 80
355828677 713
229339081 38
480648492 728
956878441 426
759104229 733
530232142 444
883345590 607
407194019 404
649359148 185
796564307 872
473926218 481
744073120 417
356680003 613
440965600 999
827030456 207
581824380 765
794063842 624
127589008 398
846016219 706
725460210 467
320556198 855
860048280 85
598259811 783
334482005 81
521902833 229
985733638 421
611354468 312
371919016 780
715590424 314
727229946 520
791601456 97
365087262 887
847794410 101
897076296 90
701910232 465
717288332 769
62404066 641
317647766 979
644029958 804
873633595 214
873634095 450
851172533 561
348609047 418
651266997 76
97259651 337
41011957 381
427737125 361
732963635 903
506531870 459
912890244 245
969774115 819
267140943 331
669593381 747
571347604 273
693982711 248
16429201 253
89685052 378
182465124 730
591635285 268
827480097 713
61042358 34
10818349 958
882005174 634
665085887 271
838758209 756
282255201 973
22760882 360
317317213 443
663328307 59
347126519 993
131539585 584
86019247 677
39665770 108
887515921 266
476173392 133
441903535 873
72759851 479
529660033 384
226603165 834
514221751 815
949058426 249
860249237 529
410163534 560
25069974 413
115424627 422
452618220 410
205834623 209
404425148 444
43771364 272
557630390 246
780273912 531
155664966 20
71419139 259
997722349 643
691436768 29
55506015 814
757178432 480
838533801 851
97609998 296
363463645 982
158378935 136
441608031 911
840990360 257
964439468 771
653684296 19
947452436 319
831591386 733
198957381 197
41818686 520
13553077 35
640076386 162
7109994 479
450492025 747
944204474 550
61830139 699
195074986 440
452228431 54
562173581 314
813166110 550
449108760 870
684234452 953
13055258 753
965474295 801
164681554 753
642841715 994
159424115 359
105442701 210
609414117 658
22855482 282
975860262 563
890149591 9
957651034 905
174508121 561
862350693 90
762964141 142
709452497 420
285579814 533
103178237 14
30385550 441
66370418 455
31849014 539
869130308 344
611881838 456
991929334 834
521031779 503
405810293 768
235025660 683
943145976 149
521602344 9
850803910 249
672812671 536
960151728 533
143232360 78
485407694 352
946144472 889
610810482 234
533541953 545
948147488 115
835690309 15
805004910 329
971735457 986
515350308 795
301923684 327
468411618 735
210903188 210
450523100 292
126964503 427
482571790 732
3983517 813
417455783 183
772174538 791
735458905 384
729196491 305
198461027 753
213751132 181
95778307 908
72440687 865
487299985 511
120443570 336
75904345 951
781341140 436
203133583 149
334868856 652
331220241 220
809561767 265
85752488 713
648895168 762
135058803 824
329491195 913
449150369 669
395113956 46
31489337 371
452030774 300
904865482 615
12932937 836
375277055 355
880632044 983
793150642 59
28361413 957
704703216 920
773015315 68
921608875 305
23021276 210
728694765 728
812453429 270
158587479 283
865022283 892
236835855 974
227610367 876
416661924 221
692156786 79
18187010 696
765216659 236
284518064 498
201195178 517
693930281 143
202697982 782
391212866 497
878364611 971
174298042 395
765908464 227
508582334 61
741624423 523
701019497 39
288591833 204
66248960 49
962788529 934
137725492 856
772986283 487
397733680 147
483128882 688
365808624 453
769961584 129
750350650 608
922061978 593
157797198 549
276615935 176
555218202 198
900107046 409
730530258 575
404816887 820
983093368 495
780773806 263
981388163 374
255944335 401
768949900 71
618227048 531
865944266 702
593551723 876
418510621 917
275087490 87
637722030 475
572461592 889
676472755 934
109954238 985
63213255 669
941174020 846
303081804 612
350695396 717
113870452 435
205925270 665
698669208 331
246103719 322
649552013 836
113868135 167
324636866 108
542331222 447
736437937 372
690196931 875
892198160 247
232512175 527
496934843 859
244385404 721
194998563 2
557636268 430
11486761 901
737567778 216
546930475 206
753759883 102
186903766 442
967432297 129
616958870 157
857802901 96
660549859 796
176338044 673
433304300 69
347896114 543
855900287 457
745826919 619
989775459 37
662459586 559
47382310 629
433139027 95
807412740 166
245045092 955
200391839 33
327401607 806
58048954 524
188628261 619
505788411 184
849815470 44
634997762 293
833820861 541
716097730 588
77954902 307
545788589 269
669604274 493
148286073 762
689165123 767
262310865 692
306672362 527
500623884 601
884019128 569
288537412 931
175895981 344
269711968 480
651287083 437
855512809 798
82439562 447
734755525 391
88006563 259
225733995 686
831266158 738
199717924 795
656901554 490
239976942 562
398213963 906
520681062 838
721761140 620
275747978 975
419198804 166
901545154 922
20578705 233
566209768 26
941207916 32
334086670 207
985754692 980
6754208 82
58335632 180
254356421 638
380312135 818
597132627 708
459267539 981
267443322 40
610224958 186
762267168 289
869824737 728
307429492 411
224257695 745
905520797 182
37256948 515
766991795 52
343500156 91
365849100 789
829864419 718
489439257 172
324803680 831
561958987 249
664778399 457
170501494 989
91831441 198
323921593 355
18 17 0 778 4 0 4 1 94 