946
604545885 506814106
795474226 494187447
576642683 48836394
58713376 534349882
461606419 974200002
372680846 882334316
434877546 101209435
193469310 782753569
527309241 517840303
158726308 682842024
730879801 57269791
506250886 858583904
709679739 135332103
25524560 767145697
383641475 102646987
25225611 301351389
27419047 801543728
757477619 921448812
68580523 130401413
496563684 468914123
674252808 141120362
548203589 86372116
702813831 435148489
645067 206799703
481916980 214143934
345212768 580202836
40569524 988591933
625814975 595860218
988043226 926037793
571472047 320509927
127621652 928517961
418350935 156298065
69919271 65887922
432292922 755216276
209211360 862512010
53830616 61319527
47836392 356829650
852218046 819786957
359223401 34331825
736138936 604067660
561006354 73739368
94820870 318678077
351505614 65251207
492013131 225951834
966378872 85350602
186346469 650887432
505893294 249336847
875783611 900606791
375876443 282605595
582043565 774664009
708699167 191368994
892678591 666787229
69543 456363373
583435262 658145755
718728238 183877139
687112519 883785399
911280906 459878916
693867306 279357234
650780 455762355
888014288 531128595
800880055 926950661
21000948 326160227
345095372 112950029
520746705 21455028
15577239 777868435
568393223 38269194
454210074 241115137
469064719 9082723
685993877 506743676
373678921 225433006
269133910 677240360
261343872 74391810
32578455 986365656
835711323 22466499
297440930 484662111
962116315 962675831
356003627 133846779
154806995 374682250
697630053 140079696
603101584 162120444
66666215 15393480
25637303 44782519
153957970 15809290
949414874 616668062
226679159 961326458
35987267 805459828
240447670 618816654
86236439 331712879
855648608 907796547
311191748 56847730
260798228 507449412
829883905 368147956
800857723 364340163
517966706 496753256
41499386 528156271
822732417 133154835
133233686 338375930
846014034 909542385
246622443 169508949
393658391 59360356
793323959 957619281
445951327 995930449
422426032 467702894
236504992 775990291
568001751 814131345
362106234 373377168
993181879 611493202
6768430 433872736
947037664 37641229
698380907 732956059
336432929 218416205
727774858 942676599
34998124 562308747
259256202 932058444
404797441 491761935
66954326 137916437
169577506 185755511
61612931 914957993
45595930 897274726
54006101 921630983
375501030 264850346
272109230 813387954
592976789 14730720
83235377 452632100
254397465 47029473
483324590 566572610
21619839 81033071
82540422 943404697
339087368 18991324
257680185 214394215
63754575 363038907
381739324 326093781
380316795 878405363
261401664 245045490
761276126 137421974
254935255 228050640
141565298 131510167
5613883 176127866
574996549 68907533
281063189 519130839
768091800 451279545
694964993 165031320
22338060 152508484
309505373 797586885
627568321 850283386
201259610 628808840
491770667 659217440
18877559 360472017
428335299 742720999
434269238 431992227
136463789 586396969
965027068 897007065
165597258 78261178
626152521 69305667
330979032 816949684
833096795 63084127
915365904 237215970
639848390 658726026
179967085 148473982
481623201 590105895
645255084 14011790
301629732 241781609
738131510 982432589
88669347 685143984
777645555 206121209
517826328 46289710
36195638 769012975
166502916 17522884
953711352 9391012
41110309 814175257
162420268 129179118
694673683 181350274
662908464 742231232
178576895 804720847
983284635 585042192
785369045 887770960
560390696 846905065
850947 159484587
236462697 340586239
29244983 255906435
909407996 799113649
712916786 155208243
30150205 698472556
269073687 333341408
262147250 283448975
693843149 278752998
731597268 787667635
67501158 379286643
967904377 991053918
634751140 155764344
812770772 259162358
292964001 837534252
698975649 744334857
490174965 175608228
568652500 908839893
933042573 539255453
319010413 360575410
529055117 471179252
296802064 276153933
249070786 71102725
87154996 193414353
764750846 725262067
258556621 895749645
774712081 945095265
817830821 973742223
748235839 541228180
27779439 561029376
857262939 151187604
373795092 447907769
713624538 324465636
659788149 16296706
507736731 380739076
119578999 524969843
651919128 839110917
809740009 956516024
958530571 463871699
378530993 323387953
11207481 990594867
794294279 958044982
894541720 480082148
545814478 808160966
997409887 803624813
899961298 252894604
720295281 43301116
554771180 43465390
940800836 15781590
967210006 889609711
165094214 728356030
227194666 834834939
36305232 884270801
177309582 573500160
780157117 922656546
836039468 753423312
926440369 290677180
669224114 534111094
402396798 471485197
651467705 780454194
797263474 402813997
654341217 798436096
445599019 621910216
539730931 910962376
70763837 138563436
234377264 426855400
861367063 192623703
57177087 53124058
490253710 755239025
284670262 431576846
53575061 938165945
281304174 985702701
903218694 944572316
723198844 700595428
122284666 949884260
792522438 33869545
237655367 279854659
121590990 178820320
691111207 768406507
818598171 176999745
730891699 711896407
345483362 891140035
158227319 647229782
622774374 86009489
248949660 308980779
3488294 545641165
531045541 593273059
920673234 923976929
818070274 958139060
900881523 557579841
469077918 936084008
738359767 878540210
314183055 284075486
601547497 12270850
70022500 334753102
228300300 421002428
747054183 62407795
7162344 559560901
750989899 494350731
370221992 329175446
412862746 2109163
369225761 73228688
398665687 208652989
519162638 599561969
934989545 766668880
208182808 344650328
674358275 301071494
64342816 655243490
169690513 417841214
450441663 904389944
751502511 402298745
668923758 389365555
590088655 398581545
334747800 683735115
508458340 979944519
541213421 49973950
71282425 176078385
811335884 297089614
45994847 686019897
627507249 171315494
83903471 942125544
239321553 354015523
463118084 246806458
821598869 641526384
617046390 340863558
824265740 843737022
263566939 511437369
457593187 34928268
178875311 960147929
381689000 92202165
500574312 775396765
561948904 67570827
86978736 459861153
46354788 707763239
685773142 53512268
828146112 611121163
918010702 351410927
737883361 70764961
782556180 413147206
41859406 375951195
889152418 40082617
65603162 24170695
819497282 747258986
92381677 507181170
782132826 162608434
228430599 610990213
932051477 208008216
431080861 28974433
346029936 34449479
669386492 15492988
136303138 989076290
973615709 165302604
207333142 54473715
487509843 373041465
615793987 245955787
91234501 219558944
270212679 775155714
312628597 280999299
332142439 677551016
618849401 913990268
97022834 188204461
560153319 930286638
68521016 75305739
377398054 597019955
548873106 513468082
15307956 236626080
990801146 505692129
683256124 288316675
240597197 291037044
37734294 902923232
250082461 192269005
199351831 201349425
13948214 535952049
435543064 229157383
612980633 888445574
6982727 2741123
579476026 48330440
367618203 575981985
781998997 171406588
483798127 655801173
13798929 453227920
890556760 801878844
343492992 652290503
719570251 598055644
801326148 768772952
376414287 712804888
39296871 66022287
183225665 947033980
766060268 646333820
8905378 12670774
991053434 629099499
98734666 862186315
726090349 995197805
828263325 113434272
444763289 169364188
753763605 824980781
369176420 28957254
772010849 582963755
485331068 252429729
291701982 410417492
598058896 46555142
966167111 72591410
191929559 965177532
284611942 318033391
40181907 958095569
167393204 427740624
605573396 163113719
720979037 841325886
905371917 597876506
900386797 61211190
912423514 964234929
668997851 777016458
481775318 447630691
54880345 228183739
481734308 483987295
964730365 374267631
65743330 520415840
568870230 910897300
534273928 530780017
9884133 838709714
895392087 67118918
14162536 536951581
612792756 624868365
198801178 226367165
897505542 9350861
254700979 800153100
647863976 918472094
491213177 1923914
896038565 189394049
143054485 332356121
673542683 185853948
882585891 63048242
85262294 25208965
918872675 55130820
8778767 3226521
583301075 812822617
926709624 242057094
654754936 751803991
457863110 53059530
276104460 972991251
40990462 701297259
749787691 379050604
656223634 184751043
313718507 571347933
926015734 162643056
314010883 761551874
778363163 38515634
856977354 342092554
862223456 784023594
725977765 223028421
471576732 474242460
331611300 951916010
785188061 690848521
955264291 797298346
119495384 640611430
626095396 800633194
952253671 952780815
600181803 912981956
509846877 783311951
285298394 25310619
702303380 22201752
21043120 169936886
507830432 43203882
719477709 474662729
207235626 128737345
455801901 805499676
281394533 733332365
102781349 563404792
253543887 315103217
331364819 267641865
221879363 899313719
7199176 465572037
653903577 948110408
562254091 1579664
121163472 336534193
272296776 28964014
411803705 726685847
755398279 508589183
157624276 844860123
634297399 231774609
830999719 250390039
786011454 89418788
839365319 57312388
252150142 563728166
282827219 333380548
137192541 941728549
102290682 385898446
949569953 951047234
723816249 26339835
305890562 269486214
467969781 109434328
339333182 310331946
889801915 586644076
411842098 248036681
93735826 176946270
177833591 676391804
181947130 263993895
670973848 559351749
860278713 785288960
268141211 747997705
665526041 37421166
715497991 517726328
919392975 778765005
748891511 925167350
10372033 344901742
648899531 672805864
499264977 561273724
406232083 851640259
496429563 1642616
100777449 947419548
140266951 43655165
33857714 746222512
10467345 504350159
921603155 21028705
487734432 40856209
744090211 891982816
707783303 304930914
339219785 754923817
831018600 294903375
546176028 687847824
58475549 68493834
221837591 179754134
450599499 529763946
39299452 287693070
167888548 481836148
771134318 986627838
887822532 245803761
175140684 843092750
52107744 66211291
779883655 909709999
392801178 277656450
713769828 105408794
84166144 315057654
750197547 310002501
435667521 924534992
415683256 770649848
458021624 594187153
935342919 320872019
795920217 686470136
90136165 243864774
305316512 29602770
786800560 546050490
821604175 759501695
17020521 557562016
145787212 639140065
508195441 261757813
484798729 666289288
666332287 749204435
395301899 953388266
970863295 257086893
822573359 882271253
399256484 240828666
444098790 552464772
766238992 108860706
688708711 752165256
611562233 179173382
58885890 41482945
484516758 674700240
241351067 72909405
849321115 111942191
46223155 98197721
404854958 989692509
982175654 301121020
22001984 453085604
539081460 36895237
793072852 183171919
121083323 601289646
422302981 116307929
303864209 207180924
421498542 728541013
791313086 849928435
436181844 894202946
723807997 925086930
568886300 403788352
216823759 586632239
644535244 33845518
917413050 583344029
364125284 595134908
194063427 894978849
600593736 531733984
572698026 693733399
417563349 757844895
28792389 199706489
973675478 474210671
474512914 8807417
221988862 920301976
975263845 46297561
383171613 752710131
887368813 23744910
396448865 865544679
978583292 951085241
224995816 622121826
335366965 464372336
161096977 973342582
52471489 564669220
376446218 244029096
616306465 421263546
901847397 290512938
204510210 611431219
519377676 55240164
790707697 338325878
830544988 14390903
110083132 97401343
748890291 676569790
535429854 230468439
237092378 96515236
688804964 871075846
867757676 989152691
372153918 462720863
491630613 938231738
908655476 14468503
303321696 875258876
715064271 128577921
552901332 319984646
933006844 302405290
43601910 237938886
471520134 471003856
30255101 491089900
297352259 448907162
122789337 365650913
282344170 716268434
719289223 3242742
79797156 231769580
449689598 391736785
96626391 810585887
124427052 65726534
733459599 22420498
691283319 620393489
808492887 735163936
225398587 32561761
896505529 354885755
660330752 119953980
535555821 883805868
84732007 7987593
242973396 600731486
270930320 834109613
410237714 459721670
86421989 940864813
609163894 181671765
968565748 952677197
158391021 16588027
564789997 61314633
54950943 668212750
735589144 257788056
924145033 707754104
62342278 919785484
796787533 867226226
329308403 48216610
435161017 730789684
89380257 733939817
232826662 322696050
757024050 40533608
224252008 544252457
175582854 958067690
417978775 590240020
423971867 161179242
703261268 785342076
536524060 863165367
773918044 664057473
692538163 64660297
231587787 129609865
925401513 305766436
765487823 16860105
460655726 974785215
996233682 882751160
58150944 154657584
784228760 215527435
375756955 246073446
741551304 14482614
389586274 862816689
68739091 196984603
910232495 619569988
784380694 217998447
26979435 600858803
117563729 140458702
22799378 26890835
762215459 210078029
214106086 159359414
805120634 812207228
454372013 400561067
786549181 7542521
991182779 550962220
277238380 528292601
4211247 916904796
522782296 844421080
52393896 19700791
286382688 425351245
42394229 905732817
370762771 568697434
300352889 323175643
737371521 803887206
332942625 434202114
700225643 518871480
134887273 536359479
149222053 88217303
713913980 20526923
759709043 299073118
561433133 563911379
399975182 966580062
941074171 514868137
531856187 246468474
424828241 14206061
670764085 765601040
22631660 321805634
154159619 768628045
169352922 940590046
552887129 228471319
86661276 987777466
703304481 211453563
943299302 628408425
328082989 851257806
32653781 59247994
720167600 828631561
12931815 385074034
455100707 986005652
283142986 86472087
60512642 40838366
523585276 396649862
915707074 128608323
273454692 987690610
15699587 809400991
364220003 520675755
734245787 287308103
259206286 930028882
671673073 102272635
418823033 973119255
673055573 61698261
215809304 866357966
718161859 112623880
722717566 827960750
66206450 326802944
415274451 497615250
6473603 134689458
25035791 686084920
62052644 570859806
723397461 435563480
965493081 376457535
107745172 997624818
172203490 351880712
433808708 600650875
375642024 865513411
769407223 25060125
151897865 35514455
959395880 169338231
19265295 391841369
676472228 153478443
566443069 362411836
281080525 366726728
624628453 57367597
636354824 77979127
604540294 589773424
584538749 267632432
231132829 583330865
975230933 682506184
168393871 394409364
934206140 32389587
919634408 805353853
24668492 196758274
996761026 45694081
471835993 37620172
972767546 536832056
210211163 268447010
116739844 828079431
350250642 462231393
876451611 678390635
3401810 456587066
587873247 433978964
815542124 688969007
944968223 515082678
297622887 460075365
372611470 391534124
1074631 919005339
47608939 704904522
324995700 977431763
589965375 898869132
735427912 46333520
666090018 688124642
197429471 304333813
288805619 219193998
475858862 93631901
588078896 427027673
886220651 752234489
668288211 734177109
17683521 936595842
120701358 573711853
625404075 888237307
500139011 130348121
98081458 352014796
22483676 525525896
35919953 163632114
781347590 34149694
530836206 408997291
374240550 969701161
787012986 840046960
817820589 115698990
120600512 528287811
172981663 904239334
184057676 913109780
891906080 690596250
696714005 538025
8593628 996824588
606853880 935242196
659782983 193027334
444847613 849660325
701387028 826698125
674254693 777042610
465743605 841353876
419781521 85928517
590807314 2657989
772141006 474786481
915066780 64725533
315419904 903969077
520769102 828444276
249151332 613635385
925674867 803643491
75655691 626282355
898583289 790382377
493098706 955066333
859273617 620563463
860403133 43918501
33941503 428646847
330431551 997987772
349787845 454013623
543686855 18164718
635461730 965445256
999974129 389242274
792819808 886359315
386854630 886845993
728931537 703888968
210291424 167920323
282249763 985490037
628455332 120723114
738427259 244961083
859229081 376390895
570201735 84013591
45544379 304110674
138868776 760031646
562327198 909173933
476111324 596706219
750802310 220934535
729888649 6405487
26291617 19875611
571739233 479807894
974194 317984938
718078083 488904866
932226729 51174882
71484530 365388294
217859556 164032762
52152911 389316751
553169096 601196058
513048797 668482886
791180696 653800426
990742584 642180413
393300444 110114663
120010926 213297223
61793018 211876864
547735467 44906812
10418746 78362012
579623175 963748712
659538131 732546235
612770784 352090094
920532760 397081611
937642179 304705113
987708819 892155657
44001002 488865201
361939869 430403645
240264753 164850500
864185081 402632720
124574199 335510677
143120212 11876052
269196530 932681173
759388553 644833220
540641061 784034712
627118276 770369383
461041531 693476857
758776490 654666061
777057800 854715824
648961667 927133043
35689395 27547132
463392807 450918320
732304182 832840206
301809438 79354607
390913056 14270221
795166451 959298411
511563838 344820312
459347873 4909111
984283924 68824211
631094772 304194183
680888204 575337765
592793099 671806787
353749246 59621109
133755053 573623532
611708285 732069805
42946320 418577011
621951513 327357791
7110985 468928825
694910075 523180416
625151603 123860146
733515029 54107489
54949896 438814381
398658451 590197924
760346688 395060423
422401566 487795304
280261132 969995326
927216127 115292430
540646530 383784932
348892008 67689816
918107030 922950904
529839201 684628429
374407349 524967676
728365243 78805052
895745285 909990223
394426937 154103671
190693406 61751378
902006435 869652729
488428977 989395298
84526990 160937653
606196164 181968663
624926485 195671366
235733965 122374942
57169651 491459777
814301682 713673881
608877758 315163342
154672004 41767554
831065952 698100566
814901481 624339875
67068352 812950552
851898239 932930452
137996748 9447301
903826793 521122899
85189554 462462103
67135825 479027784
559483986 114238422
983422987 666697017
484814946 279486297
267456648 24555605
489323330 284010003
609607675 758338259
567710088 934626019
577579141 311789452
443265738 363932179
90897115 329663649
362727582 838683423
747857639 35637625
823434576 482781909
51038707 54097655
314469650 32369238
181119239 955337327
770219332 977364646
202349518 363053916
842403649 121519506
991169009 679925842
329288346 26453133
256311503 851624970
921758049 389022585
154411074 653553209
516113002 711972261
790364199 209797797
129247102 1803665
414699844 787601584
770695434 50606188
820830915 524046266
638741720 697949836
109945115 644008609
834838948 270778814
283490633 36811060
811828378 459444790
720344232 896741822
987326500 370530187
65 125 144 146 115 62 92 98 99 