985
590900369 264112349
864991259 460946453
112870534 791482631
953321655 267711641
156949761 913799703
958353483 405735526
465692466 61717827
514681796 200475594
740996962 106151794
935248794 499383537
68164066 117209542
290237922 925873486
91347789 397638945
365715396 46392092
595266786 271549520
12086853 67981563
936645826 137813798
741231605 772530300
854321680 757139568
200886433 517939925
301428004 268160903
645145982 424776671
422630146 202877703
94642250 40317168
444992624 755731816
741520942 921845308
270485543 592853040
140772459 763573431
952630013 35602040
272479969 690737884
82963078 56052523
90733031 135184348
53209652 648175293
271661865 243056801
27812774 13486615
872993751 610785696
661277965 202141520
32991855 555093458
712720400 293560262
486257435 265404495
245886183 260455857
336083973 59662687
265680676 532449212
628983880 816749008
715880821 76568900
837995340 864762075
95324692 206619988
513259588 47307390
311829679 202919228
811243138 11777631
114505750 68081826
539978106 960042420
829946770 930924244
594499087 71108666
806492241 197664083
675978547 5155776
552701954 561980056
323107739 293352491
970500885 107394063
172490559 618821503
30273212 522830255
124141059 167112432
724183931 102901481
609682454 240487057
168583081 378845852
228741154 929271541
33632659 562171847
30327495 61044132
583189913 464147538
30296895 564222448
995970950 7159656
701373829 620586932
50113826 287873138
597856536 330547837
106359403 690096000
999971210 49803960
261207161 142975680
71404109 45984881
300580234 451770225
227016660 798136381
997982582 408403517
155703318 6102844
557929214 324942262
373564385 993512364
741148539 926308370
769977116 658669469
877888607 998704054
35247668 234519339
735399075 481618489
308099619 79357756
110178354 276380074
705271649 44772462
258896834 37780133
795857669 25623941
733114705 631135127
599975728 727818032
434769964 78960782
623350495 535123825
562618556 143529764
7588977 566826746
85641235 147843348
227281890 407728764
50311637 654951609
830710998 838112987
444689747 934608722
1650483 727827267
133687263 758351884
59659257 260245639
856076454 952992037
507781685 969980348
252035508 60831505
860217951 200711053
668534614 225431524
457503139 160679544
750873999 658692052
96791947 808317334
253284854 962452154
974513756 171643447
336073452 161779355
983968567 353682686
424068360 175237399
458598410 398954542
181206548 872489250
902842462 157026769
220857715 843419264
904395010 274437088
100086784 289243450
798739620 589074885
148298524 30637655
26421867 742594752
339755145 485561376
74697883 251175739
688325245 417185246
35981425 685705069
54129721 72639914
544165601 1902730
352252491 225553699
240907114 586270007
435814342 749452506
640743240 806002287
21481424 774305092
841068043 46047413
287475034 674292515
706594768 450330168
487477393 363714259
570290495 235239406
948106593 442776934
911512798 770369135
324515875 769231602
857167973 987007091
786417162 902509050
116203844 404310006
954948494 258258385
644266707 383794642
404382344 33641181
1608972 27696661
127426304 344225119
464723633 55462692
845015401 596669077
89585490 491158659
695228757 422223789
169140245 784319581
558815415 815643140
400745608 739032821
566526241 438991599
266940967 134874253
231233332 999401021
658747823 291545447
92427542 545955629
446013076 835057608
752325 417736465
346524134 855862488
92510811 870558426
641824731 397666322
663234186 120036759
740077840 528442174
51576851 20298577
257189366 428676596
358540518 511890444
929440523 544373204
515057835 307694056
272847893 956133270
28653129 110547673
414010412 453752705
639613059 963209959
255632876 7194934
90815968 245463455
813063718 968466002
57186337 337487704
907778613 192374487
222274588 483937242
941912008 28163207
338032173 330811076
235743306 134063853
857058621 273041175
95556608 850694709
370183588 482777176
334319740 66910296
978073824 119137504
341053838 280219891
64899286 198943702
949004210 627169100
712534863 254926932
67942859 960801649
146320407 568637771
45021432 37201706
38911959 721790081
229865330 985277218
539266347 595341674
443486651 73075150
48946456 890338394
359849131 333823062
73493397 986744149
390558022 994060903
32801418 661919364
570377308 483624007
683901087 450397797
153992807 135892838
851475029 98570341
729854860 643719107
261145181 848088495
433183641 7365824
336774910 581135395
95256301 943021281
69950490 832803303
843150202 279366146
921185550 758367441
810362659 306872251
885033389 649403684
849593728 636685676
104796460 19713495
135064057 979144613
134895616 281474198
633193178 525089099
938744063 57902721
538026672 673098148
372186535 593760677
831754926 260632485
300751008 62829555
21822519 567055021
706471206 60923826
335562203 746493929
795694873 875929341
21655208 609265192
724045674 468105592
286021342 344901107
935276699 22587414
375995775 39977225
290622471 274614950
686913977 826781884
678021882 668813981
30513243 946002420
333621394 162941406
69038728 132706030
915540407 813865462
597419465 226519516
954743740 440484786
448435985 976684616
822494248 678618543
776094122 533824585
891179791 655616428
130866680 743275709
869808543 190459623
263467444 207720760
918048070 712319717
841730393 345458275
113310227 369748485
501181366 925345274
526597238 131321439
221767745 630063647
284221904 411255113
163727817 692125940
193439596 300776295
945999112 551910983
596504029 874906329
751457947 342497370
159987835 861711745
274608597 399524509
164847782 32745258
355980905 336576895
55575032 510881435
209780400 913399836
910644526 830162466
367332298 792608476
572704053 909042945
998579197 332368560
45539717 418227986
16243194 877199300
318350711 925875956
303323969 260575414
406323718 728521786
115881300 227234325
27901298 462156179
297295542 42423826
85863967 596806699
67940279 100118028
714570319 914389334
717753360 84280832
118218980 823991271
186416464 922652865
39953684 19572787
31817369 606277126
375132012 219722961
529638944 829330513
272093149 114587136
771135412 40214531
11670586 49680081
767947753 264888399
209625576 71376071
272683209 359058745
807060734 17112920
898589927 433359758
442646865 13045937
746814862 29394846
769949858 808990549
977633283 198315400
284532774 354927212
947377436 131256612
218960303 943588664
994780198 140716890
851153492 503725693
133281474 135162796
464679053 293645295
944257701 482054780
761684934 712264635
477193358 242242300
991858012 739929300
415328507 202839802
34409017 716933938
92169620 997180000
722508256 925353649
709044166 748072786
96874006 32242285
156375021 196413665
312831903 987420364
743247332 920867817
823083838 797863195
342447611 398327539
938319307 584205409
583573202 970576158
645164737 180772748
56044791 875998200
239820323 23262512
906227851 613207589
434415669 497048731
58564795 768044556
71541043 423022104
537044513 261819629
175191235 909941648
819811558 600112720
428132942 968892176
493665433 916156067
845654134 631202559
161031885 679844793
603980665 887687173
348981512 175718012
518357355 755376005
724083093 250251611
905023829 339060413
653759905 179319486
520904862 182374730
62252745 914509675
891377366 733483996
804220002 690757034
921087076 513262623
654138117 649935325
908948965 810367561
96728570 914606495
726434501 225762820
885458925 381178832
794920160 869678754
950123012 774266640
859052411 295154786
977301673 924868827
860344026 227701270
577407020 500865902
91805342 18786942
793126626 606584143
367112187 39703301
889182269 40928870
953982790 40199737
133690122 596276862
552755769 877266617
892511305 286520662
31019417 887806324
557724196 190967359
823104181 94555166
897124188 239262891
324084047 561165969
170691065 378033726
907613604 779867799
485981983 636925142
224179650 119889205
871572749 632998405
467752634 185705141
789263017 68500151
704397893 497379410
639625306 524826737
56906118 126138348
223566582 912340319
140311308 155908255
269311498 559077340
442652872 28166362
96008690 197779306
505139933 601753718
496731724 544487734
283758577 949042298
359914981 955038624
746095726 438335755
826046181 678696765
668388217 353131295
582336939 491028899
172261957 84725696
71879425 75180644
226064921 862930394
738154680 12398831
781399482 352173983
374340323 728661069
590217460 733350856
558862837 112580392
169678724 326409419
826486751 597163384
352071182 564724214
56837325 426992620
27857632 298166055
736262759 297410080
34812127 351550971
107657043 177316111
661404684 518861150
905315593 392893924
428601897 200128989
461064897 249901437
332480853 743604070
501152792 247674648
998000495 982090701
63324214 309218714
589423286 65103918
870329807 604642007
268197871 710596334
358118015 70636114
434790672 685535121
781479742 324359201
458660797 737621360
318405835 25521208
801145347 255051585
401172091 822923210
590689998 324825370
346468131 565599521
135894308 643427676
36827997 549370640
126687595 943731983
186348427 279180728
986136494 511485280
320151314 982871188
720378850 785907501
629317915 774363961
455092482 608877219
237996562 987343737
297723444 809777588
752845263 397823821
549416037 978773928
96233943 706634072
48017899 809717950
696499413 368806215
854324364 569705014
62156700 383230492
266899000 770210192
134449980 611242373
3535753 479626009
330337642 842607898
531285240 55691355
15116752 231860132
254730125 887954683
211130249 529250556
316709607 424064457
319945578 61283781
477806716 275734614
653460816 112758075
623119178 265047061
445463355 433902455
224697747 943305716
445558666 913857246
624500605 139718805
225712118 120411101
741945145 437888600
440713636 432668370
645354283 628326921
120848033 717236528
236602867 781341009
985614868 370687984
885603543 407012474
711376608 741059903
923569290 701211298
655853355 280632093
757820508 244541629
897512103 150374193
474836753 742501912
479397043 923017912
549789326 328799832
783777673 567004039
101291823 924113474
254611358 984643760
39995525 817325815
43447131 924073416
825673387 904928147
632248809 522554601
10558332 295753189
847472344 280391961
57197972 632167521
261734588 176757549
698447488 17979504
888008781 186403912
461111832 871203415
771794470 127947896
97628801 355397801
212650953 820090721
766487839 434207378
921553108 182468893
531240932 214346032
68726725 985415466
418340180 549490143
29184193 824971038
27331765 71881370
742384010 436089822
123004863 389577860
407487536 517042152
772462383 210527302
58363536 297285843
905078001 593063775
450439434 61075187
450920004 717753919
803703180 554626680
950399117 897491423
442443935 149131475
72114398 982288067
481794186 533407060
52608072 173650734
396989232 907109651
146424242 967405891
631223663 803093642
318687929 791993019
967602224 902263590
227008679 22710910
16641919 21965996
535072390 351137565
282793469 706229034
735594371 305603311
48118313 800891631
661765603 54163514
386525496 447793443
619720523 248595217
879105909 484386965
318628761 198789041
19997154 30607174
431169353 974860376
297391023 698643030
147411186 440975270
487975411 73696267
211756651 596509194
519045339 357589979
842678866 365321739
387622503 396976539
584622984 150628644
105275 767396042
454496268 607678553
23398200 976360254
3633536 178533764
506347496 212836560
18728171 64185967
900312622 151400708
685483008 219433199
77493667 685555562
47716906 400719791
900834344 158786312
802465846 205921285
873411052 510356057
996916146 224748074
888155350 160906135
678112599 37968402
293426752 213788842
943016256 338516941
917814087 527093010
834590562 881609628
78063086 452624421
818958527 824724352
53488509 59526763
292195230 339658192
820986362 926765640
94181076 386627747
688811243 584791449
572960462 10145179
710817579 652260956
66400273 15598976
315066612 703973477
172620905 119207537
523369647 610093469
163739344 555804064
836601847 228370441
459447407 986844033
701317989 552524676
968573881 813832454
643249392 817226049
413986720 735670204
908566636 481099731
194935706 851049208
29917357 293648982
244193445 585887926
772114356 639455105
632761663 876845084
823642610 18073991
482955535 27403746
951991453 316311736
471599913 30948297
99296945 990914802
531348471 215227234
567698914 896634650
160486251 328955216
246325395 74209008
953224220 47094045
610083463 904626418
383283079 509458822
186430171 826037648
929692704 947466879
822205397 550303012
396388559 893045918
78738253 298285828
68834911 789694500
561236474 613118104
482379217 353324986
475434135 312813440
73111100 754969274
956898200 804233554
36948564 922226121
516985214 73841931
418342640 43513030
410340933 850356844
705400700 487787716
235528049 438445259
987139651 130213823
351137636 76099138
484210434 503707482
71353560 439532127
367311253 395500723
65868931 596630513
301990214 878362643
811310329 846157412
362706020 521295127
837044022 28089729
521944932 174966457
35572032 9220102
23769150 106728112
576803801 860940482
714067799 342537686
908594612 102569869
17582686 911369696
147484670 28364749
397482044 188953503
817797023 835904594
602894431 931204256
572282276 984684887
310222391 664179019
368434023 342633987
316872061 166868826
45979461 60011741
398532014 876515583
447138850 984153387
507569236 82149561
486309677 218652403
246606141 941574480
575838487 1024106
390728504 283292687
289319149 880169471
592302441 830438376
247879760 15699980
508691167 761525916
17233111 717725554
789235149 878781114
796024854 110267768
900148970 549686732
736864884 803577458
39057609 221092201
227349359 968611774
187125310 657266779
562734057 468099370
886775952 569526427
5460233 722070517
73354650 21368266
554162572 991903212
237703321 732641136
302271181 127351382
210099592 693722144
12094079 51061031
361218351 434219958
152865238 198545965
280531308 888955776
897343542 280397647
946337987 526357719
566775278 664231067
364585440 475901160
372225542 201873263
33234 26380655
718576336 231634715
371066260 760059700
853933064 255973018
979754307 901331035
362330784 175855271
775966130 29853919
31202207 807893742
867787635 36617500
59168248 438020735
315035346 551160665
91086903 821690278
515722597 469854379
67292408 531227781
223691490 917675619
792808883 212387316
412327343 25702250
517224263 754279222
588061598 927453429
38798978 676182352
250874013 285058542
717971790 87683136
303626200 122782387
583411701 609482419
584207288 319718220
25133063 859949337
231920914 218568571
315288234 677757822
967045830 884361437
705360863 479164486
903628737 31582019
937116576 335263066
128732692 475239000
655236906 767093185
975074688 10361298
806703623 782783345
577193660 237476067
491640173 143959635
244780066 734760165
669089678 555736859
651295462 951688127
218647780 46141005
556926653 336568974
744621423 989863314
638947919 456820422
870205342 378340586
702547121 149398403
35673103 21975523
662369297 919693574
544928546 964953
22336881 318001828
309369832 941322508
387688108 5131250
925181164 225395211
349121709 851914206
6187052 71697841
773778787 475798834
809676811 273046117
666814069 377812062
825138495 850727061
569761084 323236406
18137446 975219655
923425231 752021200
553507174 524361272
593819450 498411342
329440247 14284482
288763580 898630857
637423754 179245031
384023527 554610672
51113053 769387361
135705948 756634152
123803828 942691723
133671883 47312179
65109645 385591854
379885847 394000709
886129750 76978025
2018122 598539658
13935376 880153046
741753630 838854446
770266207 509406145
1390994 293275628
470798573 420308329
889348370 794252198
313812955 898082213
429077096 295154895
716966939 592621028
664578724 176761612
65505226 191299374
95369667 59622269
89667893 343110837
220432277 606977967
934818667 850010774
854165636 733133644
172989963 882402265
609746499 124962739
671557042 594631532
800804349 259353126
60377040 795713914
666019639 815054550
760301182 817250421
662780114 38148512
728687858 599596940
832231007 866136899
40789025 123231112
41214873 584516433
984949898 308659408
635471349 30615139
641328402 862722933
250765978 66104000
600196753 170339009
242776974 788666626
349727924 977610191
220674617 344985529
794938860 709143172
703649839 678666324
513849279 501537574
221035231 670294501
12084277 106110561
803334827 464619891
732933102 396456366
856938595 11781354
321377776 934771248
386908245 222456672
7310412 591598190
144053870 975803037
28751609 410999399
903014497 837632772
170365725 442071670
901789209 531632591
100970190 100645416
932292227 314894136
47030798 20464635
20901369 273480993
930730391 734288536
486325090 248434248
658494031 610253311
70551583 635901042
460806093 659400209
59615779 111475488
806979311 76473009
980724150 803824604
34368857 523941191
962485266 29868348
389073998 33746121
708265738 631147356
258709976 414620968
117325495 203714095
584261989 678443663
630075570 255215210
872832225 37621960
477757248 235071316
633837376 252682237
790980956 363658530
26893510 220533040
230601362 68491043
704401472 232365844
7944735 851405055
192962863 568610803
808968141 463743998
998692199 637392216
526514004 691880439
705555652 697560984
262886022 677278542
291728496 154215353
323483616 106708368
747098240 113359231
405193931 851355482
219754873 46042868
342282028 225869032
502820371 910220103
541932861 659219296
349626616 59559997
745280465 115782120
841522000 900961438
806244580 503118414
19839147 698493739
65826352 336184264
773985428 260545758
686386597 2063231
659457880 635316085
227858825 749666171
980239556 168613110
181719058 664934406
73343624 563646614
140307269 707751165
72493421 82694571
814320153 647344048
146315495 731032731
960016515 369846091
983810095 505449200
136383365 293312768
386360872 348864199
683081204 367153479
951137695 293163637
534540317 18010410
75684171 55062901
82258395 828440341
889528066 84113996
356756733 161896597
160611554 195978387
493601568 451750969
12914379 62713463
611647700 80826863
755992423 649257965
413216806 830577484
664038665 181205423
218310885 690138411
853830049 148840607
375474072 644621697
271764359 788326735
640575387 496969339
931203235 87334980
476376428 499681265
758829354 13661307
23923172 282288087
516141925 3893833
31720270 132455266
208367044 39380274
716161007 97993826
608769559 844300635
29466679 78011896
951093997 691661681
795440153 631512153
331303871 55648892
210179693 518992356
35177104 193714576
20947653 251218706
476971673 641121375
292050362 220959794
810806474 70710648
812763883 770279522
190145141 359608248
14065339 818871571
363231412 726805964
230487190 13929044
999802187 140122624
226667275 387546028
199929301 496203960
12930296 9244523
18637303 529658449
173711552 934428673
213534216 921089261
491775659 77672910
368810486 635913980
578877952 559209686
334167503 717725846
174347945 402689590
22114084 4429655
133361644 732703065
452609318 790884499
367585161 288446408
12611120 258131585
874045806 296488966
798947559 407794693
667443357 18731570
669057731 885317543
962052322 75507875
50620231 211530201
661175193 80826449
350529639 191435258
82491946 285272338
428397213 780894882
429776722 711590653
822787678 827479236
67477923 51985223
695604895 462463421
689717443 956791809
882182368 117338879
562409469 772339228
21838120 12872660
205376915 476674704
100178806 665488177
59624637 138205703
833505178 38235027
70217170 415953288
995704721 843332029
935805081 401437225
21388951 335483453
991289553 107381276
42537505 111575906
342859206 783584315
850450733 552070591
595587941 799260082
427508687 1890436
37005129 173506091
108 140 125 145 117 113 84 60 93 