874
60264246 597951875
930269015 243420235
653130597 19669359
93909427 63701759
211724199 26886721
846140350 626284511
284160775 247323006
467903441 866629164
48850070 500689901
989321395 471614410
705444496 849141578
371319814 371541376
97988478 65106060
564023914 607511836
582575591 525172025
81536489 431130304
708865812 961989231
602155749 119315424
851145586 33179576
733783924 731734823
729407228 702126639
414391326 67841239
16956901 973671357
837232503 155105359
189138218 23027284
403181816 25119621
37057887 329243619
241827449 528839622
783979197 117116636
393088321 47853793
630454726 508538613
278875932 866269130
706996739 185533527
31639121 216989541
47759644 765764229
533404243 187014411
378053697 368303085
415347100 107445418
363940205 365939872
205853412 37055697
47763591 949254114
359500549 583307
638636688 696814519
913467741 341940725
114250922 988888865
52626096 501592489
638543723 59382439
25999539 683472694
245252769 931940375
651388511 12013510
477645749 314549716
445206082 535085745
292959659 15280435
472759710 762184825
310696229 881893208
770488986 189233430
50510757 546753249
906148305 844408053
46369320 627358361
741673618 51032405
538902301 306509977
509476709 49190851
742778420 9319524
275191722 381492746
245919400 880118101
339529108 388345344
736000276 877473830
30664164 364823524
847302662 507421116
666253712 29370359
266470556 774750354
237177302 793655702
10780039 561389815
177107255 662465753
891664274 243265010
247154812 418087544
205647444 303720431
334636981 133384104
371780673 69060760
990635735 18312853
389006618 130466684
455663237 405446813
185322836 122139533
183025766 453160532
392026682 186767007
16229929 254029376
154478211 996935810
112032007 999013306
521176740 67152498
848605067 176716608
47503774 392630960
839083219 545395393
528930631 883966204
52247975 933138395
387311125 204389254
797839220 348989
185398902 148437826
318809793 994157280
623912273 449359462
85096085 546556210
653175432 85412685
421034347 764698716
801174405 233914013
24974114 770545939
80506252 170569625
170298072 691855022
403998730 109722190
62227515 29379709
13058989 199568116
59601651 94922395
859580210 312240498
489292052 21152748
927995611 969048814
282707455 818827741
654634672 102091945
511053739 210974128
246198513 810722419
301100021 92736092
160706631 971492732
414053972 146055163
110593262 292859619
628524165 6297847
966462699 852504610
239828679 854178287
400311928 791794588
423029105 788284821
215765447 159992595
604906619 898094411
347377144 35091543
155124974 111609268
149746414 451620463
953850793 875536749
823183042 981767311
404345602 756173292
308604214 176155877
148406286 555268891
117687903 398008453
631717056 320658727
399989775 97231204
4336117 560519642
492582875 926214891
91146382 443264934
451037655 239486838
619896509 21551084
311308803 10364521
929144490 650714737
29527848 535491187
646939303 640059351
490814135 962676063
27436954 981645577
951619985 4176726
942080784 161584491
445221812 48931798
355455847 556016921
373817885 197556655
40002521 12795718
256406601 38969813
233961899 762285396
94264158 609581963
792189933 142283650
869340875 464294401
890894753 462231235
38044837 137986179
423596537 535089424
52511855 963813925
520965572 398248278
345110564 577800082
705222103 227163059
911331949 651843286
637994190 919390157
700087820 606602740
134416409 729945672
642009577 473369250
198666215 704430289
805673178 607237149
928605047 937974613
452115845 420839923
556376004 618665416
250122768 232664535
219509440 571467442
508886157 950719575
842712398 177489024
789863819 11797209
545384558 337114856
318364250 13835845
24443035 57429487
710285770 585363158
105187814 717539636
54150878 247851753
102118068 397732436
136292359 462934338
138075998 605369960
484229382 257373144
30481597 635721806
457413007 596820754
230333614 102965737
835070417 107573176
776125500 755395781
841060667 520352952
944571954 361769555
597445070 789957338
860203507 294919443
499214925 806541047
58584171 14033030
186516915 757068482
553104460 801351218
583245198 225785377
299910666 809134840
132955807 451507812
877222139 163292180
564425628 32211011
805565421 442889796
20268298 881015696
564906125 820054238
856554669 528484828
559652724 980046480
789195431 612026022
30497900 895338218
671409607 144125968
752502266 321540948
713199450 124917852
737407143 278740483
917135418 602910731
71103154 21913027
866995089 305457916
335449892 418641926
980796181 336318111
76009067 284843540
786641112 993539501
280991659 970460883
5763470 527431572
8845178 715906973
109476289 625816841
74644609 378043857
533419303 641222822
298413668 324862296
262053163 461586620
443230902 667430075
857935471 304635529
670398887 521362678
968100032 150993998
44089103 24443607
169559695 113194953
444216376 479253553
682749991 175539769
225404029 427458852
964056901 802603734
678829523 266749013
323629516 542223317
946715330 945194258
11075115 510506565
422737404 87753671
856825700 83919106
32554230 18052814
169730515 483550503
70815600 348005946
94300703 688421912
309379773 9774643
544521733 775713613
436299503 998906406
53051669 227805748
520461646 8475206
66449574 465010375
168583402 310452053
629503762 230092779
484940952 185563832
760148631 922914463
751002906 342024153
857195501 889627707
815655696 994107484
316386799 798112207
124584998 747788772
33663632 619164935
143974382 400583623
692231621 26763786
24093484 99772687
864876017 111495253
813728715 341345976
417171413 541311125
100506027 222070579
119465032 505257830
572222459 93755067
81790356 560139424
341855914 987205593
575537913 739714461
56754400 371931263
73067741 15682224
54825869 233968838
5279262 437664780
571293530 694439387
578229646 759033262
840749098 53010132
697423286 658069991
726366920 154394443
869469051 972975663
260345825 24811231
872429345 695577627
993895859 23097704
497112177 344694651
307078815 606631870
42978497 684905195
147186700 421230897
935601715 867176081
453667413 314056212
280721499 622303218
252167205 699259217
206273651 13333296
294207772 444047207
737085077 959015273
894477448 827152937
626903546 878510287
438799914 259151302
54749459 920396949
379371795 56130510
516126386 25223320
468137968 73713067
524481105 15752998
191716272 27812245
316009483 825416186
25147208 400556219
892214648 313005973
793125686 783457298
217342054 45811637
204176554 816961244
931027577 99798
454329171 867556308
934234576 451406228
629990799 891794806
25431968 646308244
426453616 54035134
90929745 255501101
998146008 23731191
757660172 904335483
51710264 908586174
243606046 724133923
64438433 248285878
673245861 908395288
176876016 669753324
841051724 562879294
923974946 547047542
462892292 746108045
2016577 279289159
867170205 45477645
471835396 21413503
114615821 97264319
671046511 559264832
618530244 129972193
561205428 2882068
54628168 391183861
256200685 228492777
600121512 981204937
567701178 69554518
711201762 973776070
933836480 746797326
507668612 947388266
480014662 19164399
625453087 443738393
7046689 931250071
946168826 531641463
693782442 48670588
768014818 639716063
407971144 32959782
115766492 910706436
856778254 56583857
118928090 216368698
25037006 585692103
912524593 337592189
644754955 863807593
334934844 967071887
742553397 584771153
906539589 380293683
204057418 24290944
789716145 375218464
314569355 712217160
4469540 685950105
362297534 914445085
905797706 366363775
733999457 359154576
299063333 182565881
28809385 826106259
447549236 559569625
14686107 915470717
174112486 520830961
3662103 159900575
95502011 336552673
403624686 322491331
361380916 132034179
711914039 134974007
11915979 847807275
892555826 45724966
143440574 529303742
854282792 909046072
141661308 705478912
867531402 174199422
459252865 545328028
190599449 183113763
301103845 229084746
646682615 112811568
693849227 863451276
257545036 350400406
870612446 944492338
10074970 819506984
351150771 492978324
971395224 744200112
633271302 318576789
100610924 996335284
73470899 195042986
411058437 656447688
527580888 872232781
572115371 859500047
909058361 391241770
954795866 5403470
34984916 720504671
681626794 856281401
355433811 938597214
523025956 974355773
48468511 440746287
317070079 396300842
505175521 959098378
849242671 900554909
67256638 872307014
116674063 356497478
632363618 164759995
742623178 58480003
838187906 190417335
725665265 233870010
300518966 543295759
9986589 886440042
917426600 752384837
266044463 432433945
256460592 980088601
662567885 642659046
464020303 508464593
346085502 273009940
861593936 722591515
112672719 801307339
146520374 990425390
515025309 237231095
946245916 696795080
108339117 962020410
25046859 688237629
65368727 17704062
703844212 650994005
128036127 772841658
858444338 687088571
38609967 71213723
67864770 372411446
959979283 674788716
657433212 282416681
176790267 575957242
892867138 623376819
531670640 221717943
11969109 616133745
759384356 814176723
234065267 855936599
373503610 31619813
746268014 679964169
540317110 729918169
335290706 306636634
601997051 109625445
363386499 443254232
265524709 802536335
296502708 619925470
41714601 627201316
965483474 563524482
415537712 791533953
499221224 544047942
552717804 567668021
305657986 965133335
120836792 70805438
204884364 13571227
194759778 887065167
874130669 518560189
596548653 966754976
260748314 49504505
17025426 655828598
554320187 893833340
167373363 18721887
434111449 545082103
673032890 715339888
735286040 689348292
396543340 280153690
19455306 397015950
946797953 285356786
526257298 28791471
996312489 65855620
79806473 985553342
895601347 152519274
787342428 815238432
350487188 767370063
351242958 258906813
69714146 651675404
649744669 215860281
727914698 929030217
745169979 486818711
394218550 50400473
407463729 217897563
887289204 54151587
2169992 389056657
783645712 667855582
647424345 931898356
17948118 35576567
554253893 256373008
87958673 56258829
98637795 179631495
111907604 76909977
399390605 185961734
432989640 468844747
663791355 308269381
40446204 371082980
866208459 469397950
934163934 375814942
652296758 944954137
715487697 878281958
414154462 150365435
844319184 853750728
946178693 42399133
432091465 507550404
40905333 104950641
355088718 860387350
36146484 697848014
679689187 718930532
492890016 867180391
414731558 697803324
735467580 200051502
79909979 318309787
610841204 948335397
903960476 899573575
392773228 470482904
26002377 18789648
984967581 708552411
459384743 613125743
72816367 214862185
447070095 125992476
956399633 950099398
735501438 579241599
225803554 53220665
91621525 623149143
957947584 328804597
590606409 464701003
681365762 668599941
139026105 38830741
795178467 808302199
691053928 511438155
289784655 21114231
636636365 384253462
902255872 864399861
581213808 8735874
934922229 243531781
324477353 21824888
197583606 502786542
70220006 731720425
505076158 741378073
323356207 588747290
764947771 570925177
634764368 461257502
35836932 496085747
987184574 406162747
274361434 999598354
849399395 704520566
336669789 348671662
424046527 811863484
243082455 387672230
814998834 300049772
479977192 137342693
240337098 504380762
378712905 859181670
14072424 435038671
862117228 10735441
647387461 327641638
57903939 694574916
490469009 576222126
717018384 290058783
183328435 398246655
150869477 716346281
673646914 515651347
861353461 674411482
127760244 251694423
643592397 911050543
867119435 30667478
53321072 393944118
41358446 798658080
975877275 283428003
518971202 37771914
177982492 741549170
566785639 417632328
865738340 196890259
668439125 95770123
400767585 958442473
208163190 486837541
50912211 686048238
495635839 876433484
214810848 979328299
463709831 918134395
578127083 914822299
195098745 894650119
426597607 964185002
388934906 745026671
73837208 9697761
7411414 169284018
282822893 930011390
398089297 2271839
815686792 75364477
780202913 532811739
675558005 767786725
800568406 430598204
796339122 370104070
105168972 878456385
614258582 60815534
435420857 914822435
832665097 114344003
886394149 672119346
70410660 478928649
805170284 597868265
202339171 184001703
433618600 695500009
723474984 986417701
745595557 262421539
743910633 43579479
23921285 44740520
8055713 744085542
285679608 193444396
162409727 795461388
366195132 570065381
99760525 101016773
236530514 276100321
740171088 463262283
887829444 637166081
884155559 487820148
575689014 584079356
58710642 260319708
722985725 367059475
239417291 594327741
831481794 382679898
42558679 114487016
206428569 678724097
59097359 112902881
774066965 225368700
2748388 36457912
242298906 400963949
871560869 957696771
791912392 53404537
38769666 691051835
919479114 262040541
388836530 392104608
71892890 848197456
29387125 579117154
214430933 753369460
901598201 641485281
903926485 380465249
862748603 114185332
293776600 539545951
751136527 771742034
475349276 676412458
357078443 776356896
88094300 583693818
19567116 535686679
846294325 792480698
913861652 269946869
209084543 816476791
667368788 635734072
60641898 573647105
420192494 915455127
732246709 424237472
576811629 601598372
802268719 984566931
153195916 776252207
990232029 248726937
33431406 652802465
49123891 290535410
428904387 977570412
557623067 839255867
214215619 409991468
687416893 585098293
501523016 129118676
806563083 1839446
188564798 712809557
733542299 706972306
61851857 176114136
938899722 680102261
308707826 22083263
337102945 762995704
894757465 182864591
196218169 320056798
691796768 622471656
962436731 440236570
866535801 569988921
557946117 811034449
192668496 789069606
366524677 294590042
296696042 815086274
588351313 877664410
20493012 557937964
682129149 933476508
540750649 132809465
606072964 891641654
703219803 254738309
11551099 183477438
26782984 801128585
59932191 747765963
31445413 989613125
156362047 40948505
205264055 722067639
43892829 536303887
73162315 743049752
266563187 392895020
851349078 760964055
725332954 844222828
666917531 249094692
535634578 446617682
463768400 478493828
634878200 180999270
732032551 792721161
776834389 144392728
232156140 318239267
266537618 566751046
848748864 682960135
32048808 51540251
150746724 3511205
397282612 419858079
34784907 54103541
250646238 218577293
30045693 366484112
625504063 82554814
675273537 711119954
821350943 129463266
71403278 683947999
169935765 524226462
168868903 868889091
629309859 902317520
550541121 808455217
54553143 502781696
582783157 363407202
829045440 228748120
552037581 295425553
942760374 852984964
250531139 457435362
661856791 391712903
481038099 240959449
17469095 191676099
883868203 856902706
47888233 465911481
924572353 174415514
507247225 831478356
601790885 563844771
501117417 328594709
8274916 444037703
239487943 478479850
116989744 688786141
273516966 617287378
842260065 917905631
745361546 33478294
890748522 463316460
405429862 226537808
287657967 365674198
232481954 576727464
32052956 440575085
272727579 429917418
775823532 316978519
949723388 720853862
800296233 11079611
902274131 545623513
908160163 643303416
681742704 416306455
338093605 19398350
841002181 652001469
649655170 990527144
171953155 218624998
748034913 30459068
467322028 692757495
413638469 368575124
408640912 735467779
568021297 283715575
56665483 878332775
830955209 84440973
359015455 901350392
532705044 609908533
434150218 227992848
491243293 869460805
307674961 572811363
138503707 137170552
718534927 753907893
736912367 404849316
67574710 55461775
90558289 526532236
894294513 298722602
277285697 137905596
625562808 386915092
493469306 885395578
465879916 613945185
330168691 151170922
177510561 998023156
871970237 792744589
131564061 4286140
112134184 993843185
779101337 427988916
831102098 337058460
805269854 352225113
896056322 459407355
709995964 267893910
834502256 127005481
4622043 301141483
125934176 854485988
528259298 30155276
448408518 508826994
244508325 241534966
290706319 66647882
10856417 435184837
321438468 737617630
619707349 442816739
186292902 576967982
432293983 171771
974304226 60573513
222534457 211860782
929308978 440168468
613017689 711782244
363769032 186742076
340708108 655343314
853086950 167778618
765627194 18567019
529399972 811260323
233765366 191400614
227855177 29530683
433147795 701554431
43196386 706618616
444047963 837098145
446789578 434999431
25310737 804864544
458932392 232903315
491729556 782030279
55873010 486683008
331550117 138421218
2726587 611134584
59485349 596425817
305658613 644917108
411249875 885680060
918390104 489138202
469112712 55962569
935180261 866490113
583366603 493993235
776176574 885384094
405909668 268195026
365751513 42504863
215377371 573441832
899284651 396436255
186232099 745866670
847560757 240626323
469784467 869471367
766038321 7848371
15407133 809708911
41639117 84385443
559173227 317042139
646665485 679306057
18360804 880535353
890013095 149332505
782072179 458242187
626175686 572509307
594650309 22708697
13173754 893305914
691179592 956997500
850051856 23259013
913992637 660592398
951214220 16319645
754954184 60073124
793201512 948938097
941026058 950399424
931290056 452804969
906504208 812831077
898655147 477485076
666109866 395395276
874195018 129319477
738793107 862795424
821942265 772330024
562154845 569651719
7 4 31 84 0 32 698 18 0 