960
491000000 385000000
907000000 630000000
968000000 171000000
552000000 582000000
426000000 14000000
33000000 779000000
597000000 175000000
901000000 919000000
109000000 925000000
769000000 202000000
927000000 87000000
836000000 317000000
425000000 345000000
274000000 316000000
665000000 411000000
516000000 802000000
322000000 486000000
971000000 517000000
222000000 64000000
854000000 428000000
667000000 318000000
852000000 31000000
971000000 81000000
196000000 801000000
299000000 35000000
400000000 120000000
737000000 899000000
521000000 134000000
945000000 503000000
195000000 158000000
822000000 871000000
232000000 117000000
648000000 910000000
78000000 889000000
58000000 781000000
959000000 406000000
211000000 654000000
818000000 947000000
426000000 503000000
178000000 33000000
146000000 358000000
927000000 885000000
408000000 48000000
159000000 960000000
737000000 732000000
380000000 194000000
920000000 728000000
161000000 299000000
77000000 486000000
13000000 943000000
616000000 478000000
444000000 681000000
5000000 846000000
670000000 720000000
581000000 327000000
692000000 268000000
502000000 992000000
705000000 312000000
189000000 51000000
72000000 33000000
144000000 837000000
763000000 778000000
377000000 304000000
950000000 792000000
61000000 77000000
981000000 932000000
23000000 442000000
405000000 127000000
199000000 582000000
364000000 415000000
684000000 499000000
26000000 195000000
72000000 698000000
351000000 332000000
677000000 580000000
940000000 740000000
251000000 364000000
372000000 782000000
608000000 534000000
306000000 831000000
536000000 651000000
222000000 371000000
712000000 245000000
347000000 899000000
998000000 794000000
261000000 269000000
965000000 347000000
332000000 869000000
661000000 865000000
612000000 892000000
876000000 84000000
658000000 666000000
731000000 133000000
518000000 235000000
896000000 17000000
605000000 942000000
250000000 212000000
732000000 295000000
932000000 940000000
848000000 88000000
284000000 679000000
313000000 285000000
186000000 812000000
614000000 120000000
93000000 99000000
546000000 542000000
149000000 175000000
571000000 103000000
329000000 32000000
231000000 226000000
890000000 692000000
590000000 586000000
673000000 618000000
345000000 386000000
14000000 600000000
670000000 551000000
174000000 862000000
435000000 196000000
189000000 312000000
73000000 151000000
848000000 656000000
192000000 906000000
183000000 903000000
52000000 808000000
836000000 697000000
711000000 439000000
0 368000000
914000000 776000000
553000000 754000000
317000000 907000000
9000000 729000000
61000000 353000000
424000000 166000000
53000000 989000000
731000000 237000000
139000000 95000000
553000000 863000000
352000000 326000000
268000000 643000000
545000000 71000000
155000000 57000000
953000000 902000000
931000000 908000000
526000000 607000000
961000000 219000000
82000000 48000000
974000000 525000000
61000000 21000000
678000000 910000000
233000000 740000000
58000000 343000000
870000000 669000000
373000000 252000000
227000000 651000000
211000000 990000000
881000000 444000000
199000000 724000000
8000000 971000000
595000000 922000000
217000000 874000000
116000000 890000000
382000000 815000000
89000000 446000000
924000000 63000000
197000000 665000000
625000000 962000000
57000000 683000000
692000000 709000000
637000000 842000000
513000000 457000000
304000000 107000000
902000000 931000000
331000000 413000000
759000000 439000000
212000000 44000000
368000000 667000000
306000000 714000000
9000000 110000000
337000000 387000000
26000000 446000000
22000000 423000000
187000000 132000000
674000000 994000000
885000000 582000000
13000000 699000000
730000000 182000000
246000000 149000000
576000000 740000000
253000000 915000000
400000000 265000000
487000000 651000000
873000000 141000000
792000000 600000000
869000000 432000000
40000000 496000000
240000000 14000000
774000000 933000000
504000000 782000000
830000000 52000000
509000000 434000000
253000000 666000000
770000000 345000000
898000000 645000000
606000000 740000000
852000000 242000000
825000000 36000000
36000000 47000000
391000000 956000000
624000000 720000000
939000000 312000000
170000000 929000000
461000000 110000000
186000000 358000000
66000000 355000000
327000000 23000000
257000000 847000000
710000000 228000000
896000000 595000000
342000000 60000000
927000000 960000000
323000000 78000000
291000000 337000000
210000000 711000000
184000000 193000000
968000000 387000000
71000000 257000000
505000000 60000000
178000000 609000000
292000000 471000000
74000000 311000000
859000000 862000000
268000000 516000000
585000000 53000000
730000000 23000000
473000000 466000000
904000000 843000000
186000000 733000000
922000000 655000000
755000000 402000000
680000000 213000000
776000000 611000000
1000000 695000000
673000000 81000000
815000000 145000000
773000000 791000000
347000000 53000000
70000000 79000000
172000000 704000000
248000000 564000000
323000000 363000000
1000000000 946000000
794000000 344000000
548000000 104000000
534000000 371000000
942000000 198000000
116000000 436000000
591000000 252000000
839000000 864000000
485000000 761000000
589000000 799000000
193000000 406000000
389000000 175000000
446000000 709000000
385000000 145000000
460000000 954000000
858000000 245000000
580000000 576000000
220000000 414000000
232000000 986000000
706000000 797000000
644000000 933000000
966000000 223000000
55000000 97000000
948000000 210000000
457000000 960000000
852000000 90000000
303000000 550000000
345000000 115000000
432000000 126000000
971000000 461000000
215000000 157000000
9000000 218000000
845000000 989000000
661000000 889000000
108000000 927000000
366000000 707000000
199000000 415000000
873000000 885000000
279000000 890000000
99000000 180000000
976000000 749000000
202000000 554000000
657000000 765000000
632000000 39000000
995000000 845000000
911000000 440000000
616000000 432000000
17000000 769000000
892000000 3000000
1000000000 249000000
884000000 898000000
595000000 346000000
81000000 411000000
610000000 290000000
916000000 49000000
25000000 35000000
25000000 700000000
442000000 901000000
72000000 685000000
425000000 211000000
176000000 608000000
53000000 856000000
46000000 120000000
258000000 943000000
40000000 792000000
856000000 497000000
25000000 970000000
12000000 647000000
383000000 664000000
844000000 359000000
378000000 180000000
325000000 403000000
28000000 537000000
422000000 187000000
751000000 272000000
653000000 60000000
864000000 426000000
352000000 551000000
328000000 586000000
543000000 128000000
719000000 411000000
234000000 117000000
444000000 11000000
153000000 86000000
59000000 569000000
781000000 251000000
386000000 873000000
515000000 455000000
356000000 485000000
418000000 104000000
682000000 804000000
32000000 541000000
622000000 348000000
920000000 467000000
861000000 188000000
765000000 300000000
464000000 86000000
231000000 435000000
997000000 857000000
83000000 812000000
197000000 799000000
449000000 376000000
294000000 110000000
318000000 554000000
304000000 774000000
366000000 823000000
402000000 817000000
768000000 35000000
743000000 927000000
789000000 345000000
712000000 96000000
240000000 922000000
245000000 190000000
859000000 663000000
117000000 590000000
327000000 275000000
414000000 996000000
348000000 85000000
752000000 354000000
206000000 381000000
926000000 752000000
9000000 308000000
849000000 967000000
478000000 826000000
287000000 896000000
382000000 69000000
427000000 815000000
389000000 509000000
457000000 472000000
364000000 548000000
368000000 815000000
445000000 693000000
681000000 321000000
834000000 886000000
85000000 848000000
6000000 8000000
836000000 620000000
370000000 102000000
106000000 112000000
512000000 708000000
238000000 210000000
955000000 551000000
170000000 734000000
709000000 956000000
751000000 169000000
587000000 122000000
298000000 88000000
466000000 221000000
889000000 150000000
637000000 838000000
525000000 984000000
422000000 358000000
468000000 138000000
908000000 857000000
451000000 234000000
695000000 885000000
997000000 381000000
581000000 705000000
215000000 183000000
426000000 921000000
442000000 477000000
164000000 775000000
387000000 376000000
575000000 619000000
405000000 579000000
910000000 781000000
190000000 872000000
615000000 303000000
431000000 627000000
222000000 320000000
785000000 645000000
331000000 570000000
218000000 993000000
225000000 207000000
848000000 140000000
826000000 584000000
67000000 225000000
406000000 588000000
196000000 925000000
605000000 689000000
171000000 486000000
675000000 501000000
572000000 203000000
774000000 653000000
372000000 820000000
378000000 78000000
484000000 681000000
290000000 447000000
536000000 127000000
846000000 842000000
959000000 78000000
787000000 262000000
144000000 311000000
443000000 941000000
766000000 815000000
55000000 51000000
415000000 65000000
916000000 788000000
171000000 295000000
22000000 336000000
328000000 378000000
146000000 652000000
894000000 658000000
574000000 650000000
262000000 93000000
577000000 897000000
592000000 241000000
594000000 470000000
224000000 803000000
385000000 974000000
31000000 447000000
560000000 548000000
768000000 110000000
51000000 47000000
889000000 682000000
710000000 360000000
799000000 260000000
992000000 416000000
83000000 427000000
70000000 686000000
145000000 291000000
757000000 529000000
316000000 503000000
897000000 335000000
399000000 252000000
938000000 368000000
641000000 729000000
144000000 658000000
319000000 440000000
978000000 987000000
869000000 114000000
461000000 679000000
418000000 470000000
709000000 440000000
589000000 15000000
583000000 132000000
732000000 824000000
386000000 378000000
989000000 975000000
315000000 263000000
429000000 42000000
152000000 861000000
651000000 318000000
394000000 937000000
22000000 790000000
885000000 507000000
143000000 166000000
980000000 300000000
743000000 920000000
199000000 590000000
501000000 884000000
203000000 975000000
159000000 323000000
571000000 25000000
1000000 282000000
731000000 763000000
880000000 168000000
417000000 464000000
356000000 502000000
748000000 4000000
350000000 480000000
849000000 481000000
71000000 315000000
771000000 965000000
450000000 154000000
471000000 629000000
546000000 606000000
186000000 464000000
629000000 303000000
559000000 546000000
707000000 121000000
784000000 83000000
534000000 209000000
591000000 786000000
548000000 539000000
958000000 380000000
56000000 17000000
627000000 44000000
269000000 31000000
566000000 240000000
932000000 168000000
396000000 348000000
566000000 632000000
154000000 799000000
701000000 890000000
488000000 882000000
98000000 764000000
136000000 564000000
827000000 545000000
60000000 856000000
44000000 839000000
506000000 628000000
982000000 909000000
295000000 181000000
922000000 592000000
323000000 80000000
998000000 217000000
517000000 109000000
832000000 869000000
695000000 918000000
548000000 836000000
726000000 926000000
72000000 660000000
783000000 810000000
209000000 528000000
636000000 132000000
694000000 178000000
452000000 549000000
767000000 798000000
356000000 95000000
351000000 463000000
605000000 869000000
254000000 650000000
142000000 466000000
158000000 864000000
850000000 300000000
486000000 799000000
402000000 910000000
23000000 576000000
225000000 661000000
685000000 324000000
203000000 663000000
389000000 396000000
363000000 544000000
640000000 646000000
766000000 639000000
928000000 481000000
349000000 587000000
33000000 596000000
810000000 22000000
739000000 391000000
960000000 905000000
388000000 750000000
216000000 162000000
823000000 251000000
100000000 940000000
593000000 59000000
167000000 556000000
610000000 697000000
727000000 433000000
107000000 223000000
946000000 576000000
188000000 784000000
244000000 642000000
368000000 84000000
738000000 21000000
431000000 26000000
9000000 853000000
861000000 549000000
150000000 418000000
797000000 2000000
770000000 252000000
881000000 782000000
821000000 921000000
792000000 410000000
360000000 292000000
293000000 136000000
75000000 46000000
446000000 23000000
493000000 572000000
612000000 837000000
582000000 949000000
549000000 549000000
421000000 130000000
106000000 531000000
776000000 54000000
316000000 547000000
352000000 27000000
163000000 86000000
150000000 73000000
83000000 454000000
733000000 592000000
805000000 550000000
280000000 913000000
791000000 625000000
533000000 642000000
45000000 977000000
608000000 320000000
96000000 414000000
157000000 196000000
818000000 653000000
460000000 915000000
869000000 930000000
301000000 52000000
299000000 231000000
923000000 552000000
280000000 957000000
771000000 510000000
119000000 641000000
992000000 520000000
204000000 636000000
866000000 696000000
717000000 180000000
323000000 768000000
762000000 261000000
97000000 810000000
462000000 640000000
851000000 687000000
719000000 514000000
121000000 858000000
511000000 697000000
834000000 657000000
144000000 817000000
798000000 722000000
77000000 932000000
631000000 202000000
632000000 779000000
300000000 390000000
629000000 489000000
242000000 903000000
173000000 737000000
191000000 185000000
509000000 996000000
581000000 180000000
288000000 449000000
20000000 508000000
616000000 222000000
97000000 353000000
379000000 307000000
502000000 638000000
874000000 997000000
470000000 150000000
825000000 35000000
864000000 870000000
230000000 867000000
751000000 398000000
264000000 655000000
462000000 467000000
456000000 745000000
594000000 264000000
184000000 374000000
688000000 901000000
605000000 44000000
206000000 330000000
993000000 926000000
543000000 480000000
75000000 84000000
73000000 934000000
603000000 104000000
130000000 898000000
727000000 199000000
759000000 357000000
625000000 50000000
896000000 436000000
974000000 14000000
979000000 259000000
99000000 826000000
479000000 919000000
884000000 248000000
22000000 239000000
107000000 614000000
459000000 193000000
679000000 324000000
0 192000000
638000000 439000000
695000000 11000000
850000000 331000000
349000000 318000000
233000000 524000000
936000000 440000000
504000000 226000000
302000000 449000000
656000000 481000000
199000000 39000000
707000000 876000000
895000000 202000000
500000000 245000000
22000000 896000000
823000000 405000000
760000000 380000000
961000000 457000000
464000000 318000000
85000000 336000000
27000000 797000000
218000000 918000000
836000000 140000000
890000000 209000000
773000000 174000000
670000000 738000000
236000000 679000000
889000000 991000000
352000000 553000000
519000000 810000000
393000000 969000000
185000000 886000000
721000000 116000000
536000000 634000000
18000000 158000000
281000000 933000000
892000000 47000000
175000000 720000000
232000000 805000000
400000000 484000000
860000000 41000000
298000000 653000000
97000000 709000000
650000000 121000000
81000000 752000000
716000000 514000000
850000000 629000000
7000000 480000000
558000000 638000000
41000000 812000000
526000000 471000000
852000000 407000000
186000000 143000000
210000000 113000000
710000000 263000000
73000000 694000000
109000000 126000000
576000000 979000000
729000000 969000000
467000000 732000000
489000000 929000000
221000000 823000000
267000000 867000000
519000000 927000000
847000000 624000000
681000000 480000000
478000000 363000000
888000000 237000000
343000000 875000000
427000000 184000000
363000000 409000000
456000000 90000000
233000000 681000000
117000000 852000000
828000000 914000000
948000000 627000000
536000000 279000000
514000000 766000000
359000000 603000000
201000000 227000000
473000000 723000000
442000000 29000000
8000000 520000000
203000000 407000000
492000000 811000000
259000000 256000000
596000000 277000000
773000000 341000000
632000000 260000000
747000000 298000000
606000000 666000000
919000000 237000000
868000000 681000000
624000000 434000000
642000000 862000000
436000000 84000000
640000000 251000000
272000000 832000000
322000000 112000000
679000000 917000000
662000000 628000000
114000000 194000000
728000000 860000000
212000000 186000000
772000000 929000000
942000000 347000000
211000000 350000000
72000000 390000000
398000000 709000000
770000000 223000000
494000000 461000000
982000000 248000000
929000000 332000000
736000000 89000000
402000000 946000000
505000000 8000000
728000000 680000000
421000000 950000000
206000000 311000000
586000000 631000000
801000000 339000000
642000000 593000000
822000000 319000000
249000000 869000000
154000000 319000000
671000000 70000000
52000000 910000000
315000000 952000000
503000000 498000000
409000000 144000000
739000000 196000000
900000000 655000000
303000000 945000000
196000000 696000000
771000000 311000000
144000000 892000000
398000000 432000000
170000000 678000000
729000000 852000000
739000000 107000000
905000000 860000000
286000000 884000000
424000000 678000000
146000000 326000000
914000000 727000000
604000000 366000000
77000000 179000000
148000000 702000000
559000000 688000000
491000000 857000000
875000000 329000000
212000000 941000000
948000000 583000000
871000000 257000000
857000000 984000000
568000000 122000000
466000000 662000000
491000000 563000000
897000000 607000000
501000000 344000000
278000000 373000000
140000000 160000000
911000000 222000000
784000000 405000000
109000000 316000000
429000000 186000000
990000000 699000000
139000000 893000000
498000000 520000000
740000000 966000000
669000000 194000000
221000000 75000000
511000000 41000000
380000000 530000000
710000000 815000000
225000000 220000000
818000000 581000000
529000000 428000000
688000000 23000000
330000000 505000000
336000000 310000000
883000000 776000000
868000000 550000000
143000000 925000000
619000000 893000000
271000000 300000000
51000000 133000000
157000000 597000000
558000000 164000000
701000000 31000000
485000000 660000000
305000000 699000000
575000000 496000000
131000000 915000000
119000000 674000000
795000000 725000000
287000000 527000000
518000000 401000000
829000000 741000000
130000000 747000000
250000000 240000000
38000000 408000000
312000000 499000000
463000000 39000000
66000000 318000000
925000000 432000000
736000000 732000000
567000000 105000000
832000000 307000000
139000000 247000000
908000000 985000000
78000000 229000000
655000000 683000000
222000000 178000000
663000000 888000000
763000000 421000000
977000000 839000000
398000000 729000000
941000000 785000000
220000000 963000000
517000000 565000000
24000000 916000000
26000000 872000000
905000000 73000000
129000000 422000000
532000000 207000000
347000000 180000000
542000000 663000000
633000000 16000000
815000000 564000000
689000000 55000000
837000000 428000000
841000000 603000000
956000000 425000000
338000000 981000000
703000000 157000000
560000000 367000000
59000000 795000000
320000000 295000000
44000000 496000000
528000000 993000000
445000000 897000000
243000000 36000000
476000000 517000000
488000000 657000000
646000000 493000000
629000000 575000000
778000000 486000000
204000000 114000000
898000000 193000000
453000000 779000000
296000000 683000000
981000000 120000000
135000000 161000000
291000000 767000000
523000000 511000000
8000000 710000000
1 1 73 37 18 72 745 11 2 