985
28948096 751320831
864607954 74005252
168322978 545331226
708182025 9229835
41520147 46959664
7820145 957171574
463903701 549593889
464545309 160316115
240053420 21903790
633275045 525983631
891551670 3798194
71642817 174062567
661328269 688672708
847201330 194878540
805591231 532060008
527323785 689822585
530238477 798231220
660151772 891402489
248078828 3920720
760712300 211560837
251456336 17447158
398561413 262246283
883056304 326740000
412940590 30208111
580772546 32950765
5203302 645111344
598295700 499163649
679498937 633597689
537183441 955838348
715854132 66122905
938649098 861741342
261909075 147252340
646614192 9864114
957039945 905034089
82782052 766859998
41147632 619461671
903953353 366592280
645835467 71201505
678094444 788590606
677408654 708910549
42271459 902098517
152491884 333388811
63813928 997554926
353190082 462067165
44767432 729467272
113923752 53861993
512386156 658214356
704455417 366301241
938383155 524780043
927983181 252407152
884675840 875533201
719396724 347558477
18776163 233508817
730178113 924685344
56016050 284842663
802573726 359714697
845736304 684348273
668921771 544258356
39168320 644012654
609941043 375245554
994789521 761417122
896092415 820081023
47743926 638838109
682293000 443790886
809240187 80457781
991119993 884275922
970765870 715144302
372277755 61907704
625402405 944584031
361910876 326086869
722039558 186230631
889670426 784812678
684386085 29556155
416244773 558310744
220829646 820201141
216328487 886498390
631659079 215709296
374456469 329450165
432913785 353279401
71927723 873978408
929587946 284303471
596108402 585359715
42294668 336336394
140153285 26579456
906368022 691607727
710277560 229771334
462996865 318226372
647368222 217463805
948222929 775305240
270639667 213752964
618676627 424106613
699149550 456900452
545425641 738825648
22082424 251378130
477938662 19938341
688034690 554812174
665427599 33072534
543233186 101550722
723173033 846997902
902536047 880356508
304890118 556181241
440361028 811986295
303389281 969864751
921810368 480165175
707245156 375854353
612579561 264904507
3029643 610591529
268284348 132334675
962679315 900081472
422300695 173790849
322701397 643339355
520783342 684266085
489258592 331023192
463783690 290074331
634088285 151186321
244097483 401739739
971971376 462267957
866372563 46154686
705972583 286102077
665547693 307300776
956779545 109095255
160542613 739892922
226060856 623228940
100792880 603193313
179339011 319519912
627778252 87269118
907684994 412990346
270030302 580457022
284938803 499823898
14947272 166337723
56988703 711166467
740826286 82996656
232304634 892102279
694416576 46317307
279000769 27785073
105889719 702033558
150310726 836244403
294090629 406266127
718439733 361311733
284308727 231914901
846759422 302954424
29646753 995728384
808579384 783936770
410530083 231490267
540344137 726098808
996607741 37997683
102313881 26829845
843585037 903235970
235245513 10294985
481687534 426056143
882053181 57186838
548414058 779649482
282702720 849418369
490662345 846874287
212950876 979598835
984932466 599429493
941476015 337586598
542038792 565881284
899861063 569191590
911777996 389549668
707138482 326274761
52609496 716969693
899336766 174612638
358112325 956930795
310024786 575235474
984418311 128671904
690443057 111361791
972995510 649185353
666137672 730418403
1092746 836791126
996472977 637182329
711671304 506657227
741146871 800017845
75460276 388684621
552778651 220607970
925103 58391736
771511613 164518938
14972764 599292049
938906469 218449092
683103855 524790216
733158893 2365028
105981394 500780679
817288702 37050558
517407381 263952807
736736019 987814299
356007217 689314397
676064310 798007813
559095217 635869708
500122443 27131455
881767971 191122059
101784370 296012240
249807553 834401690
988436792 664444996
188031329 491874049
114039235 75714622
465196243 891646739
202335420 497647932
225432091 635676417
916909840 946408213
417911881 5744550
381767653 603276268
950207116 360120030
237515763 663638980
73611623 594256101
252805675 286308610
706964968 805454228
779899094 643075786
311414104 456676001
245300826 189173380
7586170 112270647
985062527 947781172
183711699 260879369
486490426 914722372
395398415 669781018
250780801 225592069
887968084 181602071
668445748 181260438
920068862 921101084
69473479 816321891
189628521 615927961
550614647 795832517
29601462 47503211
630986692 842577170
881621528 504674503
321278405 78550010
979498794 998995008
721016934 80866446
745001743 513022578
79895558 94080269
626919447 389879284
267227883 629344499
109152048 551400271
746244888 598035896
555859552 553392182
191089563 40005526
257245676 84191280
788075840 446638255
246145976 525450546
995199402 588448679
141363169 461072847
696057408 465802556
508623231 381244264
579678775 561996740
974245127 100291094
824459570 29898142
309672296 510204814
562627320 261805036
91018795 517856722
708212034 965185805
929079425 842707931
693905267 198166236
977118100 209278659
845353911 724634033
646943540 312447026
186008692 839852293
223322586 64070922
193884647 787934
154428557 484238625
100716889 369000572
980862191 731896243
743648673 833758661
543885475 452712194
646683158 6921654
502822624 727798540
878958299 745896751
498340516 807946089
838765645 603117802
681451300 424585698
644027906 668208540
257066399 844065725
266001574 700079013
700656182 391724109
8947612 465484922
220207053 32636477
302894025 731116887
896960965 261961651
266596066 581418604
977316334 353670199
55213469 938367515
334110350 187967717
320196069 850378859
853141827 525633998
444995024 66573816
264937055 735493980
111189244 55162818
594880498 184372607
315098582 332221796
305315330 992266896
99900329 92139931
578177444 35270647
800782990 217644810
209154462 523478575
122534960 335107461
839990764 293734834
568445598 730556456
72404320 425464969
344243635 51539445
61604237 871818957
41072605 854299913
968795198 496796184
808936235 734971025
277641890 656532699
580920666 646041057
962428859 825564099
515336334 81544390
890106277 365553207
968986987 33922303
450147961 881595928
215138486 760527549
497821932 265027736
656632987 658325760
908800228 778152388
213509755 927302542
739252766 887278500
365225222 424829235
230661053 715555
775541236 938514379
30754168 204589351
40869084 85190762
199321323 152547637
649265338 442606983
225189513 949339746
29860815 332046094
533077728 706321407
946488340 434465716
700927022 443404194
428195587 470207181
318196284 40282451
628830406 208528846
665291270 370692830
384521157 955673954
961725983 78734201
85605676 664231362
78447625 380779622
562455921 60418298
399934262 774372003
436106538 809042763
66962081 722775303
808732693 221565709
119186379 457414761
813434293 991291986
81732495 324816075
75541996 451066030
412160532 430531870
60789700 875857520
271793810 431718606
55823840 703468764
953551459 379769508
135013232 511384022
595616687 860934145
147692647 72860349
389921793 334345658
669159492 504721452
661352353 947737981
515982550 892153646
664573855 15294289
495468232 16332815
289136585 688436242
41783487 996649644
190914218 808674951
393682065 727317956
102320046 698436020
105004444 14062013
714996404 495423563
482260023 154000372
167830636 134451249
529958614 493802991
314612548 507204719
468357930 689587207
762062198 115238748
831063710 562903117
11140650 609008336
422632180 190989922
531670731 726302350
382800241 708760355
375034099 331965578
302971334 340360949
262026830 858325582
511060332 491667007
332071733 15536119
789876692 271392138
458225390 235693121
70283413 464663829
12902135 214967718
744407602 307132410
10830061 25783147
439170276 970349553
470609083 452236867
44895298 434549551
647581670 196629906
540921557 89375236
384181319 869631625
859606087 61281528
194705612 171133839
383256594 331376074
979819881 40642396
433500122 306577631
71660027 725139516
90759448 18888861
45115883 529787865
991509930 627674471
456875833 746316839
866484343 620289048
787531262 649761166
988574209 154596761
385837278 451590351
620443669 951504726
285257876 496506931
924780035 315466933
849247890 74337415
65669324 340778218
208008725 926682787
873136357 35526164
887208465 661795770
957595729 25695272
947043904 372104995
572641782 32254335
675548340 990072722
801152678 373192780
173906677 58227921
233638700 158533022
580870602 481048421
286112872 633770752
28978663 957464300
619705852 875960935
22568562 888988210
49368181 759108051
414572910 122867013
911057291 695316953
27954235 882845040
609367243 473449293
374975123 18675346
273148581 142418752
613186291 45696560
146071536 738345684
548398761 135081466
68838141 803834761
933021969 410826717
55811944 33185934
167673187 277951628
872722972 736506145
378002750 914552
513232725 10944141
452923751 373538354
976391258 618521502
716569268 230544199
839816869 55651865
168042233 374570001
680166514 379158052
819471492 508468958
971816427 246819288
665405939 872760247
723988934 329952185
373113552 65390231
750451928 72969598
233354584 885517542
484775618 897915770
497231784 489434911
852088772 746304741
282870018 11808261
962863090 299867970
828482240 401423416
265042060 349911913
921834310 338143150
352588634 563373390
495025537 171352213
715320677 717059837
389271063 931242287
923079363 540594381
448917580 109237532
342636220 138581693
620837077 523629578
639074708 749471537
66069444 333665370
764771648 632031633
632044123 358627682
646933298 85426850
767498036 736035926
653813827 227121138
277633407 100560199
764011860 977033768
697113662 390147652
213907930 468411607
438002326 253526356
652486760 33237318
533617588 382635405
570181808 314565904
286765436 690781506
191383248 733309418
830965229 202898574
71894532 817017853
424542110 447283300
335755592 349530018
176084807 983030005
268180143 520274471
638947421 531981051
731322068 645085757
241231125 459644041
445454384 675506101
199689688 873250772
529568196 331043870
881171622 378112259
464186136 630555520
35668116 859689636
280277857 108052011
205210540 760892816
770583354 446919594
411671903 431976500
395434740 573118511
3319652 278474479
775875677 423090163
997791979 357275740
640038776 725869763
32991034 422172416
775612313 626331016
41745960 54749723
747553294 640012471
431615358 70829552
753775126 871518414
629183100 882186062
620380081 40762136
947269220 235720033
184510148 762649335
846616742 663338505
224041823 123784744
74354280 789373624
541017598 432212864
742202544 291971694
774938335 868470093
648119201 223863617
892532121 58819920
656395596 112060660
878025756 462352776
356652342 706767618
765069255 994128814
305895760 722370777
471317924 655558003
547547349 878324650
792159981 31679149
438077527 181476580
305777855 120999671
821781164 486325546
892973180 946638571
619071222 132252156
38624746 62375392
593522723 952444206
730360966 686689097
980346751 337025360
438253209 874747444
212017729 699368377
694076472 156376201
93790824 256020424
2729460 718554899
185354035 908127528
433896990 10378902
315531423 552851931
731687471 940077183
641221487 974921517
64194269 500896469
346217020 290367896
1603654 945133128
532471021 28898098
226884579 233095336
239164849 222426043
66062995 840782928
654399603 968807849
799551283 876546197
79137564 420940192
28386009 267666139
71850328 453417681
262033879 767343551
398751229 398276456
4723637 98324115
907312949 303975288
389287099 705083352
199984699 549198649
344645984 789194971
39654433 567714806
855383846 802854272
177311536 645141940
292739232 841191181
736790659 759334462
178204306 520826133
442990478 606559715
813114978 56583592
490883691 80715900
885614932 452918965
10959076 171219817
767785136 356201307
10093819 483169906
432502703 566519900
246229 589289516
421317885 518679741
196396915 110919931
409223990 71130955
588125210 576397730
107310892 712936958
974392983 305702838
52652025 134839684
971494993 718808584
296162180 157465271
763109375 500763584
832224099 445000017
666827202 628743239
880254961 891510039
390336183 40285390
995628255 422144639
899155970 138677886
230925133 614168191
564528360 18851458
539342667 669618120
411507399 906500605
492590678 998926656
847707105 252140477
140529761 589200368
741463748 87520234
24021411 892648798
742845608 837818584
301609908 340841730
658347185 931105075
897836563 960090132
821694593 367588020
812741133 928135494
610892050 379077348
643536794 2172228
35742755 521021494
200009405 50437201
35430966 935519861
690315768 457487422
960291418 326718300
708056470 105979194
122993106 806312800
683040864 5395887
574734016 56103513
314538782 559292652
866824753 61946272
169131499 921634467
270734545 754971822
355722913 150223120
272232966 171471328
691213588 600282858
703251828 966949203
541668849 220178408
873537953 818183244
801558374 24641491
840686830 977309343
566724201 601351170
10293791 720456405
949624177 819971337
829641988 523117432
91936924 632320791
25420519 934402506
42805329 751755398
664817182 932352719
709080789 996756726
159042740 199623721
890468747 614059276
658999183 943872388
806730725 642669161
879148031 437904668
388566481 584187282
771208392 137441399
902727476 52180113
703862073 22953486
123915247 93150548
700414879 460108714
465699701 118071377
532300358 45575622
671861521 900508679
72495546 775908215
24631787 889509591
932375749 175341034
475668480 765398067
231707159 535745315
180768240 968545537
136018147 560193614
570043936 103465933
351135955 396504266
559880526 30487011
50960520 400998088
474221324 629003304
244419288 329626288
744757952 64547070
164743800 614881175
11668384 229810804
523913897 664764723
838587105 428567051
901047012 342467569
922252238 7454994
62412132 518117230
487769460 540429769
133597625 313526406
799883461 360521167
95943225 260140902
646795800 750303363
444465732 775594732
990467214 385905848
972680131 638791193
412880019 39221028
187048258 618001830
822375589 163245431
930067063 779009017
38286927 977189260
474599666 775728806
314575481 296687988
991850373 600221556
40991086 877433444
844673604 67454649
326441856 437786057
654020878 685855367
598656575 101351408
194570381 390806706
964907509 722692418
549264819 140230034
814840144 670778835
365615104 105304703
968900797 874791288
686144010 167745832
2433043 210540411
72370095 706149286
215099987 846519070
604206496 207104296
930637990 931011205
542374793 914502695
505632076 986680850
128682399 329060257
349782099 328086099
67238730 385655207
315527906 46703523
71374198 191264627
57916359 150748868
11075325 964017560
707061899 634741664
957706980 966826972
429660766 655866683
181697577 779172677
126212520 343185294
932167606 125889852
582951161 369116880
268115691 36992064
62607378 737180064
561728290 180287022
851469228 414513960
803901004 456584929
872046423 53991187
260478320 573039755
456454223 363714144
127774659 626005681
72341631 136921804
919676367 477975330
79555172 656763217
12401335 739860644
839376545 467403548
973667335 869509754
908825347 7175058
560155514 153207452
922591893 45374365
607272546 392188384
342064394 496542070
14750563 17688017
956447187 880207381
451760277 138912305
835457386 249669214
779235335 880626399
693005922 322870017
375575869 913364363
690202642 998331402
498792733 485338489
427303625 164063434
967779357 92165878
449030335 51333227
744711759 782609251
710443976 590479734
746763077 729885517
766234116 68209867
596687154 572717585
771610579 829280089
39691222 321368440
189506468 569536349
83468591 224419492
310141220 806223357
171226909 346386368
43034785 54938690
820660945 589938127
290597166 110403221
193147768 671526301
730731505 243097871
445659067 534403608
208641999 738929993
729153888 243588109
352396182 338136022
926150306 617779468
199775950 399552214
86245294 775545187
164624750 557435071
412385831 292309512
284916462 929505
42748506 712484432
469302590 420685400
904952780 464651184
692938501 423877857
861507322 522386002
70516920 562641297
24110570 30221525
812415723 249290022
128152230 29083447
938620317 919100356
414491892 800719876
100471291 812839597
276504362 914368862
267464722 829956801
184444554 600536788
817554765 704475324
737793905 469354455
109553027 298696312
624689936 557733490
176530274 613398017
558249503 800088687
857260624 43547693
342707399 964725327
420103932 32161799
255243007 686795644
742487419 888840954
11199088 18563989
669631116 567022176
12245239 979885789
849639935 763694626
593710604 205060315
176427901 24228725
591287490 796466942
622774503 553435848
984365925 674219308
56478198 734426781
460835931 717036599
590164100 355241249
61700297 50205592
723749087 596057283
785425920 501295071
930348475 894690367
479214342 347453202
662601975 383223276
648610601 286364589
433507452 275198526
128165578 585852302
399805668 19467594
426917396 445948363
501718993 50722031
762031990 369142229
406280624 400620992
778883557 146182279
254849595 560115112
746752155 161188014
180360585 184338532
701418274 890769260
897183803 36554187
265859165 936398879
84320097 653289191
950230861 1852839
147110451 514353806
560418951 966711374
856164662 274315693
707529443 613203788
32801652 42703567
55487158 897026015
168573135 929236319
202270260 176400805
271831639 169501494
292521841 499255535
139713591 558818559
864881590 304472632
748005730 48860412
252504055 795783730
274943395 466139362
434916504 826561599
259520188 465224142
58468601 626986708
664309083 971617868
210278431 205681213
549492108 614293403
52878870 149331529
987613534 731261331
184236468 55470820
406336840 995765917
337723762 515438451
661041476 383772638
615630404 755862245
770188118 893409620
632749133 3405607
584437449 895343521
71231630 138623213
250283834 868566552
609625339 516265849
723544907 68244898
415750515 356781407
46779143 861521975
145415761 78632704
378369051 424719768
777306920 927136383
623990288 541823759
32191521 356798795
884386272 947362556
27925367 338559005
406851343 606749141
917524916 208345723
585616247 671720056
122666648 242997506
173301134 906530740
769136281 813679902
540889582 806175694
917702774 569744870
197332032 803046630
788166801 263234499
570748788 589157032
386327346 366297781
543168443 691313776
388674409 818376399
44810665 424604349
621803144 139583909
23359583 860250300
880281069 37727481
984697530 70670702
385231692 856845996
562313358 93253981
905702571 806777166
388633289 839284852
78181551 755797018
847724709 913001983
592048470 31551988
503872154 800221693
317965704 743762159
57711045 757492237
674839160 766410438
648068968 167057
436982100 827726118
150785923 865261708
544006685 172031209
777810917 863175327
481771408 902248324
296437210 281637832
2718958 961006995
506161609 303231085
495879890 80334103
724234424 315725614
694893093 168537998
386235134 420931448
491199931 259972580
835371151 685171687
515818556 415070675
386061727 891316515
775484372 454898374
843471837 620377954
184638988 863519757
746920221 365073304
460081794 951982701
92848937 59735693
62042062 556840299
45558946 256336351
272323784 173212930
408084122 506644136
508765013 89822640
507098682 346321739
6200005 115117006
787942413 707716436
502142654 224379210
565197133 294970326
118142927 879541946
188032318 45175568
608800791 878740742
589894153 9338126
375850507 695110333
151791418 940101108
519867088 127861081
571388520 848843314
891014665 141951137
967022159 702102490
322124915 544271544
658389299 434371403
530515621 50614614
384824857 262532056
7646857 916014342
813224546 194792233
271951908 635769778
523870076 667313370
771199085 684272236
617612634 316377310
132 92 70 124 130 125 112 139 61 