876
492508014 384402652
26012525 195972666
71705080 525904495
594227234 364251779
252417730 710773201
993032391 942052622
700733612 101930639
780335316 908793788
102832682 239865692
46904309 785057112
267852871 400811716
640998195 950299265
955991555 975792214
526771359 51857490
514165130 879827537
19911992 419860129
934366885 251589881
21855123 26073223
200092184 78046276
44464789 660797250
541868823 801931107
333176061 148595970
860093080 68099813
669561184 2716978
202117 437682848
143437438 311732467
743157366 110878179
344316924 714271139
260715709 881051339
148732605 367458370
984296225 815023399
776001712 36527239
924530823 798261071
864224337 337723293
425964922 247487442
146502309 582660234
330378876 1044252
345842467 414162576
656544391 836479685
899442705 61266286
273475189 744392607
895680767 597564813
456975548 18152943
733003476 10663106
917041104 468719243
158984511 445505847
38325969 100558591
7443273 540451196
21253929 344843396
219476055 17354915
713685872 206154868
488804621 362555286
7267096 521180112
640447292 981714975
101122308 395250929
170323851 389484044
73062281 961028830
602993826 968924404
940117012 615819863
244413601 687250943
735875086 417866769
27600599 907546456
334338894 237321257
91015864 622498702
287358149 456583714
414427630 59482490
453103744 636015397
579902911 949099738
384213748 544616728
619064604 540570023
607509690 384324420
330921989 862570932
442867008 434857522
597113581 64388401
95867774 673927310
949928315 917806858
842509909 672214587
767070355 267494364
916901299 999331008
584900084 792361604
33507401 811287138
647784547 533354661
502304746 345648414
682792605 638858709
578362443 839393379
376374259 572529195
684964705 393582432
212503903 150082697
265646746 729148642
763270783 583243486
322268859 570324943
44830757 382880330
372773301 894916942
181677806 968681295
891789925 62699939
400691347 202821486
26701592 505962027
46924248 981806082
944355590 300479980
613798262 538670491
831892196 661977299
753484387 806470689
845438674 602051724
934502386 838726292
663068747 677368995
286377417 5411511
63789685 72468475
989219033 516675863
970919040 687197584
661762574 148452267
141580663 605814854
481635379 963446901
641680282 780955298
78765501 11307059
18450940 672659488
694848966 681297555
220406562 168978730
714614230 241886737
67902220 858503351
144726322 546725311
241573444 640722479
40240057 389152309
735805074 992651915
103565196 948938398
894928195 132399071
361540766 318253670
148212808 831464172
851256394 5603910
558353676 339394192
224614104 509801084
716518170 243524034
28886053 70313302
162830377 312131202
576965414 880072307
733432839 18150119
942209546 530002656
596338595 951640540
524168758 707531750
816378207 987028472
69776393 547820271
186246787 683236091
416594523 414648599
53553869 587200179
309036333 348810221
912825093 652520269
614310433 530164364
163591388 54661894
426985426 318458138
388724584 302702591
417453443 881571877
2633494 392963367
438458476 143270165
968416989 640761005
8326037 865899646
540634558 331543384
449334651 507077606
577888391 569603750
453324029 392541786
772398499 767594583
453536917 414591361
632913358 857164912
78794088 813156822
496175220 513241270
720894369 709794514
756291715 146542643
583024707 591831443
250814991 418763766
122839895 52531222
814965670 323218058
411502454 439381044
133525902 779478489
899133832 5621080
621122083 717590411
691215384 412053581
521397001 572640460
590397883 326215559
313609578 151574128
712033905 559080651
469737360 626172719
680282960 876845859
783957522 358035418
756374476 269719634
527131755 848233783
320015361 375344008
750108367 284995148
44065950 160185663
35085757 808932678
344377589 942966401
58956567 456024370
997316227 19360696
494362274 494428437
894560174 374260750
322883222 959294397
429524339 880719714
832063851 106171453
154205457 157260136
202656027 28460299
265253918 576903821
694190006 500252003
867330111 12127714
460026829 483387914
17127579 280419440
906243605 878116457
362019692 199803727
574853740 690873382
54859553 525982027
191625813 190283323
826939424 101620074
100058557 29001005
875341026 818861153
695978571 694517278
584837788 548866623
48843208 926057362
360000792 779010497
330757004 536775169
97930266 297146266
149661409 241433137
635567717 659103418
609755485 241995367
100458055 206768385
956827403 105487611
437381489 794712976
780050105 852060329
896141566 2227371
401579275 997096354
230180207 221144096
862336821 960754373
180226862 38288780
152864857 306464349
954532676 284610247
285149055 465079506
138327988 79609948
710901850 503279663
585422427 707243157
113788631 263004941
688036640 357393470
297586466 357406020
691227785 839251044
704912252 10183814
697862836 309405680
92758241 202395863
463367279 52132555
430120134 871138635
468914803 885349215
818582565 944878588
811029679 338703543
940943767 211731292
438681119 900120409
260047725 135812668
938347932 226796323
355533538 339173960
178983416 517207787
319761995 359892684
24990536 499249957
47516351 457257258
158343631 943829472
312344755 68064536
120038182 471709873
319053994 226278238
961632416 421861568
58055985 264669669
406641424 48948055
401126285 792806065
716066565 977861272
668761262 131620359
267012076 190596573
340472241 10328888
86586245 435982653
140235654 227655984
390797358 927260263
635292939 277618967
235443626 232254409
153889631 619229741
967172233 6967776
152959301 462232717
375778067 384122242
525125869 62825262
814607675 634105046
488893615 653710936
19720604 554734770
176032754 594511943
910049001 303365815
471292739 228746489
590039310 289244399
150872366 957313815
120896949 267864240
355659227 260320446
733765930 548957300
915277903 979229080
597432548 740818791
974386067 842021501
508626652 532041374
335884683 551204467
933257635 66539428
666869292 590489335
68173267 162917491
135399462 587585372
277192283 727815474
150420260 668487312
553651996 244804106
542367460 272543720
541302689 616992774
518459377 461290788
199445096 348891114
692580259 67676569
117397002 73801708
144136316 926864174
869043115 513550400
893902261 739519255
51435445 495893285
416543259 9043820
507617761 950767378
146960542 22421378
592710521 532109270
838512107 360860558
483125308 971482150
586730487 664716104
920029787 60544340
44084406 878786809
206330394 604383772
626805432 617550176
723028236 882588199
461116474 47902863
44085123 173720167
582902771 47723305
925303837 692021956
30372160 299799404
179170249 516186131
457246502 951684275
135912105 594364203
930204816 467495769
587877487 383781776
405877616 526196400
466030904 79311458
641510706 585621972
209552215 552849277
88027994 773364401
117547787 820935910
936221078 874493360
855807488 547362408
616071162 445382910
144293517 431021484
903870768 532710586
44611431 706479877
442609769 282804934
700056466 534168336
244590572 12925229
519453184 214632285
486395566 70109998
111000508 342718714
443967579 54519667
887247341 473734791
19618352 816240074
786505978 208501483
611553690 57785554
634230703 119014806
858691212 677540761
690256286 910788405
821914184 475319230
505082146 891469451
631851922 170600725
910601520 302003572
526754329 505645670
484723320 134094885
813850816 165622604
758054994 490781784
894268202 67839696
841413211 850243487
519535025 744106619
326204596 804775341
258382902 940169365
861339663 12778929
812092537 31781164
107328896 2665829
341180316 253431032
956040081 508276710
50776907 758162469
151009872 82391246
725842405 78757173
23017501 41147075
122453990 184032099
447974774 157605394
109687039 897941259
440969121 393785812
511084882 721211118
567369675 71520295
752355615 732877732
94329925 389257686
773178455 446468498
686245891 936533729
15110317 787885459
19401949 800309053
186103136 118872529
177573351 972877531
193186647 557818437
332296422 504202183
446656852 179111692
481002750 855028314
802603993 804708861
677068629 278750949
979021670 542837217
514241711 12814931
211772 994879394
370225844 364208480
302301380 875978080
585191001 131933551
152661928 62284520
394176679 619094962
738626179 382309722
530163280 886554425
818307144 862850478
159289926 931641094
696604539 171120844
317367329 522074119
165987752 225985222
925361341 859588188
933270540 769371764
489571686 920034280
316101769 348862635
862427301 936950233
940606488 693310966
337416418 654228482
725969133 63535833
651552064 94059756
17538284 900740008
371841293 667439618
382466343 89560166
149322335 656409069
60872421 200386224
417621473 827918418
661086586 647371897
593320035 749912071
531121349 970451876
250200896 517163882
506710099 803753523
559492624 672186665
662398980 871137470
653445771 76061876
369284669 479654592
391123603 425979377
732702326 751498539
886773563 541763101
801579110 975741505
658195570 833953133
372984644 253098588
182953788 193479125
52594236 441101338
828925788 218479145
115962784 397047689
91090922 248736362
136843767 106290886
724889621 41859295
497850975 50562856
550343756 159334165
843368339 899172186
393708859 12696769
13854422 438633399
274780657 923840785
838105804 132921938
896601099 513353275
322255470 1547781
660408930 328053571
687510091 28554979
197393440 517148771
377254384 168644025
569410108 63626697
48841890 823027690
223813454 118702361
752747914 344959094
133615674 769450466
826496599 828635661
691773549 87588719
154050186 647288383
274942964 57267150
759947301 48035141
69126622 456087855
213213053 13805911
400317790 94147134
433778176 103122477
121018043 47063243
446878405 998594060
257750291 971897168
714897812 927683755
112862452 384640734
37302143 672838698
107928430 590626963
616026803 593516508
884427868 12113074
261189553 979353051
845310106 462830076
823633346 122941347
626736257 188796712
905995958 27883742
554846650 481856403
238452785 834143707
642178071 306703279
635738446 348500109
16048311 893740056
54327601 702402863
450488892 271327667
679027626 222860054
917689346 257231314
706314778 131539137
790148157 104344058
650491387 759451508
190399762 432413995
522291015 925758454
952209075 181748341
422490171 717627330
35615798 348838001
992491843 16681600
918554019 61042954
500128004 88101457
252395020 935222361
581590487 673724119
910517754 17552615
186306265 525671027
562554943 963819871
281111575 116395778
954010716 621227353
850416782 70924661
156069670 803756014
645869600 123943304
185403411 741878863
729159451 593598971
68317095 699211997
316662074 401577850
919337453 577360631
658359421 725049622
433174078 478281889
858736586 487947384
669946522 342075081
349892490 543303952
345576478 620154610
984414668 859202288
970795839 452182581
937299029 296067935
558488656 302033137
302865963 313848824
945999409 224434811
517856134 566617838
936512888 451962109
60955724 603388670
600178133 513423175
85287039 760433854
510131879 987226346
778640153 712068504
883257251 873047813
630500254 117029582
478888915 266715226
806348729 497854378
851933325 796454840
746994072 507188700
471839270 996349202
648006568 827668105
497404605 784795253
992865154 547467121
397074702 937791349
610511652 462401109
299406865 252148926
668260996 156043240
106236256 243096041
713326500 137957459
623963649 191119548
750901259 941000920
479027193 203850209
93245293 404467407
851398213 365344039
342146599 512210292
600037898 128883855
752295888 376513552
115917739 845571924
232477946 940987600
444172410 727269392
737380073 930069861
714545772 960921079
743026587 431333402
80921289 508879700
827124108 62025834
379317296 736053485
546654186 249525789
674395248 454502475
34724620 853037191
532502588 658446349
65798634 471077245
576320721 979937100
791608373 198904724
875786100 708913552
464482880 265750467
861427164 403137033
31050686 424163939
922583310 691598803
24906393 61392811
68858401 930864584
9518252 883843262
990952926 86453632
403646972 446797518
72457040 13709505
32334182 445835532
372967318 795848558
152561200 999100826
824829457 934369963
912251070 498393824
189711799 137381563
937051555 784691084
360371809 891758085
14983028 126398015
327511537 785824058
705746119 627717748
493664822 143632280
159009928 87828881
153098969 942047732
809389527 952109937
303848399 414950913
34010759 706749005
389853678 767787675
56272475 478658958
810076719 882078598
190575519 244033783
121376100 360050420
765303916 26785139
8577500 314241918
909310390 182819551
366113107 247280217
198661769 972322880
274488590 904083312
676759773 808705829
186714963 655192445
333432960 947429370
976131687 163340482
135178563 37089728
223025435 923611717
936567298 356683869
529045067 602312638
261367861 930231658
432291070 326392647
46077913 33959898
387976889 760135261
469653055 24414354
934111289 40656639
622702429 934185292
584333098 210101456
800032751 220041959
578208035 924273259
746482031 572720957
7951586 583872549
982597561 22832253
335087504 566129197
460763865 35828372
889328773 817023331
238713760 774234465
509725305 367400384
435482642 243182609
125493911 773522456
287858414 877316674
859778065 506994027
796243946 218122479
641203046 153708771
998469277 622998474
478934544 616918272
856778375 210302231
613381448 16589166
706437572 450411189
116093473 739273921
352711201 450393722
918800386 799990925
458238369 204206007
265871841 777749971
607417800 31115142
898135066 48264518
720351911 23304628
308597276 674975444
572425766 581415364
655631532 187237576
656879273 977268223
138793270 971626739
595586750 893202959
829187952 950745271
218917714 238436065
515370210 114983340
964973316 431538481
4063170 586991103
10186872 436144375
98019281 821416622
189254757 39811432
434861588 420466158
817090188 107454166
498539140 272707191
918868979 936666426
249247137 362583587
940400439 260930506
59015429 658251160
649450294 192938305
614844704 664251058
198597630 616846106
994142730 13165579
520057145 614652852
325973118 954963701
702222578 157276863
150724920 9508193
439816024 810679737
742141906 339079204
99119603 564068947
771704016 858724860
453291940 987258084
303130504 971864024
10632344 692816497
870894319 887757888
757320311 217887423
25852004 292652570
439117345 70684758
360246988 355033339
255336451 519029394
63287737 490045445
472485122 87760932
737735754 506606136
526472798 846969100
207718362 529747227
922634132 783882477
456132548 22645455
333690824 196161362
885051853 397124052
795359694 553432769
386694749 880635098
710790641 317943166
719742221 491602888
374380556 777708289
266884766 468240280
120803123 997554151
276866626 215908305
805854133 457772584
755572620 31909069
918495465 237388618
50026214 59323031
930702279 181145283
489868649 724420811
240045381 542752158
969136751 515363735
454194177 819990582
164060355 528613644
54235472 573244323
421251944 454893866
395824083 402057621
211682888 422589913
700904211 968607509
650195174 223740838
309623916 166639734
748147425 482432732
387546584 759160938
614469817 13269103
776352129 822244809
467965029 366021462
62660378 691393787
671116568 743503080
885156990 380584628
531654368 214461842
844919823 654192120
40128400 322199893
8947820 730806490
241730240 572040266
283973276 17311706
31085030 862055737
523408418 402062789
31883132 900456379
516307284 114934356
74593307 299141622
507804359 560486745
53034240 53925217
248477416 144613714
610793473 121997108
101826168 41715493
66777168 862995841
349336724 65745545
341289855 507503927
321126223 524854223
53001268 563651567
428790895 580975596
641225677 26237075
153258009 802953787
10091672 803086862
496428946 709616604
159977750 613038425
137529253 781457078
569155673 491976438
979664871 963723576
702182914 216393209
57880451 1734277
537845745 206175050
599911722 798186133
59072057 167186085
401600790 313422777
146300929 894928440
804543890 599307164
701129020 214651312
761272778 605723357
21173959 185844031
653882702 233458738
247738307 762039656
275546163 546353737
807054288 474038301
78741491 970808567
815238480 391363568
328038108 728146134
735210741 822781334
824311273 954499019
383143071 647614086
644451924 6794504
487766353 915587975
480403679 272570996
924307237 724702538
587246897 454040997
219355189 564001897
185545987 41941450
13748584 153669238
736006944 35932129
641296547 716473782
616691176 269825970
579270286 645794575
299893532 341458406
229174256 489173360
276412037 983409302
73121163 948328362
223767690 885417758
714555126 912957105
443485439 724695531
29827936 41756494
322842031 848970190
214933380 966736530
721741945 781506039
939707957 382765745
492836654 954732526
722624165 391088898
902956290 41348914
338758120 188763871
466353077 139907382
228361195 98857283
909273329 597515369
462681307 864907751
100980970 15393325
466071668 915907380
448492061 154361305
40361702 375141276
307117413 40452053
547885210 411839924
19639889 84848819
915894583 290289975
621880431 766673329
712099988 309496409
492353356 874067638
806982890 891880655
690482980 575804319
71642044 548010315
923257712 352279357
508841112 708478666
948154330 71157226
10249056 673297184
844544118 887833824
649090089 618110896
564563539 430424844
34108579 506196512
537519701 649002171
427205074 29533172
685116417 888097307
481376802 50517006
961308433 829931512
496839838 802455176
494441208 550125314
63831532 412174254
841023103 573904687
271140847 496103934
704128258 504139090
798112084 363909564
271781456 148528032
494367069 756315616
36346813 443616240
215279108 701464042
126 68 142 71 73 94 82 91 129 