939
99690269 595380007
21050052 183586717
354281075 430410684
118870379 855202932
551351327 392763820
521516897 741864114
253310017 24097561
261925514 732211995
684957250 958516063
226723877 226379074
927747659 679443651
266024689 748446063
361236490 32743226
532009867 771186077
65461965 140224262
78374912 689003263
52511845 321855817
642072922 860207906
131282826 468889436
926781725 140908939
210996200 23320723
800710325 454584128
515983079 119785178
393470057 283948329
308758583 725184856
80264446 373102903
977560671 608854787
985586016 44844195
849641301 865846459
788864360 368974733
841464387 825463607
223740992 607141754
641441491 409556488
770235724 933253209
550877140 430847784
144322538 585561724
396373252 496733514
624322355 342601404
280693566 553237538
129960531 36934132
345189486 419366135
81600830 715672422
747178156 21457478
474728539 811689943
984620025 982564812
26648057 927212707
345747579 811808950
493345890 173401077
73975465 880185995
871611965 788054265
594894976 362807169
342723585 866917947
335404153 788802344
27165327 669361066
48981648 774911963
108687627 233313733
467305661 338173852
561874498 810224101
861998037 78843805
200011966 384614354
647728097 897402794
741915333 900355453
900450228 111966283
476031273 117993588
385037920 134803681
508653735 29907299
44251691 427889747
980771035 705872418
912146207 82199853
22555423 223733052
510273539 784594323
680946583 855932691
284947993 939155098
861956795 16737084
930329856 2988497
183356341 318374551
90877888 602047674
309355120 888889780
87672701 732158880
428490063 760861963
431245991 433232424
447821220 51894857
894596341 68026496
542453264 25938815
786975452 672957104
379992623 842151872
14039979 162542784
14885906 82193507
475872625 591818269
965395441 154394042
477305475 790460816
608821585 579348067
370611529 344578426
666668407 144527653
613491866 49496605
156667826 926993256
647083277 482525241
14975467 251245028
859307053 364523266
784298116 716343724
48725624 831771975
100136033 322327825
209595474 194489257
503449008 998803752
492744854 615560123
44473683 852484849
834703635 150585599
13395800 626394982
854076883 777449919
286917401 594066224
397827584 862808944
836263403 978067053
121716217 689179396
312915911 922421454
611155945 619137650
866194554 686574866
556183173 527000705
416253347 265904395
835815052 641582931
842776852 853570297
65793511 56908378
936897524 378845321
904853239 25056031
95999188 270093758
28139268 421541113
844354034 184698954
742351487 130989301
298448221 402104993
379760109 595467508
217117733 717129150
898553977 745502350
380074256 572960936
738883213 852540603
608172965 42115325
789714082 788070840
83856865 304920388
501705557 706500015
800926133 766986903
18330700 546516861
380503411 806520176
40205253 555074687
548783920 851320719
770261870 279176657
682116512 243961118
410710349 828838000
226573884 763600177
960764973 643244004
282078419 313138592
961341311 823112708
391628699 701106817
92632283 942234714
490605927 884763505
62882373 39178165
88168169 460619018
965411734 242685111
406143554 422290179
350262391 730093680
772352668 830007068
263967555 565926387
810888431 582147934
16774981 15710647
202878973 6359878
432643505 268362749
804901460 58755509
862313993 823313118
72533271 352135196
204303729 17332485
221267829 741446549
73257336 195469547
12228624 370717961
450939950 209917364
255926279 263488846
57489294 605423285
592671270 392781568
801878242 738392567
9496168 113672466
15770842 285115223
511004206 472937131
221139302 70269151
951527369 521596798
346818137 991588350
10803973 662689815
720643844 688344639
733405083 665377103
37450063 777208160
532583686 436623834
859192428 157079514
840618214 598510990
731889037 53183933
826920075 334149755
969439716 56445693
750769675 304504309
598540530 262866648
184308578 811170917
132608875 706737155
573086616 13147024
747831070 900152248
634688292 974765881
109345517 85714567
679259779 574527571
398156755 261473646
463142877 552191747
967054867 495138713
416660632 697600721
500907640 591693663
684604093 592240292
450187472 580224675
68075431 259763913
918404642 974922928
520107531 903459144
638527162 879853002
833174539 72195848
27723043 322161695
82898176 358727564
518549487 588758308
19995429 905373459
296017957 98689353
186185591 155771471
253295475 806125955
465561780 273003010
468502258 58095545
435792101 10711491
208291702 393450092
374217429 19203556
31603521 412553515
46266815 968727274
530174868 238483122
505724152 341505058
32876247 451819486
668874531 349235345
62000776 31711540
967799932 32711767
21258824 69708919
939848447 145829693
592031184 318210780
895766180 998207155
985509083 323536184
838815795 384098967
341715142 115743770
245434599 87627520
446204406 112993594
48223450 708559753
643168871 590526323
612744548 320061063
891276472 31444541
242594184 409617831
757546656 820049808
600075316 122191033
991239177 284816160
494040683 458524559
946437390 528562653
490300713 9919152
418479139 964120269
383099842 171608057
825357878 69853162
825560602 324163733
353486999 635102471
528548446 910897108
68903319 886651359
140599830 793264804
790450559 146312165
983606758 166713252
235836264 13106823
281094195 730745765
946184913 408301517
311926082 802235548
611174740 792582557
364199179 237013412
121974194 180683724
701278569 767061942
510188800 924769876
43631962 352122366
873847462 317066587
5847917 419152067
660672626 221280812
650032801 32037896
841619803 803878893
560085828 332529557
203560416 787783032
765265891 163267430
826587458 677436017
525861560 228232562
160773525 63955111
907774832 509071499
308649091 71067535
736374811 865234956
587056398 113385782
645439739 843984762
756987229 83204334
470459680 321932095
760950271 368264941
481814678 196894266
42770416 585424097
671460590 645338630
956193394 463355629
35377623 926143915
681244754 927762762
247043321 709163049
561807472 529235048
881022606 760344095
993992812 629196425
648878063 776453974
959484876 59188174
399666346 566034650
847163923 85066352
596008622 28426244
797915567 53954596
136241425 455182011
12484932 648171224
211397075 118950805
516918386 18326339
15954653 923754009
930674754 809809405
729307938 536983054
174638705 58612493
331428982 367307007
450722061 5309677
292587014 759292032
154948583 652348308
140688354 886538166
437439031 450464533
313357750 546454059
504610646 798843817
971377411 106211719
34112640 10476785
88298232 62463230
326096183 340375460
143430209 464340286
775712013 673841618
828510584 503258859
677845816 21677211
320704318 923871820
165635735 681516613
482859185 497148014
385115094 201932545
990629740 35672720
507303060 707862333
856035424 521451226
365707454 35653587
670984599 41261497
672615775 16746941
319307075 890622968
277643837 159160113
685020985 887131683
904314403 380654041
658664329 73038364
371426345 637041731
920700945 805256687
179855869 601275264
262156760 129777754
436937329 734365119
483770700 166798712
69007170 951282
375783430 604526868
35099648 715911664
772322645 401633665
195688333 377534099
347257977 997645691
796249720 832411798
132282141 520556340
472921440 781444397
447948087 522238358
479990680 365106505
611801958 57008193
695841740 191528025
941821378 753553201
773668111 870575103
437691861 33497740
765155418 685576348
53364218 622409418
298481081 638184578
680514270 643933203
55960471 272004849
950860352 588336532
464006633 482995069
702493894 738537204
110111173 533236402
484444611 549346644
69419919 619401372
808916633 978839321
25021210 788884362
128820268 479151787
688583345 420750804
331057715 711210136
435950681 530935224
252608711 629579161
120296675 924511941
364831460 720348590
6613480 144443227
738937431 654518827
511967279 671081600
87106760 210517594
479254626 369710910
747960095 980182912
100786957 723728256
586755109 781663729
805793382 581318692
475960147 824735174
163656271 757276132
730592094 773787705
635439184 867935466
69046862 104139635
531554992 561612111
124428321 564162276
121866381 327436101
233834840 512077666
500438865 648221375
89631108 293361263
417991280 34727747
861898692 509322780
893026218 364247370
266727084 873934419
116021 986452761
206025379 557700151
620367809 863720611
480414191 361327385
170894956 237992734
387471637 278763684
744508582 150435979
497646108 326054539
78224502 584196578
663521311 990681357
200301839 920146213
863967427 505412445
530045085 993946975
416880567 50432626
841914354 25108400
151464412 689806177
589928416 513906028
268415836 389887968
137763882 75691882
443991364 962884636
250669380 817745812
8251263 755197272
69079811 42209663
57726788 376491316
932342308 827330339
247501082 595701229
379768841 313254450
178690079 724022063
11646922 23167582
262462665 870031034
484928703 404570287
570547483 116503335
597684355 556131520
13568334 156675811
749451269 143322789
672294756 283791752
261596311 703807096
11549597 781826862
338595181 39068255
893651392 264516039
25663442 189037538
898672949 358794361
815610842 428814687
295687410 24363630
19533004 7568105
154525209 453786312
901984757 328488462
500909744 65746426
339844702 418255781
600431777 739190990
205359932 756464570
806837524 58298294
435224335 709903948
781454008 9062575
509028413 257882212
930522771 388962161
578347066 361434245
510493492 447337814
121114496 143191710
910823225 606773365
119807221 862022513
332883926 437281884
134861533 778075905
18727197 188300898
900481416 628336691
576585786 53086507
131927706 551910478
250219039 241314844
327811974 197578434
900615085 428833648
256217054 27119099
226365667 724502100
691380550 390305575
281029649 891924795
492153885 381999231
454969933 38690128
652844073 369735984
871096113 441452130
931671825 254741004
536507580 137400927
184631016 348338051
897356761 878650789
536548935 58174513
810189504 700526184
259358613 869009089
795057208 110218711
631548801 737250109
270460996 248395328
328648482 920752678
763221633 468032241
912537072 143773021
475554982 38309273
840819550 791528194
70328701 141347552
192932029 722417469
679539642 918485038
493804352 86676952
417382944 409280137
7174124 905162945
323610541 70093519
629532343 652790434
689626795 180480309
599026593 272177257
799903215 139205176
882350829 403217136
780591323 482137374
291775840 49269084
109481530 706074649
980984316 291358503
5486654 405686287
300929230 809272123
794751249 247056364
100617604 829319435
388996181 521457960
551240712 222449347
690089647 325994292
139839896 120426835
15417015 749807030
130202075 343469634
360072804 454506218
167024906 268124744
447766047 163084054
286535156 585954411
240250038 500149583
455559675 525416484
72947716 787290168
686819019 54361292
647511209 433840409
718918573 296782611
417740498 18142196
845367299 607093098
442270719 391965447
654142811 295032492
45056262 930240319
65598815 705058049
419694531 453838779
767056252 157781308
136779000 815330580
779987344 993989044
382182711 46346632
155787239 689641458
276218138 932751550
456966973 54894208
629158874 941532784
111870732 433495460
201463006 157086976
523700535 56257534
389514096 868466945
296466877 746177604
30506532 914436433
95513282 216651363
256805392 47112690
109981824 617358624
581917777 219153357
851714261 937792503
304273234 712820636
143142380 99617768
990443746 513573236
835901196 736854594
814634154 387640888
43382733 162318985
705637753 657144231
656883233 651129491
179970711 488089220
675431951 422987413
528052133 604283543
593043424 309110734
977654542 184809910
627976544 572497658
728535702 743482664
677094976 199091755
611045867 106404187
201146139 804837100
392210426 19344242
602775132 245415014
951432008 453917767
777288283 765506434
108573667 743792041
756150373 568992506
556290180 506157643
131046471 412860000
572566203 434736156
613142805 608254594
36634270 996466950
14845962 172230123
49769778 835346449
785098601 25534440
6026592 25083275
768879466 586588138
722663872 369303357
627766409 752865075
965988489 404548641
290079937 956737666
419026337 71929738
48906653 398030071
629156261 44522663
713572977 591997749
504951449 624494343
865150002 723343945
979207795 590714703
630863992 535362855
118278244 106466084
704724004 892674
853867679 584432345
529009725 856161090
63989376 19195384
710531203 539052398
796591789 811510314
529703054 329829694
880358402 741424373
940791934 771479024
713990562 140809262
384857816 129510582
330109369 156761101
891179761 582895922
751773241 967710915
593762989 855683002
660061796 911720150
191973543 174287871
891594127 1480745
238292893 577782722
279664527 535268242
356517195 711066654
365086752 242283085
828801762 285454717
547557047 942266408
732890393 571752871
357844053 753452816
704224945 90797385
991972002 7217344
670487968 309295986
249610687 920617102
575705031 419792360
255795806 789083612
331063864 465687072
860295508 211303041
402826243 400893509
928166054 595771026
52685795 486712328
382805956 306934340
465950370 8096776
15043643 636657784
10467688 961306371
173968328 214058179
400935246 897850992
23062541 780238908
251172616 304237460
526797018 518813272
264123908 640718973
102766663 477791413
232270733 836513901
464190780 983066401
591781945 46710912
153346708 543043640
20159231 38497896
384645540 392219991
936672034 854227945
162832073 5189401
623600727 801341867
818533559 879110174
444100190 877610807
679029082 1933454
120419132 24919093
376484281 80092297
376303456 205078597
118790417 934238335
52004068 756375291
298762999 59594893
413855672 266502727
210343733 644556653
87609294 835794770
12840238 703475299
776432718 928279223
45080070 563806919
376839521 820105353
808216797 344658349
743098587 167408040
805855435 210463362
407698616 283783713
888403376 809649781
822071084 412542814
379155555 890460702
149048297 357823004
442717118 31755611
239900606 65516201
11128345 865478946
174655744 765591225
62779846 580378800
91879004 604452902
895463988 153255044
57930475 928002787
139817578 538946883
85212995 351699633
732860697 367651887
218957591 896833739
560934936 19071953
322584969 50073907
970922044 115077595
714374232 308274642
929129726 160135402
304135427 36909469
655271790 870770743
390255286 8483172
23558781 530262338
503530798 490418116
783632429 282079891
574801503 204649287
363768699 370724766
876586956 631125660
664646409 258604480
48242645 932317326
220802650 417912408
969174087 51302643
440018877 29587706
923671531 371235193
598988915 881569766
2077779 859918202
867042645 647884060
311770207 987086716
895297404 183131714
165780465 396019767
567751355 546877898
659811699 631346702
586363994 586827301
878095478 181424138
417719003 512972533
261960401 188254708
757509189 874245648
605788012 455347173
622098297 517478607
846596339 393128658
514290897 947660283
279152280 990040850
884585260 352553133
855556216 156319819
912194265 388871412
153281699 544037997
772734602 983449865
62825497 904807627
209018068 895728177
834035916 111267039
167524170 717650422
4628013 488694912
830728348 213546317
648043086 685582685
745293559 892559446
898127426 311460859
428543976 521541250
945474416 833651885
22886638 62337148
277756132 796820516
281081969 18752704
694176555 202320792
152109700 100105523
744730896 9898973
545013594 288371117
90506689 455970181
525841662 67198924
921822975 838340452
800611681 58189871
340137539 786741935
207874487 468808078
224639248 52138431
10114507 112624437
315016136 140338237
13160123 570746538
71491064 990338859
44921907 145632742
87781157 877306685
745414775 174486436
751014456 665997810
419585233 714332049
273507809 501684577
62141910 392792
334001689 784444714
891711199 763950274
788677542 201307873
839855307 356695461
528611817 130806023
727540926 609023828
625968231 140167484
35623104 600452111
57451800 748515621
167490635 854847996
6173670 342809615
358175586 215673270
648390988 761177093
117810006 229464234
333392911 284404733
510159227 738608041
122270022 442999435
852007606 172219779
206486884 482952016
140727111 377708049
45039042 17500831
361569648 832885464
616564016 63945807
928405217 620559679
68452040 266694073
213890129 631124508
953844943 985006715
738927218 809915562
354116259 799331664
639635 336873875
601990909 670152303
55857116 433554950
206754681 970994212
65388284 841021824
568711597 40063457
41259655 944121430
529911766 37254462
154444750 74013228
627431606 139348137
961135691 660081464
199377520 514760591
11936158 210257208
34261771 814577515
952783270 249606336
280893799 939504613
513472721 118032384
683908782 676676634
830250842 665451197
820317360 220652342
388445021 339159449
607422856 277002749
764919494 895417515
739728060 407410019
700923555 246555925
782822926 882393162
112474243 495185714
580506964 691303297
72940247 244142362
36683295 93085582
47754196 773674260
675876043 893101088
632752091 614115519
989114981 881099601
896803856 960606235
18348779 298713622
534888631 697877538
64001096 299432892
705658859 677913776
106642248 610818084
563188230 7452941
573958636 506408788
117321442 800556897
971440908 79442833
568450217 4126872
494476132 522915600
229084966 434153477
624393361 1346962
122388748 592433923
897319677 19658997
418374086 2827693
845744590 748628117
859558130 899129705
908798341 406652838
475391035 399868698
812003285 139882340
410048331 557030362
757351614 174558248
323097893 418024279
259656468 435553643
771956507 325765212
609245007 671154508
499482542 36904022
398562578 98394212
909037089 42237092
158306573 694597988
320439459 576570663
131856551 625568701
199356775 437051491
609944604 819430464
31811093 273396557
33088080 165209988
27182575 387255634
276726007 593184560
46992241 103519569
34395882 8854492
606647592 42256135
480402927 178535694
570570207 942522156
823690252 324557988
167662810 888878330
719925421 41587051
504301698 945766455
800485836 772384701
326785107 476241976
455167502 245594694
32935329 481912350
148332579 560014762
444509369 760351439
783505103 857610628
799594234 752762557
610481615 859664315
118562624 670680164
916942138 525726011
30617116 732761225
740301340 421137726
594185432 201761851
835976777 518013688
715233148 14327306
648407088 115530606
62414264 266958014
628711037 855426510
726515027 690728667
733480075 504143429
145904679 557905163
691535937 469903284
199145913 585065736
284480387 540748121
412999753 252443694
526582801 553522529
548541523 572430548
208633942 462236227
708770203 262612718
22252881 659624345
143004768 995144437
871479064 774347038
196147814 178673191
60886343 902086620
902705094 743965819
403574730 392103066
78827020 365167425
313522730 174929515
121965436 883979885
558515631 130406901
90 101 100 91 126 128 132 79 92 