946
258874785 347078653
775857828 368029735
41101356 164456622
88999772 547379976
931774437 924009146
270864335 384724831
434531885 610049337
48247786 192912337
231129182 233273354
864110509 337177576
938261451 709589621
563353046 717173307
719209380 981169670
700031698 850560831
142585375 305925620
369441655 350439319
38796179 533783255
111241170 660602139
298787669 3022021
479612175 209751784
140086775 41378854
409266771 900907465
205066206 668910717
631961987 101336875
529288118 352406618
432306370 616224550
235651334 519460163
118150894 840277704
846391577 24581551
699854420 733768671
58613044 405686663
274513009 140074961
68401845 370523055
431748512 158027662
458477762 308888764
332925181 834833558
957081203 287491460
711195069 414307065
276390336 239124907
253275443 280897112
871648679 822319967
564425949 897022447
584060864 525725008
207528496 22560979
72490027 673996139
183763388 405976795
834555110 11024300
24236034 335733250
869599756 51765489
64659022 309380234
7149964 418189517
48147393 231771745
603352058 904322517
920329266 173560114
881593654 695198513
329054948 580488932
41435797 485163994
359816888 607265524
555940415 434161666
318787426 724725228
497959473 635480338
791797873 25656698
919883043 357962977
604237792 300076280
423288220 677993817
506075447 2555545
163263502 592296310
28876031 330383053
798520100 871382419
701162020 42418493
396636091 722466639
265157092 572772880
734008602 397710292
388542391 154583495
836950281 33824053
990126751 318919993
182554084 157706585
939792347 357244752
600506549 189818673
28479718 480301594
939583658 855088722
204535900 806157351
682810198 833537902
56639328 240358329
195211123 49167693
598157225 323948260
338640190 990552824
202583894 982091815
201382658 322777186
699336339 373597380
821366759 907632608
212076761 969715854
472281260 468615067
204136058 121618611
232555669 836121567
435542207 503532524
434168448 42777886
881469656 368167678
476026901 359617032
276242039 21715259
126990962 745219960
209086293 873870501
905268184 876748758
306947211 903960664
59107345 800845855
141888347 495897001
297297403 232309855
37330503 248320918
744289904 495448486
786604859 321243568
931761872 885199786
430822728 906050150
514673529 356732484
728393123 200735301
634368927 525488146
687037502 835988128
693575351 237187187
553206417 24569604
682681257 576160956
477704369 529659468
41623464 575165183
665214077 648157931
135138280 897507843
873680550 106019540
917416169 899952464
901604715 808107228
613065989 550240775
718995643 9373664
892484835 309377457
212890149 709765501
57439641 96495156
119543843 277150621
545655889 360098950
954075971 884030161
405023483 510395902
366687531 737154587
956792001 669387631
930292840 443968756
838942828 697627202
742913074 921704859
4298957 588313151
302526340 378066008
759163369 757827125
260747831 237506851
394030108 239672798
138596734 90829959
150298108 862284409
689394858 34230961
918276662 578294152
21145600 854611001
771080247 758610688
959936191 101818726
829270198 530772832
25133079 871631903
336219826 994867778
296647341 645501139
577868259 288210589
32671804 158031824
607776068 761805538
838985459 774129375
131373965 488606174
852664871 184454585
946637973 66950197
60904686 310692901
862537572 90270391
667950488 625186836
91137367 695955168
103100222 450862068
627470335 317272177
152255439 521503488
607274534 194695079
227195966 233177575
30516879 911168323
571717413 900452100
775831117 519235782
918975396 39663704
835824268 879031754
858629876 13264063
915247103 60341807
639572531 84660193
543258293 294782186
384634492 704055894
644125139 965622357
45905879 961997083
288480119 796035263
20305839 465563526
869774822 4221420
671908301 31920348
10902769 182658652
448227764 408486456
36264398 507937024
231943995 890093065
89737473 593759517
274234951 45563486
437711962 505807943
991182874 177335978
864463593 176397435
172934585 257527845
885283649 143820078
87980865 563877166
572590592 287696114
69476079 917060725
161819038 543033714
886887903 7571141
6556963 916493670
695110645 314948709
865810097 550138290
418972876 57701940
124135723 764614420
604883064 700799845
957060166 845929424
890461427 374041326
889952727 2768116
317072864 17941249
776518381 62866562
534545812 39571078
392191965 852326107
338376996 689969773
649443095 991868817
168108755 289406497
508895956 495641207
609891439 935109957
934178350 434384662
971061375 53696641
204366646 212779186
237890461 764406214
291131740 279688895
974635990 443560154
861237238 162049886
305300170 709989313
947652715 560719035
544555123 60741959
299180187 217890821
102528281 350596845
591055650 852900517
125573772 901772707
88178384 310423271
13466021 559215251
17302912 732381947
586833547 237070750
66612282 349277023
363484014 489058762
256385016 372747656
490870766 295027975
190793773 972494936
552154775 91603938
504128057 57573900
543335199 903167979
749573453 631571631
878544278 993822539
315040488 443146259
493574143 311251348
269883656 888594942
667972824 317721528
730410174 115480535
669972846 736176440
123577101 385120118
340894817 63308849
598029204 388137504
97112927 702196671
909360546 115260423
423441310 601852300
808342915 280080441
662239526 750345644
236554074 714163414
366859235 159675141
62669133 982717195
173426907 526745876
54447240 512604407
1246427 557998210
758080487 140388688
780593710 58620224
952392735 520854851
402739487 136623994
154568047 625157913
656738641 337040583
720168265 115299840
890392642 457262210
437602110 921243959
414610639 87827188
678905999 538706160
215437441 473279515
720896753 698000442
102857570 15079450
810911423 470665935
729902750 128518956
451837220 238151497
955885275 85902049
934627957 568920345
226196541 446329062
66862696 177212272
31854113 918938743
175154599 396618723
170049177 998754849
501126002 414526897
489110440 944318904
51295332 426287380
407955462 150810575
943171355 497022011
446572747 744081949
658049018 453010103
592030991 376177232
541154883 402717392
217424020 306454536
712791898 546178458
531649303 448049103
25077416 302362478
213548222 19635685
39595916 625920843
776894325 651009310
719093149 200765347
253279350 131494697
166219976 13044015
300920365 25173521
258680587 650131530
300205836 270018689
994863821 971395892
824263015 942225403
528615488 332356917
576436042 674224263
67750178 366750706
844983 620893733
719427460 657979788
793276063 285660456
750130649 338607023
731912367 970266181
276306760 968713639
692700121 521624230
108947942 55313483
206524572 221834849
873490656 871810736
734005754 233615596
266978358 911079188
779280453 112000469
36452050 834555425
576102827 342086057
97038175 721036336
73639524 155772956
748911231 392605894
37538470 819536973
124669518 229698497
390703290 885762593
348572947 8823865
928981257 535951952
674534872 255873125
52343057 474013571
365455182 136622090
419066364 707510480
539324344 373911261
205067817 209699327
832442689 404574715
421916701 639992500
49998539 697076787
233704346 903563117
963968000 2153180
922635214 852962886
499323456 244438008
338998818 184257445
598885937 785414575
455584235 43446851
173756284 607891603
764097582 6652926
404189047 963550762
497211531 641234635
895871379 627151668
266035386 258795290
326532218 811916603
322100524 213891868
374628855 903317438
185787311 719275603
697518235 842960491
278081773 43715569
222318585 261274166
408534526 279467935
490471961 443375838
799198810 234687469
405309353 165037686
900491626 107265662
419623238 645190443
286904863 797850803
286031425 997544651
505387066 355858104
220880709 734755225
382727056 46390768
33673010 305358481
21934383 310883490
289075704 65455272
571205353 11429423
848656454 477962601
138437477 202418900
559280055 305623114
832809461 656268928
563376801 579388869
300476960 26803269
772538932 91725871
881757259 53431879
38322009 936908049
291440594 536044905
2759251 718953169
119841775 480825713
189300323 194722401
876712349 5522588
166235031 845544686
200370986 630889587
356629221 415386945
559673706 425048641
719259743 176776199
371674723 448545502
644041902 50686793
791018984 22587419
79683249 931471713
619559487 518681694
982708056 550516700
811725899 957265537
45759790 222603512
717869057 904602201
240675094 735181563
863981961 915173501
404610082 149912086
187781042 926583687
528855061 565288910
305149313 724017418
509112536 620827203
544028120 441376138
259492928 742557165
786777501 993365509
283117641 68007970
738096784 567580423
324175628 459983621
507940132 906492222
56880144 96517847
905265182 238062297
640677094 140716585
490866481 471292996
129876041 171140983
460150799 61117310
797816147 339909545
557552788 175358068
626204776 67824783
809737132 548711654
139055663 730319639
749768509 330164444
667106241 673810016
166219473 837841643
34737253 122308251
276603771 59272095
569509467 286762091
285500312 682144411
451160160 54412584
466527501 6798626
812075096 113407134
194310500 868522829
55192605 821305026
214755576 87121277
933899409 15995228
135615289 570148338
36829096 713929526
861621536 489506692
180111326 504442017
480322475 603404043
216312278 719762275
157802543 141558307
106992329 163552491
855725942 829350300
210745336 174686165
42749740 598514320
193266555 597217356
328404767 61587696
477814053 975817668
514458931 653511189
201220454 864058879
476989917 802017787
15397997 686294765
567089449 280943268
240281774 360235979
4974663 39694531
129431822 44630721
59113582 191600190
367721944 169796786
601551832 458672523
874678398 675032031
282325494 54672972
760361333 17551986
836667090 26932011
72725947 536280609
622188228 170915329
709765276 760847442
238686560 854492346
217003605 407681926
338016029 21903599
877231081 716262480
22927511 532513435
740949864 6169215
722867484 205531849
517763891 596498989
38382840 796106354
832999296 754715545
592401354 121941808
668591083 36014189
507591419 713331925
489805253 464130192
896585684 497854618
562266740 23316379
397828526 856068793
949436421 254359500
166178011 863953794
140731005 452480328
247237369 823089116
811538802 875973536
883139525 974990414
320665345 972346789
743954934 875547101
217941681 13970890
432466087 145114195
630343484 147744925
689632186 540881652
110504166 61844594
643199694 291599077
887592619 608551550
944845034 103647901
466456069 473197352
995510708 398344657
142131480 355951398
443116264 185418238
166171822 473522299
62806836 699429195
955227115 434430593
644530213 915375217
655697287 936166615
933076757 55836716
806793494 833197311
234879341 729755598
118361968 136615320
894591913 57826435
70250668 528665706
30302755 678283517
685097077 116015334
801444988 545898424
583607398 710664593
250194869 145730543
496148904 549725641
44648556 19301607
26001746 682163692
918233645 594853665
827413693 246316
882688282 15871691
851465884 137266004
19440060 396475767
565375179 832587959
479978893 651115601
326082287 488543317
546177318 700130238
720491390 854966044
172779471 921958937
523632196 52164284
268479664 58693989
247357812 370071219
595687867 159542753
206916929 18602439
657708461 52943433
345367408 833830340
631263566 468617643
667497802 624193427
821905564 696057718
352911126 722825491
13508397 796529020
456679723 899777751
460122312 345071620
639405192 249829241
787174821 278015337
91745165 243166442
437579766 909139514
931545738 665249758
366784066 17995816
129426589 864044614
649236514 321231262
240501779 411826817
215798332 334832808
518309095 147419634
443481587 672572393
540974970 98823222
652084513 657448234
887043424 297285412
583092667 677470765
115835354 777496456
705365145 639111647
616586691 32046685
769348606 287546419
968666638 70598965
429414089 254778606
102023632 705253804
96838869 434936154
324505736 544307909
177278227 106061474
896209013 780158604
842694471 828364781
380300073 210854021
553236354 52397083
17729413 266601693
992859042 253500682
840261402 199752012
907453555 737662723
443856111 247961949
437977167 950362507
901515884 554216811
553074565 36270399
142973776 537855847
930700886 305713949
515390529 640985502
811213912 5281181
748920369 394071421
255860804 931432952
358134042 464678047
944747244 334496170
656304126 76070191
589966723 136709060
887250101 380717688
8859140 806050389
639274768 870967989
397072092 978770438
66792465 592640149
796847749 25486137
725713745 892640471
409631413 273554072
733302270 847796344
40270629 426199095
706452129 427164556
952018842 784955763
701867063 956576425
157215815 804383040
936135244 51126380
578856628 495066219
978919445 980578485
849192882 477510002
556395481 511652816
163158672 379709214
526655307 216256901
97089962 493026091
570114269 231442679
868800156 313646148
995662407 645716972
553420261 179274828
954159709 470680881
913794399 908602294
39126551 50513467
71724543 95667128
13917438 643326063
53684242 509211724
103614892 672943699
130639255 693076304
469404347 54600931
940405458 676132036
14287827 41973931
48894056 506625714
464750868 798045442
33083860 346490753
314669446 719992084
797911155 456267539
429341926 502997832
400297103 201730210
758226188 279371831
381312433 796222683
862109196 216981996
753976107 884408163
509165377 440114128
869952220 426875618
333541081 521492347
35228725 972235
966893930 453058743
66276075 46786017
696000368 602352858
827207995 371105614
943644853 495933489
633925121 965374803
778907966 627529794
62573291 386333368
908813327 230157170
14898945 682216436
540645665 13392142
623813900 556710618
48299387 159764818
901645855 575850582
464457588 273432275
758107813 482723509
425350394 420719536
989758331 3665007
240021619 750774009
180329436 283745088
212579551 910755027
494874936 647295580
542535105 412588811
506686138 820047642
534418408 224769458
196186736 907097088
24233377 226269283
817806541 433191636
953557046 70836905
683101392 260280858
491311158 378730231
494440166 856226470
291995868 405551666
161881210 924390960
822970668 390710168
586998326 523646885
20332051 841470938
91325270 855262580
700879642 506826366
285221500 76694735
296532348 65432740
721120564 644528145
993033064 37352024
785365525 973037579
7966285 435356427
768743898 608153393
377095402 517459701
330516179 165825215
2593478 11720261
73598009 120288859
617712127 425371458
571090611 61258812
65401138 530832038
713492422 82543106
106448775 679195671
120415420 63980713
2504250 846722941
658207558 921475097
50845325 531480922
597739176 53509186
15613150 276092650
575810240 745951573
958638564 45482146
122684482 128321058
37712955 53840115
868281209 898032839
100903528 319869768
948446135 214299372
810203764 619390266
848995011 994563964
643038203 739203911
2025322 817136827
768827145 735560487
625033916 334976649
915557903 350838325
954450781 680579676
55464183 3184902
517860901 490834530
890245794 852814430
23821585 931976626
319702729 208498846
79872200 596932266
124547322 711950495
439068160 696103465
545016466 177766067
475778996 76194520
824929982 110845026
451476559 420142061
562842351 642108574
98276275 564402831
39229479 228014341
521399850 899120928
475922527 55519090
671713001 170242665
986947969 124103544
250134752 62054633
99079153 381917063
869429455 420179026
75189573 313247518
498569349 589263915
141706257 852451575
628980202 162545826
230007340 906836284
830894976 219377372
599312301 53587733
473872505 229884275
48185534 71876909
681725647 447504936
158374647 563109339
175167104 255766604
12271767 885316537
57751982 625657225
632180984 978256857
79204358 581340976
677531102 674144776
240584118 35172239
274122577 112539022
250129384 854398590
457199459 958117016
696859852 24499310
115502783 287577909
63446420 322097034
448427715 952717858
44182466 14196006
512364315 693787366
495040654 951218563
66675611 319675140
271818812 18801706
125705148 581963201
27847622 782612677
826592990 91479810
575704216 41498549
232410844 776885943
62213632 605917020
416149078 892391938
122282964 1482127
70089612 363332322
413763740 500405212
733824655 963583003
697560838 250146523
519141997 583648589
607555022 710212104
41383177 637864631
292539447 337846895
149083031 313049880
773447929 729461677
331631059 669285039
476933530 885388988
872656670 503623797
511054003 356432144
668923528 568619676
559934478 176575620
533903965 198089688
229338770 667075294
473079630 516387135
108275481 872314095
723231749 313660195
442257378 639206518
590680059 998836521
40518173 785857455
591295819 734290386
837723917 307797058
590209599 113333059
78411134 605675407
214035863 962154044
515686117 693699555
661703108 109497067
720497339 55385183
805527074 58587618
43524834 806538123
43052455 258444921
831710978 923040937
709681338 628265491
265297303 184249985
867017475 481705278
115294214 751758788
253024207 416523097
29214668 930250707
69157810 119956122
979041365 799131983
780642856 766606511
601878872 899165978
170796188 908894746
844219894 133137100
249741702 319985783
698979593 203772616
291415702 447813490
292918437 811663355
526826531 45759627
381577179 450052568
104571391 838431002
872117201 972228027
447486475 253298859
394966652 767152594
780767445 883064830
314395142 73538118
51707044 896119717
843030650 985592054
557635952 822651503
648074743 404062873
939642461 94543640
40724152 947216877
2920493 821402888
303718885 11020894
793046051 788644616
105829249 436162327
377001487 19443761
906209713 46895625
7126544 32944872
929360908 795567703
589119681 28338799
290653360 174489903
946467536 572259697
589887542 642020162
119719438 918223436
937454145 724264911
959009144 844914971
516047758 599360447
36162259 924264182
666993403 336773206
988146781 518241309
843680335 397406936
674176212 915587102
59425659 334952807
175770789 759288440
672768502 723244162
912573541 35746379
598746014 45511467
134068842 17443469
576497832 867374359
582931595 714787986
201588002 587017467
82026621 69144569
557438379 389984060
218638837 902062449
650766378 256826766
290068454 688809806
541538691 43498506
117920155 693052949
660510872 696801413
478859908 423623560
337109244 358761023
91821644 299391109
60848204 453648651
756647984 70032066
551126206 275173314
724366187 988521751
100780264 53705495
230043675 542131099
143420260 49093642
14166411 977764391
904669859 278480396
426387851 812086407
388268443 572818595
981711393 350028042
25470806 588357237
733513411 822634633
957638634 38400984
146471203 973077838
300094769 565008026
526263336 630287622
316772203 953457354
616962915 233491605
559735288 897915434
878562586 22698723
444761927 660489850
3490491 568599601
737576738 30067880
363152877 30920974
715978072 904666853
140347309 901632884
886232709 919589473
298872915 379738277
3322367 261093381
526279400 236656297
889526017 380179797
779596034 858894920
321737275 680965910
7 803 78 1 19 10 26 0 2 