884
325781653 906476136
791887061 159578415
137031379 332272095
371472385 419335499
98605395 486128215
257636868 340422479
92735124 161898603
531128040 828827174
868175581 273106404
98120595 529144840
288614064 385076911
257515492 771566195
16829420 845518829
670633311 60742400
167352969 498455363
18732088 481648879
915102200 325744840
113665512 174600179
642532023 62300489
290314909 182393810
944077449 434126972
66337533 230595547
717444840 932138743
982558856 401859127
21026491 763367437
508686288 536873275
423902882 977491235
211782212 947587530
40281270 623054005
802809283 340276537
508958638 35140045
538686487 167953080
90795781 694339445
795513541 676893021
682870071 859892391
666752887 976802888
41678006 813620192
306022797 143450407
278762825 159015282
615556857 303387699
184514287 232060116
81423450 51960604
415820978 585203980
571783732 715800662
14347344 236658022
535768399 61609752
558666114 558238714
473818806 806801018
785611734 564619098
874006911 557521345
454625337 224852571
557248545 492387161
322524904 744482384
35411789 599082705
879200758 694526282
945173240 937578066
392672018 450270975
45002274 408990404
3066766 378520266
500721617 58136609
526210787 607765234
387452893 81893119
216652942 472156799
130230286 745094741
764415615 715839410
55641622 87754495
684865430 618990932
263440365 935058977
258488298 277466368
602122966 838853018
62004297 906794731
573293803 715136887
699738773 999643661
408256928 814088784
479931094 131225758
962756379 459248020
461559763 793444044
22332052 808651278
795790464 276603700
146142777 559310038
275233238 527552890
498802671 702903469
627270511 648396170
826606602 663689616
770616755 204365447
941914307 877317925
581011854 959272622
71887621 499261590
929987175 956869202
220972507 260039965
346385482 290687957
942338501 313707570
264027585 358387649
457315150 796097479
242110784 691739812
52628986 513635618
70332235 263889593
982761076 65740401
358591101 354622228
237064107 866335675
112628224 633226225
312945251 534561323
37144622 795312618
269786121 998647947
631936641 631390332
712725274 796327861
53526323 224696794
745505295 717940300
168272146 354367838
633006583 36306199
41455703 612441167
993050639 577618358
726143007 18426758
832397600 362668241
891962884 29030706
604655681 348150819
950653886 180403400
517640458 32520667
900812003 722821572
108600069 297624450
361932205 126127711
57064004 932737313
2419164 438978653
487513556 306195312
415840770 874278727
629566488 345060975
478019405 203015661
220806061 347620727
816658553 703293479
962511623 748974854
376540573 498198272
901308388 154672388
217283240 103146738
861943150 229679036
442348436 852807437
933302041 172150940
600402011 476199504
363926028 380328005
265611450 530746139
609178037 336585348
640595050 599470878
887907032 695017107
188102787 919635374
600736294 723881775
893423375 616535524
277739222 924106949
801647983 636495918
66562558 89738114
339005992 62212161
444617082 409652077
83795574 680382874
273557350 811928350
456829513 276912017
277843755 204144815
508388406 342801343
739947407 60850334
47973857 158350008
732808118 51568984
823547713 427393737
62441916 116634909
520302313 106389286
520758532 803928751
77400243 456614255
505494959 822526458
566785262 46059754
475136728 42389711
755806006 248305857
561621888 116326650
758422156 806361214
533217269 160876746
609503643 354190571
61148230 594725594
10109848 853719512
590930440 710189194
144699970 17500721
249661225 714504236
282768716 139813189
983638999 352828906
918115400 560657596
809994683 533422531
648652123 231609284
62025797 438802595
826518938 912949322
442647042 10554488
802592 467659920
377283022 356358763
453766480 127145638
998624958 10091102
973935621 739375998
35982450 168879826
486965494 864972497
561799059 581253703
878378249 325817774
795627858 403477743
525451073 365606318
117449726 23836697
469914161 53572173
793874873 294656176
156731965 62969256
887639244 133681797
619361990 874096813
67934285 516835004
734488881 43686797
110655096 869549364
609543488 12658508
998024355 536775081
393234302 799578288
170225472 899374624
318985065 57060895
903562346 980271941
382595398 342473419
870256764 73721446
987627906 735702198
319985584 992990469
798479792 920318841
578312427 684518134
371906663 210442251
241733105 766003820
67156515 43804405
173016375 195955292
56422160 998845662
56651121 15853039
563146649 750028817
608316162 964981977
28609566 108175418
218622005 894671175
908914655 1966329
982194073 95124432
55870056 341249385
938289810 967619323
219532482 495379119
4678676 734329646
488236142 229921858
642876943 918862077
989294022 486238981
45073740 862620680
601526147 213432207
487230666 893736000
751183255 460869969
701894265 641699295
963897319 823213962
922472363 11082212
515420798 661996240
4877246 661405567
581036106 998735704
982147481 701288097
60295817 267999965
209808497 878578665
707545822 632930895
222643195 320526331
993850655 224816707
359655844 383905826
687285457 935151363
53822227 181538203
651048342 876373662
285462836 960755295
235519483 475510429
16473828 122452079
704751972 861503202
159683701 931292407
480501375 368918449
281624990 648441647
999962052 719755579
58509397 130917132
52971594 752126022
328689729 5962545
148072295 24074926
39067415 80950564
600552865 980085034
325665 741142132
5792805 64487135
993892170 284556491
801799060 42501826
837486022 16414076
915897352 219539723
848307153 253209784
750326532 183586994
714305083 529747213
238077653 636883677
789605848 131349940
884348090 574344514
222316139 559876014
557440233 945596307
6131432 707123757
284617261 359659283
741632517 571503818
409833485 64196347
56085838 643295057
369398054 441075338
734590802 656153092
706625266 550262007
653071843 395472839
580100 862836857
570731259 648148196
495211754 32487661
907890831 270506051
819647699 795261255
638758150 698720353
905712867 984365522
358851709 348990168
61195892 27837066
498618517 465041017
314555214 397611449
99536805 352251283
305924298 325939358
451443237 142582216
126125656 768457168
359302453 844376406
181757945 904941850
474424143 600432142
793736954 937683579
592419268 738683672
289930984 769349727
15508148 24722966
965137859 552836578
763111055 597455010
121910041 551438103
724830544 311604486
2430188 264324841
391706512 419483968
993824183 349171591
26991046 3449721
19558276 95343746
805982869 580021916
47646433 450485271
135846616 143560827
937603231 733093494
337119590 937107113
193894741 119017866
512656846 65531046
531204706 93658983
779866190 117564070
731366327 526313312
256364506 5424211
4017984 375728298
743644288 598339523
451630467 10973939
766017619 348986020
89830596 486926252
42584078 623467586
98732303 567388757
745880446 475322724
90137972 17261412
16402785 697579466
259150966 358545973
711251032 174907262
76435172 596971055
192483709 892936888
222703125 646378358
885622198 644707410
898977512 735800607
203729630 309638957
68126118 414274589
301975099 432909595
177208006 497396754
102868413 660940495
703142871 220413285
281470752 417041592
453282158 22086737
438705856 46150561
926136034 64950886
49574233 532746813
454064845 522699363
272960793 882472028
343409528 417385086
894231417 731586722
913559821 930750771
937882740 711614005
363584659 944613493
200716317 492391949
360020226 137907060
51247522 535310092
49489809 19570099
713412800 69943794
283572042 831689114
903854074 937924374
172417131 533048442
138705469 27849074
966757111 57932123
38586040 338919860
472195569 884215125
962130366 665031806
881111660 319575240
892540392 904888051
992586601 364283611
315827700 556210406
410372406 153138565
133642920 463259704
776773794 717672266
154150100 837057385
731908576 672711079
266615823 541922843
867986440 242978079
150888261 318948072
339589190 10219112
964112294 5296007
673469998 258532009
31864984 789140035
104640068 167062594
891933828 556716492
541482836 796250761
525141232 179889941
513478110 264220708
516038688 70960076
992452220 943419729
277532296 566898062
46894461 753428256
369204270 477523087
36064726 529283612
241423497 278485501
825475249 84975596
812157388 383571744
337911343 607734109
911969286 997583236
834851004 676466568
913639824 40967787
280214320 289717806
131908539 202764833
37102156 151446845
369901510 506418272
788169936 249481900
141235368 437810267
850527444 32625230
120750075 492679115
496360772 922536676
276792868 511878507
339234578 89412744
124536582 343174349
636176037 465394861
765946794 679755954
943707372 159448803
712232380 391614482
360717480 763055103
291936252 951405373
864517138 266565095
562874542 827985647
128588334 902720162
49069221 363492952
147373653 983426680
101229546 994391825
541708672 25715552
884896890 391041163
944164451 590951334
193538342 558540390
564833842 142887214
896253020 532905064
29256384 829425347
743856490 518691135
360005861 45402726
447753020 846800365
20275555 751407282
709172264 462165983
623724576 814134577
37626003 416087854
715822201 49884673
921813959 597694670
39207903 379238924
932024871 805103803
516274572 18597908
718975109 351969295
12042497 715193634
365627098 42809066
229245506 393611575
587527724 285395638
486919994 39921958
816899260 150019820
254020431 411137021
501930743 168211578
855435598 416158095
940846573 154995580
404210022 173700665
466171577 544731549
49956273 224552789
355904678 52512950
469415748 509211594
152948928 337836084
487021025 81930807
65477694 450476030
785566311 387683639
9498406 57313045
443261337 926244677
656405676 335382068
368600238 23393322
448242244 456159101
41416227 215614452
774983528 502872583
216525353 664771312
749196820 285380134
3917423 917882348
42866022 638595341
24116254 932982660
875668888 260105353
853424310 876528159
68101231 41441260
122440549 510617575
280813283 990288166
933880697 797537392
13951282 314503924
950604981 289167798
489111930 522166282
24992955 823427662
630578768 303946179
349888793 550849327
536786871 841658192
228082536 299897872
927844669 58875885
788113789 483498049
897316834 472245543
256842357 867887561
13091247 566633082
912590134 919907527
511136255 772528158
179568600 907478018
613086003 838313736
240655763 530876327
180025237 912733204
151344195 250514127
804905322 379899069
860887795 19356045
913921436 37468248
716859355 53321353
763849290 583628734
65963227 68670290
43885106 682856058
540766020 212115562
676808339 915650383
818112172 762236536
505697930 677941692
523458348 404920692
549156311 144296276
29279895 861140771
46886413 47136066
329850599 785807361
851266260 396904192
415238701 180121032
811361865 69686557
515551177 474578668
315673029 606085204
758066919 196859690
863673621 171314759
503247385 52699511
511096216 876375661
535002608 773496958
840784825 533602735
96565294 273527075
553281755 683383890
199321839 968785591
50464744 109036033
23447878 834451182
611339249 313362598
619741584 345124379
782559424 669378764
813133926 217555682
748776295 530215172
707474096 937319002
491584699 237909146
134315989 902093026
635637988 818156967
154831532 568455102
968233870 742741083
33190522 267061
787527282 656257591
881933815 105423803
492382445 741034676
341918687 298579080
711034143 85485368
132533747 729514808
817934209 734651765
285069009 559316956
44142823 420081253
661601957 152078736
868838007 706875477
388724699 40796953
48416012 891882695
780157257 134200961
946169747 301699782
456287907 156318631
2783925 352732776
28163117 670853869
324150332 33983225
235667488 738859283
127320678 317549614
30914009 358085753
246828710 60806096
446994914 129739987
793524612 966648307
987284275 644881494
867715107 950535048
606194020 239982448
98910837 567218041
9217101 33134011
511314738 885387838
311064835 260604844
423858765 852469816
717238912 575094000
28765150 540820198
67572498 220924686
264527349 222533591
639737466 382273847
349607709 35652800
135273095 691487399
376059917 896533076
893824878 530769200
849805245 336290961
778617453 936377433
271649318 169372837
340836802 988697166
745566546 277342464
99414909 366229677
365270664 494966296
586906182 34201923
23550302 132830933
853966708 697763374
80570207 963228219
345041072 38044161
755049881 897672667
210441898 256132257
379148681 761099048
703092227 255217108
18244672 307552047
383449047 850310992
798709809 885360728
544271893 86809315
165115227 6237380
100835142 951269687
13435423 372264095
286378700 221879173
15496475 29318338
461004818 789157418
471975839 255949092
450504924 168020322
253465797 991111741
436594572 834284762
433459156 19041230
760255469 950719407
696609801 27148285
638441606 269747294
269663915 52857816
868454793 261981630
321328481 402512473
47991151 60436634
295829678 53837285
172881855 684353445
837045255 953266148
306614732 438387890
675000773 222672894
564607430 517892509
664006072 570117141
9718570 45963883
636224282 287924340
30550501 604823201
536263101 121824378
633651912 345381888
977716151 704591835
52676537 280775845
69114734 207421594
407672170 310639730
205670233 779293533
497001727 956300077
794689668 802400837
564529364 589477849
642095683 937085449
369037613 190262128
994979688 369469238
577360146 299130199
204832910 945476522
315024052 661357642
832319103 390571653
464123093 791610334
126635539 653507350
799073429 860083677
167711378 49221328
835854523 454327311
279226077 668780247
80256657 630254794
646478256 161973347
927134125 69270942
534828585 475668226
492773179 980405948
417788403 331781489
156720566 146813944
38396218 30196772
72023023 31261402
533728830 681520678
73076606 367148972
399795320 794258023
31085454 479311233
583065777 628742191
523492467 101958394
517375734 680508792
645090318 86609031
757488529 492231224
445179505 217212089
628422803 663768733
638617668 34574754
880463634 887662428
365098489 892037427
48034165 324389334
63058175 724492753
105386250 503628193
2296812 321765988
658535803 142678689
54840096 371320500
840537621 117968824
101152871 14335740
435068823 694795105
676014384 244931878
488462651 258224565
395625763 973962665
491717916 203798622
220120206 260669040
760327459 118777521
314902292 936892775
324387458 174356289
903459323 708027885
94073647 735165023
472468413 470086385
678219860 363326230
175196769 885223302
2600365 723229966
63339493 993699181
70552382 240612380
513601814 218417263
841150892 23567512
515160792 130321986
93731544 17913357
43836126 130710718
759621068 216422735
366547010 63171098
230693739 337369273
104907329 278163655
435594231 112193879
795319528 70393850
736131314 84237561
770185630 752596573
68856195 131509021
31657578 798760774
350914416 6614102
618174759 328170910
512734333 930782190
682815119 49621285
868257780 51331921
348741590 20766460
699205980 705517344
199439186 993214875
492924517 6175346
63315728 17384619
700903687 810362098
801859204 655083287
993809462 87334922
436601880 612599654
112860449 792929594
674911468 862620470
564715208 131418845
55658427 130339174
23195683 992764506
726910064 347655455
206779354 915721394
469317169 705447270
698954398 894444486
63263094 394185435
404700839 182201878
674342209 69437733
179467733 448818187
488824562 479548139
157689428 265210559
776139701 135442391
321518278 701443549
639500955 12694137
547425904 357044645
433662477 845531414
267459148 445733415
17081419 378080266
173034671 728035621
540174063 276752055
819655835 172633585
17227 355842168
232674555 621727598
65627367 205692650
614092199 15595633
502900259 658428052
963192134 551334710
102425270 217509354
732475009 233688711
501663302 58709898
228675868 326900298
180093 479906105
110244422 97929496
741693993 215370556
69013860 60735908
521017440 19712876
594613611 838501039
769190644 756872947
503873842 144653334
542624371 44551636
46253818 192304419
898773144 271608468
100572883 991742489
463073224 801373717
43631484 6480101
389569278 736914049
773351702 323722464
432319463 895103043
510722464 45295623
421275078 156089909
575441108 69729229
11771349 22459343
363428519 794483138
718485133 572666326
265448155 660296493
190921066 28857253
495257815 37462849
391024199 364671799
193835975 931270583
231663846 113493743
835152956 274250036
291857653 897925742
669563329 181266067
966105356 488386102
284276196 230445184
571852528 568056646
29419706 897521236
231831685 782368560
845250037 473040780
829760366 620573371
781705109 212324443
11929990 61722755
79043081 897764759
813510332 342842289
817632220 956529946
103862089 42641186
647967918 12379688
739132073 829568332
287308851 47422176
668828728 447928615
253796458 325025595
663965596 762753182
834424051 383545306
236857858 813623675
794319277 215103181
237730952 906804885
12822463 750471287
989597403 282006585
396544092 163249771
201125474 394623857
497736898 900061073
56806473 545678709
318462640 237060684
731678811 7426037
24318039 204894227
882489866 36083832
20125634 191994463
51529197 183026041
290980124 210053493
649255447 125137755
442739501 450104320
432289418 771403172
141653089 249297429
389390852 155627730
484649328 630767594
934240514 11637262
823106158 499232644
977455725 292563276
986536072 447129891
126423362 727949300
47346814 218412047
188853398 846254153
721629203 135939428
143298967 733573940
369267445 291283082
783402393 619434749
252772132 41247538
137581287 647206410
598959920 621633001
165883643 387541452
797392486 395898916
671024803 833387523
214730257 239564540
634742373 620554699
851756570 192902639
209773605 100491367
631952916 522739483
42462339 611607582
359987225 706837223
2 15 5 118 718 6 7 10 3 