919
130 902350670
340 990853254
489 968397544
556 45252502
308 406981296
385 2180650
779 291424449
161 199872719
427 202283855
66 703248195
895 622188426
658 277927772
223 822490361
114 580015677
487 259997206
241 124971850
893 55355845
522 813968358
649 28836739
171 762300766
162 59834466
355 273705820
445 347706068
637 57960101
755 758518938
519 541065436
132 36722850
897 285236919
265 344797852
547 251432753
490 285409226
258 406380320
1 970785794
859 40873210
314 47079597
462 531760298
566 463678407
836 494680980
890 498015344
572 36526075
805 318717182
725 888937393
968 43274906
815 279109411
637 91575931
381 151505526
511 863182848
15 553529322
948 913601862
135 142329588
645 835181988
509 509865305
104 569019179
747 718319732
745 674913424
306 104689855
770 855838018
180 706451126
202 976047467
197 492968443
851 311625320
176 460224464
484 707810894
635 596022314
143 280406654
786 546973796
885 988277253
62 33578883
316 854950827
325 35852604
535 415612375
594 687934195
415 448317885
230 957388413
838 4297444
676 959727537
834 632181144
619 376084786
761 730154858
903 690945190
812 590480782
445 235252393
353 516339962
16 5623484
941 271220068
62 189475218
297 947782276
701 66775334
548 475711900
80 975347338
566 734138977
700 814672401
273 867874581
968 810809893
716 45758551
512 448815139
517 350207864
585 788640838
766 592687519
686 232272365
848 880900049
359 956034268
323 932884552
293 137767898
28 900290017
91 85174279
859 752028820
425 524329418
877 214825387
785 860097658
214 509699241
347 138513756
439 832495498
309 63489032
483 676214470
127 742936328
612 609855439
251 438630386
168 776863594
675 107201940
476 311373344
814 957651868
148 691102835
339 431851653
158 405445341
465 157790307
851 400987109
915 750568831
894 969902594
28 315570478
208 248576625
158 24887314
538 762869942
358 344780181
801 12401076
481 67041299
840 638256339
89 520126761
434 36881063
828 643693067
535 962677192
846 464450197
600 371493438
709 640249174
898 957675243
919 7350737
822 4044940
240 424420384
409 921963083
307 47541239
261 538669544
127 799011575
218 888221455
366 292588896
193 586565609
681 906290547
838 937418516
882 176577877
376 664758896
507 783517372
535 451248504
809 124550889
541 594111643
220 688384808
27 622726150
990 883803191
786 391353940
721 243820284
534 876248218
301 36101520
511 169220443
558 37847552
868 117659255
155 223830673
11 14175504
504 57401020
310 313267290
786 502639073
60 564025443
677 758242908
92 443139207
230 327946182
731 325840443
648 192716487
664 428927286
935 160153694
161 207680886
251 703181971
347 15888728
689 630190335
752 798848550
999 175546947
872 96243633
461 671610429
132 903484151
114 600127364
18 963551317
66 145367303
897 194430672
153 881432903
639 343681858
868 281020415
553 226180557
997 984126696
85 446628859
320 310466079
184 242720228
635 462806131
783 64654762
692 181746433
939 13383971
755 201766469
707 488668281
184 692898559
229 879854525
49 806907929
600 55021402
694 170805125
150 626317103
671 112906648
7 654918623
356 124732011
770 588547518
246 988551168
77 950902619
409 862997272
939 287575597
822 803390529
649 68165227
231 812342966
598 842671758
70 524770200
373 31394545
468 268814467
670 727197597
659 904882562
58 66499280
93 147003837
966 539352348
868 475700783
65 965829732
861 376711385
394 674973584
934 411639388
538 680934225
870 713503111
970 122824947
301 596755191
654 330141821
909 480977650
80 893456874
261 404977268
322 417527384
993 334511313
407 853684320
449 967571678
641 78525598
988 734545618
587 744395424
277 76165691
90 340422298
582 364240346
108 119375061
435 54451011
917 753994556
916 688330305
929 342937900
593 28589637
48 376417917
174 103514984
149 69117842
101 644561002
865 567498434
948 914475953
290 242185295
979 424293545
250 831735986
476 638394682
612 610674229
237 793765703
76 520393864
88 807204987
32 912623818
8 515500447
177 422098578
151 736500262
656 539864330
339 170455704
660 59799868
635 953925208
32 596705742
814 901217461
858 430191940
828 666234605
29 234611177
733 708898818
473 882835467
848 523347820
627 345847642
678 436744008
286 843501203
666 515907098
843 127616
572 826346597
247 104362785
346 222748719
996 197483124
729 81660632
528 750101854
399 565995008
296 742423077
293 54872103
597 497331578
600 114634280
381 72249871
667 47765951
190 613360355
369 74571171
98 736389140
497 404595497
115 676482843
833 50794744
770 646214736
816 201857241
405 501124482
225 898809304
713 318128746
873 852071051
136 819135239
619 788568071
837 103546112
813 183276860
294 291468123
2 412761147
439 62400526
820 38661877
423 956182261
790 595503603
474 326758400
885 43973970
205 945202330
701 812287663
449 12901449
932 178249251
366 109848774
230 693981760
940 555786022
286 238830814
612 884745560
856 369371145
798 657059195
474 634324412
32 390185480
333 170185782
973 967717221
764 992054657
677 426593281
450 973427666
916 547792330
196 365105343
880 694424175
555 861099569
880 63658915
183 881985233
161 694749086
610 767065737
310 304721706
20 536121164
24 282985770
346 766359389
152 159403067
139 696663646
886 587076356
907 147256820
783 311388115
471 999305118
487 442790267
230 342655906
205 669995998
214 153014306
751 831731075
460 364623824
995 265400399
330 804728150
910 258527453
816 708843502
39 904313730
345 97652753
185 583716841
104 64785938
986 523335487
403 306900416
265 525260768
894 937922197
394 621543108
252 124432361
603 72277507
143 453740313
582 59876105
821 761611727
757 249065828
264 73538047
711 828523201
844 961897555
165 103549819
131 155855091
209 184469937
11 130030125
392 97040052
835 224011210
151 860222825
68 752760087
802 541705661
697 928571243
680 344856557
890 420315045
507 455909501
796 572759763
244 169754009
653 962121660
803 180190352
106 771648127
678 20381263
411 56580482
841 570440554
165 756995041
987 146650915
843 57684095
128 377994715
392 338536798
600 332876761
349 934171011
871 108453707
407 429289150
502 317796886
988 826966083
216 521136545
81 159360724
406 962031761
761 554318400
722 214290699
6 535071697
724 519330354
553 758864777
219 580208851
504 936611921
330 7435047
200 380885447
97 359221286
587 704357641
997 67311795
707 522150527
306 363426133
976 13856362
206 818463151
660 230381433
122 265283989
134 122618155
443 837793747
387 220813778
765 630423832
416 935419374
698 265229527
534 908604920
660 264712769
526 431359227
35 510075794
469 51877102
513 805567845
564 766108848
903 19445418
757 458340195
364 886206796
459 992198756
819 838561220
615 643409661
890 305217343
638 301472995
113 247935149
301 872969493
253 858828481
865 932356895
107 141695478
541 544857692
485 248383127
121 297623473
476 137323090
228 733233053
656 925841638
658 771959345
695 571729174
9 565794004
580 766889850
429 395674014
593 838358312
50 174227995
362 494965652
545 518197574
375 992890483
261 295956855
818 544783736
905 529218951
452 156755871
352 886921089
722 898272063
264 239288245
184 118763985
95 295987087
830 310619578
705 899711998
537 902751618
516 511823870
749 765375959
255 986086333
279 382162775
481 527656261
127 159353192
40 112414510
485 441983382
755 952780911
69 59318464
665 859819835
229 323562667
369 150477301
70 296653169
0 810524512
106 544962594
726 541663440
910 97076208
26 160803380
192 728787715
306 41707677
448 23881454
844 673678048
722 31927551
699 199803691
718 59616538
795 732404626
621 55243580
459 770483391
227 718769405
204 133111954
308 197786387
826 522141924
732 922708027
740 31896486
23 326175356
681 396216789
149 728303929
145 350609965
69 782252039
184 14350728
739 367149178
628 974135220
30 353914854
439 215873121
428 70401854
990 901138639
842 7068550
533 260588804
469 46075108
889 374092891
392 35697246
100 341806729
975 199517640
970 390839426
648 201633804
458 982026717
830 190905428
468 408389838
726 496388693
489 745496951
542 597679619
354 222478268
90 937741942
498 740977557
250 871682967
293 775113872
298 192061559
243 16189378
255 853726278
101 167896138
913 425761921
577 67848207
312 231976089
550 16419872
431 994839325
892 158359614
7 440565945
346 847391690
152 606450938
589 48878339
477 617564407
689 260841565
306 364729003
575 427085803
980 676507632
304 769489994
630 413298760
261 111555782
930 54824379
947 7479945
748 530235582
272 139761902
830 611256707
982 48718949
656 710327557
648 954575967
921 34460311
83 529579751
689 70760372
972 223463937
624 700614804
519 914182329
697 115307974
968 286448774
35 395246451
229 489505339
251 569957640
394 327498731
553 574605873
728 225829959
857 755406530
372 967055175
361 157107430
206 59866423
500 757092706
458 111602622
489 452448187
830 436303463
212 110436791
920 478096565
928 953004923
810 408526818
997 950201720
955 748357654
946 736678822
891 621205892
905 33741349
168 678296194
594 385784001
889 475135748
482 910063072
373 56667865
888 641742040
829 120486782
127 265438575
335 536395204
379 725806634
95 915879491
415 370270604
208 758379573
311 344383868
91 779987771
412 945127122
52 508272661
923 119532330
43 280419159
845 510784630
792 878049164
418 746912679
441 326175267
260 75177922
333 535553716
274 686783215
169 723721884
972 159987848
504 403335334
789 841406105
475 811528645
742 147057382
573 684525545
158 23881977
915 63657889
356 135567036
438 68573660
30 27311740
344 25577371
349 44476966
570 40743581
750 852199513
112 805160015
621 763731516
115 554531262
935 18722044
924 525130924
407 678028655
889 822541005
399 26420180
602 873577640
556 762446760
722 51941816
55 73101652
539 654312549
277 887753634
331 53983107
570 766232663
411 41926653
886 567485510
49 22130
742 602094796
468 546886255
77 789127249
692 736791148
53 694278863
111 224820561
471 281818249
31 92135469
82 243071571
503 643898659
296 515538967
94 88210797
15 740179742
109 506981552
935 278753530
140 680765933
475 304113536
93 38950268
136 717859629
181 340631513
489 796652134
902 797689180
521 455833870
464 293448574
775 159334891
121 196334614
638 67594013
235 679217774
188 47174294
825 821675205
17 518621379
136 438343014
686 732487753
898 439367838
282 886974661
60 429524025
12 275265018
352 29695537
176 947567316
533 673038699
210 282774361
760 33288697
130 224388412
514 884642572
386 612600305
912 957458454
25 829789626
990 731051206
284 537948408
909 830003368
564 519199284
996 916474271
685 700989097
908 861959783
946 101757211
303 317806467
307 608021264
54 31251429
442 453833921
339 523246231
238 748737455
769 621478000
565 415630973
251 788534686
86 542631817
261 565672710
123 937684733
617 80377474
235 622368701
277 202845314
643 427795451
275 483221144
975 588286309
710 37078198
312 433692664
326 188572276
334 25032947
54 935026544
150 28736833
985 770501362
304 975959552
880 492514978
978 659394384
523 954354639
233 123845299
479 219306607
256 735597606
971 529273317
305 66224400
84 400103719
138 339467447
50 339978532
270 837518471
346 796612148
329 355300897
139 67321782
884 543377683
702 823985036
372 807555625
707 34332958
350 399766938
449 635926699
934 929476469
994 932576381
63 583555398
403 778637104
449 816633705
846 21235191
797 36556521
560 147523089
990 449027364
194 215023093
61 731772174
231 35600758
189 141539078
848 511639047
205 192480868
551 104545654
775 760029217
630 252427091
318 405854823
382 166632069
22 684055667
677 759037372
356 34653955
77 37536480
812 830519619
536 978036410
5 9478091
402 489190350
245 673280481
644 936305017
860 339654175
908 15011048
615 135716696
784 50975620
411 967279444
545 999413231
680 602428383
141 447483468
143 573943682
979 53843670
411 991393411
572 621004057
132 607559593
10 986489970
212 9318166
182 61972484
271 667096651
204 378577571
97 210962406
39 645899015
559 559451004
551 402086899
556 713386635
51 88596841
265 4188020
766 705436816
278 305915832
648 90173681
76 43782624
243 468351854
125 855419526
576 100110729
223 562002595
453 194670753
934 741135553
858 584659973
576 133379652
572 416891672
947 919551461
407 666325712
947 649700781
665 187117014
881 21745012
844 12354122
659 474446054
827 503262641
657 902498846
211 779559003
728 587495154
650 308588380
418 47010495
575 260405780
344 964520129
370 188302277
384 653392830
404 235702910
692 12084285
865 164399480
967 320617796
779 464297562
225 59629237
711 289223136
823 382688420
561 865169507
827 709945939
839 971365478
569 215320406
91 316210209
441 762008739
77 54684145
361 592120029
452 17129395
73 168011032
888 12529344
74 453706011
158 50568580
165 504648430
468 510673679
963 636908713
675 254756730
510 910772522
534 5935628
461 781481319
220 779489884
565 849709016
372 628380304
644 597513935
110 95 87 112 96 118 97 86 118 