921
626 989338778
997 16261117
834 616368886
798 808939016
898 528958513
560 285470008
166 122410463
655 693241394
40 291918787
195 518049615
351 757252914
219 412945926
147 689726014
51 666579356
953 62777920
566 943267057
278 945450574
880 516857954
588 835331830
289 444472907
628 4505598
31 952977296
738 417884747
901 60716519
860 840656048
568 42556437
566 25529421
563 357302926
496 558250672
617 18884911
946 163414127
713 992676818
782 943831309
901 177321494
711 556915634
798 790630259
177 621908798
603 506921517
993 21911237
719 827063624
537 455823327
108 50013932
842 22000606
344 564710770
134 811095710
801 744905290
351 411555752
67 712517595
22 4351344
168 724482663
54 925039455
423 610843528
317 152246497
938 966112167
118 94870198
843 558407329
807 654918214
133 45888517
231 18345287
307 963140498
931 976859736
99 855619140
301 679330744
592 825048341
740 68336596
612 32363081
82 80249730
657 797584175
28 784593218
914 331597565
10 89851493
920 566057447
872 803107417
821 575743449
683 346923088
568 633326574
831 513316637
766 789389668
634 333769032
492 563606365
790 853241080
516 157869915
924 64340769
460 126328980
508 467200192
853 85069362
169 2296443
902 602721098
124 471950361
863 632967283
175 164252636
659 909648509
936 94281692
974 386381960
123 109241470
805 400833994
943 284285525
904 358890077
758 52225731
418 77615076
775 937447606
191 77590828
394 718611342
765 816606608
563 603136155
659 763113740
105 199725579
648 821553828
900 497901418
205 676016856
776 724780544
664 432544049
337 484846479
571 776838960
562 412993999
652 439995141
923 355980376
38 60329796
185 715279609
275 857034833
230 39168111
232 147860143
785 977232478
736 380746463
627 127651109
490 775255069
127 545982806
569 752107215
751 413137904
522 324008681
568 782523329
511 189816012
643 351876437
350 347680832
353 483095182
847 414111998
225 712447691
198 148515640
390 58514104
655 465755174
537 146669488
673 402137053
177 154515263
426 136242572
792 43057632
483 999094116
596 688813744
343 694902556
675 795235051
888 962905270
662 39856904
542 759918434
820 497144344
739 616456706
606 744049691
207 362516563
0 832515867
639 971542788
430 50799673
548 164490585
311 532192395
893 61597610
774 55082944
992 755634851
300 551504833
200 778235542
670 157786449
582 123042569
299 197817988
93 337116048
120 581529641
731 23462387
509 651849748
503 794107762
598 543281348
192 635866413
17 31028370
367 940664547
202 730210505
133 291385748
380 282335358
57 469248055
336 14860208
520 191882665
787 756916653
783 71833673
785 478794925
754 52484056
576 942368554
263 129014282
243 299755803
731 660763984
462 192846750
908 435417902
944 602781853
901 138056970
228 41899075
271 472336909
64 429154583
86 724822991
330 62299720
106 146476058
40 576450841
281 51486070
40 501055244
158 613196254
500 24831669
375 692234522
118 598823857
709 803585431
607 391666073
743 998756264
132 660227352
414 863729379
408 785125950
770 497814023
740 786177879
543 779554237
971 866900917
275 363788190
384 509294593
695 393356784
180 471290078
443 762496682
148 855724500
525 801724454
44 434999042
866 55621247
904 927001386
920 143488155
251 582837885
881 378778385
967 41111325
400 329360553
418 433475760
89 60298145
154 63675047
570 748829945
692 297473535
289 612931610
807 865876449
707 793075152
805 390079473
361 466176552
19 392707704
744 35509619
965 448423408
695 57313610
380 110526187
442 777903448
602 10799729
641 172813389
168 358790527
499 712634960
700 740308130
414 66508136
508 707374923
216 106036926
637 613940534
982 885110274
468 901835952
73 796950429
745 438293448
287 345557273
18 9963542
849 678128349
895 873060797
435 132094208
490 47718495
537 268306064
891 757901693
282 961274286
883 434286497
630 222233337
868 777721455
281 397916679
129 758326122
193 352138689
309 798973701
16 542738668
123 474393814
505 401053621
0 387066309
816 837214385
885 34450561
831 824248115
344 857487942
514 563695656
325 48515703
218 370582633
108 655864399
952 159402646
978 999008453
861 402454425
621 418393649
157 59903616
460 914145182
748 839147896
533 165915483
193 989385826
949 49887506
542 29071164
946 129466479
949 746066545
458 688402757
502 157209222
626 55968385
39 275909423
574 119613245
454 71143040
626 125294362
871 885370578
282 806063321
719 800053762
718 323118758
683 954905070
54 748040355
436 529645185
140 181247811
524 655057852
662 944417909
435 54278748
724 276954697
503 404478427
965 88022006
555 758899867
513 32492966
418 414263802
686 725098789
286 767598369
535 246775370
650 739418701
719 522306063
344 324387831
696 147781636
757 285211809
453 249779938
346 989978427
612 784500009
112 331036691
97 24574608
645 71599935
474 67599830
630 574374428
698 209678089
826 656560467
823 725517181
596 499677634
484 522838560
560 883958233
61 886586921
702 2270105
574 156330991
626 513886900
190 655945253
980 871626080
152 734008822
330 468209178
962 102871915
459 729964561
441 637554194
897 207836989
409 582037173
381 302690349
567 588398747
640 123397627
249 213085982
748 664259917
953 229614750
91 39024500
423 940936148
230 503398924
313 22269005
557 421797774
139 123098068
52 277911083
857 493133183
805 796527553
981 197879404
514 339505974
89 532796888
206 984836303
639 508688787
804 132078331
717 10633450
675 190216465
894 801016302
551 49778071
835 381185935
944 741305325
80 851478745
269 837422348
274 201048309
775 486758986
592 840720065
384 455922830
30 571395192
29 473116043
452 456270917
974 413717230
145 166832706
288 38196435
399 432670951
946 784001063
413 441472089
298 15888268
930 166239763
473 947964166
849 967050841
789 764820027
606 563161789
339 158516839
205 224395320
371 937607032
573 784705388
513 943281957
495 784279103
98 809352235
689 863256603
608 54593119
603 55309789
275 447386322
58 488587948
891 216610015
641 764406266
500 320010087
417 465642348
250 350603310
482 520461612
599 402596018
63 833611696
95 239575895
879 111715453
718 233968256
698 452347744
25 130511026
343 116340442
951 734447421
562 393657606
383 808365214
928 680392307
598 75096490
390 344314322
68 557985459
424 851887918
873 120960601
433 967815203
849 778128384
208 557441680
700 572382020
428 378251487
935 734604307
739 966839870
863 38564416
707 288507866
949 166530335
528 936888289
877 294824956
329 711837456
529 965869526
39 655025094
332 721659671
235 930649688
434 297510036
287 909834959
663 325445698
343 396959663
894 264442271
406 984838379
807 201394924
856 279100265
64 805233369
273 785653493
387 60537829
329 768256044
285 484860375
577 694233342
0 435502711
813 22393206
199 791212495
815 140640862
855 522338438
432 878290818
783 78478762
148 324291664
542 90421401
537 436750766
166 499025109
178 60395208
394 665268930
783 757232708
90 955722801
132 10861723
179 530227947
803 911009396
180 899994626
404 828725398
744 95164228
247 96781466
95 946211062
235 130615607
36 370242693
181 763152307
216 232437034
542 115372211
111 66820786
34 799426543
474 678602502
651 404661756
916 222359883
812 478098923
66 898299004
306 848790475
45 255758498
960 742953375
313 475170632
867 379730221
865 356268635
123 941881598
1 918391646
37 127198751
696 996196473
166 688683347
604 5112504
569 502446306
883 966701799
955 368247294
47 112071443
983 16671196
574 908817822
520 930658321
508 493141197
838 987206420
840 587081440
521 342854482
638 254998350
617 295017710
762 155600594
384 64408859
577 703893113
399 281480552
659 438632182
505 86271151
522 771679781
96 25806800
715 122772634
756 970688553
989 189921167
153 41665470
197 559577383
167 787163596
698 133740013
906 54787494
860 304136130
936 603349273
317 743731410
125 440940155
212 399584584
991 730479081
664 938147912
165 603431598
634 825791450
892 981066690
192 709500844
778 722715162
948 934397096
141 61739147
393 761931655
169 622515695
12 887395101
250 997187567
286 70454673
90 215373055
246 215215820
449 615316740
526 306569883
467 474306021
662 880898666
513 690826600
517 41779179
10 712311619
979 956856125
349 975211880
270 939632263
904 43735282
966 179260402
328 17999522
492 944202085
696 844416177
641 502741714
422 605942200
335 203444359
147 968731566
904 3536233
18 403122750
444 97651787
394 679352862
887 712562984
737 628098580
650 726513207
782 821228008
301 413746048
343 920631762
294 588179474
230 18362550
689 82796828
710 865618360
295 73196971
784 281696977
549 254346717
134 534230596
913 254504740
71 267206888
299 285371381
815 450278997
147 855690977
263 349819596
91 743739075
535 579066250
715 609696521
322 39727498
819 868257974
492 596012584
458 512059964
968 511971103
667 250675928
391 774982701
892 60508713
528 584753112
667 407324741
970 456564015
254 62249291
239 875890934
580 99026989
531 707604347
435 20402391
165 492339155
170 604780276
232 705791873
176 812010546
483 714373671
377 19544247
472 874075752
733 950014199
47 140840384
264 576354825
372 12962150
569 181146729
504 122190608
692 434377951
700 899914195
807 358948610
26 375463849
69 215575520
860 446955188
174 160344355
327 303661400
503 186391077
452 435974599
792 140830336
895 51687118
589 223820111
269 469874862
747 820564085
869 686235486
14 482464246
706 568280973
780 386328212
424 179388692
395 26658091
301 602774235
655 900229715
478 81333682
85 802426538
128 723254510
189 834734593
110 629836942
18 232630523
538 569079142
547 802995444
293 626200937
219 269081938
874 757089699
727 668087050
924 533520284
987 72079378
720 649874476
393 76572633
873 17201469
620 273173450
468 146180655
664 513634107
463 661380093
80 436705041
121 832479088
481 61130069
187 71941689
385 83995010
394 433675399
973 635533388
66 707053030
718 779851237
434 447428759
875 56369846
173 360208141
832 4739992
113 403688678
933 580457197
701 745113733
414 255142834
826 841261713
347 128208267
131 307009627
138 905559953
124 104595097
528 147009136
39 461016311
858 475305505
270 475609472
481 59140064
116 1962335
353 410528313
583 342433845
102 659749428
776 60146900
375 763003931
300 516840432
399 568876501
528 664453403
881 900348025
720 743918749
468 594113327
696 469862378
218 100854425
128 591692355
510 806125206
390 534314653
263 462122240
1000 483298729
20 7103496
451 905534527
640 594309748
723 979095522
689 658302494
857 845001616
390 273184859
147 50520751
692 593209610
330 44338061
414 57025081
196 504262972
610 732777382
3 67176431
790 623215485
240 857134227
119 53726438
789 289016367
177 993306763
70 216259255
680 321869275
301 333808926
538 72236882
98 166893973
829 406747963
970 45441906
123 100566676
575 816180084
81 547865630
716 614363803
952 418815383
812 462838863
88 734358462
745 664284670
415 440993569
791 961189848
137 771443397
648 514881583
658 182663084
545 167611508
309 8299827
93 244916547
799 338862976
738 497812776
691 670526429
919 839267212
101 899428795
58 521665377
811 894087989
838 708583506
407 568967469
579 590014135
407 692736763
292 54763566
314 687142714
297 961403821
480 124863550
533 843595396
370 71183887
935 795065865
989 142770140
504 268769393
602 131463742
861 720750727
916 107136112
530 24782945
395 272187720
667 68016884
665 308844690
192 411152682
41 364132571
513 11608684
852 862858827
897 727062838
89 759117089
549 755705581
69 532681220
412 563575442
207 431453223
577 189388301
459 36455029
795 768988086
263 74172539
62 934574620
702 101721497
752 269865118
650 576892368
121 32426850
196 116113417
178 165655901
102 55666082
187 350216537
301 58276757
229 102351635
49 946963233
703 658605337
738 579952688
205 180807047
106 177566970
143 724147407
328 741505525
428 511999770
960 18735583
595 863772579
175 72329459
931 742259314
470 934717805
268 589177174
216 228960105
713 323074246
844 223521005
147 608708244
52 214184628
924 378734221
471 402459702
316 382076250
531 375494669
430 678012779
670 674002304
374 235543247
420 650231571
160 584058695
166 163510673
940 64665253
921 207203084
91 691796728
529 943473173
672 779230470
288 772630983
553 948386894
899 451904293
36 31870836
386 27628907
463 758274821
481 244132737
484 608410000
565 28035447
356 48422321
49 812334724
126 117199078
394 405341992
185 823575865
260 945630458
672 591732141
983 865215551
445 16267062
780 987568381
321 888260747
789 668590493
478 325810815
863 331131502
28 604876468
987 695858732
233 380716216
503 786104083
901 600781564
522 172787387
856 10320472
579 308487120
410 692244125
224 577026122
631 48654341
923 411876376
438 931791902
467 91019577
25 701010459
940 452348798
74 218988890
835 483567685
191 757458520
636 288928687
244 468096035
328 917394511
131 859145089
700 662707839
133 267211441
288 31510287
389 68769668
312 714761410
794 14188177
406 242261603
19 284352630
110 102 101 108 104 81 95 102 118 