916
504 130413907
510 125656516
176 503990845
545 759568468
62 613870030
7 268827012
713 426930941
279 398975746
991 741022241
30 5761501
602 57867194
650 789032968
446 216781391
26 636064887
568 62586238
129 809502963
206 294281453
128 174455788
269 550751032
154 33961247
8 683129346
65 658281351
207 142774596
435 219906834
887 838847106
669 590849849
981 960034621
667 992931520
342 341922244
527 849707273
678 153541149
192 781685298
786 777667093
315 883377576
904 510841607
557 551799868
291 251715615
49 815017710
525 75882867
286 970099144
900 636412256
700 327425719
988 954161757
708 323785279
672 959414226
379 392216964
766 293332724
763 945735023
872 325606002
229 16365744
83 780617974
176 765115514
768 505843753
12 685172758
863 663044321
874 53015093
842 643067432
725 946646207
881 987418405
552 97524176
607 352108441
563 332912085
284 190577546
574 920662755
939 277202210
486 955330802
390 799066
337 630544129
182 189630112
965 775610645
468 776989574
899 255122013
458 264242433
334 452571429
235 826257788
860 71210344
426 235148184
790 978752103
158 56373726
864 723394675
832 314191141
29 790954008
997 415912759
461 877629760
344 309081741
939 612002000
678 844596862
529 326680325
997 907360199
390 468695361
60 104626609
974 91847854
954 429782758
209 802894882
989 491791947
171 849883130
698 870372805
967 126068526
52 275754136
876 346229335
87 10396908
717 747051972
635 554149036
40 710091575
334 14895816
887 503047452
34 148517914
430 523854916
699 77099054
262 100222461
121 894757675
427 120679994
190 25286592
579 510538469
177 864035960
829 73277703
853 144377285
760 635529750
171 715219082
362 660762996
492 614103654
102 379956370
701 679829036
909 67065054
182 307388382
344 620370108
43 17355405
904 117534174
140 874654356
637 731066857
641 134964121
484 20737451
411 650431814
832 855752277
17 762427791
208 330776872
915 903781733
61 665276190
473 425454860
593 761007714
395 768930765
581 420574836
495 402769995
535 79312393
902 699862118
344 767697705
359 135983311
545 66999732
121 163697390
450 615595389
455 48515223
200 62221818
40 573652098
839 802551532
88 870183308
287 144797181
262 544595535
718 233192726
620 47633547
705 105100607
926 954256167
534 554278641
378 138353690
506 84660869
919 409612527
515 922933509
349 382213895
925 706956893
415 214105040
219 224450752
932 980227620
269 877958020
286 574234438
199 9112147
689 967712301
628 910551795
507 862037277
7 55844111
473 50311107
785 111426463
4 762504569
891 484878946
198 608721150
998 569967222
978 331979987
243 32626943
892 694258131
200 582575695
485 635713022
883 808479890
294 583575435
932 352360758
883 453337203
596 481890094
237 209756665
812 69475848
722 704868945
728 796003429
475 435698531
621 709681712
216 558999179
836 450690966
367 281539723
774 155823097
293 254105486
900 838465624
474 433967003
657 417736026
223 636671881
715 730855631
525 917339528
723 348168303
590 6567816
819 22420636
471 454879657
609 125946090
495 272256249
797 585411808
116 355734217
576 429693337
285 227631279
380 598113021
512 844363923
52 549372415
899 125578010
738 738019783
581 776518390
507 709390849
740 693649961
376 513001303
469 536182029
375 528901131
941 127057118
701 55782059
610 852541391
812 417902082
131 940945050
67 989410817
297 428303513
707 609360542
87 733897444
248 113748077
704 874394714
969 825120582
83 49331469
883 965168891
579 432695540
940 29972565
891 496800492
626 497875594
356 393406812
155 542235698
372 211837860
148 424670214
199 779963041
687 293287534
493 615347404
940 933978867
252 640148973
925 554701638
35 997529037
19 82450969
939 845017640
48 340460278
579 4604633
827 937860846
275 40776913
811 604740742
503 422152714
274 303200328
889 892889681
388 916715122
626 27687835
11 222613877
174 52656198
596 174459069
737 157578731
934 924427837
277 138891355
813 593948832
502 907915008
859 3861611
259 844663947
549 178578042
997 741524453
488 890347208
555 932285158
389 36213092
623 87211327
622 349508783
569 278783665
89 613795959
549 103726482
140 774702950
72 153512376
642 579797369
68 526148632
310 13214196
230 693337751
597 596094748
285 911680907
828 377010973
519 309007860
665 196526754
512 324899798
177 72018757
594 435096077
756 479505317
883 681089093
277 699466596
225 212601455
147 646519716
505 398280052
238 29557461
699 728887291
969 231765983
807 135406786
1 336799828
914 425836011
392 751302961
618 525502194
515 702822918
454 352358783
573 78606490
468 179182951
821 584964296
214 190443847
806 893152247
956 963948955
45 902908535
652 771468309
376 240618937
316 361790433
289 710209169
282 804020655
640 651384044
850 54777323
318 271710367
126 307913490
489 946200711
685 775185151
335 684226083
893 736720909
889 645721893
206 579398987
658 854936951
275 407192445
41 302169971
796 288967177
208 538332653
503 587014434
974 136553345
85 140913695
565 19976857
500 806112600
897 107317432
459 694203913
135 33245353
735 887482469
551 99828570
6 935103032
665 325653694
124 822828712
10 867176338
493 583909727
383 84178940
270 808513640
365 434191698
914 600120418
839 412098429
767 58177102
65 133210168
713 818670774
879 844739217
861 293391706
987 89569877
197 727418435
402 316683740
625 454401318
638 514795794
63 182762135
157 915696136
354 464646380
622 362897620
264 864802012
5 89924831
228 553826857
675 832447095
222 780609774
23 159101713
954 301941046
940 285581489
696 986110730
669 73006263
78 7424023
437 893902764
232 72208548
800 31124525
681 380793430
862 159631405
853 295431820
94 446843395
618 151856739
802 50853735
443 604362267
56 556044328
45 20933224
442 424318893
628 52209397
806 947674621
108 36703209
827 27804675
84 219136855
194 700418705
744 981240625
543 292489631
891 407533128
648 706958906
514 823239772
672 875592753
507 532957165
123 692005628
871 454481033
467 789867617
960 827680441
393 511333610
658 17344684
86 930035035
849 50952459
352 923019891
821 65223748
85 961806180
361 856628268
495 948640727
380 121783989
583 40724007
882 966454582
24 198500447
486 861012660
554 17588140
831 38891740
303 727371122
849 169059150
170 700124772
1 36866223
126 428322140
229 403185075
286 51730331
774 775726503
998 965524850
789 811629316
824 78913800
240 970760907
854 672383535
806 804369276
90 713837758
703 959659170
906 24097575
1000 8075831
909 312478189
779 375135966
927 814121022
255 433926005
588 41921198
23 413703972
614 237387993
247 579376453
25 261692580
243 499204877
492 564544991
737 984284083
516 942750269
220 749777980
751 982209364
355 877469745
161 510306245
235 896081024
196 825258599
63 923608318
379 798861665
506 785304907
302 273660014
115 743420244
772 747431101
326 10396339
795 177018671
551 504792208
981 385409507
30 395772493
347 492694301
369 238643725
107 660944540
947 749218690
173 559476471
92 969167697
687 446328396
805 944540491
219 993266999
350 499071
736 252592605
994 917490106
380 475617142
252 358893879
699 465697468
598 50591887
549 48435746
805 20336047
980 751229229
172 292844802
61 641476078
969 932369799
555 673291164
417 169189944
71 439181828
323 20942866
768 429937893
779 619942188
525 462240150
386 126837981
20 3972015
817 519276646
252 892683664
745 265414135
577 493801870
381 828201679
226 171092165
100 114363646
440 341227665
149 544985430
750 192117010
744 797230814
553 204878458
59 111458767
457 826955025
178 822593559
472 5513491
342 959760933
209 563870847
397 565135688
817 38179025
101 173075437
549 545222637
569 469951936
533 57253657
410 882861901
498 837206631
602 98011869
499 853006823
834 585775928
9 361978099
400 525981610
749 996251173
788 52361040
101 31218477
435 855968608
194 849586006
322 826750864
394 138566607
734 431787192
58 292475778
864 174692022
383 955386363
305 179191499
861 856746418
452 279009198
845 431966019
90 704484796
501 882875251
627 420812986
404 291159696
642 51565987
915 78338164
268 403800720
285 619306333
239 965565389
698 352720
765 575009033
177 399329653
851 881644039
732 356400286
399 530020712
482 727910616
484 844282744
68 866451620
170 953635529
15 236925545
984 37248687
423 229020880
392 119326667
287 676465229
69 585323800
955 719197824
684 883223548
980 254981872
415 181371558
604 196827981
611 294448869
814 16707468
856 122862134
890 677070062
621 410326143
158 632801892
993 646267879
127 261758308
527 103060703
55 657874705
317 212054142
202 985066816
64 14672770
177 385050572
771 366592056
615 785279394
13 61208894
13 287847384
807 841706356
203 744114576
986 378107330
262 784815583
780 185349468
134 260006237
959 307154173
162 6984814
119 72769048
506 953499402
830 442915501
337 407261087
182 41807811
851 680564723
620 846736360
424 539705136
478 866453984
681 611666905
662 323187046
677 545434539
62 230119440
231 939633525
664 732864249
296 789874090
365 130379961
187 508106264
813 62875194
372 150132706
837 402225279
773 301628465
276 227880867
297 447146735
46 768924974
683 967013239
175 752399743
716 112251340
938 623260366
318 394252850
231 15400086
269 868418116
14 800659783
822 106911422
644 102666437
641 826895089
262 249574458
836 53871792
439 10738278
944 777337694
454 710051686
707 789765203
785 915151321
20 40196850
73 127276967
215 237733427
733 810343741
708 206418535
351 484902965
740 843322997
829 405210710
241 816094675
425 448612077
586 646980583
326 9598428
15 337765468
940 910742946
470 906787930
31 22561796
396 820783395
712 940071549
35 60264084
813 658036199
992 488742984
557 989156042
428 663886502
831 794152936
35 15384636
309 844972282
621 214405431
444 865041392
295 236730234
7 86163490
493 761590414
74 557572365
390 900026828
837 157502187
424 772904396
253 148796170
379 356658392
724 914207805
41 325466481
323 222264111
527 645777764
315 170363122
402 257892461
362 163289175
877 580361863
643 694321400
644 490011430
913 992642969
858 679391359
850 481865514
349 667650419
415 283469593
205 47190991
771 174297875
577 119321802
12 506625737
293 396651251
685 219072622
193 686868882
270 408284621
439 13530058
56 57598119
218 179898796
678 71000454
334 641520102
757 220881248
40 360258831
503 91110023
379 388571290
104 10520688
129 151970796
216 582567873
817 215216841
211 706037965
89 854458386
87 491580579
67 111058958
392 339732577
180 640093627
458 717105024
861 220535854
278 847102799
847 565233738
270 443988163
265 745047297
818 917599707
715 30085403
949 474902301
305 94759765
693 391261930
657 11438
62 398022373
785 770916086
612 443073921
962 726552170
467 516151729
3 579019640
946 691139639
498 896783790
147 373974023
349 293514290
282 953799869
842 294887856
539 34992037
659 781181594
494 728308160
486 934801108
354 695107248
247 359757377
373 629104094
587 70021739
83 990509142
684 762867561
529 76872654
473 894521230
248 656357657
297 397213952
155 795835033
745 461584210
450 399774900
855 34505471
971 63694293
67 68636793
503 701094470
334 765680759
74 730392003
949 243986925
357 55622523
61 524096432
79 566468067
588 472862116
106 334845776
969 434375716
431 955504101
763 602493984
815 130921231
269 593490229
778 126661138
579 71373759
508 445145671
786 926312486
971 520457377
604 811649801
690 57762688
814 257673677
769 39146063
461 23953070
200 360435210
813 454593451
105 203843846
865 436751978
682 39542235
918 953468447
969 825736634
101 53775449
511 758227866
472 396543098
886 381714155
171 648718858
86 687016633
469 678177879
658 889756218
236 323591017
786 528608415
279 411866716
288 178517627
678 272815075
286 793644994
496 504194837
48 11006597
265 116865154
341 311474788
136 677409045
78 868775165
316 611349633
472 35795070
985 197769647
329 370834736
292 450455966
793 302072398
580 431089120
181 762258285
466 200744332
675 654647853
821 770589466
876 539311942
971 343034182
89 97124828
168 870194291
92 535854325
127 222343572
894 702632081
90 165006505
671 100137441
337 563321536
858 240010084
686 803989406
725 843722060
131 795929479
789 504116682
514 20552176
676 166292907
944 70632690
982 69940072
303 226717780
604 248577899
949 897148497
896 235770214
892 363567752
374 68808744
261 445463511
575 933224200
963 665726340
623 376965264
403 930125988
189 352695740
377 673371772
383 592620205
475 860004030
210 55088334
947 103442923
385 960340896
290 505548820
203 585635300
228 909168700
512 31100324
243 993159158
735 593663806
673 9763694
688 260529540
451 919355739
65 731905363
566 650655756
467 131638636
211 112288028
367 9597324
752 461222814
241 143737385
215 29520638
336 942209953
185 433493259
505 490451012
293 145802164
867 67500352
877 997224551
250 424164770
163 407910624
623 440446781
195 572810543
146 179959040
635 475685529
111 127 78 109 80 104 107 112 88 