961
82 900038268
943 442548485
866 450725289
434 908913747
521 52359104
59 808825948
215 940723451
778 714171299
168 823111914
794 955786439
6 356004293
231 252473881
373 820851564
201 870621469
504 923586610
712 434828489
824 316297662
415 994244106
865 333953436
841 366696448
464 95863258
70 830227169
550 160032793
571 779163636
846 886671796
175 71602057
165 160643309
194 142006193
971 214309954
139 798087860
303 560390625
615 22039549
669 265895040
207 184894703
501 55798384
29 101823610
902 677264053
486 179630024
480 685038390
789 949623339
910 727085770
969 467466067
334 367197685
372 423096196
18 354222026
243 935941409
739 405508030
808 351583171
358 390521545
865 755893043
147 9723965
877 669031264
137 227895757
165 527913334
886 815421619
157 171656004
257 319224063
525 41843495
514 313705428
828 798681013
843 683747519
931 25167635
388 350457991
676 702935609
181 899426956
973 937033740
756 569415096
308 52178784
819 286270097
735 970120981
330 936271429
961 675241195
488 62666560
449 463898600
705 248518278
751 133413817
734 791005533
101 339297820
815 305187591
643 335091892
349 670716856
536 768619229
80 615620787
477 775355980
815 601151920
929 266763269
404 596009886
193 42901410
544 514704640
291 5508087
639 995468940
375 309077469
647 69980280
409 188703943
999 607296659
352 52128499
417 402285703
811 490729162
726 178979741
54 347935252
291 373719886
867 873114600
978 608038176
273 738854450
682 895282896
778 785193195
511 239360679
684 912118737
837 730838892
883 833256682
894 889578723
813 898272451
475 36646911
970 158749035
505 369752382
490 646440066
554 234327659
623 95081236
783 469476755
870 422248870
362 37300705
233 581358389
264 641348479
360 201374790
54 626565398
851 974478919
101 32309990
941 38193160
947 502623025
818 523488462
503 2555079
532 478601745
590 26476403
900 786244907
484 336163489
233 492108768
488 864631706
212 70543970
924 865391794
431 459402564
189 912031161
51 292705456
340 598262733
165 534193256
916 805400664
926 761101453
854 681546278
488 68828174
453 31748907
745 602792604
468 322267448
658 114330037
590 23858960
564 718227247
681 749402310
875 63973069
327 838663031
223 789191404
58 34786345
980 720336750
569 675272056
560 240368478
302 437418971
768 911512479
985 126607072
395 21720441
207 30530623
862 701927201
734 843894304
850 79664963
720 160384506
627 751642163
670 42585315
567 36620165
961 300027017
225 232065776
654 747136486
754 49950400
952 526225616
632 461496443
7 380589794
540 255047624
400 573086526
231 320296249
995 495968706
954 759267841
469 157866145
862 479081114
134 79610082
638 12257263
505 915874732
675 14201653
370 796685417
651 993342687
798 113247310
993 460609787
895 216974667
838 194925146
914 990080125
925 886680162
264 258314048
555 571495649
58 748155263
434 624772435
793 89110727
235 93374053
685 426851852
527 876024582
380 287565673
446 505789150
395 372199492
170 181171728
259 392942097
94 205219927
973 322054965
980 522079537
517 441266810
869 917307121
529 664480754
568 285305792
493 518571799
484 397886964
107 949258639
217 727743153
903 378918610
82 719454880
682 390710475
712 407211725
355 720514114
698 958096964
347 938065866
998 490578606
686 19235886
344 677918310
587 33436677
525 107606376
815 248864444
102 578831151
496 24937990
465 341462358
293 230893381
412 785802680
122 836713393
932 378314418
701 52195666
808 61244389
11 704017065
724 536896522
587 94867535
779 990098325
317 933447283
816 848469409
141 746242505
267 131570756
187 125245410
168 39564561
708 129069648
334 317895184
610 10936198
316 596940975
643 758932799
808 12734600
121 875933183
886 378079700
917 41390538
3 116236557
391 625633472
196 12035141
689 79833457
795 23185873
15 552172250
534 39268943
708 118320437
919 119626256
963 560465501
417 357637232
301 586212919
237 23728296
374 717383931
69 228939287
991 564592096
484 737699760
405 923178235
952 414580519
432 850332676
868 861362533
808 556811779
493 235762025
758 933579883
760 437115741
381 942424315
928 537986988
315 165204022
524 349020204
530 857197813
2 523227319
914 244388520
103 922965726
590 200060476
501 452204849
202 884179558
469 290028169
432 599771302
830 212790461
815 68705897
809 67776800
523 346999788
706 848260251
156 931196119
586 867229831
143 345417058
562 152037445
659 139952325
983 39354555
265 190060089
297 23768424
849 220179412
37 103685568
739 563176766
843 650244381
642 955377081
749 406492486
73 364910486
523 578751792
262 478290838
838 548082014
985 995029758
189 839762050
764 320704639
484 316856021
855 926277810
306 921771974
102 565080964
4 41019185
251 756540134
923 297066996
63 960092177
981 393428515
57 258664728
233 74408800
548 728932324
953 59431448
631 511678184
860 13855191
834 99928673
720 71462150
636 722413786
902 102590382
584 63536164
717 723424815
725 378277755
484 564764080
134 873010380
159 15295019
192 92457984
504 433545765
793 790935879
377 666581461
668 615037798
297 747353031
827 608822764
623 604785071
498 181950787
287 498361533
389 251809416
940 70194682
652 682658956
299 539605556
25 269524320
705 864581024
576 661759412
635 87607998
341 212038197
115 68681720
126 105009575
445 99479465
575 109390088
217 257216396
815 983578360
579 14359509
954 117784085
728 520564725
878 13530066
621 834563367
51 186142121
936 245028218
727 104405565
662 453589580
698 9870278
655 182340128
669 519641196
685 46816836
378 368506516
363 638022402
122 111177151
445 335908816
502 986440133
980 368236512
278 942032764
120 316677434
345 166191681
109 715290217
65 840179464
896 392965445
719 126157695
890 766497392
870 217493517
27 648270640
611 448343084
722 290158930
197 204313360
243 539705236
520 562666343
886 921448215
454 798108585
352 64130765
921 41766518
939 602156092
150 530989377
493 6984442
567 389110099
715 70601848
949 7741808
838 572498299
726 939059785
286 188915481
681 808304436
507 689415287
955 55197042
223 703971530
919 371032508
910 295431760
967 743221887
179 617407168
417 284858981
678 527347773
16 467177856
761 690303134
433 422386354
167 75573429
145 698004382
348 187635115
991 403231206
889 17965356
139 425094769
70 260578587
678 468120188
517 228134839
918 564851493
416 73945591
794 300859007
803 802542437
677 552281416
371 556899018
194 111401293
54 880991593
53 675750421
517 973477910
272 726317584
556 112893377
439 562356199
83 29235330
667 501758619
438 201508689
487 884168510
638 933909555
173 119649095
214 679756994
711 307534645
357 54611738
625 702240709
77 260779918
390 57054785
945 893016907
627 122239029
621 48313714
996 223612203
99 321087567
700 537538632
633 803977735
235 673500567
825 342989008
826 679659492
949 598444733
518 200585370
12 208981067
867 45011940
536 737550289
838 917774292
693 475141736
917 791045329
232 935839557
88 5552132
798 656965076
651 232563183
810 551578204
234 85491406
99 177935157
230 6871589
126 901095626
970 292009141
587 423943641
887 71932240
147 651615683
860 776517158
633 615409458
402 95190640
565 261953543
948 643714591
312 368865068
725 691965808
464 916053500
816 168891068
551 22828756
617 262326234
845 804312598
142 303739827
941 292551020
760 74377529
974 597331345
321 270990176
811 236640183
121 264838026
972 953186947
105 387667957
176 682713586
580 630578171
7 885395492
635 96642702
65 59242900
150 797957423
401 735660380
564 279530648
416 390405490
107 18600769
221 380893646
563 271454438
755 708690907
831 277174724
228 294709997
259 465753509
305 965444634
974 279866332
45 852868175
808 647686230
75 370729251
523 494131619
846 575161503
917 220354978
678 786317804
29 384059740
271 47568268
327 519126564
428 262392282
678 297729352
806 552852147
83 439010889
63 68871013
297 375447303
608 441049836
291 277412316
142 568005592
576 143708863
21 381236068
946 20729529
229 41237251
417 839254355
375 840949914
305 758900638
694 35690031
680 427283618
930 67309268
615 331822594
569 495172473
136 510011358
857 71058119
602 355658757
233 639305342
461 764416531
256 276013488
332 735668339
858 301349044
892 810117503
940 371402785
65 169069847
885 701148923
168 545767177
684 811398839
405 798299793
77 664993010
986 859366804
158 115041501
368 419096043
518 175366588
886 274941468
433 510255705
929 14301968
492 16876259
193 876318954
856 988046479
983 624761412
847 40245126
400 332524868
995 667867186
104 782344071
829 288688318
714 215237349
205 330963225
753 430924917
386 587073192
287 972450412
125 558846602
651 956865734
841 314722017
863 82026603
794 482510283
701 891319419
241 32972391
767 694841331
635 557760168
275 766981244
488 34872932
421 73961149
851 172251530
39 654494587
91 435277025
913 510290639
820 347853183
834 50199784
35 849823225
438 710622429
876 187948974
519 362059532
112 838297037
760 676200942
215 699847667
381 678298835
523 627466557
933 252531902
157 439775433
640 65717892
59 371762276
209 321465498
712 4650492
401 30204903
480 127052764
901 5074399
296 794065585
733 547017532
481 3544262
830 95478135
903 733604570
924 207709419
939 140803322
217 896317162
946 416144132
561 388006464
523 813943500
597 371317640
515 590468526
39 491613653
432 896031797
975 160408365
254 58623273
97 682956770
75 827823658
208 953784111
704 913270945
714 725327433
949 27559325
958 962999835
278 44206563
860 283340742
719 49817593
657 529835536
990 123291381
155 849299033
489 184270176
242 968769459
349 617289522
536 58480785
255 4555577
140 346338374
183 33748281
748 46777236
590 8039824
330 916561423
618 446774435
852 177902087
925 178277808
646 16466223
685 3445674
709 731848159
599 632800724
394 837958103
652 993857986
935 300195460
719 907704035
98 470380057
726 14797061
382 863133694
1 317291994
267 467196562
310 908752957
128 190896970
795 689389756
153 392879226
692 314540339
184 815315664
470 475343294
138 36189079
903 367679586
405 433474027
680 89372329
198 160551639
68 705000368
7 390103997
108 381537530
812 4781582
448 657990451
411 915354756
836 899061778
993 896834391
333 126123000
717 71296622
104 52081210
181 958693740
440 307206491
918 653281997
961 829405893
535 722398800
95 891551979
787 414009186
286 567244329
979 3149088
468 943602039
132 35796854
420 958246600
133 244072870
45 558420011
500 197593228
468 62915951
94 323520436
640 546685041
56 5833427
514 36935548
145 294805496
476 403837300
986 218135634
292 635515889
921 500375934
27 821550796
801 366014163
642 673773171
812 724983816
832 952021708
232 395276576
123 310948658
796 710440598
884 716283850
931 122606702
181 628156468
986 605957006
139 791508511
601 866117994
676 240022925
686 907135633
163 892188770
438 107506380
89 696265291
791 720150748
358 192813613
819 30132739
450 533231509
163 554908013
856 954707909
248 222887266
431 332844879
654 940989891
15 6138211
522 515117040
605 63089979
417 861148647
589 584457128
605 210087271
555 46173338
290 439349240
106 833550702
346 78594962
890 946259562
275 774426812
656 909248260
491 439734280
920 324109415
49 976196110
324 96349993
515 962434623
848 777289804
540 679766764
819 955800881
601 379357444
436 112588160
900 63419953
403 850219528
521 874761635
506 653784732
443 818174177
829 453582656
95 337793359
668 594044423
538 236720384
434 830769488
322 729421124
871 99618347
264 864460863
725 532658867
210 100775827
608 248337643
67 854983324
624 100046091
577 354919558
565 425282463
317 904881273
619 261502793
901 929968274
357 46079796
354 283673004
393 190564516
182 915773539
694 838965967
113 67741305
127 333581919
998 528041895
386 862841183
211 897999929
689 376358665
214 800504321
606 711521153
392 838733456
379 242760755
829 32327031
871 392941612
871 439527884
77 946560625
688 205075760
884 341387012
428 449491947
450 940522190
869 2313913
396 259183120
929 39033509
580 562802647
217 847532200
640 3915817
965 520827606
61 919744046
942 47757018
862 695592455
606 626467746
663 700282991
454 613167645
625 505667748
496 163409358
746 234769087
265 634194960
321 957096901
250 598976710
932 278606811
884 855382431
523 25612057
328 57951535
871 133660133
165 83554422
72 169731929
331 135267167
550 463292903
200 834913975
421 803789838
639 278854244
61 9042787
920 451741376
526 923612959
263 490675259
667 856804148
80 150326876
261 355799804
419 112222738
833 331024775
40 136545844
466 514444572
854 883698731
710 1388148
275 594067609
386 701191035
369 449231287
663 564096648
598 979263928
98 392875650
957 29116779
153 99647693
869 548632158
886 619512017
902 491019411
795 630036158
922 10541361
900 953850824
36 395978529
871 334977480
216 672387508
907 692253764
500 678163923
566 105471007
804 68027310
425 884730830
695 158841818
130 181494151
259 429793922
923 191043891
799 126033314
884 21370199
631 377769206
279 476202883
682 28213995
638 842640066
545 648183443
541 199438399
531 653348664
616 390619911
821 402565840
404 959029571
969 303512326
67 853806456
165 101072321
311 922772160
77 419171589
897 939934780
123 931540537
984 666778945
426 8985534
179 966499484
271 758032435
656 91876789
548 29507013
468 637655444
317 65442715
315 678327166
965 748603200
200 837695566
286 809561806
608 776080088
273 156222930
912 263441621
863 808990240
952 349161842
870 140059043
359 754490122
389 82590048
717 572313157
70 168558496
944 641388331
594 44456241
5 741 75 119 1 18 2 0 0 