905
286796249 458
947138303 54
499975623 827
319869710 870
969368818 802
14252605 723
128961631 307
951148158 720
69982871 137
80436945 575
843852101 524
42926513 983
408041833 177
433310545 155
198762101 438
511291857 417
104083158 214
114538543 238
817503095 574
865390791 886
85481536 140
298415925 385
718613499 482
786850043 825
132683378 771
659610468 268
997035183 234
784030599 829
434388982 411
462792284 819
690738931 193
469202777 710
115710605 82
989394158 878
13539937 106
989085857 100
4975673 841
155915175 325
894264329 114
766619498 247
620482430 26
573985310 282
910161796 653
471034841 891
738790691 902
275068183 198
210822311 306
168368181 109
869901134 825
985025190 891
555063112 533
26267756 234
784835470 789
743642482 584
24243627 1
670090237 784
866486823 345
711382495 580
915636984 262
699548760 40
871567703 564
325368077 827
945592478 522
776870723 992
313875429 453
417488707 72
824025722 630
862542510 184
906171874 961
662159768 774
756802241 284
57126514 610
707533658 958
28566742 320
682144826 424
125106445 565
125277729 668
735887729 903
303635914 815
186573694 294
64067915 450
152180154 375
620390599 372
820650613 738
474702219 315
293497896 294
83438339 674
121679626 539
153844600 896
144268573 369
586326921 945
587139024 747
883812126 250
698568995 536
41480937 665
905578541 235
30580433 922
39608500 875
656352258 764
367591946 452
882123187 763
963376395 870
419075855 264
262050216 798
406634232 644
886482872 737
635262920 560
753491703 623
5615168 406
296065297 238
403758118 638
921145180 768
657107450 586
685324524 801
140131349 881
226927027 924
670674156 535
587133370 251
653278119 153
629290941 100
819700904 508
785006921 774
51715022 225
63014482 682
429867870 943
445387571 216
661501142 263
910792864 815
514065555 181
586076811 185
472769014 586
874778572 40
697655817 574
983467035 566
477710818 389
826347823 260
182547845 167
604554190 965
316832387 580
86497182 593
483671635 493
557314294 542
493637876 908
823235767 497
85882830 744
500068960 605
913445635 176
894507262 615
732478056 48
363808300 188
194000392 44
627032248 883
474170541 258
461863426 138
109266158 957
787902418 700
354283297 415
447144991 920
219397986 928
866008 635
36214570 599
764838468 763
597258667 154
817855437 142
897001818 629
113024291 259
776122968 683
882427497 598
332022275 89
572779985 219
801000145 311
592382708 596
438775302 326
630505073 267
946140656 273
506272143 821
768169468 785
568775078 847
238803948 115
862990584 621
796878443 346
309216864 597
505959972 785
937012817 701
36127561 871
175609458 267
959401898 552
5318942 21
130339172 768
199383964 447
417348011 301
872294744 583
911300567 242
925147083 453
934987636 25
944320083 576
71372669 700
445513356 290
471578704 144
819262727 400
644825316 881
811074260 111
623138228 481
33787892 779
884600696 610
922912459 120
529403320 675
23089903 409
166313708 658
551593620 827
42547941 664
174916059 506
950673224 786
319431237 572
402574342 255
259716357 87
435719458 864
433810421 733
946718880 744
624833628 414
701669598 426
563191998 171
912418014 655
754034746 243
447636942 817
685868355 967
653379936 660
54788693 504
916123480 299
134982148 871
124864856 171
952715031 330
376633888 507
68607763 37
960104857 752
720910806 61
345443502 749
458823415 358
807911094 857
48669939 233
260671698 126
418607776 370
42076003 505
94197280 538
828836044 286
266445775 97
826445167 799
422660804 924
701189214 209
528440234 301
377994852 677
172106416 994
364796513 765
58566120 373
51467075 716
872702989 769
406188316 887
644082420 839
346830851 3
760848082 947
16710659 862
452369599 539
486678818 257
43508784 622
715562695 84
81645478 265
64310793 866
913155617 461
907196923 717
727561611 347
727103577 140
239374455 482
396310139 952
51458004 422
55874302 951
26237110 732
156839482 803
836953776 88
260353271 332
515319750 246
790708563 892
949227957 653
928670297 819
495463047 362
744551024 565
747647323 424
791219529 945
445145381 643
289156629 943
535128550 400
639622246 450
58098027 331
971869248 771
516789040 64
272431329 74
755187741 551
924410001 198
624661190 467
932609228 448
58796311 587
68265981 232
43451444 845
49268368 322
676815885 952
575628218 216
994068822 159
588334035 790
460697998 852
298251642 786
20742681 931
777374101 100
382804346 729
43702549 98
288728867 889
897301800 799
928736081 655
744868702 796
196872546 180
695965468 843
474713525 58
862286896 187
229251811 990
738565800 294
16580692 162
634983428 934
246675068 905
114063563 806
54551506 186
738278781 488
741369923 322
58040783 202
286380083 369
840700138 865
62072911 129
277701365 678
593747753 806
240323430 558
970230722 332
382246049 770
912942885 353
7128201 4
460113065 604
332361633 834
660968563 732
267165520 87
361301483 33
289804688 12
12590048 850
976597785 486
4602540 147
975635140 704
194747126 762
488869635 123
175626409 105
891086420 4
639280970 45
758236141 20
609054491 105
955285324 796
220278413 608
516426426 987
833746912 451
790253783 718
7715390 828
605443823 750
587535919 510
180211121 485
42219305 899
99761706 544
453318217 219
865103217 8
953690547 542
5330544 778
911186002 262
855752601 371
543274526 746
975448158 991
525596884 397
857931065 252
326514384 129
111172726 604
979692754 318
372616656 110
838326558 155
12481989 325
927777051 763
522873588 529
283262632 958
227506954 83
871245020 678
693512130 219
7355211 934
411570525 509
691808361 714
162439517 23
805470941 475
56148743 620
418543039 44
247528321 560
459688447 816
766403388 105
97745934 431
246789294 419
465942602 557
581534624 78
18172737 921
140621557 636
8017408 989
480163569 100
427804870 226
52424202 116
942360176 423
621315498 970
225880233 965
802099093 949
852173483 455
751716105 592
132630428 988
70869216 408
950611128 405
422695559 348
33394469 784
878603328 790
125204548 766
531026139 352
205247018 445
48944293 370
632270276 672
2500756 899
14533650 962
405377452 719
83371502 933
996449515 276
931853500 122
162639741 377
782304319 937
376022934 531
903098197 527
545313230 540
4405505 113
267824267 894
279160102 955
710006178 497
753987568 688
197355646 149
199872073 661
269220453 384
51965430 306
843121695 470
346204027 703
49578975 419
518569794 356
333452024 829
815855537 278
957037615 559
974331782 77
299022633 903
810686694 710
862157474 844
485626486 260
314004085 401
622016928 109
988291380 918
542980235 611
953819409 365
486276127 158
996205789 656
980291 865
148681602 554
915516281 360
643253206 56
43369863 945
407675667 975
261714056 471
716361891 797
133421284 954
104041708 669
473109917 162
750365030 223
477594693 567
330040406 556
980410215 327
402989849 386
40089207 854
112385810 70
978837099 802
65625435 408
818964447 536
907738722 877
786738179 769
663634518 857
560443222 60
120870252 66
434921694 619
521991471 63
780609204 989
311162967 5
304960945 521
201580152 496
115806733 362
868040969 664
284422278 460
853201767 553
24305357 859
278050399 488
101200583 125
144701316 635
80292344 348
897669778 150
629957466 662
459336965 303
183107480 309
452719138 627
309638508 877
377021709 6
125997179 234
898020333 413
195294203 859
813750917 730
755945203 92
545958468 349
802732091 284
245657949 797
15493812 2
256945478 847
278989310 726
843154132 489
686040804 409
680829138 585
747050243 331
53477537 431
900385018 255
991959081 591
286540750 247
592515805 841
484480002 525
443196452 102
479459648 68
22404317 227
938228959 745
713305866 920
963385184 931
354337576 399
731249965 441
279489198 737
301407772 547
578642368 604
256897587 288
278829190 98
401828020 205
367959926 632
240266508 144
735914219 972
595833454 733
169286783 447
123296703 677
975343950 151
23512982 207
411483251 562
884979696 977
812491797 772
725735004 543
963507385 382
675038197 385
715289988 15
59631418 687
299277839 796
721392001 792
449514313 735
819106465 12
61674570 77
740263821 896
49134457 835
911897073 618
134234670 98
702016500 301
307605 631
119245865 292
272204659 486
92277236 423
129442560 332
175720594 237
90188306 364
184788939 938
296811796 327
77501325 980
192951437 497
524339352 733
902608464 229
64392342 800
5550191 726
740151240 725
644745758 238
248902750 185
343253547 504
895615167 804
461897582 966
721615973 603
376088486 973
1853268 931
230272481 321
287316524 840
506184822 150
580577268 484
867259488 62
677605832 590
213320054 498
157647703 127
412938121 453
81450278 332
214847804 487
479750817 499
528518474 770
65972241 284
969150477 337
162725508 742
923180015 6
948614843 564
66857720 164
181191831 226
686866358 536
417624517 751
15274706 539
145449015 462
41461739 981
341062902 63
804774254 850
318952324 253
161296006 337
270905934 631
579868153 137
991433002 891
25939200 175
16504703 843
477548071 979
282435986 670
671883187 620
687957053 130
25198548 68
763380595 350
138003024 106
216524341 402
439241663 835
917014665 977
337511639 507
881475660 586
85032698 176
557233774 366
12878606 895
430070171 181
313333497 193
264325270 275
649526752 767
521589598 446
690777468 647
301297834 108
517786864 571
323359870 892
364615238 934
795750054 716
373544117 870
336198807 130
889839732 287
680490709 681
568547802 995
925653105 76
928748746 406
565770113 425
639327401 705
748686767 621
923925988 448
979205109 863
719834604 581
321837322 921
921354945 183
488758407 759
479755242 882
80537975 94
867051285 873
293930261 753
696301416 404
137960186 39
786297116 514
651284683 812
643471675 500
22638345 242
185533703 32
84826810 408
152137477 606
83879151 575
721834090 77
278568497 998
464929736 262
426316356 941
195422801 381
579220508 786
294704385 478
486054560 668
897914004 214
425909808 828
284966500 971
676612220 685
426188756 611
704153569 328
779176140 536
834025742 657
651254397 686
475452640 86
161615591 610
733105451 655
914347323 887
781078804 793
217078838 672
178419618 17
688891512 927
34702308 562
778441954 309
822525543 394
164708462 272
146917376 628
303790991 217
966325362 691
225804205 237
650720655 264
624465766 933
719789297 183
783289224 416
700712172 14
4047606 919
464833944 832
648186139 843
525667700 15
309175236 673
542847269 854
509001288 960
563750719 574
890976555 771
56750169 619
18846343 372
889107477 983
736949973 180
335408538 361
368165790 61
896498897 465
452913699 26
759065253 901
597131176 72
434031947 748
571492740 788
462379724 654
255149474 433
557417696 857
931255567 897
534431226 717
584132992 90
996538385 591
550152477 899
32831435 590
515288526 200
425134585 506
797191554 526
968755361 679
420535726 234
719304566 68
810126048 226
22440893 430
214282861 660
506673228 896
854022426 399
819847117 118
515753193 108
43308706 480
365017751 231
321538112 64
29123650 466
860355074 528
697207984 202
910080019 216
48446334 429
319907779 85
288167869 127
805236254 418
238097575 796
123003971 85
947516664 815
377872212 546
845825180 832
372242864 791
146201714 447
625483767 815
441408982 764
554481971 778
387333037 881
226564070 154
776054945 544
287893353 751
569241349 261
125759807 54
663412546 666
205171698 933
869258425 742
911189784 656
668765508 520
978758049 674
206818034 752
504937553 577
231338531 712
252371120 242
448044163 760
567118541 933
201899312 984
862530345 786
990776378 70
608539228 319
37739017 721
492606162 464
397095071 848
498498903 188
490998694 512
459810179 919
417253360 822
757472461 387
996898447 489
78719401 635
757347295 606
412824048 970
516639087 376
930688491 167
988643468 768
246217055 45
938979412 914
754935667 375
229203378 752
131150638 709
45382494 221
967172850 682
834611000 549
273410114 156
206297799 436
555564000 603
214560983 546
302178908 103
333297678 879
226498676 348
534134139 43
316609629 976
932346529 612
457267141 457
609106176 753
229535673 854
333683065 547
418832971 591
266584218 723
712753831 390
514077892 700
105153638 1
515095850 559
376557325 826
876870138 89
774035638 752
212360683 623
273237355 918
24960478 488
371365252 717
693575079 7
911892043 311
740486060 127
573668286 922
752153129 895
466255455 212
320809402 766
530551900 544
419561120 106
779478458 467
682877859 718
800102995 955
104742775 758
518720346 856
445296210 811
559379144 2
951326656 827
52608346 913
897543488 528
63592488 17
198162094 164
553962998 914
42575393 294
829780403 971
79316752 572
657827370 715
162904700 376
156370739 544
519079729 400
714324292 815
347333242 792
706167822 396
93258570 289
347748962 337
980358845 967
251135726 961
118468993 346
895668932 822
446678301 343
76906786 678
37112736 966
131 72 100 97 98 98 101 78 130 