941
101553055 243
865563352 884
73369135 264
992231415 372
747919505 333
160701979 379
746781471 765
440824149 198
41552577 807
53596517 486
281744142 218
696424162 55
934911387 378
500938604 725
423995940 209
230476373 612
713758849 758
435429058 283
417869710 708
590903829 413
198767299 465
353871021 873
661180153 850
212331409 64
34150215 562
453286428 752
617970388 654
980753840 698
138018429 67
294996007 769
194042671 76
593520380 580
59217385 561
23643716 365
93128917 904
323164618 700
203680930 642
442796281 73
840174001 391
945199920 782
32681606 249
73842534 987
605916319 440
322216074 955
110499671 921
271067021 804
413076026 966
313861402 455
248591388 667
968969849 722
764169793 330
929419322 309
868792914 432
821021644 60
721664953 259
812238310 366
23488412 849
745274 451
381539264 593
301800674 270
731534890 334
284893125 25
767492410 235
596643685 186
545349548 180
527652840 35
366246136 714
183312614 441
998796955 790
120615508 890
969376883 692
166486264 123
542255736 807
19935804 403
362443925 576
180213978 744
599446593 729
592098966 302
495248870 471
594505894 123
227490224 432
905343739 995
868763956 317
285673038 60
759672617 1000
853540623 786
846909469 486
543265638 347
646691428 727
380617960 46
118368340 478
391191443 717
626972937 199
738985375 797
719208687 141
707435575 99
726526913 868
408201876 308
695511783 649
591202464 646
819246355 924
492376825 544
703881134 204
39309132 723
42411034 500
660041575 656
220685167 458
906472928 843
830059444 143
592903751 246
788190464 419
925273212 169
407569112 593
958373266 257
8438783 217
955244373 957
159695425 406
541335690 364
986003230 571
567092404 766
331743304 552
250418258 250
740889518 267
964806323 550
75108731 809
419648527 660
93773906 120
42164892 779
829568622 249
627109047 527
3320708 340
958106696 86
249715001 684
379858081 718
108626627 307
850381365 541
5342443 379
953247900 714
168844220 242
872570597 26
470763051 642
963005677 299
668476695 731
933646405 126
714622550 313
393816524 461
46407240 582
50069741 321
143444199 60
183122060 229
785519964 418
852531175 408
790558773 448
285260412 861
744659372 204
843909226 193
682173935 701
792624444 418
156034879 562
66616304 324
521352367 819
932592341 400
708910277 116
311961889 721
663267432 357
315796051 501
147419837 442
475489156 768
203053232 26
163798699 156
35529523 331
187387892 907
9710282 179
261094561 98
934217400 987
891203463 893
68974045 816
709122338 719
590030058 442
980387773 940
44698374 165
685007230 380
874188228 708
514164725 551
55481524 949
468444423 777
83432175 220
223747310 93
955971403 175
744816439 853
108916153 879
987195479 480
596046091 927
722069552 263
32837100 332
980273891 279
555179999 342
797650707 240
241594217 995
736151073 304
462867416 872
436476613 621
962153499 376
192901621 952
686454988 666
334483481 492
532796243 442
213540131 155
343790532 405
927255334 216
195088671 280
562730790 616
133790606 868
634675919 8
454120356 714
409196673 419
371392026 739
614482673 278
168346835 383
771528237 228
148746723 85
173645882 234
971967229 704
834615973 199
476034350 161
7691420 289
901280067 781
62410598 816
10835729 644
726300 678
890108735 462
452070968 858
565381104 847
390550308 373
573811470 958
27249339 123
904321937 445
492302990 703
921099793 886
908382145 58
735609591 674
722318062 655
788398502 290
187779931 986
326559212 908
742241162 338
147749065 930
608533582 48
67620555 928
635258553 120
607114811 100
281794136 346
505595450 402
21489285 520
346539266 636
547927772 794
668219537 397
67812312 691
772458304 204
248285022 220
650965072 479
275466662 75
123001861 385
158387733 723
55813767 780
372294404 404
86144009 561
35193425 392
508653657 664
486564637 903
529654685 290
416885043 663
668840569 7
985566184 934
73253043 335
730016091 955
215635127 674
468359357 183
43150079 464
790265226 978
402793650 246
407711389 105
480824547 879
991916092 543
578426143 252
384696324 897
444775613 959
488914602 401
833514291 251
216544529 598
16412773 521
810583927 904
239823819 899
904402463 78
695127277 500
97285430 566
808748862 501
505923436 636
468234450 579
472170138 710
355655783 297
994251771 649
812935960 333
807882233 304
714890848 157
317065290 195
479069760 377
577582105 394
171992470 986
19788415 209
332147443 782
14375022 556
6783887 978
99397495 458
450624074 556
389184672 429
823881543 798
367239766 680
648346938 887
265593829 33
330986502 999
297716557 144
583806623 150
362790296 441
376440012 705
328277885 943
240879438 295
362434298 647
562045933 225
933101114 737
376247160 842
680058799 357
842911435 319
925106848 696
83311273 81
80847930 454
605294017 45
100561619 840
52827397 716
979007102 521
581250022 696
390292694 910
264209907 372
353858914 473
26355944 231
232625647 750
360339685 183
665996978 439
28447653 974
557713107 972
107171628 883
575078628 84
350638851 776
880352968 693
3970802 936
399715431 703
84321280 594
359249139 753
34584994 49
490936281 887
896427826 325
50172264 681
959322948 681
601235579 3
574463903 563
709446855 655
53777783 974
380121535 403
209243931 567
809620401 126
930832720 829
15057186 705
811673246 0
968055935 753
955985765 646
814899200 40
395158384 160
999339415 74
192173920 719
205595925 240
635016336 110
948419743 397
906130344 804
701774273 731
781770815 456
183235809 593
639686435 307
42031724 687
478055585 25
614481902 554
432738144 718
613468586 284
351575142 676
144946446 900
102314482 801
724541525 383
377214812 419
195380860 117
720252392 131
3052066 366
11138547 720
981552572 207
71065509 965
620648949 629
413703891 278
849844390 369
591914397 535
551559033 982
800506074 464
122366835 593
713875267 283
480004538 140
877036339 470
233621155 835
371221298 888
22380583 873
545320034 651
199920684 65
901235244 48
99852813 227
312492631 238
75320154 169
390513676 205
572115843 216
468928985 518
721597096 401
980043951 272
895382861 30
466761601 417
24016023 839
475109652 627
843838962 565
535156440 88
79702243 123
952712544 298
425129024 199
367082848 953
419143882 277
485442216 70
474868094 672
539698988 513
671606139 537
292407100 944
499026491 42
600697546 368
97154532 625
474368927 69
445554395 362
587462597 143
782239607 133
660207017 550
72829821 638
2393932 339
50158398 14
946812216 10
705269874 175
68934331 176
823724009 329
53375287 701
677096581 344
434701830 983
362982957 866
833785252 748
252403088 595
472220099 863
81162586 992
373884536 300
427772329 735
668445479 90
749371026 151
102455609 2
459589061 861
600071264 431
652039411 142
766926118 81
325567968 599
948145420 310
97454220 129
820181832 577
545690299 903
932057395 619
856928827 32
129019578 875
978142519 950
690069026 2
324482834 630
422393815 501
625584293 55
485250501 851
67120553 422
775008655 865
996375103 151
204531354 306
248913058 693
708667526 346
144031593 459
177688385 40
47874709 826
58177567 879
43357927 77
599909602 453
12720981 769
32405667 115
470207943 706
243583759 719
198352633 559
277683595 635
60784299 663
382141965 774
280059996 163
746617373 40
603069009 161
850413746 107
869691938 279
131505542 326
857331835 832
793018175 624
802015206 50
553770863 685
21356016 996
944893366 215
804024055 55
104761173 592
803787199 132
679430470 550
144073582 159
560902878 597
761777132 616
483489767 129
862913751 817
102139558 675
741567614 120
451045532 172
637879092 262
990476087 293
563210054 314
798408725 246
578199359 722
317890418 840
100165487 94
671449518 58
577839814 666
218068611 935
786737193 709
874475558 971
129154151 62
770521949 450
291953478 88
779792933 837
712391147 315
406284449 34
140846578 124
185388590 478
88777850 485
803966560 87
886273977 615
351241323 671
522929471 238
384842176 823
802801704 1
187391464 979
20018708 625
37377429 164
648501851 141
795024681 440
825516973 369
246876379 437
679577255 655
843583031 884
36016032 216
848997899 83
70462352 868
610049961 616
28020778 22
209881693 835
142741715 576
260397479 253
883140019 535
702489327 794
658483889 491
623724443 341
736296387 663
68160604 806
244821046 616
49244992 942
142183333 760
390774434 648
883524649 387
635590310 167
708112341 719
41854248 76
229606503 828
936621355 590
543739397 375
106145315 474
354812103 323
733424390 873
225324528 39
244121103 990
20645387 274
496724505 239
470767620 103
58265063 993
743957606 929
129415200 682
856187990 582
825422278 610
5098326 986
69042094 943
282696317 418
959624978 687
230483668 751
259675943 201
499029638 552
69616590 451
747854261 212
296903221 520
46023287 858
566603074 863
168506718 155
105045785 465
986693691 849
33876129 148
556478767 671
162711019 87
691113925 93
511949147 100
928841436 105
788184117 693
43867939 686
149081993 953
6067055 740
749561000 356
976659300 920
778024607 105
448628410 735
561482230 345
428685445 251
67607939 529
410637008 123
465322267 614
843085752 43
388751341 551
861131630 3
783474249 783
191310032 104
589983321 707
546620555 898
47429536 609
397148641 751
820459550 185
96909509 629
193420034 374
32100048 34
513111135 992
477479682 19
28725627 871
246338591 378
102713643 635
16267693 357
173570606 501
612340628 893
66724888 675
864910193 8
192325674 433
42584416 294
776370968 745
442704143 595
228539988 811
687129763 123
878571234 569
891951661 831
556514634 25
676718851 146
839804794 482
71631661 176
549504081 464
75133547 105
816220163 202
286814999 926
405832303 651
901376592 87
686111222 875
512871113 675
126682657 281
11253077 995
61688641 489
523006558 741
979841338 747
231022088 601
738138177 836
830817733 101
636724693 547
311792623 835
798507977 907
454288418 247
179207176 716
218643206 649
698607075 779
366254838 715
543535783 950
592140881 935
252536972 630
643256210 440
634194541 565
582627627 901
193421034 615
22424961 420
353728075 973
676213536 586
232151511 332
347423278 43
642669910 791
121680489 431
145390040 759
950903438 189
208463493 437
215130829 296
45568290 804
782821394 843
582251970 921
337012425 498
810607039 539
36113046 132
948828615 553
239754952 262
22746045 865
585652826 979
672021800 664
301521050 383
489485949 755
9061392 129
518775404 832
546979074 899
224408299 176
111317895 41
676842219 182
297961330 65
56460737 387
166295637 122
761327139 613
361930681 133
693266802 681
48384063 901
781554421 619
221494141 779
94370581 93
968165519 997
995695825 328
507855158 44
357830197 65
272280675 659
531380118 209
965336288 183
737839475 673
151064095 387
360186795 968
577802826 662
272623042 203
152210552 253
570899687 480
216276309 716
325341910 741
813356711 226
757689355 759
59809800 39
669361641 210
422616672 520
765746861 66
40278274 861
451716074 115
28201747 803
76551700 977
983765 237
341771798 753
305882441 527
570130206 247
823188380 566
69760088 491
766988670 505
868827925 58
586486351 58
204663156 510
660544341 681
221884777 739
109229425 171
971359064 211
174806433 751
207298507 359
420289459 531
43226895 695
422724598 115
984594759 913
928833017 848
279483796 976
899343748 269
44537513 695
422457299 742
594610501 724
647918083 301
363138952 369
918606832 296
885141060 973
165967754 44
119126831 582
897667690 62
769131388 141
985657671 17
6795399 152
37467988 333
852279838 423
483662680 445
725869306 256
447873150 706
33365655 277
133113224 450
721933584 609
103971873 136
522160951 888
323485144 453
812206127 445
609694222 633
676520267 627
57270373 522
448458799 306
908656620 584
93429558 687
243753532 193
355888490 168
263994209 665
240551396 414
858046931 887
419542989 700
467472751 140
408087389 171
650945370 862
140697513 502
226863842 448
409170173 801
426302364 640
162828390 310
283823116 17
464814737 658
318139328 341
632645672 429
159713098 263
8990564 220
713067951 644
252351252 371
798015887 126
571519635 945
254384278 31
6227884 44
125529695 429
870494841 164
538198595 557
715905216 663
220704910 441
831579792 680
66625338 843
947141476 495
350382917 667
249510259 867
37792128 129
639687244 895
91050121 579
462196094 772
995973793 273
184764881 889
445345437 660
336076706 842
160558301 959
596965977 831
628165366 615
205139822 754
84405856 17
471391825 550
645345586 350
678097109 145
786009495 67
66619730 759
170145502 774
858131723 962
35350714 930
143028305 699
281141504 266
686517180 302
17780653 720
293620549 918
17967336 428
452567023 665
693496126 301
751273442 157
863048874 6
3392444 613
783629479 122
66473752 979
6640053 568
500386637 327
440779856 455
622408634 690
607319704 263
489312783 366
123420039 666
105893850 84
902304564 236
792760807 205
723265424 482
765798996 955
276183885 374
112078594 903
910461734 723
763384679 307
860729437 821
555885391 187
628095313 361
299043430 717
584693332 444
850105041 486
251404758 638
983484626 571
16573264 369
676362528 401
960007383 980
194972545 264
552303229 688
111615778 186
545014807 386
108323784 689
143438597 470
370316669 469
288014049 505
623972184 191
82495109 796
852765811 850
944072361 385
624488165 32
284509465 856
759937661 602
18110291 5
408308995 37
63 82 92 129 70 133 127 144 101 