478 1908
219 198
256 187
226 39
389 140
280 184
95 418
16 71
265 3
411 44
449 403
41 119
354 455
288 332
204 345
70 128
64 31
314 473
69 408
318 55
113 413
472 313
5 442
21 121
191 175
229 278
446 269
396 321
429 389
175 154
439 428
466 24
164 301
203 417
415 42
471 233
454 464
251 165
133 271
285 324
446 36
123 413
10 224
439 145
134 319
298 95
452 285
302 138
292 210
76 412
252 68
166 227
237 123
97 369
393 382
214 66
123 42
184 132
265 145
276 105
169 280
383 143
270 390
280 267
122 355
200 373
128 72
305 70
194 402
144 292
11 64
64 133
105 431
448 76
97 430
180 450
231 84
114 206
473 393
179 300
453 84
194 286
339 205
355 238
128 20
52 138
83 299
454 372
251 423
447 54
80 332
25 310
121 138
222 299
236 400
121 210
189 314
201 50
224 77
287 351
280 44
194 69
342 169
440 115
298 408
168 377
445 376
393 87
35 320
385 270
425 27
185 135
47 385
184 270
167 177
327 446
220 42
36 268
395 181
382 398
294 255
2 260
152 394
346 370
419 437
161 365
169 51
206 399
435 389
375 123
271 223
274 13
448 16
464 70
196 367
467 12
327 469
271 184
90 323
75 31
465 419
395 155
469 122
76 425
217 450
253 9
194 48
205 347
63 374
417 443
262 405
454 294
101 430
477 191
458 73
221 444
13 137
121 187
443 196
133 365
351 91
79 66
323 284
118 91
363 56
55 147
167 30
146 267
166 145
457 145
401 383
111 120
226 231
12 190
76 4
419 154
253 263
143 370
354 28
132 408
358 298
144 209
270 309
59 433
159 166
337 269
285 84
205 296
457 336
146 238
339 271
98 297
55 424
189 114
157 26
44 220
323 371
429 298
385 9
252 65
174 111
334 164
378 244
166 357
102 17
116 146
287 397
443 342
343 337
455 21
362 204
425 206
96 375
209 186
89 461
251 263
93 290
132 470
55 297
54 340
314 354
8 122
272 450
169 320
308 146
341 191
102 335
367 310
42 455
292 476
423 90
471 77
266 232
373 319
93 392
220 172
255 388
13 268
239 59
458 478
51 265
281 81
100 278
263 228
368 255
304 339
8 383
179 285
2 79
90 221
434 345
131 446
134 75
74 261
268 407
384 70
348 456
416 421
232 242
281 424
330 165
414 331
427 25
74 382
369 388
56 209
168 266
212 242
48 1
354 431
71 69
141 124
46 79
66 462
26 52
113 61
400 48
256 170
142 331
263 197
61 431
462 272
272 253
168 48
322 15
171 73
277 420
240 302
471 58
362 99
105 458
153 67
150 294
397 118
197 457
434 447
101 411
222 269
459 65
467 335
321 265
277 83
272 453
140 155
73 429
318 409
17 173
225 413
291 421
97 360
306 236
329 407
352 72
381 332
320 75
373 346
339 171
428 132
470 402
408 15
332 424
188 262
64 478
204 344
359 216
144 158
170 230
196 195
304 90
63 348
260 196
185 110
469 176
33 104
374 71
233 83
82 242
345 147
457 151
245 306
309 415
57 210
315 66
299 377
413 264
95 119
373 269
478 112
182 311
456 219
313 243
460 179
95 144
36 340
449 50
460 211
259 296
276 79
379 394
342 473
34 420
447 33
53 47
112 418
358 273
159 192
37 324
468 111
344 158
355 124
159 336
386 59
252 249
375 206
24 427
436 319
73 21
113 415
396 149
444 472
464 433
288 162
99 154
319 159
16 185
242 267
139 1
258 35
168 347
305 424
368 417
462 257
124 268
425 443
426 223
414 436
176 6
179 343
353 5
288 426
127 353
416 397
384 400
175 75
193 299
342 139
447 289
67 300
435 364
100 370
321 195
67 258
156 60
389 282
119 327
201 24
248 81
468 53
139 56
125 158
171 445
58 438
406 235
405 83
478 315
365 118
325 116
351 422
261 436
12 436
27 136
287 356
340 161
318 451
101 428
56 100
218 133
102 248
249 452
192 215
171 15
101 182
450 311
213 15
331 74
47 275
304 286
375 274
406 218
67 360
191 442
97 12
26 417
154 475
249 176
361 286
93 426
165 209
245 93
426 17
452 323
165 254
334 3
419 379
61 189
77 216
223 226
43 105
218 388
181 310
335 345
143 172
8 117
16 172
174 118
302 278
394 178
434 138
109 183
427 326
276 129
7 219
329 180
336 264
477 60
442 6
201 476
365 149
461 186
89 307
5 348
366 472
441 33
173 111
38 399
174 405
103 374
402 173
229 246
335 395
78 226
346 82
279 10
158 7
414 84
407 292
212 367
77 21
193 381
429 233
20 324
39 281
287 69
219 52
124 431
156 92
430 349
178 87
295 422
87 333
224 218
235 216
286 33
203 24
412 477
288 221
473 351
7 255
140 301
340 128
149 96
343 434
312 8
74 182
183 276
205 249
199 201
455 160
396 359
91 257
58 350
378 369
63 182
439 321
363 327
302 273
3 252
142 26
410 421
451 377
131 164
137 189
402 223
72 131
126 141
181 47
2 113
467 437
311 361
357 441
151 448
452 80
39 45
397 210
458 228
350 160
274 57
427 325
432 305
25 438
153 444
13 347
243 199
314 406
374 256
137 322
239 131
239 334
91 282
53 333
186 366
261 134
256 54
61 19
277 449
326 360
20 251
338 100
110 398
59 281
151 41
32 202
284 63
54 204
25 192
476 186
9 230
102 160
139 330
396 2
127 385
175 370
142 315
444 151
380 343
207 318
208 369
260 237
382 295
239 53
320 313
411 398
14 212
309 99
260 430
357 248
6 304
305 7
237 423
88 211
262 178
62 112
220 71
34 387
383 51
134 81
51 87
162 167
350 195
259 234
98 324
313 241
49 129
341 311
193 250
317 248
188 384
167 416
418 410
322 89
213 31
115 99
398 291
267 307
423 361
11 149
5 406
477 214
407 195
178 43
468 98
180 466
17 336
19 412
20 109
197 177
394 163
10 187
254 238
421 114
227 362
11 326
230 346
44 89
275 301
309 400
157 261
376 349
237 363
284 221
349 391
235 341
155 203
451 347
193 152
119 229
1 449
472 409
190 468
279 143
432 108
56 301
55 192
13 244
181 475
92 130
215 280
417 157
145 69
255 356
208 26
81 150
393 218
257 345
355 41
176 336
3 416
158 57
129 354
6 15
350 97
144 86
376 266
242 226
335 202
103 248
227 367
397 141
290 359
191 350
106 366
391 108
303 70
348 137
423 353
152 478
85 52
267 32
461 123
233 269
370 459
341 472
121 152
58 311
23 347
383 414
160 207
189 29
50 318
87 201
317 241
385 108
292 173
139 458
1 78
58 110
253 363
261 17
195 468
109 229
12 3
441 61
320 50
445 343
290 351
450 288
230 294
371 37
146 448
313 113
464 213
18 100
467 29
102 429
273 128
176 474
111 147
283 46
460 39
291 471
173 143
439 132
403 246
51 358
154 152
463 198
193 187
435 213
389 368
96 57
7 263
314 57
392 339
305 377
411 93
46 333
95 464
380 466
250 8
338 364
454 180
456 38
35 207
76 419
53 170
404 432
157 98
366 211
437 163
411 2
48 386
365 142
180 33
254 439
451 306
131 82
443 471
179 9
105 174
16 18
349 268
72 420
184 205
237 403
29 393
415 159
474 85
94 440
54 293
457 108
50 265
264 338
380 1
103 84
18 436
66 181
117 364
461 260
230 229
259 316
414 160
129 38
427 147
106 244
465 164
430 215
400 38
301 222
78 80
249 43
22 207
428 367
455 28
264 82
304 355
432 106
161 216
185 409
258 186
115 235
151 136
147 91
284 190
401 353
232 98
29 276
238 327
217 94
463 363
368 454
349 52
446 461
277 252
356 73
217 463
425 448
372 188
240 403
371 183
435 109
178 165
444 107
197 420
103 90
185 74
107 78
440 64
4 253
6 213
117 85
360 286
459 273
49 420
377 175
333 88
477 103
432 412
60 25
295 101
22 308
116 206
312 387
254 40
75 208
412 29
401 378
68 115
215 28
376 413
324 278
47 388
474 372
256 140
258 149
433 322
395 166
381 441
222 258
240 390
277 41
204 63
89 456
322 214
14 20
366 190
46 387
384 221
220 440
116 451
264 372
116 289
188 330
209 396
357 124
187 431
203 386
274 371
428 456
164 83
42 445
391 257
203 109
302 296
465 82
157 375
250 342
183 390
107 150
71 130
14 155
340 150
67 338
332 202
422 23
404 79
122 92
334 470
198 433
362 415
199 358
449 356
153 208
307 59
85 361
262 316
217 45
117 107
112 177
378 106
126 474
174 126
38 281
108 316
199 371
323 30
200 445
360 200
307 462
391 434
372 241
274 171
197 118
329 177
192 297
126 440
376 402
307 148
287 24
315 85
163 78
157 474
181 308
330 201
15 179
368 186
470 205
270 442
417 357
61 112
47 265
126 472
71 439
443 356
451 194
307 313
373 9
142 225
210 156
109 283
342 100
9 317
64 425
379 124
95 74
67 379
242 31
256 214
408 268
48 303
461 373
49 376
180 281
304 25
319 204
149 83
335 427
340 458
230 406
358 471
143 320
390 72
374 91
37 128
466 454
468 168
257 430
62 82
469 308
168 325
11 7
435 368
183 99
393 94
354 24
236 434
114 456
432 257
159 210
392 220
475 367
121 465
381 473
23 28
55 163
101 237
445 16
331 321
223 272
276 336
327 203
226 114
306 53
284 208
231 301
255 253
34 309
416 135
68 382
334 104
408 78
119 330
453 446
238 478
452 355
174 428
464 411
330 20
426 267
302 284
270 382
195 388
234 169
352 35
54 290
239 449
218 377
395 165
350 254
363 410
273 115
146 28
467 207
389 341
241 442
152 70
374 391
40 286
13 87
463 283
58 462
353 370
6 112
359 473
416 8
39 18
348 191
236 39
209 49
150 84
418 116
415 129
123 435
404 97
312 222
318 196
260 272
107 380
401 40
208 105
63 369
99 343
293 155
46 148
440 12
391 341
292 183
244 5
88 424
85 334
299 173
381 317
390 269
35 387
452 310
314 72
30 107
17 298
187 344
223 420
29 448
356 254
94 96
406 431
467 241
65 298
399 287
423 133
154 93
338 18
102 399
261 421
184 299
436 303
92 206
329 161
37 188
294 365
175 141
399 224
248 197
98 150
383 399
295 277
3 11
278 233
5 235
325 249
177 33
306 453
372 40
140 437
316 453
49 14
392 14
403 129
22 463
233 352
212 185
69 111
390 178
162 68
419 44
306 162
202 441
296 153
18 106
400 297
447 345
414 131
118 62
227 196
460 194
193 369
312 297
133 421
329 337
429 231
288 384
398 426
23 177
114 155
119 148
251 10
76 387
164 442
328 424
14 348
137 30
252 433
172 10
380 86
358 293
311 280
200 422
243 386
36 470
413 388
227 147
397 469
238 404
243 344
134 156
117 103
41 80
68 202
402 211
182 19
395 222
282 216
364 57
275 137
52 66
1 227
433 295
271 108
300 337
353 77
229 126
312 323
450 371
160 384
273 144
308 30
319 470
148 10
132 274
351 289
59 41
247 36
241 385
42 145
54 104
359 478
194 172
412 235
316 371
40 391
280 40
119 376
369 295
453 469
342 442
381 162
137 455
412 52
63 458
362 300
83 426
299 277
33 141
308 73
53 110
296 355
191 186
356 349
360 219
313 446
86 155
128 19
390 190
182 273
195 264
405 199
62 45
136 279
185 444
57 421
259 352
244 359
25 309
283 43
198 404
92 293
272 16
58 198
215 304
104 133
21 344
259 463
217 78
139 166
142 164
475 424
382 110
108 203
403 146
282 323
449 229
378 258
67 105
123 326
89 45
109 228
211 251
380 8
30 408
79 1
413 32
196 2
320 318
68 141
97 438
374 477
151 264
103 451
380 238
249 99
265 218
219 237
189 435
351 257
240 378
82 213
399 184
315 271
302 174
438 315
6 149
271 62
111 74
459 350
439 296
417 378
48 14
51 56
328 284
445 471
120 156
464 197
13 142
235 183
370 316
386 262
219 419
398 158
348 116
319 199
381 44
335 321
226 139
469 274
206 308
200 189
470 372
157 95
51 26
211 349
69 404
246 26
247 150
423 72
325 231
75 397
178 66
474 40
160 46
126 168
198 110
4 62
132 330
432 36
455 134
260 321
179 31
396 279
303 228
337 134
354 177
422 239
10 261
140 325
360 282
24 344
153 283
19 287
220 173
306 107
144 79
169 88
208 294
281 322
187 151
336 474
86 383
11 401
62 357
358 454
340 431
181 84
92 39
255 292
45 251
477 243
429 180
326 43
403 344
152 198
475 291
85 332
262 127
49 158
444 136
301 55
253 76
43 170
129 324
143 205
288 225
462 75
12 216
217 258
64 242
22 317
94 334
341 433
405 175
256 167
130 44
443 411
365 20
473 332
343 165
462 472
290 214
136 254
363 282
120 359
135 357
425 104
234 328
59 87
407 309
153 476
122 457
211 70
138 388
88 460
46 467
106 282
447 138
112 32
404 405
362 176
457 18
430 141
389 135
441 393
93 225
5 202
352 448
81 4
252 43
476 30
438 232
182 294
31 312
233 239
352 476
234 172
428 42
263 352
201 117
314 91
4 29
250 310
102 162
243 131
324 402
461 387
27 204
228 148
56 171
80 21
121 307
115 373
349 99
124 325
135 277
62 47
186 64
223 6
142 374
360 47
93 379
204 341
426 235
56 462
75 35
246 208
78 348
446 291
162 286
89 407
332 458
464 134
156 51
364 249
135 274
295 82
214 350
250 472
384 17
201 167
70 368
5 37
180 166
28 268
432 271
110 3
435 14
453 251
95 372
122 344
365 212
67 87
84 320
161 88
357 340
438 384
314 238
449 267
30 296
299 451
318 255
212 81
369 333
250 380
48 334
127 284
253 86
373 272
323 50
60 58
345 154
311 220
310 296
402 43
376 292
370 40
397 18
443 316
68 276
195 124
122 215
194 80
85 326
52 3
50 80
358 159
182 8
351 285
264 7
267 385
405 460
178 254
209 413
440 258
65 469
138 246
263 297
388 199
266 100
34 478
438 231
328 202
447 431
65 363
224 98
100 422
243 9
326 165
88 297
223 433
126 245
129 190
471 279
101 437
313 252
457 330
452 71
315 157
473 444
31 466
428 280
294 364
324 92
265 158
347 243
9 27
310 150
377 304
90 293
273 83
298 141
325 13
167 160
233 476
15 315
133 188
450 230
154 463
143 189
411 167
232 205
439 2
106 159
316 113
177 448
53 221
25 333
89 131
263 404
55 308
110 79
346 440
4 246
345 450
356 293
117 434
247 408
276 46
400 237
387 338
12 281
420 169
121 66
101 476
65 217
207 135
307 202
188 73
193 387
146 327
400 225
125 147
17 247
247 102
422 336
228 317
309 392
127 240
80 445
137 199
301 467
144 298
212 466
145 335
65 148
23 15
427 286
460 181
29 200
364 132
136 415
50 328
122 262
94 115
234 407
49 35
135 114
240 329
69 381
382 39
72 145
398 305
355 147
76 179
240 210
244 212
434 111
347 196
436 477
162 421
10 419
32 20
106 242
424 241
347 231
403 68
409 385
44 36
206 120
366 266
232 261
383 207
116 213
26 262
405 453
393 338
278 128
338 423
94 474
31 291
156 362
306 148
214 232
367 250
114 460
437 279
362 222
342 322
461 410
173 191
269 215
28 293
417 112
441 430
155 210
59 90
322 359
39 284
137 327
189 259
332 469
5 81
414 19
432 413
4 220
266 325
433 11
348 447
251 65
93 32
77 131
316 398
458 26
178 311
200 54
89 388
134 208
407 87
327 410
306 298
440 112
336 395
69 262
269 161
294 51
448 454
340 331
470 61
384 264
155 40
472 83
310 320
198 322
139 159
139 180
75 150
90 143
411 358
303 410
114 300
62 84
459 107
414 157
420 28
110 80
438 307
401 282
171 245
167 430
394 256
319 103
222 272
366 370
400 136
10 31
43 28
141 214
273 308
165 188
85 442
250 184
64 63
393 285
335 414
125 219
175 46
354 369
261 459
44 9
406 465
197 276
174 466
240 100
97 195
467 344
258 381
397 146
404 278
376 464
352 158
444 395
166 452
468 278
438 187
123 454
215 111
291 218
359 209
124 419
72 203
19 109
463 215
466 275
6 24
468 17
446 297
436 132
291 56
470 269
297 38
321 378
441 98
286 231
339 368
225 326
378 354
256 375
436 407
377 99
245 374
154 236
55 126
471 47
351 217
450 281
166 148
379 73
33 219
373 102
265 366
447 204
65 418
7 313
443 172
205 103
372 179
339 405
296 78
217 363
445 187
48 30
8 13
385 173
61 334
149 3
420 152
437 375
449 361
349 53
207 356
235 309
280 295
301 177
257 455
314 67
392 222
379 399
109 468
73 63
377 170
149 248
120 238
333 274
263 342
34 41
210 394
98 462
35 169
184 37
475 329
304 427
282 57
218 271
473 252
145 362
299 333
333 283
68 223
213 203
160 186
338 148
242 77
35 453
257 427
194 328
236 291
277 283
392 156
364 221
136 305
33 138
188 207
422 392
161 439
341 162
279 428
406 331
455 406
331 209
311 288
153 117
364 88
91 136
77 247
129 418
130 101
1993
177 475
942 1784
174 1546
232 1190
267 282
573 1871
76 534
1357 1760
51 458
41 1392
1174 1571
1081 1814
1572 1587
1067 1738
272 505
719 747
1561 1660
1502 1734
269 784
535 937
481 1065
113 1377
1015 1705
37 844
884 1135
797 1428
150 1480
693 702
1159 1768
523 1430
213 1244
896 1148
742 1872
1112 1601
497 1510
533 1646
82 1114
68 1525
461 910
105 136
504 1344
465 1812
76 605
1158 1234
652 1345
1560 1635
864 1755
548 1707
1120 1468
56 1790
721 1527
588 1683
205 1612
722 1493
826 1545
601 980
1330 1384
377 417
961 1574
397 1610
308 1197
48 1032
154 1475
1621 1710
1567 1591
648 1259
181 208
764 1033
1292 1755
348 928
1552 1828
879 1853
1295 1304
321 356
902 1840
1128 1632
651 1210
335 1131
932 1098
756 928
1494 1575
106 1674
111 754
137 1409
729 837
480 1064
35 648
425 923
301 745
233 250
1647 1881
332 1828
1463 1504
693 1134
153 1366
952 1448
525 700
1453 1597
70 635
562 1471
798 1625
923 1445
631 1347
1340 1812
183 1589
136 801
467 534
129 1600
826 901
359 1701
212 978
282 649
736 850
194 343
755 919
785 1716
1351 1707
225 954
117 1564
857 1180
216 1872
72 749
430 1672
303 1757
1469 1549
661 1418
1760 1822
159 588
763 1232
654 1810
686 958
461 1280
685 1365
325 1481
153 1220
752 1436
996 1704
276 398
439 1005
700 1907
332 645
497 1416
245 546
56 1887
1777 1865
632 1706
65 1522
1078 1858
374 1629
941 1431
1154 1407
494 1348
595 949
891 1387
1590 1599
336 357
745 893
832 1137
887 1290
88 131
719 1723
308 1836
1005 1663
258 1384
1379 1688
416 877
735 1813
342 854
1233 1329
1020 1212
541 1794
779 1355
1158 1285
666 887
974 1016
830 1676
665 1604
109 419
366 1580
774 1050
161 1025
898 930
895 1240
316 755
58 1444
1329 1335
598 1661
199 854
58 910
17 1520
259 1031
667 1726
806 1862
58 506
831 1172
288 527
1425 1872
189 858
943 1636
145 1171
1479 1881
570 1471
203 642
84 1424
7 699
701 980
265 797
1099 1368
397 575
1604 1746
199 1102
162 1005
618 1194
1020 1225
228 1164
200 487
930 1615
789 1650
137 1571
361 873
1023 1852
259 1061
1400 1621
287 329
24 768
124 967
98 100
715 1128
1119 1293
493 912
370 375
961 1572
285 1299
961 1749
421 713
293 1443
657 1354
369 1702
122 1725
585 1535
1026 1658
1123 1551
1650 1757
114 809
861 1720
207 606
182 1149
139 452
1434 1887
826 1413
1572 1705
361 1200
122 1034
540 819
127 166
124 375
795 897
218 1523
638 1907
470 1636
1213 1718
676 871
454 814
1323 1887
1673 1707
308 804
136 475
1477 1507
141 1018
268 387
761 1183
949 1271
629 1489
563 1266
291 1487
268 1736
1383 1503
111 928
289 405
933 1786
1083 1562
1240 1557
1697 1718
1125 1838
483 1707
1077 1861
215 1319
843 901
899 1463
1081 1357
725 908
597 1200
382 707
219 1550
83 977
1165 1454
630 1665
418 1693
1474 1790
244 1227
364 1275
196 1459
686 1096
556 1273
445 1531
5 1227
324 1481
518 1586
279 1617
1227 1241
685 1653
497 1314
281 1409
703 1855
902 1042
190 378
268 386
1833 1836
453 1200
481 955
617 1365
274 940
937 1671
187 617
816 1379
1035 1427
560 895
60 1320
147 995
6 1189
1076 1896
1135 1566
465 1461
885 1060
1540 1664
1252 1840
1085 1876
284 904
847 900
62 1198
460 687
324 1246
616 1354
278 472
283 1610
1597 1660
289 330
823 1790
753 1882
1389 1647
485 1578
732 1332
754 1015
327 572
887 1268
1573 1769
1065 1727
144 1791
160 1680
353 616
367 1322
41 1652
1536 1743
380 505
243 689
145 1768
592 792
517 1477
578 775
436 1089
135 1829
833 981
863 985
977 1636
1022 1592
80 1315
930 1000
1058 1437
1563 1715
495 1817
648 777
639 1569
211 1087
1057 1669
1117 1862
196 968
1038 1176
994 1800
130 1748
123 1602
403 1681
1333 1438
1467 1653
861 1459
93 1649
870 925
389 1563
1410 1479
1438 1622
1239 1575
647 1435
634 656
702 1405
1649 1712
1245 1342
806 1647
87 1215
43 711
1654 1784
261 1746
496 1185
1587 1764
60 1719
404 1335
665 1498
70 1116
1071 1583
745 1771
52 1511
268 1428
325 1825
6 883
512 929
257 1593
825 1684
94 271
653 981
1007 1671
433 712
167 1181
69 236
388 1140
791 1130
842 856
375 1613
1109 1529
86 699
182 1383
1067 1894
438 1669
1412 1891
912 1843
10 156
1605 1747
1322 1771
1020 1390
379 979
741 1501
448 1509
554 1213
634 822
493 1713
719 1187
674 1585
84 1225
317 1207
1228 1495
113 1650
209 1717
460 1530
552 1479
1530 1892
830 1484
1242 1310
904 1795
697 1494
520 1298
210 1189
835 1456
772 1794
203 1798
950 1384
402 1062
97 1491
556 1750
84 393
67 1007
894 1836
227 523
398 1237
113 822
632 1094
1091 1255
638 1722
181 1607
70 381
781 1330
155 425
521 1363
1204 1645
1076 1728
174 1597
582 767
261 981
309 1689
658 1801
102 723
1192 1405
69 1218
249 801
1181 1796
669 1198
594 1482
936 1703
1114 1439
232 1162
230 800
1335 1876
408 1381
1108 1161
737 1596
26 670
402 1460
833 1528
1619 1634
478 749
918 1786
118 332
1512 1820
717 1267
322 470
1432 1878
277 1269
1399 1622
1479 1564
223 1754
307 1779
892 1766
1152 1725
1386 1742
226 422
299 312
429 1143
630 746
869 1221
435 1542
1284 1338
1065 1579
1436 1560
187 1292
109 1006
410 1312
860 1301
103 1170
89 1527
510 1845
248 1752
809 1866
410 1556
868 1584
110 250
502 560
365 538
230 897
65 493
1070 1083
601 1492
432 474
615 1765
535 1853
233 1351
956 1335
570 1115
217 1793
440 1524
57 1774
1429 1438
425 1794
67 1534
132 782
118 1864
173 1598
420 646
1002 1156
232 1536
1100 1344
526 1858
519 1271
1156 1640
228 735
1595 1671
973 1116
369 1200
1267 1881
754 874
991 1398
542 709
100 1560
653 1188
391 1255
1160 1327
707 1109
69 824
1436 1627
196 1334
1663 1791
1096 1607
1268 1878
947 1850
626 1820
695 995
375 1782
1433 1536
1355 1695
701 1058
1058 1189
119 1764
390 943
988 1832
120 470
1104 1293
882 1361
851 1682
720 720
1345 1672
631 1338
504 1311
938 1712
908 1158
937 1605
754 831
218 949
609 1487
532 863
304 1446
651 831
504 1407
1163 1180
1354 1882
89 871
290 1501
1426 1600
202 976
856 1509
331 1205
764 1161
50 1861
658 1082
36 411
162 1857
340 1692
718 1659
288 913
613 870
1740 1766
147 702
219 305
252 718
318 420
79 1631
843 1523
544 883
56 1675
174 178
972 1215
1006 1311
756 998
257 1000
640 1869
870 1377
673 1571
977 1523
332 761
153 1228
1307 1529
1143 1783
757 1121
659 887
832 1693
36 756
1018 1041
107 1038
768 1009
364 379
970 1233
1642 1755
1369 1775
627 1590
672 1789
293 1659
159 1533
407 1279
1065 1262
18 1138
868 1173
1653 1885
782 1186
45 964
1327 1790
1304 1731
1150 1531
369 436
117 1491
254 1875
1626 1906
156 1426
222 1833
407 1483
516 1869
472 1709
216 1688
657 1845
1620 1877
731 862
10 257
512 553
1406 1869
880 1868
77 1727
214 954
416 611
82 637
1368 1415
1092 1376
1563 1883
148 634
804 1779
571 1747
1396 1432
569 1405
94 1688
157 889
54 740
117 1010
558 1210
936 973
792 1017
299 1610
476 1673
450 1674
1327 1821
55 169
625 716
888 1083
428 1028
580 807
521 1468
1454 1844
932 1179
1436 1737
463 1113
1681 1904
451 1382
294 926
59 118
347 1445
401 851
539 1613
1472 1906
1025 1621
1172 1900
512 804
739 1611
882 938
465 642
710 1754
482 927
1377 1749
135 836
953 1274
592 1073
16 1369
46 992
1434 1869
1146 1517
986 1508
1290 1789
992 992
21 1499
232 1873
1365 1554
77 383
128 1825
731 1843
931 976
96 1767
1228 1567
991 1530
245 516
1491 1761
568 633
14 333
296 1328
918 1006
316 970
121 1680
197 1496
1034 1623
736 993
529 896
1267 1711
991 1369
953 1466
990 1710
1452 1468
192 535
867 991
410 1086
183 1162
299 449
124 419
1100 1619
1105 1495
305 1460
1713 1840
447 1642
409 1072
74 629
1063 1361
431 1800
607 1845
963 1597
140 803
936 979
1202 1277
298 356
668 1455
8 1134
1193 1531
685 1462
103 1877
167 1040
240 511
641 843
43 274
734 1760
1697 1887
1449 1661
1399 1836
102 1568
15 1647
399 1286
441 1286
63 512
168 570
496 539
662 1151
550 633
901 1190
1174 1476
204 301
182 1026
969 1446
814 1777
473 1816
1554 1878
368 1367
932 1807
415 1653
841 1195
582 1336
705 1732
969 1254
457 841
904 1416
107 1619
104 176
773 1145
521 1586
428 1893
1031 1862
489 953
856 1201
388 945
200 1270
231 824
508 935
1476 1527
75 1161
409 668
1395 1858
126 1258
122 470
242 990
226 680
389 1710
179 313
290 1379
1169 1557
530 1295
498 729
325 1236
404 1852
803 1564
18 183
848 1203
549 1433
973 1018
186 1554
979 1205
339 411
1006 1469
268 652
1819 1820
177 1824
644 1321
674 1646
50 851
626 1589
578 585
808 1788
329 1425
1312 1369
1346 1837
526 1297
106 936
1111 1635
378 1376
258 350
266 1169
435 582
80 1789
732 1199
129 1759
714 1357
428 1136
825 1473
1464 1756
1165 1782
656 1691
761 1170
896 1598
38 844
246 1193
295 1414
430 1609
311 967
257 1689
14 789
107 342
474 1415
38 449
5 331
467 765
758 1421
19 249
273 1847
1116 1794
131 1884
1150 1281
1545 1710
851 1483
112 631
1005 1740
391 818
865 1346
324 1795
902 1534
771 1667
93 1528
151 341
423 518
403 1159
106 511
534 1791
1050 1256
564 1078
624 676
680 1335
652 1070
90 245
26 1448
856 1808
598 1074
538 1166
688 1097
478 1614
82 609
988 1472
714 1521
326 941
890 1542
110 258
537 789
1188 1592
808 831
249 856
76 348
1421 1635
673 1144
741 1558
803 1007
885 1326
406 587
273 1328
898 1654
532 1213
295 1515
143 1669
55 1352
885 1330
252 1579
599 713
626 1319
271 991
555 1520
1011 1357
429 1498
177 1213
633 1714
449 703
1258 1661
206 864
927 1874
1006 1862
290 1307
838 1421
522 1857
575 991
73 813
845 1367
564 827
153 1695
227 1880
32 329
777 1484
833 1615
792 1410
428 668
645 758
19 381
43 191
872 1439
521 1592
496 1446
1262 1473
128 834
1060 1501
280 1287
1472 1489
290 1047
357 876
851 1766
1518 1668
1166 1397
254 518
1176 1415
945 1588
139 244
437 556
1 1619
545 1817
128 1849
1017 1287
580 1227
488 867
196 598
1364 1448
95 933
29 190
1162 1491
997 1588
429 1267
568 913
482 1349
193 1123
4 1349
448 737
1753 1852
142 706
1304 1573
629 1901
964 1768
412 792
440 1058
640 1862
1541 1601
121 608
1520 1779
353 1568
1663 1840
252 1425
253 638
1461 1579
377 977
1252 1602
41 1202
780 1244
258 1655
543 1315
496 1066
758 927
1008 1534
1758 1759
118 390
929 1083
144 599
1181 1661
851 1731
1213 1679
906 1227
239 1022
1079 1237
1336 1898
533 1863
743 1020
641 1908
749 1888
266 1478
710 1263
764 1867
284 982
334 1464
734 1036
38 1286
806 1485
799 1823
695 994
127 685
421 961
72 1068
775 1700
1269 1608
463 1558
1181 1676
343 803
924 1608
839 1827
498 1493
804 1504
196 1149
309 556
331 1507
77 349
969 1539
336 947
381 1738
865 1010
149 1830
32 264
1062 1531
1000 1750
645 1526
767 1476
123 840
395 602
1099 1899
159 1642
501 1560
330 1374
32 1211
1060 1340
447 1132
367 983
1358 1485
1199 1428
17 1456
815 1023
783 1655
118 830
196 1866
709 1837
117 1210
1672 1850
523 895
477 1269
1261 1598
53 1660
1509 1769
675 1677
1301 1620
161 1232
430 1428
1114 1356
292 1816
802 1576
984 1206
222 1438
274 673
533 1190
754 1838
180 1229
1360 1480
940 1564
1370 1640
730 1083
452 1410
743 1843
482 1317
516 1567
793 1259
90 1312
1214 1533
1527 1887
778 1688
504 1391
589 1570
921 1732
1142 1643
576 1753
1104 1658
1159 1389
1269 1448
78 754
107 1389
1321 1723
314 1893
271 1643
93 1661
238 1562
941 1323
574 1436
675 1149
751 1280
826 1778
1028 1277
306 638
1147 1447
1394 1525
472 873
1567 1885
1034 1880
576 945
598 1081
1171 1753
1291 1739
241 1160
656 1518
1159 1841
698 1127
52 1492
314 1804
55 1170
819 1462
1131 1434
1706 1852
470 1610
1067 1490
306 1662
213 1209
591 1705
44 917
722 1579
526 1880
484 624
1415 1549
207 1862
1142 1310
863 1124
52 1226
388 875
1737 1904
457 577
1210 1775
763 1075
438 637
330 447
988 1853
1182 1471
822 1448
977 1655
378 1656
888 1751
213 1819
1068 1480
35 785
333 1309
1175 1372
226 515
909 1222
636 1858
54 1346
280 425
433 878
418 868
1254 1844
164 1001
23 1194
843 1406
977 1597
1257 1797
902 1260
457 717
416 1092
733 1546
118 797
995 1157
116 1229
575 1412
547 932
217 1575
353 594
364 542
922 1132
771 1823
266 484
302 940
982 1597
619 1004
421 1121
1416 1577
207 1616
282 568
829 1137
678 1664
2 1553
923 1770
632 1656
231 1717
110 1777
850 1171
266 1706
441 1098
358 828
1444 1647
403 535
126 1697
1263 1850
617 1605
912 1806
925 1793
422 786
169 1688
390 1496
258 400
80 1255
520 1687
136 445
319 1063
551 1733
437 677
378 1521
911 1109
74 794
399 678
457 755
1144 1448
925 1847
474 1402
1360 1481
110 700
116 972
262 1125
1178 1675
86 1614
443 579
83 1353
1036 1687
238 1665
125 1796
155 880
344 1602
115 240
713 843
940 1413
500 1048
1144 1678
815 1230
229 1383
438 1808
558 1582
791 1473
314 1598
678 1349
1449 1902
14 535
1113 1406
798 1023
340 934
264 1182
1681 1817
1052 1311
1097 1450
1253 1805
124 1326
334 1879
682 778
1641 1875
887 1315
1416 1706
1017 1137
410 1321
252 1229
183 1563
604 1253
597 1631
20 500
1601 1713
374 870
901 1220
865 1507
1120 1788
273 1807
1459 1604
72 1592
1097 1844
470 1525
192 1735
326 1093
785 1092
53 1011
130 565
322 1535
491 1465
316 1828
582 1726
133 588
219 393
76 1700
291 1768
11 1443
480 991
817 1059
672 1123
114 735
880 1124
787 1009
414 660
221 904
590 1310
310 1261
1120 1396
202 1014
1044 1876
1519 1898
104 259
103 1227
1118 1887
516 1420
392 1075
578 1640
650 1729
1290 1549
51 1859
408 642
402 733
1416 1804
743 1815
1431 1804
1233 1689
549 1907
198 1798
1531 1888
222 1399
102 382
202 1679
1320 1631
654 1491
643 1061
1030 1742
670 1433
874 1638
1213 1636
75 1422
17 1833
54 980
424 1035
173 1416
525 1852
1128 1617
235 1199
1356 1781
394 933
321 970
92 861
155 502
496 1792
1376 1708
491 1769
416 754
807 1785
367 911
1230 1420
418 727
126 335
569 1854
296 1726
16 689
1630 1865
582 1010
928 1164
1084 1423
19 1431
509 1223
68 1291
1168 1804
1143 1755
654 1468
988 1802
565 1747
528 1741
536 1423
258 521
502 1379
399 839
637 894
655 1821
107 416
679 1164
901 1846
293 987
68 1826
1426 1870
404 680
795 1216
287 1826
1297 1473
789 1283
1425 1695
579 1149
172 536
307 686
1214 1740
123 337
732 1510
1110 1679
612 1304
1292 1441
327 1707
1479 1625
15 1494
374 1893
269 651
770 1417
1229 1821
45 886
230 1099
717 1436
9 434
191 1435
802 912
445 1710
1065 1509
635 771
197 356
649 1061
1609 1798
1351 1711
3 1306
889 1334
577 1432
997 1749
159 309
192 1275
1077 1840
636 997
379 1557
603 725
224 1614
1315 1785
113 1587
390 1637
561 1871
712 1449
100 998
86 990
270 1848
187 1124
461 1055
235 1097
143 1791
746 1475
607 1180
1363 1849
53 1466
1041 1194
442 573
129 1153
396 994
83 359
496 1348
1048 1315
263 1617
1050 1501
1317 1735
238 432
589 1712
149 1195
89 1863
649 1421
141 661
582 1586
206 1714
707 1199
37 1082
549 1281
357 1300
945 1863
1456 1562
86 1850
843 1253
1006 1401
1489 1658
601 1353
1030 1290
155 1495
889 1665
9 1777
1105 1437
363 1308
142 1841
790 1107
755 1044
99 1430
1407 1886
472 986
52 1339
783 1615
1533 1877
1687 1813
1463 1620
192 491
1239 1480
200 1888
436 1508
342 1457
412 1132
655 1166
267 1056
237 1124
708 1435
201 865
788 1639
1263 1648
756 1552
13 1190
235 503
1381 1714
553 1742
269 1693
152 1006
697 1443
229 1351
1375 1581
1379 1817
590 905
616 1671
346 1769
277 1609
123 593
438 1237
1096 1819
929 1042
463 1706
169 1494
4 1908
1187 1580
351 1537
1488 1820
533 1075
554 1274
75 1421
93 873
1231 1876
685 1669
752 1204
551 1218
1013 1680
820 1895
1478 1670
449 656
815 1674
121 996
443 580
1461 1655
139 341
185 507
231 1738
1032 1795
328 1498
140 639
1290 1545
124 503
573 1082
265 1737
30 1021
113 643
1086 1905
693 903
439 1033
345 1335
1457 1842
1409 1687
533 1671
545 1260
860 1183
618 1878
234 1066
178 446
61 1143
291 1139
118 1863
1014 1150
440 1273
466 821
373 1874
1015 1479
115 498
270 736
646 1229
879 1748
994 1444
897 1104
209 660
24 1018
918 1888
1225 1408
1247 1677
253 1482
659 876
510 639
1054 1596
1578 1759
336 510
1353 1787
379 533
348 1808
320 1251
1230 1641
209 1140
427 547
599 909
441 1362
71 1731
330 461
580 897
1054 1514
336 1363
454 845
115 349
14 832
174 1576
393 1404
922 1420
420 820
492 1260
314 1781
302 1082
882 1655
70 1260
405 907
602 1596
1074 1412
27 1188
858 1761
173 1428
357 1032
1407 1708
750 1219
420 1569
610 911
1362 1800
1416 1850
46 1485
174 953
861 1769
27 526
244 553
976 1214
715 1175
1464 1791
1182 1365
184 1895
1260 1427
934 1060
1105 1201
343 1029
206 527
450 1249
1079 1435
892 1793
599 1845
699 1038
494 1035
1130 1881
1036 1439
89 1838
387 1148
863 1588
1053 1225
231 540
680 1801
1076 1314
170 324
60 260
69 769
563 1811
93 1904
84 938
22 1325
203 1765
399 1884
53 1908
592 1623
230 1465
909 1352
1357 1637
77 1680
1016 1807
667 912
842 1084
618 1441
408 1624
653 1591
492 1612
949 1574
440 924
64 493
924 1686
56 1153
1242 1407
1034 1570
6 314
69 197
1152 1552
10 1084
742 1633
424 1491
954 1257
298 1007
620 1447
1221 1563
911 1116
966 1341
361 1554
366 1345
188 1452
447 1381
515 1457
1100 1577
638 1586
1155 1379
282 1617
1538 1802
663 1781
254 1835
120 1319
788 1201
1100 1235
258 1595
574 1626
52 1813
117 1378
545 1285
742 1510
763 972
451 1746
85 392
319 1618
1218 1908
97 438
1200 1672
1197 1457
331 914
1003 1262
1119 1698
46 1612
636 1595
223 1878
451 1188
965 1132
1213 1415
969 1604
678 1499
677 1331
67 1072
396 1277
957 1398
746 1510
1213 1489
791 1096
760 900
1059 1318
182 374
282 1394
222 760
1090 1230
955 1779
129 1427
5 378
48 762
692 1005
293 1131
722 1591
478 1513
778 1377
1068 1244
413 661
1173 1791
882 1852
494 753
899 1503
479 637
526 1571
370 1234
498 1224
155 975
828 1812
1043 1323
971 1702
454 1323
307 1528
113 238
31 1136
1182 1615
185 1383
17 790
1159 1591
184 1250
720 1630
756 1407
666 1206
81 660
341 602
752 1782
957 1207
166 576
404 1513
516 1569
511 1275
1697 1894
432 578
114 882
1104 1736
429 1177
676 1823
157 580
1696 1881
1193 1540
385 1269
37 318
563 1082
1048 1773
457 1433
1563 1848
1351 1680
805 1083
20 1686
168 727
881 1344
127 1675
991 1163
964 1227
311 1128
777 1508
190 344
796 1526
450 749
361 1800
574 791
139 741
1517 1899
616 1056
139 1666
984 1778
74 820
173 813
102 1907
309 581
1378 1656
543 924
995 1672
552 993
1163 1764
708 1792
22 647
420 1135
893 1476
650 1750
586 1620
1512 1711
991 1416
135 1064
79 460
677 1455
857 978
497 861
1143 1565
76 1763
369 747
211 523
368 1108
802 972
304 738
541 1360
787 1747
1531 1850
963 1881
900 1530
262 458
758 1451
79 290
872 1024
1034 1241
742 1557
423 1109
196 1636
466 1052
257 1886
342 480
1078 1195
949 1442
816 922
