474 1893
363 387
65 471
214 80
418 344
250 78
74 176
212 71
176 333
63 283
200 295
22 31
44 260
61 201
169 104
177 368
365 65
280 325
431 19
300 374
363 75
348 332
147 85
403 322
417 465
26 142
182 417
68 225
203 24
321 371
128 23
264 18
457 69
342 413
458 167
209 242
138 82
99 284
62 27
131 374
388 52
411 95
468 4
215 196
28 62
93 51
454 252
68 333
217 305
167 200
367 375
441 30
352 65
209 309
462 235
208 375
286 144
365 280
44 1
1 441
62 463
17 42
137 454
374 249
180 436
448 442
337 310
368 110
270 102
419 153
337 152
423 44
192 313
219 131
314 116
467 271
104 9
208 136
358 3
384 433
439 253
296 301
458 189
306 254
187 250
406 419
298 355
462 385
89 207
411 298
95 321
307 302
353 190
305 262
44 269
411 339
465 394
54 192
69 136
442 371
80 161
251 67
441 235
169 377
59 16
305 49
233 137
350 111
222 76
268 265
240 204
25 126
124 448
318 192
109 181
458 188
341 234
151 203
365 319
105 319
231 409
367 359
71 138
469 188
214 262
348 349
362 372
1 11
346 214
98 350
394 82
434 156
211 110
358 471
324 462
315 80
292 207
334 258
241 328
445 350
12 318
224 373
111 120
279 352
333 376
228 148
353 83
303 460
192 82
456 41
439 193
17 152
399 246
409 61
100 275
410 111
14 56
379 21
175 183
372 404
454 21
77 229
103 276
214 190
253 91
127 218
283 39
369 104
284 200
164 383
474 470
389 384
51 189
404 225
371 197
50 247
1 216
406 76
200 428
189 9
466 84
8 275
179 171
80 74
62 364
457 112
79 282
233 345
5 282
117 118
304 117
333 23
226 160
99 426
113 183
330 104
162 337
275 340
403 354
414 465
139 292
102 217
100 230
88 474
38 100
117 237
217 345
260 338
31 254
289 143
436 40
143 124
376 417
463 305
296 298
191 434
12 188
73 7
418 56
6 351
155 18
113 267
362 268
131 392
47 315
431 379
355 99
28 152
41 386
352 232
106 68
87 117
256 159
19 95
110 24
445 161
41 453
427 298
143 453
216 85
190 172
463 440
270 386
194 469
437 299
432 49
311 109
203 213
248 69
269 184
418 118
377 86
466 118
170 181
185 55
42 350
440 159
81 55
49 413
353 6
358 85
11 357
309 109
465 452
178 260
57 17
377 434
102 368
447 167
445 158
221 12
403 83
66 380
137 114
16 97
470 396
453 201
30 444
74 207
229 27
223 27
460 220
290 432
387 260
11 29
168 310
111 233
243 324
159 154
421 50
75 295
160 220
207 284
246 325
310 127
71 126
454 353
281 361
381 344
196 18
103 306
161 241
51 319
394 471
264 468
188 410
467 347
51 199
50 362
383 193
368 86
79 170
429 170
83 427
371 243
193 422
314 247
78 468
270 128
88 322
215 33
105 428
418 384
469 121
377 423
186 459
376 83
124 464
400 106
102 135
248 472
58 325
361 223
348 345
440 88
41 217
423 343
99 221
262 225
226 445
218 474
443 171
324 225
393 198
95 254
323 118
110 198
436 194
175 149
373 276
133 57
26 107
139 251
447 252
250 311
318 470
193 156
15 269
49 234
386 54
112 288
467 189
154 440
337 300
276 180
312 279
389 222
455 459
387 203
17 191
205 349
339 235
460 332
319 139
297 181
334 468
257 50
331 94
328 141
315 401
394 375
304 306
461 404
180 171
12 45
405 471
376 146
32 94
326 261
87 4
311 313
97 60
453 308
356 452
395 162
362 314
433 88
42 419
265 312
457 426
213 34
208 419
374 221
34 256
94 428
313 351
163 271
438 204
112 455
321 19
330 299
69 209
251 119
413 359
152 146
346 202
140 379
5 287
358 443
386 469
383 223
417 307
321 385
77 473
426 275
3 323
98 251
451 222
442 455
404 326
216 163
443 125
259 224
39 231
312 255
37 285
253 462
85 436
181 457
284 175
396 201
241 325
422 455
61 164
40 29
184 320
235 442
439 169
198 277
424 130
13 67
430 194
264 179
25 185
379 161
405 223
141 361
396 46
432 360
58 60
180 40
3 8
281 422
143 70
126 167
150 400
148 259
439 252
141 303
258 27
30 311
115 402
349 356
257 370
296 166
278 339
425 140
190 285
287 30
66 5
204 149
92 461
72 18
297 186
372 294
184 154
456 380
141 35
294 330
215 2
359 176
174 105
231 265
92 302
383 227
216 280
416 296
434 26
302 33
285 77
250 186
159 423
291 389
213 278
112 391
87 20
20 258
5 338
94 306
266 84
169 229
263 361
303 73
334 448
396 341
144 413
420 230
432 458
206 295
65 472
120 424
136 349
293 290
156 89
244 195
402 297
38 233
56 244
53 121
137 327
20 265
236 401
136 391
7 412
255 430
125 11
412 163
243 467
302 295
113 438
148 258
221 63
142 348
114 173
160 25
343 166
437 19
134 38
56 71
96 194
433 293
256 57
119 273
14 127
460 155
370 470
20 91
397 138
67 63
245 451
403 254
70 304
252 336
299 474
128 449
294 67
93 219
438 316
165 172
26 282
82 154
281 78
144 443
360 107
148 360
318 412
121 264
384 201
300 444
270 299
441 416
183 437
220 397
230 367
178 73
449 187
327 340
317 332
356 236
199 329
331 36
209 25
351 87
414 196
24 292
244 385
222 291
286 438
346 195
412 31
293 131
446 316
84 320
38 10
370 354
280 34
360 369
308 256
466 340
450 13
378 232
448 163
323 32
313 13
309 130
303 199
97 341
124 338
288 255
123 334
166 172
212 61
261 249
228 459
391 165
366 204
33 58
79 119
364 263
373 382
122 435
331 278
206 199
317 395
198 90
424 156
359 344
227 39
320 79
327 292
297 327
33 466
473 341
39 304
122 293
308 125
287 430
228 314
77 66
101 279
34 239
246 238
259 428
210 93
269 220
415 405
105 263
411 240
388 59
278 230
253 185
174 120
187 107
115 37
234 24
307 472
115 43
16 367
123 125
140 74
249 370
197 8
414 375
433 75
98 345
97 301
142 373
425 28
58 45
328 155
351 153
100 145
246 173
84 212
42 308
96 166
185 389
54 46
372 48
110 267
68 190
181 228
250 202
430 142
12 9
188 434
437 441
207 115
50 105
162 168
63 466
404 315
437 387
189 469
261 256
280 337
379 55
65 334
196 76
239 383
405 97
245 137
211 295
462 199
363 287
40 221
200 124
112 387
213 268
64 18
131 339
72 91
94 164
62 332
429 213
128 61
33 265
433 390
359 217
202 294
313 341
106 52
69 160
403 37
96 311
198 204
275 326
161 203
14 266
86 460
408 398
326 409
345 356
474 310
41 402
242 187
23 96
195 96
442 355
298 349
369 208
140 22
319 121
377 252
415 229
83 285
6 82
16 46
232 225
119 151
216 414
267 410
35 234
291 228
4 81
435 39
472 175
160 375
323 470
25 405
176 30
445 286
36 93
353 251
274 269
85 173
211 347
116 266
143 438
261 167
87 23
11 38
165 412
191 156
423 202
317 91
153 325
436 244
306 108
21 414
29 185
351 2
327 42
249 159
291 89
140 288
104 457
86 427
386 417
197 407
427 28
410 355
294 416
37 67
418 259
4 88
176 283
92 316
152 279
130 300
151 139
459 187
101 402
15 389
293 86
401 454
370 120
271 410
4 13
356 323
461 409
79 154
170 109
183 463
260 453
51 391
146 1
45 95
309 415
402 342
111 369
373 394
165 158
372 459
196 407
282 142
220 324
23 361
378 141
197 305
130 231
177 245
450 215
205 326
108 385
125 139
70 72
211 117
286 328
435 261
68 165
8 47
288 116
408 239
43 171
27 317
401 468
72 364
194 158
427 289
53 247
426 367
276 5
322 314
271 354
170 391
163 364
448 397
8 178
178 430
320 129
218 172
289 20
129 14
169 253
344 192
234 40
108 292
299 78
3 330
129 209
425 171
17 59
463 315
9 32
388 249
242 14
343 48
247 425
374 120
214 184
368 317
307 24
116 75
328 467
32 114
288 179
63 435
244 223
287 118
273 232
21 191
238 205
157 304
360 451
395 174
45 320
381 178
413 174
3 195
354 103
245 89
233 472
109 153
164 432
419 64
246 388
263 43
297 307
243 37
435 91
183 89
132 227
338 126
174 106
382 273
35 425
254 15
284 224
168 195
395 271
344 340
121 205
126 283
13 447
164 276
55 78
22 103
272 168
408 80
19 93
202 392
231 238
422 71
332 444
211 129
397 369
270 47
15 471
450 113
363 398
35 26
66 392
286 224
116 264
197 239
390 255
346 303
10 15
416 201
157 331
455 29
335 346
392 102
53 9
291 240
362 325
316 382
330 208
412 350
314 223
419 367
127 120
110 425
165 296
87 410
57 431
16 278
84 403
416 207
385 199
427 122
107 283
330 414
54 65
58 368
431 184
13 436
31 73
258 117
378 422
91 434
378 106
133 357
404 74
169 42
220 187
251 167
62 104
246 444
392 315
170 439
10 302
321 413
272 306
149 440
136 463
192 141
158 338
203 115
337 448
455 402
250 392
233 102
66 450
230 282
284 397
114 432
362 357
437 393
345 154
429 398
388 157
130 19
73 275
442 64
215 408
353 88
140 8
6 11
304 445
116 342
256 189
302 279
108 408
9 386
420 361
473 354
422 446
190 375
405 20
241 416
83 39
70 394
126 267
94 172
204 201
106 108
112 421
365 6
197 35
420 163
318 263
423 299
377 205
76 355
243 146
274 264
41 470
1 105
335 316
268 75
474 298
4 58
258 426
252 160
52 328
40 191
369 209
454 202
101 311
31 89
273 72
64 310
145 322
157 293
132 175
462 225
426 179
21 175
29 191
310 35
79 356
270 66
5 406
418 363
134 215
285 444
111 297
158 135
54 262
210 28
122 129
137 22
430 450
384 459
138 371
74 248
146 444
396 130
57 449
236 370
34 274
313 391
320 218
355 406
322 388
198 292
161 286
152 381
332 208
213 12
181 78
60 389
36 262
415 64
340 73
23 371
30 273
164 401
75 309
262 136
196 98
364 61
387 465
155 357
90 128
464 415
271 50
238 69
49 312
273 206
343 132
219 398
172 289
171 63
245 82
393 227
76 52
363 464
226 231
147 95
343 265
352 76
464 22
85 435
398 334
132 70
230 228
327 393
3 242
452 97
278 390
381 343
121 467
451 239
241 24
214 464
124 194
119 162
108 7
406 456
71 226
77 401
119 92
177 439
421 285
452 48
26 440
263 100
350 247
57 259
44 460
309 47
139 283
461 348
239 86
135 157
134 206
291 373
383 396
114 200
290 109
125 183
268 431
408 247
148 346
212 398
393 84
301 2
123 335
395 243
31 468
287 406
294 457
67 447
466 289
55 115
155 148
421 241
319 321
421 472
333 409
226 384
305 323
471 340
68 185
473 295
322 182
174 431
303 55
96 272
27 219
255 59
81 443
16 451
162 382
64 7
353 293
455 95
366 234
62 43
53 60
298 165
449 94
72 199
83 413
151 147
315 381
253 419
321 241
403 393
180 350
443 58
64 320
48 325
449 5
367 397
435 86
88 305
179 159
29 158
97 75
304 308
351 452
252 197
218 76
116 294
322 454
247 281
195 295
132 169
299 394
92 155
6 179
460 80
233 14
237 225
459 436
310 205
428 423
281 439
242 24
418 15
205 331
203 399
251 190
80 152
264 65
231 22
448 364
143 432
221 200
405 246
130 49
156 433
186 182
285 332
267 364
9 57
428 135
255 141
212 443
196 142
214 96
144 319
342 273
263 393
127 346
348 73
19 23
163 363
137 255
90 113
32 260
120 206
467 438
74 63
277 69
238 314
213 270
42 444
103 27
452 339
124 290
174 223
463 411
328 265
114 139
408 204
360 345
173 462
268 46
222 68
254 164
358 402
150 349
47 138
170 308
221 384
55 50
113 414
291 181
297 84
226 45
47 176
286 300
228 224
17 377
468 433
411 175
257 398
437 3
327 239
287 150
194 368
43 51
262 167
77 45
461 39
417 189
426 365
400 279
129 212
146 43
22 11
465 77
34 35
399 461
155 326
465 282
117 425
47 411
360 31
250 317
133 67
348 274
102 133
232 114
380 306
420 119
278 216
383 101
52 307
149 329
61 217
427 192
26 372
404 99
371 329
131 92
421 176
316 106
466 85
34 347
90 100
149 48
272 412
30 281
386 361
276 227
311 38
36 126
434 266
424 359
101 451
447 323
447 452
450 308
148 396
276 473
381 54
440 138
15 281
98 201
48 301
195 66
292 447
128 336
37 391
329 458
232 188
312 13
133 171
457 351
397 10
474 159
160 45
372 336
166 275
461 37
269 279
256 191
243 103
349 392
103 296
282 420
296 149
82 144
168 193
259 334
144 158
104 44
56 399
269 253
153 366
381 267
232 185
92 105
257 144
338 471
451 112
145 442
111 366
236 290
300 107
390 72
6 60
235 366
135 216
341 109
472 415
431 430
395 385
266 236
70 177
198 4
108 268
149 56
386 370
180 401
348 205
141 387
372 201
379 230
185 13
23 384
42 302
175 391
346 27
277 280
76 167
119 183
29 31
79 208
327 426
308 467
234 102
89 35
331 170
47 249
79 458
274 251
133 146
277 306
425 248
368 439
430 396
469 404
25 322
252 229
210 11
330 195
45 82
364 461
330 442
444 405
81 244
77 213
389 249
44 235
22 412
199 452
229 90
277 150
307 54
435 129
132 375
210 21
359 227
366 338
73 176
410 30
377 74
120 179
233 126
259 89
463 359
307 350
319 87
473 106
339 20
402 371
375 247
401 277
320 416
263 110
90 48
198 240
334 186
20 166
432 235
149 326
236 95
215 100
341 411
443 242
183 369
414 399
207 291
363 469
9 271
101 399
333 58
159 7
279 290
101 19
285 111
91 151
417 59
323 228
420 55
44 204
358 86
50 458
380 382
388 215
249 14
130 59
209 333
447 189
398 392
158 474
455 219
395 360
151 234
212 256
92 385
174 341
61 275
33 458
88 87
354 257
24 230
116 393
423 68
197 135
51 243
163 112
465 26
178 344
470 180
410 7
468 3
336 217
407 180
431 33
144 7
32 283
270 210
379 265
152 362
349 80
66 40
289 445
305 100
181 471
63 129
302 342
314 113
64 136
46 5
428 246
254 380
187 332
304 155
59 326
57 145
188 382
212 136
440 361
114 169
433 209
137 351
281 294
421 171
380 54
394 424
203 352
18 387
146 298
207 241
388 390
143 84
333 345
60 441
356 98
14 449
83 148
41 214
33 99
65 462
8 316
187 342
7 96
317 94
78 399
138 235
29 313
52 259
71 85
358 135
51 376
460 459
62 56
53 113
200 132
453 231
39 274
145 81
121 133
222 109
59 4
374 154
147 382
133 196
454 313
216 154
56 138
236 222
303 240
353 403
210 98
188 254
373 470
280 224
223 32
105 38
267 303
419 10
162 15
16 91
321 376
134 36
70 8
222 36
115 434
358 266
287 124
131 271
288 67
318 99
331 328
369 236
309 335
318 337
266 325
315 78
340 441
295 253
115 378
267 261
177 451
184 168
37 329
262 221
311 309
409 413
248 190
264 104
239 108
81 316
464 47
352 405
333 125
16 469
153 240
305 382
437 464
381 104
179 393
373 173
30 406
142 268
40 414
337 120
256 223
166 133
49 395
154 65
389 202
304 116
109 162
105 15
265 460
96 444
378 364
38 303
296 180
119 328
350 374
76 412
403 125
332 82
189 142
283 388
257 287
197 340
243 292
205 42
344 373
318 335
233 436
84 4
232 56
415 160
241 264
73 92
231 148
245 427
384 13
140 10
424 217
115 465
323 29
247 80
135 159
355 271
318 190
215 390
281 445
434 422
293 239
330 432
248 280
71 396
386 309
428 130
337 200
209 316
370 162
35 213
351 249
24 54
157 365
31 227
286 395
307 93
125 156
355 327
198 59
220 22
201 97
167 224
150 177
103 46
6 219
375 58
222 12
383 346
168 27
228 418
353 321
2 340
413 118
258 259
230 360
401 367
389 338
462 179
343 296
435 369
87 3
39 146
464 397
114 41
404 85
464 359
377 329
242 312
89 139
157 71
128 248
182 118
283 253
334 212
40 152
107 165
158 466
419 430
163 113
312 188
474 10
19 391
276 428
68 278
14 121
447 12
409 135
20 246
423 122
37 295
260 439
102 313
122 16
339 193
97 352
273 139
261 217
48 174
51 172
260 88
349 367
441 43
402 74
433 417
221 366
400 94
162 437
261 317
421 319
211 440
338 34
178 275
445 67
199 299
379 315
415 454
357 472
278 312
236 240
191 274
441 324
183 140
352 357
147 301
46 45
149 103
372 390
211 122
314 206
171 178
137 160
284 376
280 378
255 132
347 451
136 298
138 366
170 455
195 28
290 156
473 55
471 90
172 185
214 355
379 450
41 274
408 122
226 43
282 118
257 220
425 77
83 290
368 28
193 150
274 184
279 288
311 468
289 25
292 269
266 6
9 141
44 286
1982
798 1118
67 559
905 1322
739 1721
832 1248
1516 1604
751 1870
1202 1420
203 799
637 1536
41 71
885 1380
1479 1496
901 1750
420 1197
15 1053
1451 1611
462 1888
648 953
203 1785
2 1718
666 1409
936 1608
1811 1867
610 1734
1453 1718
358 564
166 1204
125 1750
23 968
458 1075
16 982
706 891
391 1659
594 1538
1464 1539
332 893
47 225
199 1828
1582 1771
722 1330
1286 1406
630 1601
1365 1458
669 1387
446 1126
482 1341
1102 1141
338 1446
781 1789
60 351
391 1348
1243 1573
351 1092
228 1771
513 694
121 1557
1179 1712
664 1184
657 1332
591 1102
565 1073
463 1619
195 801
975 1171
696 1230
65 1239
502 1621
78 1637
1428 1593
220 308
47 1690
428 1759
975 1091
1049 1631
444 1639
753 1008
732 1216
733 926
37 1818
7 646
1154 1245
710 795
453 1661
787 1360
1006 1880
1581 1841
115 802
1706 1777
775 1120
1428 1563
202 520
591 1166
1237 1417
198 1367
119 1161
119 336
743 1277
1044 1130
1109 1830
425 1096
112 942
957 1658
141 769
1260 1455
903 1457
843 1890
1104 1347
541 1162
604 1360
14 1679
47 1392
121 775
789 1164
4 1819
264 1101
63 1013
375 1883
515 1720
672 1281
235 1688
291 551
232 1308
1393 1811
522 1849
773 1776
271 307
341 1822
631 960
799 1504
549 625
1062 1475
688 1350
514 1465
243 1865
1573 1709
20 392
145 623
62 1327
36 1282
497 809
717 1165
993 1007
1057 1866
668 1552
207 771
1292 1746
1595 1893
1080 1203
428 1088
243 1323
681 1628
262 825
357 1502
392 801
891 1297
76 1114
121 128
1082 1177
100 654
785 1758
860 1071
476 637
1070 1753
1497 1555
898 947
1628 1653
21 632
559 902
1359 1523
434 1294
428 677
509 797
555 1504
569 1887
265 1752
1038 1353
10 929
19 1427
1089 1763
816 1516
93 1275
550 639
1023 1210
753 1540
402 854
1078 1186
1282 1608
1750 1788
1132 1782
339 1310
1554 1691
369 589
1701 1795
521 1570
143 904
406 911
870 1332
562 1549
1109 1892
314 1314
70 520
1265 1306
148 1200
1035 1279
1002 1374
610 662
978 1171
892 1164
793 1685
482 1697
888 1741
714 1179
369 1757
1654 1669
1074 1477
89 1460
1308 1507
831 1654
529 1780
954 1530
1260 1563
213 451
561 1376
1343 1353
1081 1738
929 1156
732 1869
128 595
258 1782
284 1649
287 876
490 1215
67 1594
229 250
1203 1846
1126 1673
786 1885
1346 1576
939 1281
469 806
784 1875
1311 1429
1438 1851
45 129
328 1326
309 1777
614 1013
229 712
961 1079
371 945
150 185
177 970
55 1752
337 1250
712 1142
1495 1632
1049 1123
944 994
593 988
1037 1833
834 1316
248 1843
873 1846
178 945
549 1833
38 1803
86 612
581 1008
1344 1752
570 1744
506 1482
85 1542
637 1028
557 1229
37 1593
1168 1352
533 1329
400 1301
308 1393
162 1258
1168 1855
199 487
1120 1253
1025 1067
484 917
903 1594
419 1592
552 1055
641 1108
305 677
721 1472
49 1167
822 1263
1043 1566
762 845
723 1204
119 1317
1210 1371
297 543
503 941
117 1128
1546 1843
501 1623
284 708
1012 1522
263 960
504 1008
1239 1430
377 1016
389 1053
1506 1860
1689 1892
919 929
1370 1386
1216 1786
433 450
382 1816
16 1459
723 797
339 1742
722 1648
259 602
52 1643
41 1411
981 1799
862 1093
888 1412
361 860
250 1807
1043 1746
56 199
1406 1786
495 1421
1291 1351
165 1114
1543 1812
251 1835
91 1585
216 1502
1197 1625
738 1321
79 839
938 1625
1200 1452
966 1188
601 1243
27 1165
1135 1573
507 1448
970 1612
533 1620
1444 1561
784 1535
913 1166
897 1057
130 484
208 1634
1237 1280
457 1146
354 752
1267 1422
607 1596
752 1293
286 847
1169 1172
479 898
30 1702
479 506
1478 1645
641 1332
562 1462
217 1038
381 1669
835 1496
268 837
280 1188
805 1534
800 934
1086 1556
748 1694
275 280
83 1645
223 230
502 1700
1788 1834
361 457
1398 1402
587 1091
103 1693
33 636
370 1220
11 829
45 1629
858 1600
658 735
454 1009
119 851
1006 1073
263 1421
71 879
1153 1361
441 783
658 1027
457 1788
1129 1820
1006 1499
1060 1835
1105 1423
301 1484
325 725
958 1093
1333 1723
445 1125
902 1387
1695 1866
1247 1458
5 954
51 1525
946 1838
88 181
1008 1678
844 1593
863 1036
453 1862
608 1336
315 777
216 1700
144 845
575 1045
339 461
760 1710
1621 1714
1628 1671
594 1345
1347 1529
775 1313
375 388
178 1237
60 1338
780 1689
572 667
387 1008
701 1151
1189 1232
217 1484
890 1563
1291 1300
710 948
76 982
618 1542
337 1336
1710 1844
128 638
82 1053
188 848
768 776
1333 1783
54 1155
493 955
1085 1157
83 826
81 1296
137 705
264 1119
780 1805
222 1650
162 1600
38 800
1004 1642
795 1743
1570 1851
617 1204
1374 1771
349 1171
284 434
280 1433
1260 1427
1396 1575
238 1839
535 931
291 1664
1152 1740
1103 1891
560 1553
213 1354
84 1402
125 945
339 1287
565 1810
200 687
140 998
278 480
75 1566
1674 1804
315 1827
841 1512
14 520
431 1358
24 1116
90 1243
1291 1491
342 1326
634 1529
680 1445
1112 1280
216 1559
59 1419
408 1092
133 188
916 1874
416 1670
935 1492
870 1597
734 1365
807 1368
83 204
965 1322
460 515
62 1053
1173 1873
440 1538
1303 1772
1510 1710
970 1557
1799 1811
333 1537
1135 1490
1182 1193
25 653
33 831
29 128
948 1006
1321 1351
1326 1434
481 1414
606 834
972 1822
589 712
1596 1638
252 1555
1415 1702
1011 1887
943 1089
225 881
257 1742
1711 1783
200 679
809 1550
107 350
501 982
1501 1677
755 1248
1429 1873
1087 1257
1422 1489
748 1011
656 1230
42 193
266 1744
1073 1506
437 804
636 1309
225 1397
206 1417
488 1101
24 185
623 1185
158 853
217 1078
674 1245
13 1552
889 1598
668 1639
433 1081
175 1819
45 362
978 1354
395 911
1030 1492
1811 1893
237 1748
184 859
1036 1039
138 931
196 1166
811 825
208 429
790 1713
88 814
13 1222
988 1180
288 1880
554 1198
66 295
213 334
65 485
67 162
1020 1257
294 1112
384 1157
74 403
611 1122
416 855
503 1314
556 1669
516 677
803 1735
396 577
22 872
269 375
354 1084
667 1064
31 515
190 1626
238 1346
31 641
1152 1333
1165 1748
114 499
272 1696
787 1054
393 895
970 1503
1204 1438
1493 1755
859 1707
394 1846
29 467
133 424
114 576
58 1478
832 1216
401 1123
600 1150
813 871
952 1866
1345 1571
781 1095
6 335
110 639
366 1498
968 1450
760 996
1097 1830
50 1128
627 1672
21 908
1144 1372
78 1222
141 400
863 1266
113 454
631 894
965 1548
208 899
503 988
62 573
1246 1866
971 1802
206 450
142 1766
746 1786
224 1050
378 1036
215 1350
519 1077
545 722
1266 1445
1099 1352
251 271
1238 1306
687 1793
659 1299
376 1145
568 1508
440 495
1240 1650
246 806
1282 1377
1097 1592
652 1529
689 1287
181 240
659 1446
909 1253
579 1717
253 510
478 1465
1083 1537
1564 1840
442 1151
110 821
355 1595
1079 1540
744 1550
222 691
379 1379
473 1508
273 1533
26 892
1095 1742
1347 1470
272 1862
918 1354
779 1505
676 938
1047 1134
835 1497
1143 1316
20 886
710 1800
286 1108
110 636
672 1642
697 909
24 554
44 459
645 1371
12 309
19 1516
957 1087
299 327
24 1709
1076 1339
872 1009
246 779
1267 1633
1064 1742
9 1735
831 1404
453 1871
825 855
21 246
33 1469
554 1488
1462 1555
551 1760
574 1795
891 1489
468 1827
7 179
1246 1639
330 1359
1367 1401
85 825
219 537
802 987
822 1362
937 1232
854 1699
423 445
995 1274
203 1176
1483 1606
87 1416
93 180
1339 1508
887 1645
1066 1668
274 1752
492 1890
310 798
1478 1585
730 1534
494 542
536 987
830 1809
2 947
1005 1484
659 1092
752 920
448 1098
197 850
1334 1864
22 1522
1636 1826
52 120
730 1512
370 1636
285 348
778 797
1271 1521
713 1272
574 1631
777 1146
829 1610
4 34
165 200
797 1412
84 732
1040 1720
664 1074
1394 1771
692 1514
953 1677
475 1712
1003 1750
17 483
295 504
220 1071
963 1650
788 1567
866 996
1706 1767
384 1850
544 1338
1208 1590
518 1468
622 1123
405 1002
96 820
794 1759
810 1822
223 262
482 1313
983 1208
16 1444
460 657
444 881
272 1178
314 815
11 536
43 967
664 1478
110 500
206 983
1233 1776
1161 1878
247 606
25 1297
525 728
192 1008
540 1664
565 1334
128 836
441 533
1068 1564
451 1521
35 142
251 291
448 1187
370 1680
355 1069
861 1588
265 601
1242 1527
641 703
1243 1433
104 325
452 597
853 1129
437 892
218 1343
64 273
269 1291
437 1653
807 1455
545 1439
407 1075
239 1675
585 1765
937 1287
426 476
550 664
493 1061
1115 1259
28 296
427 1695
1284 1673
595 699
48 1050
354 1502
1793 1856
67 1037
220 306
732 804
91 1668
111 517
164 661
570 1180
316 1635
1742 1844
257 1543
378 1540
990 1236
241 1283
146 509
22 806
408 786
627 972
1091 1703
1096 1344
1391 1454
1468 1526
135 812
58 1769
1041 1799
1297 1720
204 1363
705 943
1098 1107
9 1253
728 1606
34 1274
353 1513
574 625
24 76
1381 1720
955 1526
184 927
832 1141
301 628
1258 1485
472 920
603 928
229 1638
1018 1655
262 1188
749 1284
1360 1812
686 1552
183 847
1010 1715
1108 1622
748 1044
439 1494
205 980
1463 1708
485 734
1087 1848
716 1490
107 545
345 463
944 1380
36 333
68 769
259 730
611 1726
38 330
144 1591
96 1414
878 1282
473 1183
518 980
1609 1723
115 374
373 1629
750 1115
785 1317
464 1361
1343 1744
109 1146
179 893
508 634
245 930
364 565
340 1442
1522 1645
22 645
61 1658
175 360
10 138
461 887
1038 1691
420 1586
175 1436
1321 1762
47 1458
198 320
468 1163
442 1032
696 1440
495 1105
238 430
298 1749
138 847
644 823
733 1509
365 1377
160 1737
393 1337
41 1804
397 1469
1092 1350
226 1329
1779 1888
79 1627
175 323
879 1454
1264 1437
297 793
276 576
419 1526
373 741
316 1436
398 769
1244 1860
1383 1748
1210 1547
857 1377
1413 1626
975 1862
1501 1768
785 1422
1311 1633
315 1766
647 1848
609 1398
854 1019
838 1788
188 1166
934 1668
898 1570
587 967
233 1754
486 750
94 202
624 1537
792 1848
476 1276
1368 1590
348 1322
257 1660
1276 1844
620 788
1084 1699
772 889
565 739
1326 1670
37 1472
386 1673
44 923
836 1317
699 877
351 1225
310 1486
566 1586
1252 1450
344 945
1232 1591
351 1717
1493 1710
1261 1590
1043 1168
1298 1429
862 1255
285 458
197 1249
897 1421
1120 1513
928 1206
286 1600
676 1461
92 1020
427 1597
805 1349
667 831
340 1692
29 712
139 1890
808 1874
34 508
719 1547
793 1395
799 1115
521 1541
502 706
469 1704
794 1466
377 876
631 830
675 772
585 1256
911 1236
491 1392
835 1340
998 1468
993 1704
128 969
523 1403
938 1668
215 1478
1009 1406
964 1451
1086 1255
22 434
1022 1799
794 1161
417 1019
129 1165
465 1040
739 1457
764 1621
1287 1585
1130 1273
331 1345
772 1651
374 1735
1122 1459
1010 1555
915 1480
294 597
96 310
426 1825
60 1242
1591 1706
350 1099
1183 1863
78 788
168 1500
572 853
945 1171
400 608
510 1618
11 1868
218 563
64 795
143 988
123 599
1136 1762
949 1051
295 1839
27 167
739 1794
793 986
1400 1683
214 1385
1038 1273
138 1591
269 1844
260 659
332 1161
369 801
583 1760
729 1504
629 1634
923 1748
737 1433
332 593
297 1636
1041 1645
424 790
285 401
1357 1514
262 881
2 263
1423 1844
366 1408
861 1699
312 1016
759 1106
608 857
945 1799
240 1646
153 1419
183 525
726 1382
481 1171
634 1060
101 1321
364 1428
957 1236
228 750
33 1322
444 1524
259 736
780 1202
1022 1593
1259 1725
1326 1785
72 1346
623 1187
354 552
653 1170
704 1588
1157 1660
1088 1594
1104 1225
67 754
248 1573
79 1775
939 1057
371 1243
695 862
156 442
908 1318
423 594
117 1474
510 1212
748 1666
87 790
1532 1886
59 258
306 506
188 1632
1158 1740
126 875
456 1230
281 1773
244 703
387 1717
734 1512
247 1694
597 1827
462 597
454 723
235 981
427 540
165 1486
90 641
669 1798
1543 1744
31 306
225 879
99 1037
399 842
860 1575
18 1021
528 1375
954 1837
1124 1676
311 1358
269 1811
559 901
273 1483
37 377
407 1132
32 342
354 632
1068 1473
752 1841
683 1068
549 968
28 1210
717 1618
401 1625
375 670
122 856
498 1857
892 1010
819 1233
1041 1450
129 1500
358 943
185 579
270 1529
1607 1726
1376 1761
569 1340
280 1374
456 1098
627 1410
233 568
1424 1538
504 1527
139 505
1404 1643
202 951
133 586
385 1070
132 1674
783 1070
1265 1892
278 516
745 885
315 1856
1517 1766
128 1386
946 1400
11 1499
999 1248
56 1328
642 1662
336 551
1248 1793
1405 1705
533 1835
4 1192
740 1292
583 1055
207 1255
661 841
1607 1832
272 626
1101 1513
484 681
994 1236
252 1459
151 1485
727 911
1173 1770
766 1773
471 1505
1054 1171
446 580
1260 1421
1107 1507
734 1681
1445 1866
566 1359
60 1400
500 1050
715 1872
619 1366
1242 1625
497 1792
369 1121
23 312
516 1336
43 1778
315 1638
618 1674
1524 1890
346 1030
1395 1863
1093 1444
717 1422
189 1808
148 1453
1430 1853
571 1864
328 1886
882 1664
508 1639
615 1523
395 1646
71 654
783 1848
70 333
786 1047
875 1668
974 1729
405 1688
123 1080
68 311
818 1700
106 1621
720 1318
1028 1239
1071 1223
1177 1751
643 1787
1119 1530
1467 1623
146 1417
1139 1785
202 1539
1120 1259
761 934
236 1365
191 1839
1184 1554
645 1133
513 835
518 1604
1248 1762
530 901
259 884
475 943
366 1590
102 1235
568 1135
515 1415
3 1879
1650 1755
90 1224
1045 1222
1471 1782
163 406
768 1095
36 1400
833 1864
359 1572
1268 1689
638 1704
524 1119
640 862
311 937
723 1026
1534 1681
269 1423
345 1258
374 1742
719 1027
1062 1336
225 1220
2 1796
1492 1604
237 1085
1415 1608
381 1355
16 752
1242 1688
326 1878
734 1859
1002 1665
943 1302
1065 1261
394 1316
673 1783
114 1455
1370 1806
1405 1823
516 1641
728 1016
896 1393
158 945
142 1835
1150 1720
558 857
224 769
192 1536
617 1425
93 778
690 1538
201 391
502 1755
906 1144
792 1715
643 1736
34 1027
283 1685
648 1753
543 754
397 786
648 1316
1425 1821
221 719
336 868
1109 1283
36 197
533 902
1176 1664
745 1557
1026 1771
731 1504
74 1364
827 1292
184 1820
574 1137
1065 1500
105 928
325 465
1246 1560
574 776
635 771
811 1082
581 1672
158 1303
314 1662
54 301
1132 1345
972 1128
285 1529
1049 1545
1263 1649
1727 1890
1557 1887
568 993
353 1628
816 944
1093 1657
1381 1815
416 1608
469 1583
16 735
1057 1813
1362 1706
431 711
342 1026
458 933
5 1451
271 1414
772 1099
1433 1828
1110 1716
1027 1203
1031 1442
634 831
846 1824
1368 1657
1094 1816
1040 1178
471 1470
1496 1802
366 1725
450 1643
1730 1863
20 935
742 1452
478 869
583 1809
531 1271
268 1115
1291 1549
879 1213
25 750
411 1220
319 1408
737 1240
599 1186
435 989
1009 1155
1284 1810
173 481
394 1063
697 1273
539 964
495 1829
619 1287
1062 1282
1311 1473
609 739
1259 1705
85 410
551 988
845 1619
17 149
497 1536
36 321
323 1474
44 277
496 1510
25 1154
345 1772
1311 1406
642 1161
899 1683
711 1380
1048 1379
1120 1512
387 1878
403 1237
47 879
368 899
393 829
604 872
134 669
1281 1822
158 1625
1382 1615
796 1137
499 1424
767 1460
909 1800
1078 1295
421 1699
1611 1745
530 1300
133 235
651 923
1020 1591
407 784
856 1434
138 1069
344 1188
388 1778
383 1244
31 1811
740 1842
1026 1745
55 1464
1446 1665
766 1315
301 1362
914 1223
411 1671
122 1357
1155 1599
423 863
340 1537
808 1399
659 1079
445 1133
229 1804
818 1457
677 1118
839 1590
362 957
1110 1544
10 1773
335 775
40 1499
816 1486
367 1623
991 1359
302 1435
468 846
743 1546
1196 1717
1596 1852
1119 1270
1166 1453
151 686
100 1406
329 713
1080 1585
58 682
360 459
137 971
803 1395
406 724
787 1437
1089 1484
1307 1529
305 1401
923 1337
109 777
323 794
940 1507
1065 1226
896 1276
142 1698
462 778
235 443
33 1162
798 1323
1253 1541
304 1794
1098 1750
224 711
625 874
1145 1255
588 1410
316 412
372 1777
217 661
573 747
895 1822
238 605
640 1771
859 1778
73 869
376 1768
769 1624
992 1387
118 355
1610 1780
1176 1296
218 1406
101 1622
544 676
431 1570
472 949
1112 1808
826 1606
898 1884
495 1758
681 1402
276 1757
76 712
1387 1888
1286 1604
928 1400
1197 1618
400 786
1216 1654
185 1798
1010 1171
1161 1424
26 1821
939 1114
448 1203
1392 1708
225 527
1382 1611
521 774
27 1235
959 1701
507 1137
897 1359
1349 1722
13 1042
320 1253
783 936
777 1394
440 722
31 1804
887 1619
1025 1423
252 911
656 772
1598 1890
712 1319
869 1762
334 1825
765 1567
955 1579
60 535
1454 1652
480 1311
1221 1893
425 800
860 1761
1111 1738
500 778
396 1796
410 528
1278 1714
396 1645
1074 1526
815 917
204 874
1365 1855
348 696
693 1830
797 974
560 818
14 1337
1231 1724
358 1466
668 1025
571 1131
469 1655
576 1798
108 1299
770 1364
1625 1876
338 1465
1316 1886
219 1504
146 1698
614 1869
248 696
186 1634
915 1231
311 590
215 1699
323 636
305 1788
281 1274
273 556
696 1500
828 1067
871 1110
973 1884
863 1733
790 1110
45 275
41 499
634 1739
714 1713
369 673
650 1168
53 1638
662 836
9 1244
374 1489
568 793
364 633
882 1344
560 1167
1356 1671
518 1625
1152 1854
588 1384
355 971
1254 1537
726 941
10 907
470 845
854 1163
21 1560
384 1644
299 1095
1265 1380
956 1568
193 756
601 716
92 1258
249 1304
360 861
1300 1502
76 313
377 1880
1144 1702
1063 1722
127 1023
1305 1735
423 1410
282 1178
882 1516
880 1893
973 1217
1128 1332
99 651
738 1598
182 964
558 1588
864 1396
1615 1840
446 1139
674 1179
515 1468
590 1804
785 1838
1088 1460
1001 1667
446 660
325 1488
99 337
245 750
340 1848
598 898
533 959
204 545
978 1218
466 1382
1646 1885
376 1591
777 1463
464 1157
571 1603
809 1123
1059 1269
1013 1799
237 1620
695 1059
57 1737
1225 1826
523 1579
812 1130
1276 1820
296 453
390 780
76 1427
1186 1502
276 1679
126 361
277 801
1 1859
971 1737
23 904
459 982
219 589
1184 1778
59 1479
251 449
477 1512
94 553
253 964
283 1003
613 1083
614 1279
357 963
371 899
1174 1353
1271 1762
561 1485
61 1810
12 425
243 1800
226 1669
298 778
1261 1676
65 944
370 1557
1061 1649
44 191
26 475
942 1199
233 1827
981 1418
561 794
854 1068
477 993
634 1192
900 1417
323 1197
105 216
478 1159
169 847
736 1143
516 840
455 1187
149 1315
1248 1567
382 654
687 1089
1214 1668
49 1605
767 1154
345 1666
721 883
685 1360
767 1879
228 636
16 657
1202 1475
810 1112
785 1351
165 1732
765 1353
673 927
539 889
298 1305
63 642
568 992
1222 1788
13 1288
779 1396
795 1823
159 1404
17 1184
321 1281
399 1883
1033 1342
66 1077
35 1615
333 868
845 940
38 888
217 1412
807 1826
143 1101
101 922
603 1837
675 1630
1347 1560
1581 1773
948 1676
87 1893
67 986
711 848
1318 1651
227 1692
1211 1602
357 1534
38 499
52 655
1171 1334
1070 1888
1255 1760
737 1639
943 1598
856 1421
479 1684
1750 1846
577 1464
705 803
334 503
43 1029
1385 1627
1490 1664
252 1797
1238 1629
1336 1623
414 1202
947 1841
388 768
559 717
669 780
947 1246
1153 1493
202 1364
1097 1535
1046 1586
782 1489
517 1211
653 833
247 1161
1145 1855
245 822
1124 1808
10 1485
498 1813
360 1743
867 1426
337 1256
812 1627
1233 1347
149 1857
743 1174
580 1575
740 1740
756 1701
1001 1884
544 1082
34 1667
910 1518
1407 1590
