475 362
284 123
175 214
443 4
25 116
367 91
280 230
451 358
407 461
196 288
207 156
411 130
251 145
274 378
47 370
416 81
72 126
203 246
339 72
152 364
89 43
356 368
175 233
153 106
219 250
296 425
406 231
79 83
277 255
460 324
51 303
306 123
428 33
270 194
6 421
82 95
366 339
364 65
96 418
72 314
193 367
165 25
25 146
107 301
302 468
51 352
295 356
376 150
290 171
343 198
18 424
292 383
189 82
447 186
25 44
402 119
410 468
45 434
138 151
162 439
45 114
218 340
372 118
14 186
190 356
285 208
206 3
17 296
85 464
383 11
409 309
31 343
302 75
204 341
225 267
305 171
380 424
35 276
443 425
364 60
207 173
169 314
176 185
36 162
173 419
74 106
252 104
351 455
178 456
321 304
247 52
474 53
377 411
231 344
262 119
403 469
193 96
209 270
281 245
333 355
90 406
363 243
34 140
223 211
120 445
416 366
398 415
320 299
252 75
167 38
193 472
408 288
92 44
459 274
288 317
154 279
247 418
46 281
82 268
393 201
237 236
468 159
175 312
359 328
387 51
365 6
47 200
195 40
243 179
314 432
20 369
235 266
311 280
448 392
73 268
19 211
28 11
272 104
224 155
431 37
107 222
420 153
421 139
95 90
317 408
46 238
301 280
406 38
85 378
331 59
72 349
171 99
359 442
104 9
24 436
46 32
85 465
87 407
128 181
22 347
113 67
109 315
347 39
254 333
319 109
391 390
457 463
391 242
332 396
250 355
259 197
386 343
186 472
274 216
79 295
464 191
264 97
407 37
38 185
271 258
293 186
74 274
75 366
40 406
287 192
285 70
388 98
314 1
471 112
216 75
309 204
167 474
202 1
35 141
185 305
398 380
392 472
178 466
362 120
397 75
213 108
46 125
107 359
125 5
373 242
456 108
347 147
49 42
214 234
346 39
138 164
412 217
154 200
238 452
275 450
462 222
2 470
8 28
474 380
270 454
389 43
28 19
116 76
60 232
211 307
172 250
470 108
467 50
307 131
404 106
106 390
230 9
384 237
36 285
43 207
165 431
250 94
351 267
72 410
23 282
143 194
434 137
203 327
88 35
457 16
42 464
405 271
472 216
32 410
402 74
141 468
406 390
87 281
182 60
117 106
341 259
202 201
297 306
52 385
340 34
400 382
399 232
79 396
349 13
330 275
463 372
267 394
189 255
199 370
314 316
377 82
99 5
282 298
311 236
207 77
269 131
458 192
264 439
14 137
451 245
313 438
142 7
258 330
261 457
126 2
199 404
83 199
409 266
21 146
26 227
222 196
260 107
290 48
70 303
185 422
73 22
384 116
405 69
445 191
50 95
192 150
400 176
348 333
343 369
3 369
22 127
466 281
233 280
231 204
108 415
150 82
338 435
197 268
28 68
360 454
64 453
128 463
55 1
321 397
271 225
192 292
253 183
475 10
462 230
115 471
71 264
454 310
224 77
4 153
144 265
132 207
242 259
97 296
161 319
120 333
445 311
150 223
395 51
134 284
182 249
181 252
37 160
463 162
236 467
217 282
256 348
390 400
33 11
122 96
231 241
428 201
454 4
423 373
431 458
83 137
231 264
290 170
423 278
331 85
171 72
268 328
321 183
252 256
1985
11 305
128 361
4 289
238 352
113 231
61 302
80 155
181 182
51 113
38 321
10 353
48 297
90 141
2 213
8 306
215 344
11 316
213 222
202 300
97 314
70 157
126 155
139 335
153 307
24 246
14 278
61 158
213 298
150 327
60 299
183 270
126 274
95 124
296 347
81 227
198 247
140 304
180 323
170 276
201 234
247 317
112 117
231 307
47 359
195 248
4 56
231 332
31 328
15 354
120 262
48 360
39 317
179 351
218 265
89 348
103 205
121 238
84 316
265 351
80 85
37 52
21 353
21 267
160 348
149 300
199 279
135 197
87 237
216 356
201 253
258 346
221 307
16 163
269 305
65 286
116 255
245 323
38 129
168 287
7 289
74 107
172 205
144 343
160 359
51 336
99 319
44 210
80 225
22 206
33 172
288 307
169 287
72 226
141 298
126 150
125 147
134 253
198 277
233 358
175 206
176 310
65 157
144 219
283 326
165 218
11 37
45 225
116 180
17 88
139 257
44 305
166 177
1 196
66 356
70 260
109 174
238 245
101 265
19 88
85 328
2 305
95 349
176 226
4 215
162 192
235 354
7 157
202 314
59 307
169 221
14 342
259 329
119 134
137 261
123 129
65 221
32 218
258 315
31 220
12 125
3 20
26 261
61 212
22 129
58 297
242 336
179 208
134 297
243 296
3 336
62 96
94 331
215 283
246 253
141 166
62 272
72 169
131 351
117 186
152 243
31 315
118 131
141 251
21 330
87 205
148 288
256 300
143 153
79 297
121 300
3 111
73 182
72 182
5 203
188 257
42 150
267 287
75 329
42 58
144 252
148 177
193 349
70 238
41 50
74 340
76 170
253 352
74 148
324 351
149 342
129 147
191 335
265 298
257 302
191 208
38 355
132 269
240 243
7 284
290 345
97 261
58 153
206 350
226 311
96 205
242 362
92 236
73 214
55 258
5 329
4 147
53 261
135 141
44 195
62 122
26 225
120 347
15 107
92 142
187 320
221 248
23 330
84 214
95 109
61 138
113 187
275 328
3 239
53 71
46 115
94 335
214 241
255 319
49 222
81 298
85 137
7 203
54 108
90 202
129 162
176 263
130 315
94 352
43 132
66 177
59 160
51 299
272 275
36 93
292 320
117 358
14 319
2 121
275 355
225 338
27 122
54 74
43 156
167 288
85 233
4 45
55 294
108 343
326 337
143 185
161 266
82 280
20 84
294 302
76 164
197 269
190 322
173 248
3 241
173 351
13 176
34 306
132 278
95 315
96 155
58 181
256 263
177 239
179 346
108 323
244 279
60 72
140 232
142 319
31 110
25 33
206 330
232 338
147 185
301 334
153 280
75 261
53 137
252 300
261 315
162 197
177 221
170 317
28 354
4 360
58 294
28 165
259 261
42 310
81 278
248 262
68 146
22 337
128 283
137 223
22 26
105 235
145 306
136 323
222 333
139 292
56 166
95 316
38 327
45 263
51 315
284 307
98 183
282 305
67 212
57 237
193 353
135 243
105 137
107 270
47 229
37 284
33 114
78 139
304 334
25 287
233 354
89 208
53 317
9 166
21 329
11 304
159 185
145 295
53 191
57 304
1 242
16 242
19 274
245 358
20 322
71 215
154 181
108 205
115 233
253 273
81 214
142 166
300 310
31 74
279 362
264 351
158 231
280 333
249 275
110 216
188 196
324 349
6 166
140 358
268 281
263 295
21 98
42 223
18 45
253 309
198 241
210 356
29 109
259 326
81 303
6 38
231 269
24 176
19 299
119 316
188 248
19 209
325 345
291 333
223 244
79 237
3 349
14 336
15 300
220 272
180 282
90 257
183 312
248 266
103 219
4 291
6 287
39 252
9 151
32 180
55 133
12 135
41 250
148 319
187 322
8 176
41 71
98 352
1 253
238 257
121 143
28 185
67 125
119 279
96 133
52 167
52 64
302 356
313 351
39 313
126 212
46 252
98 143
242 252
19 45
147 165
161 233
130 192
10 358
128 248
106 300
59 295
136 265
53 117
3 26
155 238
30 102
127 128
6 147
191 281
65 288
87 258
298 351
216 293
3 361
6 322
156 302
64 204
116 193
219 222
14 20
50 94
18 220
79 164
128 359
53 256
151 326
41 261
140 158
40 93
161 316
2 45
12 108
204 206
65 126
60 145
55 343
96 360
174 177
63 206
73 318
36 258
107 299
148 198
192 358
156 187
145 231
156 158
240 265
3 262
223 231
50 113
145 278
12 356
74 319
199 293
94 294
302 328
65 294
87 192
175 256
302 347
44 307
96 184
259 308
89 177
119 138
191 298
203 282
140 291
29 276
70 109
25 299
48 220
1 134
49 256
34 210
154 196
77 193
240 287
230 353
3 109
5 193
188 309
33 139
211 328
168 299
192 221
236 269
236 313
304 362
32 152
129 297
11 207
223 348
199 213
201 215
121 223
169 296
309 328
210 274
78 279
210 299
108 347
58 107
48 123
154 321
101 255
184 308
44 266
4 195
158 312
18 205
70 138
16 89
5 200
191 347
116 303
185 223
287 291
47 182
141 240
102 341
187 297
102 286
20 230
106 289
310 331
39 307
297 349
255 318
134 147
141 249
325 351
11 177
94 155
33 126
136 227
11 71
52 198
172 183
217 277
110 186
126 318
14 126
81 252
269 287
47 129
117 173
183 274
66 294
57 276
50 98
10 185
22 138
193 207
62 321
10 332
135 149
189 274
78 149
55 256
2 23
3 76
139 276
160 334
337 342
292 341
115 288
309 351
195 252
112 140
149 158
306 345
171 185
119 333
150 277
53 289
292 299
128 339
107 287
86 213
142 262
65 187
256 317
36 48
149 175
159 307
44 225
47 152
173 214
2 282
208 351
54 287
39 84
146 165
15 272
133 171
157 197
260 314
151 295
202 361
9 60
48 135
101 103
181 218
2 175
163 219
175 210
150 351
154 160
69 295
66 70
128 142
164 303
80 217
235 342
145 320
5 39
43 279
7 361
182 261
1 117
210 344
193 235
261 352
26 194
323 359
102 161
125 324
42 204
80 178
37 183
124 322
140 305
166 312
64 138
131 138
14 83
177 249
148 248
167 175
29 243
41 172
130 296
73 266
39 248
123 250
111 284
148 227
250 314
25 78
110 279
65 263
25 215
78 175
146 264
144 349
60 174
86 303
254 257
13 197
139 164
320 324
105 274
63 90
167 320
139 351
53 178
39 203
18 170
15 71
163 265
215 238
202 227
121 178
92 93
133 318
157 177
68 95
86 183
43 130
119 155
181 332
73 121
172 242
88 139
203 313
67 353
79 217
158 170
239 263
96 152
297 308
272 293
278 357
17 45
171 301
65 119
40 140
141 214
181 281
133 301
22 291
100 101
47 271
159 286
73 310
7 19
193 256
171 300
89 316
27 117
84 124
47 165
123 187
16 305
270 317
291 340
78 147
194 292
348 352
19 322
300 301
95 329
33 266
121 167
121 283
49 146
95 268
292 310
184 228
235 355
84 114
230 283
114 191
79 325
103 245
38 304
184 268
36 118
73 202
141 193
25 189
240 292
90 186
124 271
317 358
38 263
85 109
169 201
132 198
181 202
14 121
46 99
26 345
1 217
185 357
111 193
85 335
270 304
62 65
178 280
78 324
219 334
25 162
75 261
58 255
3 72
48 277
72 303
30 288
116 205
184 299
226 269
70 271
176 234
134 256
151 360
7 333
35 331
43 296
295 353
200 297
114 326
36 344
276 318
160 225
29 311
97 157
5 217
226 294
239 261
27 187
60 258
129 298
94 231
26 171
8 221
87 225
108 122
122 341
21 248
139 314
196 235
50 108
235 239
17 246
35 334
293 308
31 145
59 124
13 131
52 135
41 178
64 221
244 285
42 208
130 180
159 325
168 316
193 277
160 304
111 338
56 131
64 170
130 200
89 114
140 261
151 203
219 273
142 266
155 307
284 349
27 47
148 342
62 116
57 74
123 185
156 296
104 142
219 244
233 307
33 357
47 349
205 235
40 320
112 248
136 249
275 297
84 346
156 199
132 310
70 157
91 218
127 359
194 345
142 328
39 192
80 263
85 135
42 186
77 336
55 325
109 351
139 193
196 335
184 293
88 327
182 253
80 282
81 175
222 264
140 357
162 304
247 338
162 341
55 190
135 245
17 145
57 135
107 239
170 252
192 217
83 159
238 300
2 18
50 167
91 142
64 303
33 39
11 187
15 102
65 236
161 345
283 295
39 159
290 304
133 328
46 124
117 346
20 361
265 312
44 187
41 152
73 347
73 190
83 194
49 351
149 331
31 251
69 82
48 287
13 260
57 208
39 174
191 301
93 193
251 281
39 291
23 70
1 162
347 359
348 355
33 225
63 134
114 117
33 161
41 194
75 98
39 113
131 173
3 52
126 204
164 186
132 157
34 88
84 318
212 282
314 333
75 105
188 278
123 212
66 250
43 324
163 346
237 339
16 292
43 141
133 326
108 166
97 121
101 340
20 83
53 190
166 235
150 157
182 255
44 263
207 247
5 311
92 245
108 185
76 325
52 110
62 191
275 311
158 277
240 288
17 198
70 293
84 351
121 338
21 72
19 318
228 288
266 319
72 352
148 328
217 282
45 257
72 343
40 355
182 250
86 280
101 112
155 184
2 276
62 74
80 198
293 327
99 269
243 284
88 151
28 206
186 334
250 314
144 159
47 256
75 326
64 132
186 188
89 247
3 308
64 201
290 357
98 165
93 350
82 340
41 269
12 288
77 357
153 326
121 221
86 199
195 232
149 282
58 297
8 60
72 145
162 336
229 330
71 324
216 313
43 256
121 232
115 268
133 211
69 268
6 155
154 349
140 204
99 268
40 177
158 184
222 248
117 157
88 130
78 205
23 344
99 102
156 268
4 217
24 302
72 94
127 293
70 80
232 249
168 272
63 228
93 213
87 152
76 329
45 183
164 280
67 280
222 265
87 119
26 128
44 101
21 337
2 228
44 361
152 212
215 270
265 341
65 329
54 295
42 236
241 321
37 209
141 203
227 333
98 224
155 267
77 198
143 327
79 187
230 326
135 300
278 346
37 312
244 354
147 285
25 227
145 165
136 285
106 270
131 150
105 206
204 299
80 282
169 262
34 168
105 130
15 168
205 284
165 327
13 196
325 351
133 301
29 74
56 298
81 107
185 330
214 267
133 291
97 248
33 53
32 64
157 199
78 342
305 306
41 144
132 318
159 267
166 295
123 232
133 215
100 131
301 344
229 268
17 153
227 313
205 258
14 263
355 359
144 203
201 287
58 243
147 320
26 216
344 350
114 148
202 279
42 115
162 285
173 178
37 75
128 182
43 197
193 346
36 128
33 236
178 316
176 293
147 226
36 250
166 239
180 328
161 352
45 137
27 173
125 220
152 317
25 186
220 330
194 263
4 101
39 302
64 351
56 177
258 302
2 285
248 330
138 176
42 358
158 300
101 156
310 333
236 308
58 276
93 321
9 360
11 114
214 269
10 191
159 215
60 353
3 334
173 348
86 161
10 328
175 320
15 147
88 240
96 335
198 237
77 308
146 220
52 92
3 72
145 286
106 161
34 276
109 163
171 206
73 150
107 180
228 248
24 237
105 260
95 180
143 320
10 96
52 240
114 296
111 248
148 356
255 274
164 325
245 328
115 334
110 357
117 253
125 156
145 295
28 169
122 154
87 170
55 236
100 285
11 48
79 113
237 308
208 259
60 270
104 215
24 162
285 339
85 314
43 246
114 229
235 344
10 273
10 36
196 347
158 361
220 257
182 268
165 273
34 90
72 274
23 277
319 358
126 268
207 312
62 222
216 362
133 314
54 346
226 247
113 347
43 282
109 166
199 264
8 189
69 94
41 134
138 247
2 206
39 338
217 286
80 293
170 307
65 213
132 227
57 321
59 331
222 343
48 171
142 350
44 121
84 119
105 232
158 310
196 233
88 187
69 191
35 62
41 288
167 264
37 246
7 322
33 281
268 319
76 362
159 291
28 178
162 245
69 275
151 296
88 122
125 149
67 156
224 338
123 330
162 192
80 129
126 349
201 250
178 348
112 190
258 349
261 351
42 327
97 316
163 221
4 220
189 341
59 82
3 145
33 250
225 277
20 112
17 269
191 277
176 302
104 162
198 356
64 325
35 323
197 281
181 284
55 271
38 164
166 329
118 182
198 308
32 119
48 321
26 149
201 226
329 353
90 265
129 323
153 357
71 353
73 192
148 256
57 343
185 310
222 268
65 321
214 361
78 172
46 103
223 272
9 140
100 302
39 356
29 359
90 328
101 221
82 237
277 323
38 293
228 357
79 358
153 303
77 277
184 212
127 351
192 330
133 353
323 349
161 190
262 340
48 214
226 245
39 165
62 169
20 64
37 74
117 350
16 100
7 292
261 345
207 326
124 247
34 224
287 345
169 339
52 110
274 343
52 355
276 335
17 273
284 349
238 288
38 289
155 308
137 218
181 207
245 355
207 278
95 162
202 271
84 147
139 182
56 135
302 329
156 336
79 275
82 233
202 221
65 271
153 284
30 57
175 332
131 161
172 362
39 318
83 122
120 358
177 311
45 172
48 152
102 230
184 322
2 180
110 146
203 326
140 295
202 279
63 88
3 201
185 307
124 204
206 300
152 280
205 247
327 348
188 336
71 337
6 357
151 246
7 209
146 255
43 172
105 347
87 161
173 230
281 309
1 70
198 316
64 205
179 301
10 251
268 301
211 274
49 103
321 356
176 207
98 337
107 195
80 270
238 290
188 209
23 290
35 162
3 350
213 238
34 83
107 146
58 259
217 248
51 326
50 326
158 300
156 281
65 296
208 252
38 142
176 206
72 163
208 284
23 303
90 336
105 197
21 265
156 268
120 206
231 347
70 255
49 142
109 350
98 344
25 262
135 340
206 230
140 339
29 80
20 361
6 317
118 337
145 291
116 277
319 347
236 321
65 204
7 130
205 360
114 345
44 336
237 326
64 183
144 181
59 315
105 356
109 244
20 58
19 268
14 241
43 342
278 346
114 208
284 314
13 300
198 250
162 343
124 308
169 246
29 304
22 122
3 47
32 330
60 315
235 338
95 277
79 219
64 94
16 94
8 280
115 217
197 257
3 210
94 313
76 280
54 341
74 315
171 232
54 326
49 137
54 243
56 97
168 214
195 346
134 239
44 125
236 306
162 350
34 279
22 168
87 339
178 344
9 346
176 344
194 355
138 187
168 346
201 320
6 250
38 220
13 147
92 312
128 320
225 339
63 207
94 308
285 350
46 139
118 276
22 145
42 283
26 47
73 147
323 342
158 319
122 185
65 180
67 349
70 205
89 296
21 68
128 207
149 270
311 351
278 334
44 260
63 246
257 294
83 273
119 240
131 304
98 361
23 329
84 356
74 282
83 358
210 251
158 202
93 358
9 329
236 274
107 151
249 282
13 50
92 275
17 49
133 242
10 315
316 356
106 310
51 203
101 165
45 173
78 243
130 190
222 251
170 265
109 179
102 122
91 170
118 234
30 204
157 186
164 226
86 329
32 228
139 196
119 348
76 176
248 327
157 230
147 223
166 327
94 168
97 182
120 227
28 216
203 247
112 356
35 235
122 307
153 285
151 234
186 256
123 278
245 326
209 247
32 341
14 128
160 240
247 277
33 268
20 163
144 254
197 353
13 349
177 212
191 229
52 262
128 355
44 159
32 188
199 337
6 210
7 229
53 169
22 267
121 254
82 148
132 349
165 302
272 295
60 138
83 264
42 308
69 143
184 279
148 190
145 218
167 242
123 186
103 278
152 208
194 261
185 327
36 117
138 173
79 304
198 255
199 341
228 341
28 326
10 320
101 246
78 270
82 189
34 87
135 347
130 319
165 213
74 350
152 239
33 193
172 251
198 231
121 209
327 348
237 284
22 357
287 337
113 193
279 320
48 93
79 165
49 279
24 243
21 168
77 361
54 328
72 186
65 192
29 297
73 177
73 215
139 358
47 188
5 153
6 102
97 170
47 181
86 325
71 155
147 346
153 301
14 224
26 78
9 131
223 296
204 291
152 263
18 317
23 58
56 154
94 236
81 103
173 199
182 236
26 319
22 333
47 152
106 312
271 320
139 204
180 342
35 344
33 52
91 298
70 146
227 248
151 327
24 58
48 279
69 313
4 151
18 100
12 288
58 150
31 139
31 329
63 121
19 56
153 357
47 201
176 328
86 116
46 140
41 188
256 324
112 158
175 259
172 211
2 170
297 321
309 351
67 263
183 316
177 335
45 208
50 294
160 189
103 339
278 300
338 358
156 313
63 150
54 328
188 233
81 252
152 177
72 335
44 247
80 157
56 184
1 161
156 257
109 338
28 213
80 171
81 305
268 332
23 346
23 71
15 259
53 143
88 212
83 280
2 168
162 237
131 168
46 219
141 334
73 214
156 318
179 288
151 315
6 320
108 283
165 267
26 69
262 336
43 132
295 351
160 322
10 286
214 344
139 230
212 351
97 121
54 229
135 218
62 133
8 188
50 158
40 308
132 169
199 320
80 315
115 245
137 211
255 341
66 296
121 200
164 339
64 125
114 198
143 184
153 315
213 253
195 272
107 210
2 141
111 157
246 322
127 195
116 260
60 139
113 362
163 195
259 354
10 274
234 328
84 324
120 234
227 278
321 345
94 228
212 317
139 334
109 199
10 110
213 305
172 204
103 360
31 278
7 264
104 165
128 350
25 257
41 345
270 299
252 310
173 263
48 282
126 346
102 130
132 343
45 252
122 184
127 189
218 348
113 361
284 314
9 231
6 181
79 318
82 162
86 143
32 214
148 296
55 221
47 233
83 218
98 166
129 278
96 345
88 332
93 205
35 150
130 271
71 255
211 242
115 326
48 273
14 131
4 246
4 245
34 85
83 160
16 261
103 279
6 58
214 312
92 191
3 290
139 303
44 134
88 212
31 91
94 115
125 156
