481 221
406 345
314 394
111 31
266 263
97 335
25 400
436 341
111 72
33 446
18 275
204 238
433 354
481 184
218 465
390 392
171 330
271 18
257 381
48 42
177 159
376 201
78 331
76 203
417 108
168 434
398 386
205 364
258 204
66 9
203 471
416 373
334 205
391 109
119 453
165 295
131 75
30 223
420 105
425 355
227 126
307 143
31 30
25 303
233 106
312 435
110 246
342 458
465 266
100 102
237 265
411 382
354 440
123 292
78 82
165 320
222 5
462 252
34 21
74 281
141 400
250 265
179 125
241 162
390 355
278 160
153 207
61 25
181 198
316 258
294 14
96 35
18 92
286 66
127 374
347 282
307 130
65 4
254 320
165 177
208 442
336 361
183 411
385 363
143 235
154 436
248 265
470 266
371 290
346 16
197 211
312 23
355 391
26 127
244 206
318 451
181 188
330 363
117 249
259 274
2 413
229 264
196 232
63 85
55 409
115 267
153 426
304 27
335 344
168 97
68 5
66 264
192 411
160 323
178 419
131 179
350 359
442 64
124 24
163 194
432 277
475 103
236 297
144 104
159 312
215 242
316 295
24 41
224 183
378 401
120 27
113 3
400 89
81 43
127 243
251 92
53 244
209 288
59 353
391 232
183 139
473 32
434 30
87 176
213 464
111 347
10 238
350 409
326 430
466 452
207 250
62 259
12 271
66 85
157 471
317 339
129 308
385 96
338 471
271 84
453 396
445 477
153 328
405 12
277 404
464 17
173 59
275 199
344 355
284 19
360 119
372 22
441 290
117 312
279 402
410 266
317 374
261 3
220 199
14 30
137 11
46 309
85 336
26 443
209 324
477 87
457 367
191 224
262 3
160 191
283 476
98 63
12 317
276 25
362 427
51 407
254 135
261 295
96 4
137 91
105 113
473 228
63 197
466 324
199 144
48 1
138 145
78 149
477 368
189 357
314 239
297 101
388 77
395 17
95 66
123 199
193 129
426 270
325 411
127 42
73 175
57 226
1993
163 173
116 160
151 189
74 128
26 85
150 166
53 163
192 198
27 86
28 52
27 32
83 152
96 153
22 84
144 155
38 190
95 154
117 128
121 202
23 147
158 173
99 184
97 160
162 216
61 117
46 148
69 180
102 111
36 124
67 191
46 104
12 159
129 158
1 29
10 23
47 167
67 102
137 163
41 170
29 157
10 74
61 177
14 150
44 50
52 110
112 190
142 213
74 214
74 78
21 88
160 189
126 128
40 42
162 173
191 211
74 92
29 43
150 153
50 196
102 199
89 177
40 163
9 15
32 179
145 181
45 149
43 83
148 216
84 88
39 166
57 112
130 193
12 154
121 155
191 221
128 176
58 69
159 215
119 177
8 116
33 42
28 218
75 175
30 84
135 215
67 191
196 199
34 82
26 221
15 220
88 142
17 46
83 133
38 175
30 163
45 71
67 166
13 160
115 119
32 135
109 201
86 95
48 221
47 167
54 119
46 206
91 195
2 56
2 176
124 186
10 210
67 148
5 47
160 165
73 120
69 100
146 163
57 193
2 34
18 152
55 156
122 137
26 138
120 177
142 185
23 46
23 89
69 193
4 93
84 105
169 173
93 183
111 207
20 157
113 175
39 43
109 179
6 32
188 209
24 126
1 20
69 116
40 108
56 72
32 136
28 84
82 205
48 62
193 205
174 177
30 217
10 215
46 119
13 16
13 199
129 199
32 197
11 186
108 113
23 82
144 202
106 220
25 63
34 154
8 106
37 210
75 194
19 140
155 193
124 170
31 39
19 163
6 204
45 206
126 188
7 204
107 205
41 202
9 134
16 74
62 112
84 146
8 64
102 201
90 97
149 221
127 168
4 34
22 78
82 82
75 88
53 64
137 165
93 173
50 166
33 60
77 99
107 116
12 90
86 194
106 186
185 193
5 145
39 60
141 175
29 120
8 183
81 172
174 191
19 216
54 118
51 89
3 39
14 195
128 152
92 208
36 51
55 181
56 115
9 219
34 210
130 134
43 211
12 177
163 171
124 152
46 97
19 192
84 85
205 211
15 63
51 175
101 114
41 103
87 193
142 214
51 181
95 126
40 175
74 106
8 124
4 92
54 116
62 137
139 200
87 220
173 201
137 186
52 111
5 139
19 82
131 134
69 128
7 201
81 112
53 77
149 213
40 45
43 195
53 115
144 205
56 201
95 209
19 21
98 118
29 51
31 136
184 204
158 190
55 111
107 173
59 164
35 98
80 170
5 164
63 147
135 148
115 203
95 122
5 91
33 212
141 220
103 156
74 92
129 164
74 209
107 132
141 151
102 103
137 183
117 200
63 219
31 137
24 205
10 209
93 115
113 127
47 184
37 102
11 44
37 177
31 143
54 181
154 156
28 117
69 99
12 131
96 135
80 139
20 159
145 160
145 206
50 168
151 191
73 76
67 112
29 190
34 81
115 189
13 14
81 177
112 188
84 208
1 102
132 159
114 190
55 98
113 197
44 176
127 213
27 65
103 148
8 33
7 20
19 68
23 33
145 193
55 211
3 184
33 148
40 187
1 20
137 207
53 88
86 161
44 59
18 150
55 207
26 85
74 93
197 199
168 209
198 215
1 89
32 148
121 218
188 215
109 196
196 200
11 120
61 163
69 82
53 147
8 171
104 174
42 79
122 152
17 25
98 118
1 106
98 137
90 103
70 184
162 171
45 69
44 198
104 113
151 156
131 159
13 105
18 111
91 134
140 208
109 151
35 104
20 203
4 71
188 215
36 141
57 221
44 105
126 208
28 148
14 158
85 211
43 68
5 100
111 201
130 213
92 188
36 73
40 207
15 73
6 27
5 108
84 176
141 173
163 168
100 176
56 198
19 37
123 137
23 196
14 119
104 210
12 74
152 154
144 169
3 149
195 204
25 150
66 166
8 194
72 205
181 183
92 128
71 122
94 100
96 218
72 200
52 79
11 176
98 204
78 179
25 118
14 60
46 126
18 51
35 133
90 187
87 89
57 158
28 210
123 178
25 101
121 196
25 75
100 206
164 172
49 68
60 109
105 174
4 106
17 122
38 83
75 124
4 171
32 153
31 54
148 209
27 108
122 144
54 107
4 115
142 163
164 201
116 143
27 84
119 205
28 136
67 211
24 109
176 214
12 23
9 92
128 171
71 71
50 124
49 164
127 190
162 198
120 169
31 150
47 146
61 108
46 168
50 191
26 135
38 145
25 157
129 199
24 200
73 142
102 190
101 108
85 159
106 134
62 204
9 221
202 209
20 60
126 202
151 210
5 208
144 188
123 189
146 214
39 134
12 91
70 196
133 205
118 154
8 110
51 211
31 101
32 198
50 195
106 131
92 125
8 184
107 130
100 151
147 189
16 105
73 79
56 179
204 211
173 193
3 212
54 184
31 126
48 215
97 99
50 221
57 191
169 184
58 206
47 205
46 152
92 118
9 49
92 173
32 218
115 156
92 209
77 89
111 163
8 208
58 134
79 196
41 207
44 143
119 190
27 36
211 213
93 153
39 197
56 163
65 211
56 156
4 71
24 53
31 38
39 171
118 181
145 167
30 67
20 210
108 128
55 212
97 207
7 83
11 55
119 169
93 96
54 163
170 192
9 216
72 126
32 179
115 196
145 198
41 58
40 164
165 219
30 133
76 205
2 12
52 215
121 180
46 148
118 121
87 208
158 219
177 206
61 99
37 151
63 115
58 94
130 195
96 148
95 135
79 146
166 190
89 197
124 216
6 116
185 206
196 203
121 180
30 182
150 180
44 90
56 114
87 194
57 213
182 191
133 179
147 208
77 184
72 107
50 112
34 59
33 75
68 109
84 138
13 121
97 210
149 210
137 214
169 194
129 205
34 163
133 150
181 209
66 205
33 152
50 211
160 217
47 115
63 199
55 184
83 152
44 103
13 180
95 181
152 171
181 187
93 204
163 208
63 173
101 104
150 188
126 186
145 172
44 80
7 21
103 134
49 158
42 77
8 43
1 31
85 182
68 89
146 168
97 102
9 74
72 197
2 129
19 194
17 80
98 100
103 116
75 145
151 152
31 187
59 66
61 150
19 22
36 89
63 189
5 70
76 136
10 138
77 110
28 156
218 219
34 113
99 201
29 37
95 131
59 68
153 213
44 217
106 178
79 166
19 83
14 154
31 151
35 200
62 133
130 134
39 58
29 115
19 151
21 150
81 117
48 88
165 176
49 91
42 132
150 214
100 217
119 176
122 210
33 97
9 144
73 163
56 141
101 159
30 78
51 194
110 138
53 113
76 185
96 194
58 117
117 205
157 164
58 103
153 199
168 183
80 217
19 92
51 120
122 221
21 172
2 65
178 181
144 147
119 125
111 113
7 176
96 205
170 198
134 194
48 95
12 220
31 91
13 183
22 83
42 106
33 170
43 213
61 219
7 215
118 179
5 106
124 202
81 165
50 214
10 190
21 181
143 188
144 149
27 165
103 132
78 135
174 213
43 219
5 52
9 37
142 215
107 210
187 215
44 153
34 180
11 12
72 148
70 153
51 92
14 195
183 184
7 201
71 176
6 142
168 178
108 161
192 214
57 149
80 179
9 100
205 207
112 133
136 148
18 74
87 187
20 84
143 157
26 97
6 167
173 195
174 217
59 205
132 166
115 217
83 87
68 97
70 209
72 217
123 146
88 106
62 104
25 200
4 90
188 214
43 188
11 131
140 215
178 189
125 175
45 207
40 141
109 147
218 221
197 216
142 175
82 118
61 108
142 197
135 157
35 71
45 194
112 201
38 40
68 162
112 215
19 33
125 165
14 124
34 82
47 118
72 128
107 164
4 85
32 175
91 209
63 103
32 175
46 69
207 215
102 208
97 121
93 112
157 218
89 190
172 206
16 171
51 149
24 57
56 97
158 219
77 204
30 55
39 63
92 123
35 211
60 78
67 168
28 216
84 219
97 111
93 166
3 195
178 212
53 172
12 153
80 216
42 58
36 118
24 149
80 118
102 184
1 120
50 210
161 177
48 85
57 105
10 172
93 153
103 128
17 152
11 208
10 28
68 220
88 156
23 52
40 217
14 159
89 157
44 147
10 96
72 91
160 193
22 91
21 157
65 173
51 173
78 216
53 105
83 168
122 156
35 170
123 152
77 198
72 166
86 128
15 117
130 193
207 221
22 51
45 194
51 120
44 94
155 176
183 211
24 169
99 131
18 107
47 183
5 50
89 157
121 153
65 107
87 153
29 197
1 152
75 143
144 168
171 186
175 216
35 132
70 134
6 87
52 112
141 161
56 102
177 189
57 155
183 212
14 32
55 199
157 199
18 121
105 148
151 168
109 139
63 144
68 174
68 208
123 206
88 173
171 214
77 104
49 160
81 158
85 174
151 202
155 168
81 101
51 140
10 62
121 165
77 188
117 144
46 101
6 139
145 181
1 219
46 64
93 160
205 219
49 149
185 203
158 188
62 111
68 172
120 200
95 127
43 173
53 67
84 178
12 47
84 168
92 115
133 183
99 181
155 203
39 151
101 132
110 199
105 221
77 135
59 198
70 98
23 181
110 207
21 168
138 168
21 201
14 71
34 62
110 212
113 165
92 142
1 184
25 170
45 190
27 185
21 61
136 189
21 170
60 122
161 190
42 197
139 182
115 148
105 208
20 68
21 129
25 123
62 91
25 70
183 210
50 86
98 199
37 60
30 105
83 101
27 115
159 197
81 156
145 175
50 67
129 170
12 111
1 25
72 110
41 143
87 140
131 216
71 161
43 192
22 86
163 219
97 116
39 78
97 143
56 82
97 146
82 158
106 207
30 150
44 216
174 191
100 183
126 169
154 168
96 109
23 211
77 193
92 122
68 177
86 173
52 126
115 130
58 97
59 120
113 143
2 17
100 185
27 196
72 142
21 57
113 178
112 181
133 156
56 138
31 60
162 185
22 139
38 197
13 180
88 104
105 141
112 199
4 161
11 86
14 192
104 182
98 169
7 159
123 221
138 169
16 78
28 206
73 129
4 141
49 202
31 209
77 210
3 215
96 194
7 56
107 154
25 54
35 209
19 43
108 171
91 111
139 183
184 214
133 219
89 202
5 76
82 193
48 181
28 217
7 53
61 195
77 167
26 204
69 154
2 40
111 185
23 73
103 206
158 193
10 210
60 87
13 85
58 132
66 85
72 220
65 137
4 86
10 30
68 163
69 191
33 190
7 152
46 88
35 199
131 190
53 121
15 178
57 80
42 55
50 152
120 155
56 75
25 164
15 110
140 198
78 221
146 216
181 217
29 149
149 219
12 202
37 199
92 112
115 184
161 175
141 168
69 176
114 211
93 128
99 162
48 140
64 162
42 121
152 164
48 149
91 121
33 161
157 217
51 213
84 110
122 166
15 190
109 155
14 79
95 153
35 219
89 133
112 155
37 133
165 195
3 198
13 215
110 159
11 134
151 196
38 118
4 129
2 210
28 207
130 209
118 156
64 100
76 101
47 77
78 171
164 196
101 188
30 60
162 178
69 161
53 149
80 164
6 72
68 217
39 99
59 108
49 159
55 188
107 132
82 137
74 191
97 157
98 169
146 201
38 198
73 221
5 150
16 89
93 115
127 152
47 94
148 182
13 161
21 151
21 96
151 211
119 181
115 137
25 160
159 206
97 134
36 113
1 221
99 127
151 192
173 205
57 211
36 77
14 66
26 186
84 176
79 198
91 110
1 76
141 191
81 176
82 175
80 198
53 104
181 196
115 130
10 221
118 150
114 196
205 220
4 152
11 154
51 107
44 158
144 166
168 218
26 220
12 64
166 221
11 160
104 129
181 218
103 179
59 201
3 143
75 155
13 77
182 198
46 211
20 83
59 134
31 173
15 150
22 43
156 181
53 140
28 152
3 191
86 205
5 113
58 111
61 111
87 106
101 199
61 106
12 129
8 150
119 143
2 68
120 199
14 129
147 204
4 105
101 187
89 116
149 211
6 169
127 199
18 187
146 176
70 183
75 188
105 117
10 172
80 119
4 163
44 65
56 153
31 138
36 173
60 136
121 205
67 115
44 219
146 183
41 173
4 75
83 176
38 99
93 169
72 123
9 75
107 187
85 152
67 162
61 144
37 143
58 127
127 181
39 203
5 78
52 114
148 161
70 178
20 162
42 68
47 94
25 101
41 131
146 184
35 181
23 109
27 92
187 205
79 219
3 35
67 121
31 100
99 141
106 141
17 113
2 147
25 185
71 218
34 125
48 176
13 202
31 152
10 126
58 76
26 89
59 188
15 75
17 172
93 197
163 201
65 106
125 160
23 173
79 221
70 152
105 193
83 208
97 140
62 215
100 202
30 124
40 139
197 211
68 155
6 186
30 103
41 112
26 156
156 197
27 97
4 127
68 209
36 211
144 221
30 192
25 124
1 163
69 163
153 189
9 210
67 204
18 178
23 136
50 205
17 146
85 107
120 189
21 111
14 160
32 46
80 176
100 200
141 201
189 207
78 183
35 77
111 214
126 196
50 214
84 192
6 53
126 159
20 49
18 51
62 156
82 109
15 54
27 88
33 148
12 216
4 46
71 89
69 156
21 157
19 211
150 164
184 214
10 198
106 131
166 188
18 52
113 198
17 78
124 182
104 221
47 99
33 88
23 115
104 146
77 192
158 184
6 132
17 66
103 136
25 76
60 154
2 103
76 125
63 180
124 161
5 84
65 119
83 199
94 205
65 91
27 154
120 157
32 57
39 173
120 159
63 184
51 64
65 127
61 220
56 85
31 182
11 189
172 210
65 140
201 218
38 193
69 154
28 198
107 187
41 190
19 149
86 198
17 37
84 101
185 208
154 196
104 175
56 96
20 120
14 92
51 210
63 142
184 212
190 211
149 179
9 169
70 206
33 86
114 210
59 171
68 212
21 145
72 188
116 207
1 63
51 77
12 144
64 134
54 195
195 215
104 203
60 160
45 131
20 189
87 215
10 51
17 200
81 94
16 95
44 187
66 202
2 148
148 180
30 207
33 112
75 185
50 77
9 69
44 95
27 187
5 105
57 204
170 191
72 156
138 213
11 121
131 158
172 209
59 205
5 100
21 168
81 176
183 217
143 209
26 183
37 214
55 82
154 206
70 83
90 163
80 173
33 202
39 70
16 41
44 56
62 124
23 103
24 213
103 174
49 188
3 82
22 159
28 104
7 62
65 180
13 147
41 86
110 180
67 124
151 167
84 122
97 163
154 199
80 120
41 199
59 140
43 161
163 217
96 136
3 200
54 108
187 219
177 193
95 168
115 190
109 134
52 75
29 205
7 103
77 202
15 120
57 135
2 152
91 159
93 190
9 115
6 72
43 80
27 182
10 169
143 216
56 140
39 89
40 188
28 43
11 49
162 177
112 192
11 201
5 83
178 206
39 218
6 76
163 207
20 41
81 108
121 172
56 74
12 209
23 83
36 132
56 179
27 178
6 166
83 142
11 122
121 197
16 106
18 91
61 108
54 211
95 117
41 71
170 210
44 202
30 127
163 195
40 90
10 139
20 115
108 129
118 221
110 129
15 209
43 70
31 161
164 202
101 152
150 175
68 148
102 204
72 121
136 175
42 194
121 194
139 194
103 126
145 209
20 68
10 47
93 147
34 114
100 194
40 83
32 74
26 87
163 200
94 204
45 123
4 17
15 115
70 140
12 207
58 89
89 182
77 215
48 74
187 207
2 132
91 179
6 184
34 50
130 178
72 160
21 144
44 183
13 143
49 196
142 187
97 152
98 127
143 156
25 125
3 194
6 208
37 145
7 83
151 201
139 196
157 178
54 190
27 79
35 146
75 221
43 66
24 192
141 179
137 207
75 179
11 61
56 156
62 190
110 169
133 180
102 191
8 38
7 53
30 120
117 132
80 102
48 154
58 152
87 207
55 85
140 195
58 182
135 170
65 108
12 103
115 220
180 215
51 78
116 167
68 210
70 221
58 179
67 106
108 209
45 162
75 161
4 86
55 97
41 199
29 95
18 127
22 200
56 188
89 196
117 137
11 64
38 116
25 130
2 70
34 162
130 163
108 216
76 90
8 202
34 95
25 128
37 80
81 140
13 155
22 188
37 139
47 214
72 209
34 170
148 220
19 187
157 181
20 61
127 167
77 166
28 151
75 162
8 108
46 129
67 184
37 153
10 201
128 140
181 219
90 161
52 200
55 159
74 208
25 91
39 201
2 63
137 159
36 138
16 81
45 82
44 175
13 146
24 52
85 204
113 182
136 167
112 175
18 91
80 214
23 186
88 221
103 161
185 216
30 197
12 149
157 221
75 172
20 156
27 129
120 194
20 84
130 166
30 47
11 82
53 169
10 213
144 182
68 107
49 191
153 175
46 118
88 161
121 200
95 121
67 98
19 210
22 184
68 119
72 86
138 171
52 112
34 129
13 68
12 154
59 130
119 178
104 138
58 96
24 116
106 183
162 192
26 144
94 135
26 163
145 163
29 152
36 102
11 54
11 94
1 69
135 165
31 47
9 127
137 201
43 100
178 195
136 193
75 210
98 170
110 143
133 164
98 153
26 46
65 167
177 203
2 199
12 198
20 103
59 177
91 189
2 47
121 169
83 117
193 219
2 39
63 135
52 193
138 181
116 136
93 212
10 95
69 205
43 175
73 208
63 167
29 119
52 116
183 221
6 210
117 181
57 77
172 190
52 84
43 186
147 205
133 170
84 193
51 86
156 201
101 177
74 136
1 59
61 221
49 113
8 98
102 154
70 177
133 197
19 122
97 140
45 95
51 159
155 210
37 209
35 216
110 128
128 165
4 183
44 63
30 93
4 219
100 116
137 210
17 187
16 148
8 194
53 171
44 77
25 47
192 204
66 203
7 27
79 144
108 183
15 187
18 112
100 184
99 210
5 181
157 200
1 21
191 207
29 147
65 139
53 121
36 211
103 135
17 181
57 199
71 160
36 143
88 219
21 170
189 202
174 217
52 66
38 217
128 142
45 159
84 207
114 166
73 140
27 182
84 192
