497 184
175 91
44 393
337 346
440 79
155 23
193 341
455 203
140 29
392 332
191 339
267 58
288 176
217 68
122 197
177 115
497 352
205 216
247 44
64 363
295 392
61 488
235 18
366 374
47 260
381 410
101 150
144 389
1 360
132 295
232 308
409 231
335 117
447 258
333 186
296 304
80 356
294 487
50 162
40 96
98 420
181 371
246 324
262 246
186 69
44 417
53 452
324 63
244 446
493 253
134 291
59 214
323 352
376 372
189 415
143 286
14 323
160 259
150 97
180 11
339 223
428 391
351 427
453 97
375 449
349 184
415 83
73 240
434 449
114 299
366 256
260 55
82 95
313 231
192 493
241 206
391 344
99 244
446 227
17 323
351 41
10 269
124 82
184 233
206 298
34 75
229 294
302 310
388 118
216 255
286 133
136 179
152 234
99 101
137 115
99 487
328 108
431 451
363 118
187 71
415 393
318 146
362 123
132 253
413 347
183 374
155 319
55 307
228 326
407 364
116 181
30 444
289 460
397 327
80 259
73 170
328 67
489 192
120 277
145 303
326 300
297 56
282 200
382 364
240 497
47 269
443 11
404 19
337 160
450 86
329 280
152 493
472 16
291 94
465 112
72 293
87 368
348 368
244 405
234 483
405 453
254 26
464 160
217 476
319 170
64 324
449 388
319 99
79 286
366 219
397 437
187 483
481 38
29 227
442 262
212 25
390 141
51 356
473 440
335 295
112 74
294 237
138 288
11 216
76 376
111 148
316 297
133 472
10 161
201 128
98 88
152 488
228 375
22 203
318 32
173 105
279 142
341 416
430 28
307 181
403 417
329 394
390 461
368 399
298 71
2000
43 151
34 167
81 161
92 142
27 131
67 83
116 126
50 106
119 181
13 153
73 84
28 95
165 171
8 103
1 75
41 161
43 184
60 74
22 120
57 66
48 123
149 173
54 95
91 95
103 172
111 143
171 175
18 62
151 164
25 41
20 41
82 102
11 40
160 161
32 73
81 120
52 85
146 148
98 138
92 125
17 51
47 92
37 153
43 64
128 172
7 84
21 169
64 108
71 125
39 143
13 160
104 118
60 81
14 65
35 157
51 178
63 125
97 139
17 93
80 181
120 144
126 168
50 180
48 67
126 174
42 65
101 182
146 161
66 78
112 174
23 78
18 140
148 155
96 134
131 171
32 170
106 157
102 154
17 62
24 91
88 142
59 133
85 134
18 75
55 104
133 170
43 126
89 128
13 78
39 41
64 72
25 25
34 84
126 146
50 149
47 52
40 92
32 105
29 179
50 84
75 138
72 80
15 117
24 170
64 132
24 51
88 175
75 76
57 121
76 170
62 127
33 153
23 177
1 51
28 90
165 174
61 164
100 136
116 124
103 121
43 145
10 34
48 85
25 148
39 181
50 58
21 82
27 83
67 115
134 182
156 163
162 175
40 78
11 126
57 63
99 113
63 122
150 172
62 135
59 174
29 40
90 116
161 182
91 172
104 161
75 88
106 140
35 105
39 47
45 95
13 109
49 171
37 135
52 136
27 166
96 150
21 82
1 181
28 119
79 128
45 71
40 153
32 114
70 74
158 160
124 164
29 170
110 160
101 105
28 131
82 177
42 142
82 114
89 179
122 150
10 167
48 175
49 80
104 122
119 149
135 169
58 120
23 53
136 157
19 124
61 143
41 51
21 59
53 122
87 109
131 174
77 136
161 184
121 156
161 161
55 111
113 145
13 87
78 135
25 114
96 167
31 146
23 89
1 166
130 141
127 170
79 116
62 93
74 78
69 95
50 123
50 61
3 51
42 102
80 126
11 175
41 108
171 177
14 169
165 171
113 184
6 115
47 108
63 165
131 181
75 86
70 175
135 160
52 178
57 73
33 68
104 180
136 148
133 166
8 149
148 153
121 159
23 119
37 82
3 118
77 168
19 93
9 68
101 108
100 165
29 132
88 132
51 127
83 109
39 88
8 116
91 92
25 166
103 155
102 157
36 125
50 94
33 157
102 180
17 113
16 141
103 148
90 129
10 67
48 54
26 154
55 61
76 157
125 127
42 178
69 100
5 166
54 162
17 79
90 129
95 105
98 125
64 69
44 73
136 137
105 120
31 162
21 175
2 146
117 140
72 83
24 105
2 116
158 172
103 120
71 116
24 97
24 87
67 165
15 116
20 174
37 77
20 137
27 166
178 184
77 161
40 111
43 181
10 41
17 30
2 113
87 176
110 138
118 118
33 132
90 92
22 121
128 181
11 14
8 18
50 178
16 84
33 120
58 114
128 169
130 137
72 169
122 128
101 181
69 95
40 48
25 160
61 104
21 75
78 154
59 122
21 71
74 143
172 180
20 72
57 155
139 157
128 140
116 165
57 66
49 104
25 106
166 168
44 168
96 177
33 121
47 51
93 124
6 88
77 111
81 108
120 134
75 77
46 75
97 131
112 146
33 91
74 170
9 14
150 158
1 94
51 182
91 141
146 174
34 141
78 181
67 77
116 152
7 184
13 96
124 177
57 83
12 82
13 26
130 170
130 175
28 79
75 180
26 118
8 76
10 22
4 98
76 160
75 105
118 166
27 158
83 97
97 109
21 109
150 174
20 94
28 96
87 131
21 103
12 34
68 73
43 71
119 171
46 91
49 67
64 75
17 81
14 177
34 165
141 154
39 50
29 174
77 115
35 121
172 175
58 69
61 111
87 129
30 85
134 177
97 97
24 33
37 113
25 93
110 165
102 149
70 130
138 146
74 100
37 91
102 105
4 18
71 172
104 156
18 96
105 154
48 168
2 160
21 66
68 130
25 46
94 155
48 154
110 156
8 161
56 118
59 152
39 135
47 54
50 104
6 154
53 113
114 137
13 69
176 179
80 183
17 92
26 90
61 179
12 135
6 69
76 129
105 120
151 154
19 173
34 110
28 38
21 127
7 11
33 41
2 31
58 160
65 163
13 84
74 125
24 49
80 153
125 184
94 128
6 116
153 155
6 180
8 132
14 16
89 142
54 183
69 159
57 137
133 180
73 150
29 69
122 148
37 102
3 164
11 48
136 163
18 141
15 65
70 88
78 85
158 171
123 133
55 179
3 125
30 130
99 116
93 159
11 102
10 105
31 60
8 166
66 79
93 122
65 130
24 162
5 176
50 127
145 164
144 162
3 7
90 118
104 105
23 26
75 154
167 184
30 175
69 165
95 142
17 41
22 34
26 104
25 153
9 44
113 170
4 156
93 176
89 97
52 155
21 159
85 181
61 75
26 41
121 183
15 39
60 161
89 120
113 126
88 134
13 57
16 159
28 150
148 156
15 102
116 126
27 35
95 112
138 141
140 176
30 114
10 130
98 129
65 110
67 152
79 99
64 73
94 131
57 79
103 180
84 111
112 145
79 150
96 107
32 127
102 145
12 111
90 180
10 25
91 106
60 162
81 169
118 133
28 67
30 170
62 140
29 69
75 140
91 108
179 181
33 98
44 180
64 125
80 88
1 135
34 112
58 100
48 48
115 175
20 154
32 100
25 159
100 155
63 99
61 135
58 94
53 88
151 177
72 177
95 127
112 128
28 94
2 182
32 115
85 112
28 92
106 156
71 92
6 76
134 137
47 180
46 83
78 99
49 131
6 183
74 117
23 127
168 184
20 155
15 132
55 146
15 66
68 106
136 143
125 151
135 146
36 171
84 125
114 172
72 159
1 171
91 153
23 131
43 136
6 101
11 30
44 152
75 76
5 67
11 73
24 48
12 74
59 95
15 28
122 126
2 108
126 133
4 116
67 79
35 86
113 115
45 120
158 160
10 18
42 82
28 129
39 145
19 20
73 173
87 111
14 89
74 179
6 37
155 182
84 112
5 40
54 89
28 159
24 64
85 145
146 153
90 106
7 108
36 165
36 68
2 49
75 156
48 83
80 120
18 48
19 62
73 127
6 142
69 140
40 165
69 166
8 158
55 128
108 121
130 156
131 175
2 60
21 142
89 181
78 146
44 96
23 26
24 28
163 167
4 136
59 61
106 169
74 112
11 160
76 145
22 106
91 122
108 152
52 79
12 148
7 14
36 108
32 131
55 104
95 150
24 58
82 155
45 129
50 145
95 125
105 156
12 86
9 93
28 163
61 166
39 114
2 172
59 149
108 173
113 138
19 26
29 161
105 148
13 113
63 105
26 177
35 78
77 167
95 127
43 50
76 89
103 156
130 160
118 161
84 130
71 142
11 47
26 158
8 139
26 112
17 58
91 177
109 176
74 158
19 123
16 134
27 67
52 53
2 69
125 170
54 57
104 122
143 148
78 150
142 143
14 118
57 150
48 105
34 75
21 133
12 76
83 119
102 174
103 171
58 156
84 151
21 68
27 71
4 24
32 165
2 5
35 58
139 155
85 145
28 165
33 39
96 115
13 13
105 183
18 156
11 55
25 78
95 115
139 144
32 138
139 159
9 76
46 53
3 13
30 170
19 34
109 129
121 173
133 142
113 160
7 26
103 165
118 131
146 174
65 112
10 164
13 151
136 177
26 82
10 46
154 183
23 151
38 131
79 137
63 141
21 167
3 134
80 163
120 152
73 91
67 79
99 143
70 80
120 164
4 118
57 143
31 79
82 142
57 100
149 180
77 144
67 126
11 84
21 121
1 164
56 145
29 174
4 129
84 132
4 163
60 123
29 60
57 128
22 116
116 164
105 138
5 38
5 58
24 125
36 58
24 47
32 51
50 150
33 99
106 128
92 163
23 111
40 90
33 178
11 31
37 55
17 129
42 118
92 181
11 89
63 120
156 169
114 124
4 75
67 95
53 177
132 157
123 151
21 173
37 97
21 43
16 114
133 166
6 141
129 147
11 184
57 93
44 69
22 80
75 100
10 112
13 52
50 67
82 118
56 153
7 37
3 141
43 100
152 171
7 62
38 118
121 139
3 35
117 142
7 174
32 98
63 164
121 145
137 177
143 153
29 110
1 111
8 25
127 138
14 31
100 153
7 142
43 148
32 75
10 158
74 107
45 176
126 166
78 136
105 158
42 76
9 134
123 146
76 136
104 182
2 173
1 63
10 34
37 147
81 156
97 138
62 90
75 174
50 65
125 180
108 118
126 184
109 157
31 69
59 154
10 70
103 122
14 59
30 65
59 94
12 126
4 155
53 86
35 58
27 70
134 182
3 163
151 173
59 135
35 104
105 118
95 153
108 128
17 96
42 77
45 68
47 154
81 97
27 163
65 150
8 152
43 181
159 178
9 95
28 137
106 153
162 176
85 172
124 159
16 142
12 34
61 143
30 149
125 181
12 23
26 177
16 88
75 153
43 155
114 173
74 141
73 88
70 80
18 135
158 168
69 156
44 98
24 160
28 135
87 167
70 167
81 110
39 66
69 139
36 181
83 115
1 107
26 57
39 59
40 127
51 124
66 81
3 31
2 13
7 123
24 156
59 129
51 167
86 124
22 163
16 85
22 82
120 141
37 160
26 103
160 183
18 132
40 69
81 107
81 153
59 145
89 174
28 99
75 118
49 131
58 111
15 28
3 86
4 91
69 106
2 16
110 123
45 95
32 47
53 105
78 120
22 32
4 137
92 149
63 83
58 150
117 144
23 152
76 147
5 128
66 91
42 114
16 151
59 73
104 121
54 91
39 113
42 85
90 105
3 174
8 47
124 152
6 159
9 146
91 129
13 37
50 166
56 78
38 150
115 158
21 109
67 148
7 173
45 93
34 136
95 143
81 102
83 117
23 134
2 27
59 77
24 177
61 172
102 182
74 107
123 140
70 151
60 98
84 96
112 178
25 84
15 116
106 143
39 75
12 62
50 99
20 172
156 182
41 167
129 148
23 50
53 82
33 177
26 57
83 142
44 71
86 140
70 103
155 165
79 171
6 20
107 175
3 89
71 151
73 120
10 173
61 173
20 43
76 182
65 146
60 81
88 184
68 129
116 154
2 173
121 148
53 89
130 165
24 158
12 175
72 134
61 172
68 109
52 120
67 105
36 119
36 160
12 64
82 124
160 170
42 174
74 132
13 70
40 95
59 130
65 108
110 174
84 169
99 129
38 112
27 142
12 109
3 61
18 122
66 132
69 118
146 158
81 117
42 66
51 110
165 175
80 150
117 160
42 157
58 154
75 90
131 155
22 55
38 128
74 101
6 39
105 181
88 147
11 108
137 160
3 152
93 160
23 49
97 142
55 151
84 97
65 106
8 151
80 183
38 109
126 145
69 182
8 147
140 176
23 179
107 155
10 156
106 177
142 153
14 52
31 116
37 159
14 164
128 157
88 128
91 166
95 157
46 117
16 88
120 163
161 171
91 118
25 105
145 175
119 141
28 160
132 184
38 103
86 137
118 165
75 176
77 130
48 177
85 175
48 103
25 150
10 155
1 104
68 90
77 119
77 107
59 155
135 162
32 154
17 66
86 113
9 170
57 143
89 108
81 178
47 91
43 154
62 83
113 151
47 150
83 112
53 123
140 170
4 57
69 149
51 74
37 82
36 179
138 164
74 142
21 56
13 82
125 138
88 144
27 170
5 71
79 97
1 82
6 42
15 42
91 164
76 117
33 70
47 83
67 77
89 138
4 131
70 91
17 116
10 181
153 181
121 131
145 176
19 160
73 182
4 66
135 154
37 56
73 153
66 122
57 165
53 126
111 182
43 118
54 114
22 92
79 110
70 143
17 70
85 183
14 150
2 23
78 141
69 79
16 46
103 135
3 37
84 147
17 184
55 115
71 113
165 180
65 129
142 178
71 180
67 165
59 73
135 159
85 114
77 150
127 160
113 167
33 157
36 162
6 149
53 119
64 117
3 61
81 99
28 69
20 179
2 108
118 144
87 114
82 133
69 165
94 144
99 183
5 71
123 173
59 123
2 95
102 163
117 138
22 182
41 81
81 99
68 158
23 107
91 149
99 127
90 125
13 94
1 51
29 73
74 100
78 124
77 175
28 50
50 138
19 35
90 157
104 155
41 177
45 66
8 123
28 143
11 173
39 161
12 49
68 111
47 162
8 44
93 163
35 116
53 182
6 128
26 160
47 106
112 152
6 90
5 119
147 157
15 134
26 42
38 109
16 176
11 75
23 173
24 98
21 104
4 31
50 125
93 176
161 182
38 136
11 42
56 138
37 122
143 153
52 153
44 115
67 181
68 101
73 127
66 131
46 104
36 135
53 178
32 172
29 44
42 181
41 125
62 176
117 134
113 143
35 62
95 162
134 160
93 148
62 183
44 55
71 91
86 134
140 167
80 131
23 122
140 181
66 111
69 164
158 179
35 118
24 46
49 134
51 117
16 88
105 178
7 86
41 128
29 74
52 160
51 156
17 47
66 78
112 126
5 79
153 180
42 162
151 176
130 148
17 33
122 163
67 105
10 168
1 12
123 161
29 103
5 172
45 65
26 70
4 176
8 156
4 109
54 158
151 175
9 152
50 135
2 180
66 105
64 94
109 148
35 158
6 174
19 38
33 50
26 181
53 184
30 176
44 181
40 133
97 131
39 172
104 132
11 92
13 57
27 159
91 148
72 168
22 144
48 73
140 165
45 87
40 116
37 83
32 98
29 110
85 160
27 82
41 89
35 108
131 178
112 173
14 151
6 33
69 169
1 16
49 69
125 174
9 84
62 150
6 90
49 80
47 137
80 114
41 123
68 90
119 135
25 119
134 159
114 173
73 148
25 123
38 68
70 84
81 149
132 167
80 103
26 182
25 92
16 126
26 151
71 124
60 111
53 74
31 132
25 139
24 99
35 108
29 96
57 130
9 65
41 90
140 166
22 105
94 172
99 157
33 123
126 158
53 145
25 150
70 173
40 138
84 97
83 135
4 151
7 184
29 93
16 56
2 29
35 154
127 151
27 127
65 152
32 140
39 128
67 168
29 135
28 70
18 181
38 110
81 111
66 90
1 73
16 33
91 159
12 83
115 166
2 121
129 146
159 170
11 44
120 160
71 156
93 177
37 102
157 171
52 69
134 164
71 165
103 149
82 130
33 123
34 107
67 81
59 118
34 124
51 93
46 86
122 143
43 129
134 151
37 51
16 76
41 96
45 126
14 63
86 174
41 96
108 119
33 178
12 81
67 173
102 112
61 74
89 157
81 123
54 89
118 149
18 173
18 37
77 103
78 154
42 184
71 120
93 177
11 149
38 105
9 71
50 155
87 173
52 175
47 159
147 161
13 104
20 63
90 173
129 140
105 163
58 69
18 173
99 146
12 67
69 153
160 184
81 183
19 157
36 167
87 159
48 178
149 177
23 144
92 162
65 82
110 162
98 150
111 180
52 62
121 162
70 161
68 96
98 115
6 54
53 166
87 170
86 109
63 169
144 166
27 149
62 120
115 171
93 163
48 147
59 109
22 155
29 50
34 102
103 123
5 126
27 149
133 154
66 129
38 88
64 87
62 92
23 125
49 103
51 115
6 39
149 160
101 177
66 167
48 180
27 144
36 74
19 133
101 170
44 146
29 105
9 76
46 171
60 176
24 124
7 40
31 57
97 162
53 93
25 119
40 155
111 157
25 158
10 113
67 115
102 164
22 158
50 119
142 175
16 67
117 158
87 154
54 166
53 78
103 139
22 47
33 43
26 102
39 89
46 84
59 145
19 148
49 119
1 146
64 78
15 33
20 68
14 112
30 47
30 62
113 155
5 57
49 128
102 147
129 160
63 111
24 112
88 104
5 158
64 160
41 174
81 175
21 182
67 128
73 122
50 154
15 83
146 171
63 142
86 134
38 100
5 102
27 148
5 71
121 164
17 134
9 124
6 97
80 144
112 122
8 82
27 90
136 173
77 93
66 91
35 129
79 165
47 86
42 90
18 117
66 109
34 118
45 170
45 163
91 106
113 166
8 28
19 163
36 135
111 127
16 145
36 111
12 79
82 160
14 141
65 177
66 119
19 38
57 92
13 63
3 84
30 125
132 183
23 48
158 173
4 149
75 159
53 79
126 160
29 82
29 61
80 167
22 74
124 136
86 138
11 23
73 93
18 137
31 152
110 134
7 178
31 75
55 73
37 78
139 153
104 150
91 118
58 181
120 156
47 76
6 120
49 169
13 121
20 106
31 151
13 153
25 40
88 119
21 112
11 80
15 160
172 184
66 97
77 169
32 71
37 153
46 137
98 125
46 113
79 118
75 165
93 115
125 135
149 172
27 140
61 136
51 177
87 145
87 172
68 137
65 86
59 113
45 184
171 184
41 165
11 61
11 73
100 175
15 170
6 127
46 105
79 166
11 108
39 98
32 95
21 36
136 173
94 175
74 134
114 161
77 114
42 165
87 155
101 141
123 141
42 147
84 128
94 120
15 91
46 67
37 77
26 56
28 129
44 159
88 98
63 169
89 126
20 85
64 166
3 126
102 149
55 97
116 143
17 95
27 66
53 161
53 120
67 145
20 98
11 140
32 179
18 120
37 120
20 40
1 18
22 42
102 178
33 76
27 137
58 89
53 142
34 145
117 178
28 136
38 91
32 149
8 97
41 156
87 99
128 157
74 120
12 162
114 147
51 78
27 130
48 60
21 91
53 158
12 143
11 143
82 121
33 147
3 89
5 31
101 161
15 77
90 176
92 128
21 145
171 183
6 86
46 136
96 159
32 116
57 78
1 65
80 109
46 85
30 153
77 96
37 122
23 161
61 108
23 113
21 37
156 180
52 111
4 108
44 108
123 148
15 156
120 167
1 12
118 162
48 89
110 177
66 94
93 116
110 151
65 161
124 160
31 88
102 138
9 122
58 113
113 175
69 149
131 157
53 123
82 158
32 115
23 117
9 127
93 125
33 50
100 120
94 160
77 97
5 102
10 132
119 158
96 144
5 91
122 172
10 162
