488 1946
152 125
319 310
69 7
308 371
312 216
42 465
67 95
449 359
484 471
116 325
365 440
53 404
184 432
394 477
235 364
89 266
368 407
87 436
413 275
198 117
2 240
461 436
334 421
187 210
283 302
414 39
133 467
442 196
410 348
64 36
103 152
301 470
70 388
298 362
54 7
478 423
246 330
370 460
142 68
181 425
249 106
463 261
452 417
456 253
156 31
288 138
182 101
487 131
368 296
5 421
183 362
355 428
204 116
279 345
184 459
161 312
445 16
85 288
312 420
53 347
451 220
484 24
200 482
155 447
170 159
379 352
32 125
171 115
241 450
340 304
300 12
7 136
395 91
424 218
23 356
76 353
455 439
256 167
313 410
125 482
448 384
225 360
20 395
474 140
356 205
323 48
217 330
183 123
300 486
221 202
233 176
66 200
127 322
366 439
123 370
312 451
265 48
322 165
322 187
184 70
392 19
117 488
228 179
122 407
177 222
121 289
398 66
488 36
267 245
354 390
127 177
352 271
104 65
315 425
251 11
374 154
397 2
153 16
61 155
422 117
376 54
405 165
120 285
200 386
41 433
167 47
1 398
198 104
462 24
409 225
34 174
258 310
56 291
325 259
232 92
192 148
257 191
432 336
457 353
281 135
399 281
45 108
265 386
12 65
2 413
238 140
235 293
430 439
288 146
89 31
117 281
59 373
471 2
101 439
354 381
454 145
53 378
132 197
275 143
141 277
436 259
416 62
431 237
12 231
262 101
261 378
261 319
143 123
201 243
442 434
15 287
90 67
176 102
144 330
124 284
118 71
54 413
132 485
41 24
227 182
4 367
72 264
78 94
266 278
336 99
223 230
385 193
296 440
294 319
282 417
115 279
368 48
84 11
44 124
402 150
306 405
397 257
60 474
350 326
263 77
424 365
306 201
69 481
152 242
171 306
224 418
353 307
308 277
310 222
306 7
138 214
143 198
199 4
403 341
448 218
98 145
418 166
138 82
288 329
394 338
26 9
267 378
195 86
46 17
307 352
391 325
445 46
34 156
49 316
376 377
45 473
33 343
31 50
304 318
378 209
167 403
218 313
173 412
398 218
308 97
449 211
421 406
256 454
441 184
281 328
440 205
193 473
59 103
34 362
420 292
451 466
206 60
290 258
351 79
476 51
175 316
261 107
233 396
440 185
459 112
393 411
317 465
395 255
79 308
111 459
235 317
30 36
86 260
482 441
310 169
269 450
275 381
357 227
446 328
338 350
130 46
326 36
301 284
343 309
173 454
159 407
162 68
327 315
448 149
483 108
478 150
488 347
256 445
66 473
186 195
31 391
110 331
186 332
177 189
256 357
345 94
122 58
291 112
87 290
338 342
127 283
207 192
357 237
95 466
447 160
309 477
278 366
57 313
285 245
134 287
182 424
278 149
106 127
370 112
289 88
303 157
324 277
134 282
317 322
150 474
79 206
298 174
397 359
4 194
483 138
480 177
441 149
325 426
275 206
49 443
294 232
111 9
388 124
171 96
445 320
81 404
406 379
89 314
129 92
387 124
109 258
300 62
406 16
367 72
101 296
26 274
39 136
259 333
402 96
44 362
11 449
132 467
70 53
384 59
311 195
120 108
90 366
180 70
173 205
344 91
221 18
350 190
334 273
63 224
234 195
202 268
335 152
320 230
210 22
304 209
130 393
86 189
462 259
273 197
229 5
94 137
244 443
206 457
108 149
193 341
223 274
120 69
305 319
298 394
221 113
114 350
385 80
418 238
315 446
87 408
463 330
363 180
298 470
328 370
202 62
130 340
399 427
246 131
419 239
318 289
433 415
373 457
178 347
38 475
307 272
442 317
123 353
135 248
363 66
487 115
140 196
403 84
222 375
133 280
233 430
91 150
297 252
125 462
316 447
290 318
311 424
446 65
369 324
179 21
472 33
258 86
407 391
212 455
61 388
98 335
432 223
188 139
181 477
337 371
413 294
435 173
129 126
73 39
99 57
142 238
18 386
232 209
423 321
339 4
479 187
374 283
360 200
456 368
287 303
464 238
51 485
355 436
382 15
57 6
335 38
40 116
161 30
183 46
313 54
245 160
302 450
199 100
144 55
217 74
51 83
98 78
143 44
201 156
404 361
417 332
311 27
100 480
304 467
79 133
176 55
389 376
128 155
412 311
454 340
35 337
227 225
243 287
24 222
158 393
343 461
251 421
33 40
295 452
116 422
486 276
346 410
141 13
40 247
414 140
383 83
44 237
49 408
482 450
448 235
262 134
68 76
365 23
403 155
144 32
316 69
171 211
374 381
217 213
8 358
226 85
160 52
98 404
74 213
301 477
388 75
285 302
148 432
204 355
5 211
224 230
176 231
35 215
162 12
178 297
478 483
345 137
49 22
112 85
315 197
14 356
334 85
414 359
47 285
280 61
34 110
120 196
276 314
272 169
181 359
192 162
181 37
126 474
336 321
357 415
392 166
81 422
393 280
442 132
196 229
463 297
97 68
131 486
337 212
419 106
291 428
219 365
160 249
162 286
459 483
103 400
314 110
130 244
96 300
63 246
410 163
212 380
158 21
425 260
216 35
231 418
42 56
39 51
179 134
260 237
283 324
95 461
27 399
209 444
373 324
6 291
374 64
305 115
305 76
351 99
216 25
371 425
187 363
169 430
41 257
265 443
278 92
35 136
211 20
217 443
341 401
355 389
157 487
230 243
147 387
214 466
430 249
113 99
468 203
118 297
389 42
484 227
215 254
166 77
352 5
266 461
469 262
345 396
136 245
182 455
446 392
349 250
271 212
254 48
64 260
339 422
114 460
262 391
299 118
80 156
159 342
65 376
356 8
27 207
326 423
478 467
205 169
96 263
363 337
114 290
382 107
52 109
401 78
11 240
203 42
268 392
10 375
462 338
243 470
60 28
488 438
268 137
225 58
449 273
40 19
232 190
224 379
41 293
349 451
185 164
146 453
390 240
197 28
254 321
192 295
74 43
375 469
349 277
437 471
219 202
395 453
415 379
90 458
204 219
234 385
106 301
265 20
327 305
268 52
105 472
264 249
128 369
280 107
438 201
447 282
26 165
466 293
110 484
381 183
213 219
384 321
163 78
128 347
463 14
294 174
220 29
97 75
146 480
351 438
25 100
45 251
166 26
13 377
57 458
269 231
198 25
75 333
14 318
167 38
148 400
394 282
29 456
180 412
385 386
163 77
16 139
172 233
336 335
351 135
32 390
411 327
411 320
163 216
63 178
284 307
266 203
158 458
369 475
62 292
383 63
13 135
443 177
474 180
94 314
261 54
155 329
75 167
463 62
64 156
368 127
351 248
465 323
255 284
9 306
138 417
230 44
46 64
100 399
123 193
224 384
246 259
305 79
234 140
374 465
179 34
393 188
339 42
484 448
86 409
391 65
199 26
409 263
73 24
470 235
137 96
255 22
72 33
252 130
317 284
78 193
107 192
51 124
6 459
362 361
454 344
475 102
439 121
4 390
154 135
31 99
290 228
263 247
420 385
289 412
410 396
483 460
310 297
169 411
407 36
392 237
409 48
288 211
378 248
45 372
252 289
252 208
352 300
10 150
215 402
386 371
188 403
450 238
199 117
179 47
202 17
144 108
223 122
5 203
302 220
470 183
481 420
171 323
50 369
296 32
3 147
269 41
90 70
234 162
223 118
217 239
302 475
309 427
113 139
278 53
196 256
157 344
296 126
414 409
39 411
213 222
371 333
262 154
473 338
146 118
18 312
145 424
114 208
143 221
178 301
233 168
17 9
87 2
85 232
319 375
113 462
469 339
132 158
212 263
359 350
307 475
248 38
149 229
320 291
361 22
90 372
59 120
364 266
486 315
69 245
337 260
420 437
189 18
389 52
204 161
431 80
274 375
247 281
418 153
82 229
101 227
327 25
414 178
367 236
137 185
66 77
184 89
133 145
252 30
279 109
115 253
7 88
210 72
165 1
52 228
270 299
88 60
247 344
216 346
355 33
383 81
35 37
456 444
277 194
361 336
229 480
176 72
286 213
471 328
92 488
1 453
472 404
326 159
466 80
395 264
292 258
471 185
308 94
430 186
147 122
28 10
405 353
433 152
125 190
38 287
159 189
373 381
141 276
286 451
76 98
214 429
321 32
214 437
400 272
295 432
332 271
419 12
367 163
106 37
60 81
464 477
465 80
334 45
153 37
206 139
334 437
87 253
357 421
327 221
382 413
172 207
331 408
399 426
343 328
61 172
102 133
59 11
111 348
188 74
299 81
428 175
272 479
29 158
145 228
311 370
56 458
425 207
449 198
225 172
280 323
354 20
234 207
419 74
141 1
88 18
447 251
164 136
47 14
333 77
200 480
341 241
372 119
429 49
175 325
472 102
205 97
361 405
226 363
164 444
188 47
253 102
82 275
201 168
424 338
475 359
387 465
10 44
447 434
122 62
227 323
140 262
457 131
400 51
406 125
80 486
173 65
49 114
460 485
298 327
236 76
303 245
487 141
70 121
202 176
323 221
437 292
351 228
222 148
353 301
26 37
30 306
402 2
182 211
208 417
167 22
54 165
162 123
165 243
299 488
463 127
291 205
355 392
204 378
15 328
331 412
25 244
413 206
334 12
33 436
57 74
196 248
220 170
255 390
255 1
173 119
99 376
376 481
95 218
404 119
341 209
325 186
220 219
78 133
166 134
234 402
451 9
115 217
9 288
55 102
467 150
268 419
470 472
87 419
212 236
45 175
244 160
271 132
118 13
467 464
42 58
237 310
180 375
425 25
103 47
121 27
101 244
66 251
128 372
347 446
147 399
263 253
86 199
157 98
472 452
405 104
478 385
348 56
148 114
486 363
141 224
201 184
95 152
284 23
435 440
121 296
311 104
259 107
4 314
428 22
185 305
265 326
389 487
111 314
43 426
145 163
233 455
146 372
58 75
235 365
61 360
136 469
216 37
321 361
312 429
469 111
39 215
254 161
77 374
160 476
261 358
377 462
110 215
319 393
285 142
83 147
16 147
170 269
130 264
330 169
38 19
443 28
420 397
415 265
27 461
119 170
479 240
266 93
154 453
360 250
277 120
365 27
76 34
483 368
407 260
460 440
278 207
200 29
336 455
91 482
416 349
252 97
304 50
357 155
369 460
55 364
303 213
450 382
241 297
175 270
187 159
225 482
19 85
332 242
218 204
17 477
13 138
112 344
7 344
193 194
418 96
15 476
246 59
402 55
343 340
458 431
244 14
121 139
370 246
197 478
397 110
276 55
183 10
354 388
104 387
56 161
364 473
435 103
401 414
426 104
428 154
243 295
185 436
372 97
241 329
71 106
19 453
223 40
192 318
364 72
397 268
231 181
411 61
122 459
352 108
401 60
156 89
379 112
345 444
135 274
161 290
197 126
3 426
128 390
24 313
93 94
229 358
142 177
283 1
430 71
75 232
269 89
377 134
439 347
403 428
148 382
410 214
153 182
15 139
469 303
250 480
389 307
187 46
175 188
15 348
71 264
340 215
484 231
23 442
289 170
126 228
456 21
241 442
181 171
35 322
214 326
471 158
283 236
117 468
487 254
481 332
239 137
100 186
358 307
29 43
7 371
197 233
281 186
300 389
22 148
152 205
37 77
387 298
299 486
312 244
335 343
289 370
251 38
68 279
448 75
222 72
20 401
460 41
429 123
126 465
80 24
154 378
14 235
320 302
485 450
339 64
120 179
18 160
215 325
361 436
276 380
349 248
250 426
145 329
329 298
99 229
155 112
343 474
293 339
315 23
283 314
201 300
354 415
16 226
243 292
419 178
271 180
115 415
21 323
104 487
63 259
478 285
124 282
136 439
144 385
477 9
311 5
415 106
3 185
117 107
63 59
365 52
333 358
318 29
167 462
293 156
470 483
40 96
87 354
200 255
431 484
49 433
61 45
103 295
175 326
195 372
295 242
277 207
182 401
410 269
146 121
35 88
401 424
8 331
18 113
316 192
443 66
44 51
386 17
246 79
42 163
473 442
98 480
285 36
28 297
373 287
199 327
352 341
292 29
242 100
76 348
54 242
284 473
417 262
345 93
177 206
3 213
245 234
20 336
390 248
10 126
340 186
332 6
270 226
318 287
429 405
65 90
373 17
328 125
187 109
261 179
396 157
441 430
212 60
88 239
55 388
41 70
195 263
165 67
6 118
8 97
433 134
13 286
164 369
171 288
294 446
67 239
203 303
230 241
150 194
294 62
164 464
202 90
295 451
130 474
208 363
30 13
320 464
131 411
394 95
453 257
398 74
267 302
199 225
82 239
203 475
82 304
377 253
417 36
67 416
345 103
11 421
322 220
220 403
339 399
195 433
221 278
299 193
8 141
250 265
394 178
180 340
226 337
131 151
482 393
472 131
358 476
282 373
189 388
319 73
281 109
367 232
413 230
198 408
315 435
463 359
21 485
236 174
86 63
56 40
194 25
267 322
382 47
444 73
223 184
362 296
208 20
85 368
468 26
108 241
58 27
292 113
88 251
101 52
11 448
81 138
354 431
362 132
391 476
249 294
43 449
153 357
224 128
161 321
127 435
423 23
429 128
218 228
332 456
282 444
293 308
100 34
48 402
394 286
237 172
461 469
227 369
435 198
10 238
28 58
308 429
142 301
89 441
204 81
181 452
317 268
405 264
137 459
119 428
397 68
351 335
338 330
272 73
189 334
316 84
23 266
1 299
173 114
4 176
124 364
409 444
447 380
5 67
129 272
386 454
407 375
129 154
17 249
348 39
434 440
374 377
446 426
260 116
111 130
249 35
461 47
289 101
201 305
349 60
224 172
5 49
123 221
70 347
140 155
468 393
411 425
331 183
421 170
299 42
445 152
457 245
132 169
429 361
108 44
92 46
92 41
392 112
76 251
16 486
187 226
180 487
396 461
383 365
237 351
121 369
399 62
241 18
105 164
378 77
89 469
485 480
92 72
122 476
213 129
307 488
102 107
86 364
472 322
106 104
82 16
401 150
151 102
324 122
54 445
109 3
145 202
131 331
437 286
475 420
107 448
283 388
477 159
189 94
124 219
341 9
404 329
390 243
253 218
40 119
211 65
488 197
24 282
96 381
440 165
354 75
34 115
444 327
256 485
348 37
254 39
110 403
397 371
143 189
48 8
143 311
317 56
252 260
137 331
55 135
143 82
85 419
302 474
270 350
481 412
52 309
348 356
454 111
8 317
158 360
372 331
460 204
68 424
264 406
177 136
210 228
325 69
463 290
59 470
252 163
275 135
373 336
420 188
279 433
466 296
250 30
262 309
379 259
376 264
174 139
154 190
295 274
342 83
51 199
320 471
258 88
284 312
255 144
103 293
147 313
10 405
134 209
387 391
95 235
67 100
355 92
404 437
298 50
320 332
17 414
471 426
428 83
209 313
210 4
261 387
53 297
462 253
20 359
178 465
340 398
64 362
439 484
50 292
248 69
387 110
285 141
126 308
194 254
256 116
380 48
93 421
181 416
412 368
386 15
268 159
87 338
172 457
316 68
151 324
99 441
184 61
306 380
32 211
337 416
193 98
188 246
239 453
449 315
454 323
223 366
293 146
345 258
255 153
153 442
278 391
406 288
63 119
229 412
328 380
310 95
467 114
250 377
23 481
379 453
111 119
377 236
8 15
147 50
236 356
306 6
43 238
303 418
249 105
172 32
267 344
186 74
3 175
56 314
164 438
286 195
430 432
381 398
28 376
149 409
383 406
290 326
350 466
22 236
36 343
179 128
450 222
445 275
479 337
350 50
300 305
395 250
418 6
280 185
97 117
459 324
69 329
478 272
374 396
280 138
363 90
53 344
468 431
334 167
304 6
19 203
161 238
384 389
380 400
409 50
456 485
219 384
309 227
427 71
451 318
232 371
367 468
80 214
12 482
384 125
109 364
313 140
92 324
13 161
191 28
102 454
33 276
353 104
85 371
17 459
380 301
223 488
176 200
453 348
167 214
315 181
209 139
200 300
463 213
341 165
120 322
10 152
109 363
135 193
163 16
452 265
15 140
344 467
367 22
192 74
82 401
212 162
254 432
110 373
265 120
405 253
482 51
325 118
82 367
133 414
143 27
433 487
374 191
20 77
264 470
357 476
421 396
272 43
160 417
162 76
7 18
384 164
381 407
28 304
32 291
285 268
158 427
108 91
214 260
188 174
449 248
208 335
145 359
303 409
34 195
327 103
32 243
58 427
58 89
236 267
237 255
115 249
422 468
309 141
11 129
323 212
26 234
334 451
172 271
427 46
423 319
298 385
376 124
230 266
132 483
69 335
86 462
448 419
202 355
292 206
131 422
284 430
437 98
290 468
73 399
46 378
389 3
217 72
88 129
40 11
321 180
404 45
392 201
100 95
259 146
353 60
7 133
205 29
127 414
304 321
346 99
246 474
63 149
66 426
177 231
301 437
4 273
310 130
78 310
176 262
386 303
416 332
240 472
442 444
299 440
361 190
333 182
199 291
432 394
173 433
365 468
156 484
452 109
54 12
261 187
387 144
25 101
311 269
393 112
105 447
31 210
364 403
288 351
379 428
49 278
119 379
416 316
241 381
291 146
372 275
111 14
217 186
343 45
242 125
170 44
198 133
67 309
26 410
65 270
439 320
94 254
352 337
308 333
435 171
429 96
228 170
91 12
281 231
61 87
471 380
25 149
35 483
445 267
289 64
316 127
197 287
153 62
206 423
283 122
382 392
355 345
287 182
460 38
158 417
50 166
218 142
70 168
29 424
231 117
333 324
204 42
123 423
59 294
481 455
47 229
354 252
1992
336 501
336 555
320 573
1700 1793
1139 1809
354 1383
802 1041
138 1720
322 640
1836 1892
693 1092
681 1737
270 611
87 1574
1822 1883
1738 1790
212 1698
127 531
1273 1624
817 1584
1135 1938
253 1290
1032 1690
1063 1354
362 383
1075 1243
1277 1453
219 1723
306 1887
1177 1350
181 547
392 968
448 1598
277 1276
1720 1860
263 1446
1052 1205
291 1552
669 795
531 998
384 1594
1606 1837
924 1824
218 967
1483 1670
1394 1664
271 1716
1409 1868
217 1039
551 1291
50 953
211 1553
455 1158
1249 1801
206 1826
1564 1780
793 1799
776 1454
24 1774
347 1507
1095 1497
578 1767
864 1340
1043 1080
433 947
424 1385
351 1330
805 949
158 542
108 1721
363 1241
216 1338
87 199
345 1410
26 692
970 1523
901 1786
697 703
295 1093
727 1136
914 1394
1465 1744
297 1767
602 838
63 1924
341 1913
657 1304
97 1856
254 857
882 1507
299 1830
1438 1758
785 1809
194 433
309 684
1159 1702
31 951
853 1247
1455 1797
1129 1439
871 1405
882 1469
116 732
972 978
538 985
638 1208
1019 1722
129 560
235 1623
346 544
360 1504
664 1599
506 888
738 1264
110 1314
1538 1866
742 868
473 984
1451 1473
1309 1812
570 1342
503 1117
943 1931
531 1030
1375 1607
428 1320
81 286
37 527
1301 1886
607 1265
538 1410
198 332
25 634
669 1460
31 829
224 1325
1181 1901
695 897
1078 1166
180 1427
1807 1855
1446 1500
1289 1536
27 582
244 1291
1188 1654
1182 1385
1339 1815
61 763
1329 1591
61 91
45 1815
596 1863
295 1115
994 1076
208 1294
338 847
1626 1654
1680 1737
34 261
378 802
1041 1559
240 433
782 1003
493 1464
1 1884
878 1815
1282 1473
931 1085
1433 1941
60 1289
1640 1697
1347 1489
633 1376
990 1080
667 811
1061 1791
1384 1724
559 1494
1340 1740
1376 1741
631 1607
963 1267
102 488
251 482
888 1610
581 1124
21 714
1443 1928
415 653
486 673
580 1630
357 1734
421 1281
269 1515
28 1644
13 1309
1304 1625
1279 1791
883 1080
21 1627
804 1846
602 613
178 1883
109 831
1651 1894
284 1503
644 931
1351 1940
262 1278
919 1306
1259 1581
1318 1917
4 614
1115 1693
149 886
139 1068
953 1023
751 1130
213 313
17 1314
160 225
1090 1601
868 948
200 1794
121 564
1505 1822
230 1701
1146 1668
233 1615
472 769
1763 1836
123 610
912 1360
607 1224
1572 1920
594 1085
198 1548
228 420
75 550
619 1113
195 1477
342 1250
842 1706
325 1292
510 1093
1626 1763
426 982
1247 1749
409 1785
764 1824
1682 1772
1234 1848
1373 1429
1276 1653
857 1625
1052 1742
1155 1438
268 1655
33 333
196 1559
480 729
815 1821
977 1154
116 346
1293 1385
463 475
364 1118
1708 1845
768 1146
56 528
1624 1746
461 954
469 1469
575 801
856 1487
350 1335
269 1524
203 776
555 1618
1121 1293
937 965
1436 1767
654 882
688 1799
570 1003
802 1854
247 1669
715 1109
1191 1683
100 869
572 1223
845 1434
149 1637
57 1620
148 662
1350 1626
524 1084
470 1091
511 1406
943 1762
205 1080
618 680
1726 1873
748 1117
817 970
93 571
58 895
292 1044
1048 1265
454 1710
767 1803
743 1850
381 566
349 1140
1077 1291
955 1510
926 1495
775 1544
706 1645
1246 1522
669 1816
917 968
1227 1259
14 1629
1768 1878
698 1392
1488 1624
1358 1901
108 303
538 1851
860 1594
496 1401
352 1785
625 1844
51 1870
73 1419
1093 1741
373 989
357 407
55 338
178 800
1035 1155
990 1642
567 1103
471 646
293 1640
448 684
143 1823
121 800
850 1720
44 547
490 922
341 1264
747 862
271 1620
1085 1151
1070 1473
360 765
926 1816
516 1867
750 914
162 1434
304 716
1310 1515
424 1083
418 1767
693 1629
310 1323
526 1310
124 984
562 796
188 1219
1388 1847
1258 1338
612 826
930 1773
880 1934
417 1595
1080 1592
1163 1369
934 1516
544 553
207 980
343 1875
732 1352
680 881
222 1913
709 1454
122 199
20 948
810 1146
1689 1877
1133 1647
132 691
780 1853
855 1649
194 1398
255 1173
184 1604
870 1690
889 1549
210 1924
1431 1770
918 1892
937 1629
247 1793
136 1477
622 889
531 1580
108 1310
840 962
366 1034
621 1713
1370 1560
158 1783
467 1046
445 1386
563 1255
226 1875
912 1808
1162 1408
651 758
938 1646
627 1468
734 1279
173 185
551 1049
560 815
1171 1473
238 1328
705 1310
103 1727
503 1036
431 665
1261 1827
696 1777
1288 1453
280 1781
461 1153
1101 1785
1194 1286
11 296
1190 1870
464 1714
702 1397
114 1095
229 760
216 616
234 1264
579 1046
114 1742
1402 1709
602 1543
1035 1754
58 1489
605 1593
828 957
255 1371
235 718
1138 1631
773 1586
886 1744
1313 1815
1132 1501
1546 1901
1064 1660
826 1050
469 1651
857 1723
1459 1780
399 459
581 1738
769 1346
5 1003
118 1143
41 244
782 1784
650 1130
684 1150
750 1136
253 1938
1041 1763
433 1585
209 746
495 1558
893 1342
487 1370
192 827
832 1833
1195 1304
28 1235
163 1547
427 730
167 930
768 1302
759 1033
203 908
694 1800
1787 1899
902 1635
1510 1597
287 1882
138 762
478 1324
1026 1593
681 974
281 1615
1137 1395
365 657
378 486
12 765
273 598
967 1751
808 967
1703 1868
620 1796
873 1731
364 906
547 738
193 1687
421 1117
521 785
55 1657
233 1719
367 1911
1558 1678
210 729
4 1049
970 1314
425 1856
246 1060
472 1044
844 1304
835 1390
95 575
937 1211
349 1457
1350 1703
521 936
241 830
441 900
982 1918
4 1275
85 1318
1294 1599
1198 1742
407 839
1251 1669
557 1496
48 944
485 984
187 1509
912 1794
368 1889
126 1201
608 1455
567 579
490 570
1208 1874
860 1887
576 1036
111 982
1229 1779
778 1586
988 1689
1527 1722
25 638
1713 1819
1009 1549
803 1540
202 1135
1055 1611
134 155
1341 1624
919 1382
11 1554
8 1664
347 1236
850 1286
1368 1892
327 1143
1472 1652
592 1780
736 878
471 955
892 1443
557 672
160 1851
65 1528
800 854
462 1800
811 1162
511 1479
383 451
1172 1796
1477 1628
368 1154
1182 1501
113 1099
1407 1590
1836 1883
903 1909
807 1746
122 1810
975 1689
17 896
181 790
111 323
691 1862
59 1841
1040 1087
725 809
1547 1906
700 1663
1307 1372
160 1308
417 550
349 1270
577 745
1512 1619
1074 1528
569 1863
33 1709
1539 1753
951 1894
1001 1035
45 1725
1197 1591
913 1684
463 1644
1158 1573
176 1125
448 1574
1504 1824
547 743
531 1620
325 1099
890 1387
483 485
433 547
1433 1548
821 831
71 1326
418 476
173 337
234 1910
1330 1358
311 1439
1160 1317
1169 1706
1413 1699
1379 1737
205 322
531 689
158 1078
945 1121
33 1295
712 1775
1365 1604
1056 1129
1131 1363
1019 1814
774 1811
179 1287
535 701
2 1046
453 1778
657 1092
1454 1623
1345 1611
108 1820
1440 1909
1168 1738
205 1887
749 1334
996 1879
104 1368
231 1747
1232 1279
1518 1767
33 1917
1768 1785
267 1749
495 610
1193 1889
1350 1574
420 1537
843 942
402 682
882 1430
1231 1735
717 1192
6 517
591 776
347 1149
1181 1711
886 1618
373 774
221 1153
1095 1383
1010 1413
1187 1799
49 1900
182 635
417 450
1419 1538
189 1001
783 1006
59 1559
950 1207
715 1259
284 1741
167 1600
806 1057
387 493
1153 1255
857 1107
393 810
509 1874
799 959
344 1571
550 698
687 1759
1171 1703
707 1599
265 431
775 1525
428 549
1605 1691
1234 1431
1452 1842
362 1937
356 1684
525 864
677 1611
1176 1309
301 1080
60 113
1117 1766
637 772
1067 1177
1036 1305
938 1945
1043 1732
373 597
527 1402
268 1818
623 1763
1555 1641
573 841
70 372
672 1235
649 1149
139 322
775 1119
1093 1649
1196 1483
1007 1194
474 792
291 424
171 519
786 1825
42 995
763 950
690 957
877 1061
380 1465
1529 1732
167 1870
639 1204
53 351
341 1248
1187 1347
495 1014
785 1493
65 1438
670 956
204 351
320 1665
408 1301
1276 1531
1468 1656
607 1049
592 1216
1149 1831
1854 1883
1499 1549
93 538
303 1032
1107 1795
598 1171
1213 1480
771 1267
339 1830
538 1090
746 1720
122 1567
525 783
728 1528
1412 1740
1001 1876
702 783
1239 1903
260 875
35 324
848 1408
675 1932
381 607
1445 1565
945 1888
156 1045
1578 1661
19 497
156 1546
1224 1249
508 1011
1603 1712
914 1290
218 1004
682 1173
1553 1934
1529 1538
662 1910
1460 1498
882 1797
1037 1402
470 895
22 913
321 1477
513 898
133 877
1090 1405
643 748
57 1000
583 966
1681 1872
570 618
586 1463
369 1881
99 816
219 854
1113 1206
678 1228
998 1379
112 1245
245 1249
176 708
172 688
744 809
1128 1171
260 1326
1053 1249
877 1870
165 1834
292 1287
510 980
194 239
225 976
408 820
576 932
1007 1825
530 1182
1217 1886
707 748
1314 1877
693 1230
336 1490
1295 1720
259 1183
1850 1884
271 523
70 413
510 1388
295 1329
224 1150
210 1614
102 197
41 745
767 1451
134 143
735 1372
180 1579
1061 1475
674 1352
65 644
577 587
344 914
10 777
1604 1731
160 288
1127 1828
1283 1797
595 1324
1324 1444
820 1399
188 1578
245 1757
659 1766
525 639
703 1332
1168 1909
643 1436
7 306
266 1390
1610 1725
845 1032
882 906
182 1583
831 859
283 1080
711 1678
1276 1770
1589 1822
1814 1934
1320 1468
43 1871
567 636
941 1478
1098 1873
891 1684
769 876
1135 1735
1005 1270
771 1189
182 1851
1213 1471
649 1915
1144 1842
291 1830
1012 1112
290 557
1155 1192
210 686
137 1486
1137 1223
67 1027
169 1346
555 1704
1326 1439
946 974
470 584
552 1541
1118 1436
763 1696
115 673
1229 1874
404 436
474 613
13 476
103 1612
590 1129
1032 1289
652 1587
1046 1444
45 966
1549 1771
1365 1814
340 1454
209 557
881 1102
25 383
164 1728
819 1937
648 1695
4 1797
313 1893
334 1345
985 1235
334 339
482 1304
1606 1678
260 1545
1025 1067
587 1884
393 1624
1467 1648
130 1630
302 1430
1178 1621
949 978
382 615
278 715
13 866
1053 1651
553 888
284 362
548 621
926 1182
474 1688
719 1512
866 1032
349 1720
70 1203
4 1044
952 1734
1375 1470
921 1652
238 287
571 645
1123 1938
353 1532
133 760
328 1941
69 412
468 1923
141 688
1009 1860
390 432
394 471
1475 1558
699 903
1081 1619
673 1908
1832 1906
1317 1897
362 902
303 1121
389 1930
469 800
52 291
131 1492
978 1139
1367 1406
924 1876
452 1114
1487 1813
708 1922
669 839
152 648
18 1854
102 269
273 1705
15 743
1211 1688
815 1094
299 1501
1832 1939
414 607
681 1074
219 1522
280 940
1133 1497
198 948
209 1284
740 1515
477 1787
1539 1802
24 1783
40 692
33 322
1112 1877
537 784
879 1465
451 1611
394 1904
730 1244
444 1031
795 1728
363 1239
521 1069
372 1503
712 1641
831 1910
89 1304
1522 1710
807 1336
697 1107
361 991
911 1384
724 829
1197 1316
1191 1717
102 1738
117 1192
19 806
248 1352
103 978
708 1323
1619 1763
114 1435
149 1312
905 1390
155 977
113 1522
1226 1851
721 977
690 1789
360 1480
98 1596
1417 1552
311 455
787 1664
97 1576
763 1018
1724 1922
109 1506
1431 1618
710 984
14 876
1430 1566
318 1156
608 1925
884 1267
78 1076
1095 1195
1607 1862
1378 1519
970 1190
262 1007
139 1732
237 645
1021 1547
316 584
546 1730
568 1897
165 460
143 885
205 1067
381 498
1280 1575
549 1592
1280 1779
1488 1641
627 1394
984 1779
733 1271
59 940
670 1788
620 1485
409 1649
433 647
1146 1500
206 1526
839 1351
508 997
450 1388
721 1515
282 410
415 1675
1036 1547
360 713
125 1633
356 653
192 1912
329 1675
762 1194
1615 1880
1019 1272
127 1133
69 1514
937 1583
1218 1588
301 1735
1448 1944
155 491
1653 1756
36 1646
893 1484
151 567
640 1765
1265 1800
837 1926
260 1752
1388 1493
659 1250
313 1199
1038 1509
679 1840
860 1169
48 567
979 1693
106 1939
436 632
290 1870
760 1251
269 1056
373 1116
497 923
509 958
617 822
854 1072
510 1932
77 1857
409 1852
1603 1807
278 950
68 1912
935 1835
239 357
2 1925
375 1294
105 651
230 1007
1182 1614
740 846
89 1356
79 1465
620 1930
277 1873
205 1790
580 1755
997 1928
998 1753
454 1906
408 726
730 952
1312 1812
959 1480
547 1805
1573 1935
568 1651
1187 1454
734 1634
292 1396
639 1863
124 1198
1158 1340
1420 1877
203 784
1162 1547
1447 1617
374 1243
941 1436
297 947
1481 1934
384 1652
676 818
810 1101
1418 1892
1144 1798
546 895
826 1655
19 627
221 1061
662 1410
435 736
162 1109
951 1677
32 1403
292 601
19 985
837 1943
206 1869
751 1810
769 996
490 1411
343 1254
1079 1426
1587 1688
772 1541
998 1892
546 803
822 1289
639 1530
597 1012
65 1089
910 1011
270 1065
374 1182
283 1531
126 1142
349 839
733 1774
474 1917
865 1415
714 1246
1402 1862
558 1259
642 1196
147 1639
61 1056
330 703
1238 1475
58 1111
177 1199
525 1236
23 1391
353 1361
1121 1796
449 1580
849 1834
500 1851
237 1648
606 1705
1434 1866
350 1923
598 1826
530 1188
405 1920
111 1210
413 689
322 1231
472 862
120 1170
325 1930
375 1600
1130 1294
349 1871
1366 1830
107 640
1318 1757
616 1269
1145 1636
510 1394
473 1073
1161 1504
142 1486
1482 1701
705 1913
292 1820
43 827
20 1336
11 1244
1376 1684
69 1798
39 955
475 1944
537 984
1009 1392
303 1411
1058 1745
58 1711
1117 1231
1159 1356
111 729
548 1421
26 285
507 851
273 1429
186 1611
202 1089
534 1170
1210 1934
190 787
291 1934
1648 1844
932 1762
396 1526
127 545
75 1712
548 1730
1442 1647
1312 1639
781 1627
204 1513
130 668
191 857
481 916
1251 1482
535 1767
115 1066
217 964
1387 1541
242 1306
25 1461
515 1208
900 1466
1147 1826
746 1680
401 1350
230 1541
499 1257
666 911
113 555
533 731
301 669
263 1496
555 923
184 1116
635 1070
303 1083
170 1781
1049 1185
133 1180
1130 1507
689 1796
155 1771
404 556
426 687
856 1537
42 1897
681 964
505 1796
501 928
485 1583
319 1231
1106 1633
857 1675
318 989
909 1447
951 1850
650 1674
407 1105
1146 1583
832 1793
736 874
770 1743
1601 1837
620 1692
583 1104
682 1167
776 1788
853 987
524 1516
1329 1778
28 782
314 1241
434 1896
440 1266
529 1742
737 1298
482 1129
1164 1728
349 1858
1005 1201
898 1874
280 1078
455 1706
866 1841
482 1179
270 1135
482 928
278 889
435 810
1169 1462
525 1715
786 1007
897 1868
599 1524
582 1779
84 1153
284 1809
363 1568
582 739
574 1463
5 1760
197 1596
287 1085
1096 1873
449 873
1398 1911
105 1518
458 1768
26 1335
421 1158
1573 1916
1132 1241
1211 1603
754 1303
706 1230
928 1427
355 1214
565 1581
792 1664
84 982
243 1601
54 1086
465 776
1196 1388
711 1622
177 916
1387 1842
3 1873
743 1465
26 926
224 1854
806 1879
475 725
528 1758
604 1613
734 1165
606 1432
1107 1929
159 670
565 1377
899 1303
995 1868
175 847
375 1698
108 1180
583 1630
1197 1904
128 1473
9 200
158 638
976 1802
461 891
227 1761
484 1567
997 1686
403 638
324 1653
1181 1633
524 1361
632 933
594 1916
552 1214
520 695
1531 1679
475 1871
193 1040
55 1113
877 1740
1279 1464
524 1732
772 956
834 1705
45 186
779 1465
86 1314
1330 1834
837 1907
831 1491
109 1869
727 1148
79 582
521 1399
711 1606
1021 1922
431 1034
726 1078
446 748
811 1432
944 1633
947 1547
431 1135
1057 1791
517 1839
526 1041
461 1243
473 1117
776 1188
560 1557
276 1464
529 707
243 631
407 506
1016 1351
539 1138
336 1446
949 1338
852 1474
149 1732
258 1288
554 1265
795 1395
405 1096
8 725
1223 1837
819 1431
521 1291
1226 1936
1482 1930
28 1005
504 1822
824 1663
569 1195
335 1652
717 993
1335 1892
740 901
145 499
128 1075
35 1558
555 1247
256 1826
544 1092
902 1809
1119 1684
7 562
267 757
827 1641
613 1587
867 1516
270 1532
397 1796
14 1184
1092 1564
989 1140
709 1003
1181 1890
94 702
9 1370
63 180
1057 1575
242 1007
576 697
462 1731
732 1581
1316 1431
1128 1330
22 490
468 644
1137 1408
170 1456
754 1493
1351 1587
128 809
871 1595
307 1224
667 1928
32 819
596 1280
231 1762
486 1365
547 1015
390 1169
390 1812
857 1797
356 1667
21 1849
725 1774
636 1489
491 852
512 861
196 1068
533 1886
227 1128
574 1343
712 1938
1182 1726
404 538
170 282
380 1569
132 1924
100 1452
230 1368
435 1863
777 1213
833 972
274 552
201 1314
80 1248
192 483
84 1159
682 886
365 508
1062 1796
1302 1665
885 1742
441 1658
674 1653
974 1788
40 813
1160 1613
527 718
20 1813
1359 1906
502 1119
603 1569
138 1664
161 1233
601 1903
298 630
139 1607
170 305
376 667
696 1833
10 395
251 1245
94 482
346 1635
607 948
970 1258
749 1390
41 904
1335 1943
986 1504
518 626
1124 1582
782 1517
237 1751
1157 1801
124 906
722 1810
345 1156
170 1501
776 1333
1802 1944
1099 1245
100 1140
202 788
490 1059
1116 1773
304 1576
105 501
1085 1856
737 1596
214 1710
555 927
290 1064
459 625
1311 1918
588 1773
1309 1687
426 762
234 627
723 1550
1040 1376
23 1192
1034 1297
172 523
614 1206
323 1767
181 375
470 603
1227 1438
928 1409
591 1516
590 1253
610 1015
843 1369
88 1565
165 1701
111 788
1461 1933
74 314
134 1900
135 396
998 1809
1417 1522
60 455
183 1064
1074 1551
122 1906
878 1876
984 1510
1042 1620
960 1439
914 1929
926 1678
788 1048
83 1005
1442 1660
912 1890
398 590
325 772
815 1398
128 376
305 873
1288 1401
467 1409
423 665
647 1905
690 885
379 1091
1026 1761
149 1821
93 1475
140 1418
243 1305
1215 1918
142 1432
276 1791
577 917
600 1340
618 738
50 1116
1264 1805
288 996
949 1314
165 1097
1188 1639
1189 1328
464 1033
706 1145
414 1691
530 677
306 1855
1675 1785
576 1628
1178 1313
916 1363
205 1650
507 1266
371 1430
913 1604
200 476
939 1594
792 1232
330 1644
559 1674
467 860
33 588
306 608
269 837
567 1921
691 1184
742 1482
155 1694
119 1249
260 1584
113 1031
459 678
287 475
1202 1807
228 1507
416 935
1252 1787
1030 1534
1406 1632
1390 1891
1156 1704
1421 1561
156 298
362 883
191 1033
288 524
751 1351
601 900
163 1188
1410 1903
178 1201
687 854
958 1628
301 467
17 1279
365 1350
1507 1873
7 911
509 677
138 1277
460 1408
3 1647
623 1321
1027 1573
455 1529
490 632
138 697
449 673
379 973
916 1657
1376 1849
736 1545
814 1575
305 1244
59 260
764 1906
740 1361
987 1280
1089 1766
1610 1870
61 1720
360 1746
92 509
469 1103
48 372
1218 1623
197 1882
314 1276
44 1195
1054 1828
227 1030
98 1190
367 1550
230 1843
23 1641
151 1007
492 1457
36 217
656 858
755 1834
305 1873
556 1123
371 618
599 1671
983 1553
576 1252
495 1935
356 673
1398 1870
447 1885
945 1892
597 1737
633 1755
7 667
115 642
419 1677
478 1037
431 1401
115 1007
720 1413
937 1401
1215 1609
20 1110
886 1048
832 1766
417 1347
1155 1922
403 1929
1044 1175
97 1729
966 1816
813 1444
267 906
374 1874
628 1340
1094 1564
148 362
1466 1681
1013 1501
413 1651
1626 1917
1568 1673
796 1608
770 1059
1736 1878
744 928
587 1187
365 1814
992 1560
707 1207
609 708
422 542
157 1319
61 386
152 981
1391 1719
61 406
830 1869
1154 1464
1745 1919
1252 1859
339 1616
1726 1899
15 340
659 1923
435 1048
518 1720
1459 1601
1087 1935
49 737
13 847
232 364
1167 1505
472 1463
1417 1801
141 1197
1107 1455
1536 1766
1431 1937
2 1554
1065 1498
577 1880
506 1577
494 1541
71 332
917 1842
344 1427
635 864
985 1451
1335 1756
829 1305
466 1006
1637 1895
1121 1585
546 1240
358 477
97 1710
602 934
529 1340
449 765
214 344
1681 1857
1124 1669
129 1463
1173 1463
1272 1832
351 1336
933 1289
226 1811
1641 1834
583 1930
871 1404
152 585
1033 1399
4 730
230 1207
358 1027
253 723
1348 1821
138 874
1032 1788
19 1563
1130 1427
244 371
181 475
1654 1879
1051 1592
1384 1803
32 1653
