300
300 0 364
299 18 394
297 37 324
294 56 324
290 74 354
285 92 361
278 110 389
271 127 319
262 144 356
253 160 374
242 176 304
231 191 342
218 205 385
205 218 323
191 231 378
176 242 341
160 253 315
144 262 325
127 271 317
110 278 365
92 285 324
74 290 351
56 294 363
37 297 310
18 299 338
0 300 350
-18 299 359
-37 297 378
-56 294 380
-74 290 341
-92 285 308
-110 278 368
-127 271 382
-144 262 333
-160 253 377
-176 242 311
-191 231 302
-205 218 355
-218 205 321
-231 191 310
-242 176 383
-253 160 326
-262 144 387
-271 127 371
-278 110 357
-285 92 322
-290 74 362
-294 56 315
-297 37 373
-299 18 306
-300 0 360
-299 -18 373
-297 -37 312
-294 -56 336
-290 -74 375
-285 -92 392
-278 -110 341
-271 -127 396
-262 -144 363
-253 -160 351
-242 -176 395
-231 -191 324
-218 -205 323
-205 -218 316
-191 -231 321
-176 -242 310
-160 -253 343
-144 -262 372
-127 -271 339
-110 -278 310
-92 -285 390
-74 -290 303
-56 -294 317
-37 -297 371
-18 -299 356
0 -300 398
18 -299 335
37 -297 325
56 -294 363
74 -290 301
92 -285 330
110 -278 303
127 -271 314
144 -262 377
160 -253 303
176 -242 379
191 -231 328
205 -218 335
218 -205 311
231 -191 301
242 -176 339
253 -160 395
262 -144 392
271 -127 336
278 -110 322
285 -92 357
290 -74 386
294 -56 373
297 -37 303
299 -18 334
600 0 382
598 37 339
595 75 318
589 112 300
581 149 395
570 185 363
557 220 378
542 255 387
525 289 326
506 321 313
485 352 358
462 382 390
437 410 310
410 437 361
382 462 384
352 485 332
321 506 320
289 525 345
255 542 389
220 557 351
185 570 394
149 581 356
112 589 352
75 595 349
37 598 375
0 600 315
-37 598 346
-75 595 329
-112 589 354
-149 581 320
-185 570 320
-220 557 342
-255 542 355
-289 525 331
-321 506 343
-352 485 390
-382 462 331
-410 437 358
-437 410 364
-462 382 316
-485 352 360
-506 321 349
-525 289 333
-542 255 302
-557 220 307
-570 185 351
-581 149 374
-589 112 318
-595 75 379
-598 37 304
-600 0 350
-598 -37 389
-595 -75 300
-589 -112 388
-581 -149 384
-570 -185 353
-557 -220 311
-542 -255 312
-525 -289 344
-506 -321 314
-485 -352 336
-462 -382 398
-437 -410 370
-410 -437 322
-382 -462 300
-352 -485 320
-321 -506 300
-289 -525 341
-255 -542 338
-220 -557 314
-185 -570 305
-149 -581 317
-112 -589 338
-75 -595 366
-37 -598 328
0 -600 346
37 -598 351
75 -595 384
112 -589 359
149 -581 329
185 -570 300
220 -557 348
255 -542 311
289 -525 352
321 -506 303
352 -485 351
382 -462 324
410 -437 372
437 -410 334
462 -382 317
485 -352 366
506 -321 386
525 -289 344
542 -255 375
557 -220 353
570 -185 326
581 -149 342
589 -112 373
595 -75 377
598 -37 374
900 0 323
898 56 355
892 112 394
884 168 362
871 223 398
855 278 317
836 331 328
814 383 372
788 433 325
759 482 330
728 529 370
693 573 380
656 616 399
616 656 352
573 693 335
529 728 393
482 759 345
433 788 370
383 814 365
331 836 375
278 855 349
223 871 375
168 884 351
112 892 363
56 898 346
0 900 367
-56 898 316
-112 892 372
-168 884 396
-223 871 388
-278 855 374
-331 836 357
-383 814 396
-433 788 342
-482 759 381
-529 728 351
-573 693 374
-616 656 390
-656 616 313
-693 573 317
-728 529 330
-759 482 398
-788 433 392
-814 383 331
-836 331 327
-855 278 304
-871 223 355
-884 168 320
-892 112 371
-898 56 302
-900 0 325
-898 -56 335
-892 -112 352
-884 -168 400
-871 -223 361
-855 -278 380
-836 -331 399
-814 -383 373
-788 -433 392
-759 -482 318
-728 -529 380
-693 -573 300
-656 -616 391
-616 -656 376
-573 -693 395
-529 -728 328
-482 -759 360
-433 -788 393
-383 -814 332
-331 -836 399
-278 -855 394
-223 -871 400
-168 -884 393
-112 -892 363
-56 -898 323
0 -900 326
56 -898 307
112 -892 316
168 -884 333
223 -871 381
278 -855 357
331 -836 340
383 -814 359
433 -788 359
482 -759 377
529 -728 377
573 -693 364
616 -656 326
656 -616 395
693 -573 305
728 -529 394
759 -482 378
788 -433 313
814 -383 376
836 -331 387
855 -278 312
871 -223 304
884 -168 376
892 -112 381
898 -56 321
