296
0 0 66
66 0 7
59 0 5
73 0 5
66 -7 5
66 7 5
65 7 7
58 7 5
72 7 5
65 0 5
65 14 5
64 13 7
57 13 5
71 13 5
64 6 5
64 20 5
62 20 7
55 20 5
69 20 5
62 13 5
62 27 5
60 27 7
53 27 5
67 27 5
60 20 5
60 34 5
56 33 7
49 33 5
63 33 5
56 26 5
56 40 5
52 39 7
45 39 5
59 39 5
52 32 5
52 46 5
48 44 7
41 44 5
55 44 5
48 37 5
48 51 5
43 49 7
36 49 5
50 49 5
43 42 5
43 56 5
37 54 7
30 54 5
44 54 5
37 47 5
37 61 5
31 57 7
24 57 5
38 57 5
31 50 5
31 64 5
25 60 7
18 60 5
32 60 5
25 53 5
25 67 5
19 63 7
12 63 5
26 63 5
19 56 5
19 70 5
12 64 7
5 64 5
19 64 5
12 57 5
12 71 5
5 65 7
-2 65 5
12 65 5
5 58 5
5 72 5
-1 65 7
-8 65 5
6 65 5
-1 58 5
-1 72 5
-8 65 7
-15 65 5
-1 65 5
-8 58 5
-8 72 5
-15 64 7
-22 64 5
-8 64 5
-15 57 5
-15 71 5
-22 62 7
-29 62 5
-15 62 5
-22 55 5
-22 69 5
-28 59 7
-35 59 5
-21 59 5
-28 52 5
-28 66 5
-35 55 7
-42 55 5
-28 55 5
-35 48 5
-35 62 5
-40 51 7
-47 51 5
-33 51 5
-40 44 5
-40 58 5
-46 47 7
-53 47 5
-39 47 5
-46 40 5
-46 54 5
-50 42 7
-57 42 5
-43 42 5
-50 35 5
-50 49 5
-54 36 7
-61 36 5
-47 36 5
-54 29 5
-54 43 5
-58 30 7
-65 30 5
-51 30 5
-58 23 5
-58 37 5
-61 24 7
-68 24 5
-54 24 5
-61 17 5
-61 31 5
-63 17 7
-70 17 5
-56 17 5
-63 10 5
-63 24 5
-65 10 7
-72 10 5
-58 10 5
-65 3 5
-65 17 5
-65 3 7
-72 3 5
-58 3 5
-65 -4 5
-65 10 5
-65 -3 7
-72 -3 5
-58 -3 5
-65 -10 5
-65 4 5
-65 -10 7
-72 -10 5
-58 -10 5
-65 -17 5
-65 -3 5
-63 -17 7
-70 -17 5
-56 -17 5
-63 -24 5
-63 -10 5
-61 -24 7
-68 -24 5
-54 -24 5
-61 -31 5
-61 -17 5
-58 -30 7
-65 -30 5
-51 -30 5
-58 -37 5
-58 -23 5
-54 -36 7
-61 -36 5
-47 -36 5
-54 -43 5
-54 -29 5
-50 -42 7
-57 -42 5
-43 -42 5
-50 -49 5
-50 -35 5
-46 -47 7
-53 -47 5
-39 -47 5
-46 -54 5
-46 -40 5
-40 -51 7
-47 -51 5
-33 -51 5
-40 -58 5
-40 -44 5
-35 -55 7
-42 -55 5
-28 -55 5
-35 -62 5
-35 -48 5
-28 -59 7
-35 -59 5
-21 -59 5
-28 -66 5
-28 -52 5
-22 -62 7
-29 -62 5
-15 -62 5
-22 -69 5
-22 -55 5
-15 -64 7
-22 -64 5
-8 -64 5
-15 -71 5
-15 -57 5
-8 -65 7
-15 -65 5
-1 -65 5
-8 -72 5
-8 -58 5
-1 -65 7
-8 -65 5
6 -65 5
-1 -72 5
-1 -58 5
5 -65 7
-2 -65 5
12 -65 5
5 -72 5
5 -58 5
12 -64 7
5 -64 5
19 -64 5
12 -71 5
12 -57 5
19 -63 7
12 -63 5
26 -63 5
19 -70 5
19 -56 5
25 -60 7
18 -60 5
32 -60 5
25 -67 5
25 -53 5
31 -57 7
24 -57 5
38 -57 5
31 -64 5
31 -50 5
37 -54 7
30 -54 5
44 -54 5
37 -61 5
37 -47 5
43 -49 7
36 -49 5
50 -49 5
43 -56 5
43 -42 5
48 -44 7
41 -44 5
55 -44 5
48 -51 5
48 -37 5
52 -39 7
45 -39 5
59 -39 5
52 -46 5
52 -32 5
56 -33 7
49 -33 5
63 -33 5
56 -40 5
56 -26 5
60 -27 7
53 -27 5
67 -27 5
60 -34 5
60 -20 5
62 -20 7
55 -20 5
69 -20 5
62 -27 5
62 -13 5
64 -13 7
57 -13 5
71 -13 5
64 -20 5
64 -6 5
65 -7 7
58 -7 5
72 -7 5
65 -14 5
65 0 5
