300
184 207 181
-298 -536 517
951 -563 123
234 -634 593
106 -183 845
732 -826 359
-424 -701 38
-109 -679 548
-756 -398 419
-912 -829 262
671 -378 430
-673 -33 92
245 654 19
341 -413 258
787 386 599
34 -766 861
172 -571 970
-288 -344 419
143 -511 213
791 -516 778
-197 839 485
-972 -477 588
-496 418 578
487 355 410
778 689 208
707 485 781
-267 -185 350
-502 626 505
-821 -176 160
326 -210 246
101 621 42
306 -112 176
469 945 841
-726 798 386
-218 -68 457
785 660 765
-446 675 992
-298 118 109
187 947 987
-460 336 848
-158 848 762
-485 409 18
-353 -917 868
-920 864 929
767 673 563
91 711 346
821 873 145
611 819 599
-876 435 524
-2 782 99
129 209 348
661 -776 327
171 210 142
-243 471 362
48 -594 443
475 -468 571
-190 127 289
307 427 525
741 761 73
-732 625 631
711 516 726
-880 -947 781
-855 -961 669
-773 -319 383
-994 590 869
919 174 149
614 -606 809
-719 -201 227
-12 -150 223
421 992 558
-303 550 791
-278 -184 46
316 -10 277
-951 -610 329
872 916 356
583 -928 204
-683 -203 996
-955 657 152
81 -912 172
296 -97 140
-51 -231 571
-260 -925 733
-792 392 495
211 -122 722
153 973 808
-532 304 50
368 -525 776
225 538 130
-869 441 299
958 250 895
945 611 804
867 -755 767
730 944 468
637 183 799
-327 -814 884
580 -721 105
796 275 910
-818 589 987
-822 645 364
-234 954 424
-802 -644 683
964 -602 397
-530 460 672
256 157 334
-626 -971 473
39 -517 98
-553 333 507
773 -8 225
-191 602 556
103 -182 933
469 782 927
562 889 171
-451 -794 81
-788 -236 254
465 -162 667
187 -21 332
652 -486 217
-214 -732 67
-6 38 921
-649 191 667
-263 -799 36
95 134 855
887 959 184
-386 -297 77
569 -777 687
378 873 242
275 -38 27
657 38 53
265 898 94
-638 483 823
-74 969 992
-12 -249 311
-985 -339 231
-767 999 334
-130 147 129
458 -921 421
910 278 541
23 13 817
-536 -367 155
-11 580 512
-351 -376 369
-98 -868 223
-272 543 138
770 -420 760
865 550 308
821 941 349
839 193 123
-462 139 8
-656 -657 123
-407 -387 880
-525 -944 670
-260 226 815
957 -226 254
406 -737 17
424 571 304
-150 722 742
-458 -917 562
383 566 76
-436 -612 686
839 -318 855
412 754 867
-892 305 1
398 123 580
736 -31 832
177 979 679
-909 535 161
-436 -939 747
-535 -173 426
-747 -653 557
-492 -7 359
-229 -390 415
-1000 426 370
25 935 506
-840 -330 644
812 444 522
950 -96 927
440 840 459
816 -852 318
-398 114 143
587 -247 14
-581 -449 961
522 850 606
505 -844 800
-153 501 289
877 -553 716
275 -606 950
-559 -496 704
411 -232 325
-577 -153 625
-972 316 444
802 -146 34
834 -50 488
122 -786 525
-166 948 649
-889 897 64
726 -868 879
-405 -813 387
995 -848 119
-63 -838 861
768 -737 93
406 540 745
-965 339 311
-54 355 19
740 158 322
-705 917 991
-819 571 199
-634 768 774
844 -408 241
887 -427 519
-134 -717 413
-127 886 755
-201 -545 638
-342 -843 784
-925 243 143
-179 -702 1
107 713 921
-981 582 175
733 -216 965
-77 778 676
-520 811 738
-726 92 225
786 -315 374
565 -282 125
-550 639 947
-574 26 646
805 -765 375
-324 -188 64
978 842 928
797 -176 731
169 892 398
-877 -46 822
-807 -432 410
-328 -202 750
304 -743 513
725 -978 651
398 264 4
-394 -535 997
847 228 509
339 -794 141
-515 -362 189
615 -796 926
-37 976 71
-316 -337 903
0 847 645
830 117 726
-814 -585 242
-348 -556 188
661 -836 160
-501 318 429
897 633 426
-783 -640 93
-770 -501 577
62 178 792
874 174 915
-961 774 934
367 -149 344
942 229 428
-35 420 776
731 16 17
-565 649 640
-294 16 276
-495 -1000 9
-789 -347 665
-56 767 454
751 329 758
-9 969 453
843 -698 776
610 -792 4
626 -21 379
728 232 544
-980 -555 454
-761 -88 807
-653 453 302
861 -411 475
-168 949 484
-575 388 254
193 -477 173
-326 250 803
911 -760 850
486 428 937
-450 -594 196
988 -740 182
63 529 546
117 942 790
-262 -186 108
-893 -522 693
-951 -479 514
744 301 271
-917 -780 350
980 27 659
-242 -826 378
618 391 954
-113 156 361
-573 320 73
-353 751 339
299 -793 112
509 130 783
-408 -775 240
881 223 777
-974 506 631
