300
-24 -50 9
2 -18 7
44 17 7
-44 43 9
45 13 9
47 49 7
-42 -1 9
6 14 6
-43 50 9
-26 -22 1
23 2 3
-7 35 5
4 -5 9
46 -26 8
13 -42 10
23 13 3
32 46 5
-21 3 1
39 -12 3
17 9 1
-37 -46 8
-48 29 8
9 41 4
-50 17 2
-36 -7 6
28 20 6
32 -38 5
-35 4 6
27 -24 5
-42 -48 2
-21 50 1
-38 -37 5
12 47 4
-47 8 4
31 -12 5
2 -28 8
20 -19 6
-48 -40 4
11 -34 8
30 33 5
-32 -24 4
35 10 7
34 -47 5
47 -39 6
-47 -15 6
-2 19 9
-2 17 8
-36 -50 8
-11 18 2
-6 -17 5
19 -42 7
48 31 7
29 9 1
-2 -23 10
42 16 1
-32 12 2
29 -7 3
-45 12 8
2 -28 7
9 24 4
-29 34 2
-48 50 9
45 43 3
-46 -3 1
36 -42 10
10 8 7
-45 41 10
-2 -3 6
-4 44 4
36 -10 7
-41 -35 1
23 -6 9
-45 -27 7
6 -42 1
49 -32 3
26 15 3
8 -7 3
32 15 1
3 -43 3
-16 -29 6
6 19 1
-16 22 8
-31 34 10
48 32 8
-7 31 6
-11 26 7
6 12 4
44 31 8
-37 2 5
27 39 10
-30 -35 8
-7 -25 2
43 6 5
-14 -28 2
6 -11 8
-31 -10 8
-36 -12 1
27 3 5
35 8 4
-2 45 8
-47 2 9
-11 24 1
-18 -15 9
-32 -19 1
-13 36 5
-7 4 1
-34 -2 10
40 -34 9
23 -34 4
19 18 3
13 12 9
-49 -25 8
-38 -50 3
43 -50 7
36 19 10
4 -22 1
-29 21 1
11 -41 9
5 16 6
49 -49 3
-2 13 3
-26 -29 7
33 -13 5
-48 8 1
32 6 4
-36 49 9
-30 42 2
4 -27 1
-10 -21 3
0 -4 1
-22 -2 4
25 4 6
0 46 3
-45 44 1
-8 25 7
17 -31 2
-33 -22 5
4 -10 3
21 -11 3
26 -9 1
37 49 5
24 9 5
-45 0 10
29 -38 10
-44 -15 3
-40 -5 10
-35 49 4
7 -46 6
-35 -30 6
18 4 2
8 -7 2
-28 -6 9
13 -27 1
44 -37 3
-48 -43 6
0 -6 4
37 16 10
-45 21 8
12 0 2
-44 13 2
-1 3 9
-48 -22 3
38 -3 8
-3 -36 2
-13 -23 10
-11 -29 2
-15 7 1
-22 49 3
30 -39 1
49 -40 6
12 36 6
-15 32 7
32 24 7
46 20 2
-49 -8 2
11 -5 2
-10 -39 7
-39 15 1
-17 25 8
10 -12 4
1 46 4
22 5 5
35 -32 9
-44 10 10
34 8 1
12 -14 4
-1 -37 9
30 -26 3
50 -16 10
-16 19 8
3 48 3
22 8 9
0 25 7
45 38 7
28 25 8
-22 -19 9
-14 -48 2
40 -37 7
8 -44 1
31 32 2
-24 35 1
-25 -38 9
30 -21 8
-36 -43 5
-22 -34 7
-46 17 1
24 34 3
-40 45 6
-42 16 7
41 46 3
-39 -30 9
1 -1 6
-23 38 6
-18 -44 3
44 -31 7
-15 -19 10
33 -31 9
-49 -49 7
36 -18 1
-13 18 8
-32 -17 10
-38 -18 10
49 20 9
-41 -43 7
-42 22 10
-36 -23 2
-33 35 9
45 17 10
-22 -24 4
-47 0 3
30 33 2
-12 30 5
47 24 2
-16 -29 6
46 44 7
29 48 9
33 27 7
-19 9 6
31 -3 1
-21 1 7
-17 -13 6
23 -24 10
-48 -33 6
9 44 10
12 -47 2
37 -29 2
25 -19 4
-37 12 7
-20 19 8
39 7 5
-42 45 9
42 33 4
-19 31 4
-17 -16 6
23 29 10
-27 -41 7
21 -36 4
46 -43 9
-3 -2 6
31 -9 9
3 4 6
25 -26 10
31 -33 1
38 30 8
-31 -48 6
21 35 10
-39 43 7
50 5 6
-9 -48 5
31 -7 3
33 -5 9
-40 -28 4
15 -48 7
-33 -4 6
1 11 1
40 -49 2
43 50 1
-20 -31 10
6 4 5
42 35 5
-23 -33 3
-13 -8 4
43 -16 5
-2 35 8
-41 -29 4
-48 -46 8
40 -49 9
49 -21 7
45 24 3
44 7 10
-29 19 1
-49 -5 1
11 -27 5
-38 -5 9
10 7 8
13 14 8
-41 37 7
-36 -42 4
-27 -9 7
32 3 5
