100
0 0 3
0 5 4
0 10 5
0 15 1
0 20 2
0 25 4
0 30 3
0 35 3
0 40 4
0 45 5
5 0 5
5 5 2
5 10 1
5 15 3
5 20 1
5 25 5
5 30 2
5 35 2
5 40 2
5 45 5
10 0 3
10 5 3
10 10 3
10 15 2
10 20 3
10 25 5
10 30 3
10 35 3
10 40 2
10 45 5
15 0 5
15 5 4
15 10 3
15 15 2
15 20 1
15 25 5
15 30 1
15 35 3
15 40 5
15 45 1
20 0 3
20 5 1
20 10 4
20 15 4
20 20 3
20 25 2
20 30 1
20 35 4
20 40 5
20 45 5
25 0 1
25 5 2
25 10 2
25 15 1
25 20 5
25 25 2
25 30 4
25 35 4
25 40 1
25 45 1
30 0 2
30 5 5
30 10 1
30 15 2
30 20 1
30 25 2
30 30 1
30 35 2
30 40 1
30 45 1
35 0 4
35 5 4
35 10 2
35 15 3
35 20 1
35 25 2
35 30 1
35 35 3
35 40 3
35 45 1
40 0 5
40 5 5
40 10 4
40 15 2
40 20 1
40 25 1
40 30 5
40 35 3
40 40 5
40 45 4
45 0 2
45 5 1
45 10 5
45 15 4
45 20 2
45 25 1
45 30 4
45 35 5
45 40 5
45 45 5
