201
0 0 1000
1000 0 50
999 20 50
999 41 50
998 62 50
996 83 50
994 104 50
992 125 50
989 146 50
985 166 50
982 187 50
978 207 50
973 228 50
968 248 50
963 268 50
957 289 50
951 309 50
944 328 50
937 348 50
929 368 50
921 387 50
913 406 50
904 425 50
895 444 50
886 463 50
876 481 50
866 499 50
855 518 50
844 535 50
832 553 50
821 570 50
809 587 50
796 604 50
783 621 50
770 637 50
756 653 50
743 669 50
728 684 50
714 699 50
699 714 50
684 728 50
669 743 50
653 756 50
637 770 50
621 783 50
604 796 50
587 809 50
570 821 50
553 832 50
535 844 50
518 855 50
500 866 50
481 876 50
463 886 50
444 895 50
425 904 50
406 913 50
387 921 50
368 929 50
348 937 50
328 944 50
309 951 50
289 957 50
268 963 50
248 968 50
228 973 50
207 978 50
187 982 50
166 985 50
146 989 50
125 992 50
104 994 50
83 996 50
62 998 50
41 999 50
20 999 50
0 1000 50
-20 999 50
-41 999 50
-62 998 50
-83 996 50
-104 994 50
-125 992 50
-146 989 50
-166 985 50
-187 982 50
-207 978 50
-228 973 50
-248 968 50
-268 963 50
-289 957 50
-309 951 50
-328 944 50
-348 937 50
-368 929 50
-387 921 50
-406 913 50
-425 904 50
-444 895 50
-463 886 50
-481 876 50
-499 866 50
-518 855 50
-535 844 50
-553 832 50
-570 821 50
-587 809 50
-604 796 50
-621 783 50
-637 770 50
-653 756 50
-669 743 50
-684 728 50
-699 714 50
-714 699 50
-728 684 50
-743 669 50
-756 653 50
-770 637 50
-783 621 50
-796 604 50
-809 587 50
-821 570 50
-832 553 50
-844 535 50
-855 518 50
-866 499 50
-876 481 50
-886 463 50
-895 444 50
-904 425 50
-913 406 50
-921 387 50
-929 368 50
-937 348 50
-944 328 50
-951 309 50
-957 289 50
-963 268 50
-968 248 50
-973 228 50
-978 207 50
-982 187 50
-985 166 50
-989 146 50
-992 125 50
-994 104 50
-996 83 50
-998 62 50
-999 41 50
-999 20 50
-1000 0 50
-999 -20 50
-999 -41 50
-998 -62 50
-996 -83 50
-994 -104 50
-992 -125 50
-989 -146 50
-985 -166 50
-982 -187 50
-978 -207 50
-973 -228 50
-968 -248 50
-963 -268 50
-957 -289 50
-951 -309 50
-944 -328 50
-937 -348 50
-929 -368 50
-921 -387 50
-913 -406 50
-904 -425 50
-895 -444 50
-886 -463 50
-876 -481 50
-866 -500 50
-855 -518 50
-844 -535 50
-832 -553 50
-821 -570 50
-809 -587 50
-796 -604 50
-783 -621 50
-770 -637 50
-756 -653 50
-743 -669 50
-728 -684 50
-714 -699 50
-699 -714 50
-684 -728 50
-669 -743 50
-653 -756 50
-637 -770 50
-621 -783 50
-604 -796 50
-587 -809 50
-570 -821 50
-553 -832 50
-535 -844 50
-518 -855 50
