267
-234 -575 5
-239 -575 4
-234 -580 4
-229 -575 4
-234 -570 4
-234 -575 3
-953 -62 5
-958 -62 4
-953 -67 4
-948 -62 4
-953 -57 4
-971 -221 5
-976 -221 4
-971 -226 4
-966 -221 4
-971 -216 4
-971 -221 3
-781 -146 5
-786 -146 4
-781 -151 4
-776 -146 4
-781 -141 4
-559 571 5
-564 571 4
-559 566 4
-554 571 4
-559 576 4
715 -941 5
710 -941 4
715 -946 4
720 -941 4
715 -936 4
-501 363 5
-506 363 4
-501 358 4
-496 363 4
-501 368 4
-501 363 3
-74 -630 5
-79 -630 4
-74 -635 4
-69 -630 4
-74 -625 4
-19 434 5
-24 434 4
-19 429 4
-14 434 4
-19 439 4
412 -177 5
407 -177 4
412 -182 4
417 -177 4
412 -172 4
-944 495 5
-949 495 4
-944 490 4
-939 495 4
-944 500 4
-459 459 5
-464 459 4
-459 454 4
-454 459 4
-459 464 4
-548 -598 5
-553 -598 4
-548 -603 4
-543 -598 4
-548 -593 4
-387 762 5
-392 762 4
-387 757 4
-382 762 4
-387 767 4
-289 904 5
-294 904 4
-289 899 4
-284 904 4
-289 909 4
547 165 5
542 165 4
547 160 4
552 165 4
547 170 4
205 404 5
200 404 4
205 399 4
210 404 4
205 409 4
-225 -793 5
-230 -793 4
-225 -798 4
-220 -793 4
-225 -788 4
604 -316 5
599 -316 4
604 -321 4
609 -316 4
604 -311 4
-123 720 5
-128 720 4
-123 715 4
-118 720 4
-123 725 4
-123 720 3
-149 104 5
-154 104 4
-149 99 4
-144 104 4
-149 109 4
-149 104 3
-125 722 5
-130 722 4
-125 717 4
-120 722 4
-125 727 4
-125 722 3
701 194 5
696 194 4
701 189 4
706 194 4
701 199 4
839 -571 5
834 -571 4
839 -576 4
844 -571 4
839 -566 4
365 -807 5
360 -807 4
365 -812 4
370 -807 4
365 -802 4
-333 -573 5
-338 -573 4
-333 -578 4
-328 -573 4
-333 -568 4
-333 -573 3
-874 150 5
-879 150 4
-874 145 4
-869 150 4
-874 155 4
-874 150 3
517 -135 5
512 -135 4
517 -140 4
522 -135 4
517 -130 4
517 -135 3
-253 -327 5
-258 -327 4
-253 -332 4
-248 -327 4
-253 -322 4
-253 -327 3
-416 852 5
-421 852 4
-416 847 4
-411 852 4
-416 857 4
-416 852 3
-862 -576 5
-867 -576 4
-862 -581 4
-857 -576 4
-862 -571 4
410 -451 5
405 -451 4
410 -456 4
415 -451 4
410 -446 4
641 151 5
636 151 4
641 146 4
646 151 4
641 156 4
833 603 5
828 603 4
833 598 4
838 603 4
833 608 4
833 603 3
669 757 5
664 757 4
669 752 4
674 757 4
669 762 4
669 757 3
17 -69 5
12 -69 4
17 -74 4
22 -69 4
17 -64 4
-760 927 5
-765 927 4
-760 922 4
-755 927 4
-760 932 4
758 474 5
753 474 4
758 469 4
763 474 4
758 479 4
758 474 3
85 -739 5
80 -739 4
85 -744 4
90 -739 4
85 -734 4
85 -739 3
-302 237 5
-307 237 4
-302 232 4
-297 237 4
-302 242 4
-302 237 3
520 -931 5
515 -931 4
520 -936 4
525 -931 4
520 -926 4
167 -886 5
162 -886 4
167 -891 4
172 -886 4
167 -881 4
-46 815 5
-51 815 4
-46 810 4
-41 815 4
-46 820 4
-297 -130 5
-302 -130 4
-297 -135 4
-292 -130 4
-297 -125 4
971 521 5
966 521 4
971 516 4
976 521 4
971 526 4
971 521 3
27 280 5
22 280 4
27 275 4
32 280 4
27 285 4
-592 -303 5
-597 -303 4
-592 -308 4
-587 -303 4
-592 -298 4
-951 194 5
-956 194 4
-951 189 4
-946 194 4
-951 199 4
-633 -593 5
-638 -593 4
-633 -598 4
-628 -593 4
-633 -588 4
-814 -519 5
-819 -519 4
-814 -524 4
-809 -519 4
-814 -514 4
