300
953 -430 5
948 -430 4
953 -435 4
958 -430 4
953 -425 4
953 -430 3
-548 886 5
-553 886 4
-548 881 4
-543 886 4
-548 891 4
-548 886 1
265 -670 5
260 -670 4
265 -675 4
270 -670 4
265 -665 4
265 -670 3
-507 -232 5
-512 -232 4
-507 -237 4
-502 -232 4
-507 -227 4
-507 -232 1
-703 174 5
-708 174 4
-703 169 4
-698 174 4
-703 179 4
-703 174 3
-969 -246 5
-974 -246 4
-969 -251 4
-964 -246 4
-969 -241 4
-969 -246 2
-609 -175 5
-614 -175 4
-609 -180 4
-604 -175 4
-609 -170 4
-609 -175 3
705 -985 5
700 -985 4
705 -990 4
710 -985 4
705 -980 4
705 -985 1
976 -141 5
971 -141 4
976 -146 4
981 -141 4
976 -136 4
976 -141 3
826 145 5
821 145 4
826 140 4
831 145 4
826 150 4
826 145 1
798 56 5
793 56 4
798 51 4
803 56 4
798 61 4
798 56 3
-102 627 5
-107 627 4
-102 622 4
-97 627 4
-102 632 4
-102 627 1
-868 -230 5
-873 -230 4
-868 -235 4
-863 -230 4
-868 -225 4
-868 -230 3
-946 -456 5
-951 -456 4
-946 -461 4
-941 -456 4
-946 -451 4
-946 -456 3
290 826 5
285 826 4
290 821 4
295 826 4
290 831 4
290 826 3
163 632 5
158 632 4
163 627 4
168 632 4
163 637 4
163 632 2
46 167 5
41 167 4
46 162 4
51 167 4
46 172 4
46 167 2
-261 -68 5
-266 -68 4
-261 -73 4
-256 -68 4
-261 -63 4
-261 -68 1
-351 760 5
-356 760 4
-351 755 4
-346 760 4
-351 765 4
-351 760 3
971 366 5
966 366 4
971 361 4
976 366 4
971 371 4
971 366 2
-991 657 5
-996 657 4
-991 652 4
-986 657 4
-991 662 4
-991 657 1
-971 -135 5
-976 -135 4
-971 -140 4
-966 -135 4
-971 -130 4
-971 -135 2
-756 784 5
-761 784 4
-756 779 4
-751 784 4
-756 789 4
-756 784 1
-775 -348 5
-780 -348 4
-775 -353 4
-770 -348 4
-775 -343 4
-775 -348 1
273 -520 5
268 -520 4
273 -525 4
278 -520 4
273 -515 4
273 -520 3
814 -809 5
809 -809 4
814 -814 4
819 -809 4
814 -804 4
814 -809 1
617 -792 5
612 -792 4
617 -797 4
622 -792 4
617 -787 4
617 -792 3
399 248 5
394 248 4
399 243 4
404 248 4
399 253 4
399 248 1
-255 382 5
-260 382 4
-255 377 4
-250 382 4
-255 387 4
-255 382 3
-987 411 5
-992 411 4
-987 406 4
-982 411 4
-987 416 4
-987 411 1
819 559 5
814 559 4
819 554 4
824 559 4
819 564 4
819 559 2
-342 -212 5
-347 -212 4
-342 -217 4
-337 -212 4
-342 -207 4
-342 -212 2
237 984 5
232 984 4
237 979 4
242 984 4
237 989 4
237 984 2
442 8 5
437 8 4
442 3 4
447 8 4
442 13 4
442 8 3
99 -152 5
94 -152 4
99 -157 4
104 -152 4
99 -147 4
99 -152 1
-5 69 5
-10 69 4
-5 64 4
0 69 4
-5 74 4
-5 69 2
536 -476 5
531 -476 4
536 -481 4
541 -476 4
536 -471 4
536 -476 2
-376 4 5
-381 4 4
-376 -1 4
-371 4 4
-376 9 4
-376 4 3
871 713 5
866 713 4
871 708 4
876 713 4
871 718 4
871 713 1
-663 873 5
-668 873 4
-663 868 4
-658 873 4
-663 878 4
-663 873 1
-489 -913 5
-494 -913 4
-489 -918 4
-484 -913 4
-489 -908 4
-489 -913 1
-964 596 5
-969 596 4
-964 591 4
-959 596 4
-964 601 4
-964 596 3
-391 -460 5
-396 -460 4
-391 -465 4
-386 -460 4
-391 -455 4
-391 -460 2
132 -695 5
127 -695 4
132 -700 4
137 -695 4
132 -690 4
132 -695 2
687 534 5
682 534 4
687 529 4
692 534 4
687 539 4
687 534 1
-569 396 5
-574 396 4
-569 391 4
-564 396 4
-569 401 4
-569 396 2
961 -188 5
956 -188 4
961 -193 4
966 -188 4
961 -183 4
961 -188 2
-36 458 5
-41 458 4
-36 453 4
-31 458 4
-36 463 4
-36 458 3
649 823 5
644 823 4
649 818 4
654 823 4
649 828 4
649 823 3
-251 673 5
-256 673 4
-251 668 4
-246 673 4
-251 678 4
-251 673 1
