300
0 0 722
2 0 729
5 0 506
8 0 846
11 1 943
14 1 919
17 2 615
20 3 626
23 4 719
26 5 939
29 6 855
32 7 707
34 8 577
37 10 585
40 12 981
42 13 558
45 15 789
47 17 621
50 19 671
52 22 796
54 24 694
57 26 782
59 29 653
61 31 714
63 34 535
64 37 912
66 40 892
68 43 760
69 46 895
71 49 899
72 52 821
74 56 754
75 59 951
76 63 674
77 66 908
78 70 551
78 73 909
79 77 553
79 81 519
80 85 980
80 89 930
80 93 522
80 97 980
80 101 550
79 105 805
79 109 797
78 113 693
78 117 963
77 121 745
76 125 790
75 129 927
73 134 970
72 138 949
70 142 879
68 146 619
67 150 745
65 154 672
62 158 731
60 163 982
58 167 621
55 171 923
52 175 817
50 179 781
47 183 742
43 186 964
40 190 539
37 194 765
33 198 640
29 201 553
25 205 758
21 208 520
17 212 578
13 215 514
9 218 620
4 221 528
0 225 870
-4 227 796
-9 230 988
-14 233 551
-19 236 569
-25 238 769
-30 241 859
-35 243 806
-41 245 682
-47 247 550
-53 249 709
-58 251 827
-64 252 766
-70 254 986
-77 255 853
-83 256 906
-89 257 775
-96 258 676
-102 259 894
-109 259 890
-115 260 927
-122 260 679
-129 260 891
-136 260 733
-143 260 811
-149 259 991
-156 259 873
-163 258 648
-170 257 599
-178 256 736
-185 254 876
-192 253 545
-199 251 957
-206 249 942
-213 247 816
-220 245 686
-227 242 708
-235 240 604
-242 237 754
-249 234 557
-256 230 523
-263 227 857
-270 223 997
-277 219 990
-284 215 928
-291 211 921
-298 207 542
-304 202 695
-311 197 523
-318 192 560
-324 187 620
-331 182 836
-337 176 601
-343 170 968
-350 164 853
-356 158 815
-362 152 821
-368 145 574
-373 139 684
-379 132 722
-385 125 798
-390 117 972
-395 110 752
-400 102 921
-405 95 549
-410 87 626
-415 79 610
-420 71 762
-424 62 803
-428 54 977
-432 45 576
-436 36 867
-440 27 869
-443 18 909
-446 9 898
-450 0 748
-452 -9 657
-455 -19 996
-458 -28 836
-460 -38 699
-462 -48 710
-464 -58 842
-465 -68 962
-467 -79 880
-468 -89 750
-469 -99 688
-470 -110 903
-470 -120 883
-470 -131 532
-471 -142 670
-470 -152 904
-470 -163 614
-469 -174 893
-468 -185 619
-467 -196 996
-465 -207 613
-464 -218 912
-462 -229 888
-459 -240 559
-457 -251 832
-454 -262 527
-451 -273 882
-448 -284 747
-444 -295 661
-440 -306 896
-436 -317 660
-432 -328 778
-427 -339 823
-423 -349 974
-417 -360 997
-412 -371 565
-406 -381 693
-400 -392 722
-394 -402 774
-388 -413 941
-381 -423 887
-374 -433 835
-367 -443 812
-359 -453 507
-351 -463 706
-343 -473 977
-335 -482 580
-327 -492 705
-318 -501 501
-309 -510 590
-300 -519 997
-290 -528 695
-280 -537 737
-270 -545 810
-260 -553 813
-250 -561 789
-239 -569 955
-228 -577 916
-217 -584 933
-206 -592 977
-194 -599 666
-182 -605 802
-171 -612 625
-158 -618 952
-146 -625 570
-134 -630 661
-121 -636 886
-108 -641 624
-95 -646 737
-82 -651 929
-68 -656 525
-55 -660 906
-41 -664 934
-28 -668 954
-14 -671 912
0 -675 867
14 -677 634
28 -680 558
42 -682 654
57 -684 965
72 -686 599
86 -687 702
101 -688 660
116 -689 989
131 -689 891
146 -689 886
161 -689 796
176 -688 556
192 -687 570
207 -686 971
222 -684 741
237 -682 977
253 -680 709
268 -677 658
283 -674 707
298 -671 962
314 -667 946
329 -663 803
344 -659 640
359 -654 637
375 -649 730
390 -644 705
405 -638 918
420 -632 971
434 -625 660
449 -618 554
464 -611 859
478 -604 993
493 -596 511
507 -588 867
521 -579 599
536 -570 565
549 -561 516
563 -552 791
577 -542 962
590 -531 698
604 -521 996
617 -510 700
630 -499 537
642 -487 745
655 -476 668
667 -463 700
679 -451 726
691 -438 721
703 -425 844
714 -412 677
725 -398 571
736 -384 595
747 -370 972
757 -356 666
767 -341 785
777 -326 851
786 -311 658
795 -295 958
804 -280 511
813 -264 527
821 -247 916
829 -231 774
836 -214 508
844 -197 524
850 -180 681
857 -163 920
863 -146 994
869 -128 906
875 -110 971
880 -92 850
884 -74 950
889 -55 878
893 -37 734
896 -18 751
