100
25 96 13 61
2 81 22 85
45 5 38 51
23 60 31 85
46 63 2 85
57 2 37 76
28 93 18 42
94 68 8 80
45 93 22 71
54 54 48 54
63 73 7 72
54 42 17 74
13 89 32 94
26 13 44 64
46 77 45 89
63 60 7 84
55 90 41 66
80 7 47 65
12 1 32 63
20 79 38 64
22 97 11 77
97 100 41 66
2 93 18 72
2 79 36 71
96 31 47 79
21 12 36 70
83 57 1 90
81 87 37 39
95 10 4 76
56 23 46 66
72 100 43 70
36 73 48 63
31 51 38 51
65 69 34 91
65 52 19 33
12 80 45 70
45 78 43 63
56 57 47 85
70 55 15 60
100 51 44 61
1 67 29 32
39 57 32 33
66 66 39 53
18 48 20 41
67 17 12 50
76 79 32 54
26 66 22 24
8 49 23 30
30 46 21 95
20 96 18 61
5 45 5 91
66 95 20 27
3 45 4 15
22 24 7 33
56 96 31 86
97 2 25 60
17 9 40 82
31 32 10 12
87 71 50 89
81 2 38 94
81 96 7 95
23 2 25 80
62 22 11 35
94 63 33 94
51 8 43 79
65 38 50 55
64 76 7 65
19 13 50 56
39 86 27 37
18 86 16 23
74 59 12 80
37 84 50 54
48 6 37 70
50 73 11 19
87 14 39 65
35 8 49 83
54 16 49 70
40 91 25 43
28 36 31 91
98 40 40 61
83 32 31 97
81 43 5 26
33 35 13 91
86 38 13 24
21 2 18 69
12 55 36 63
93 93 29 82
22 52 50 67
81 50 6 98
59 57 33 92
21 83 25 35
96 23 30 54
14 71 7 62
88 30 42 54
61 17 30 99
85 12 37 38
93 39 18 56
95 70 4 5
56 43 16 80
60 93 33 86
