100
58 4 41 40
92 32 90 5
14 71 18 63
83 52 83 54
31 65 57 88
67 18 59 11
18 43 8 64
73 46 22 100
31 59 38 66
66 53 37 23
44 11 68 28
2 36 40 7
40 53 74 1
66 55 96 49
80 6 70 55
82 6 58 98
52 37 83 26
87 90 93 22
85 3 67 94
85 64 63 41
36 2 93 37
60 92 31 41
33 96 14 21
10 62 43 89
12 59 18 84
83 71 22 83
2 100 55 87
18 60 30 94
11 26 100 10
14 49 27 35
9 67 22 25
50 90 17 67
71 18 90 41
42 97 69 30
58 32 60 26
11 97 35 77
6 87 96 81
23 74 36 60
92 9 12 63
72 75 92 59
93 81 83 7
44 90 48 48
81 21 2 7
15 41 32 98
20 39 74 15
86 84 54 26
67 68 47 15
94 71 68 69
78 15 33 96
25 44 61 3
98 86 14 2
26 86 23 61
16 100 77 91
21 42 9 39
48 83 83 37
50 80 50 6
2 22 85 7
22 33 54 93
8 3 62 20
25 70 11 31
88 25 13 68
91 31 89 18
1 58 48 42
94 93 76 56
6 77 73 28
89 3 81 37
68 80 36 63
98 87 96 70
63 86 78 60
56 73 98 83
37 61 6 56
33 26 8 4
24 81 79 23
76 61 29 71
27 89 51 65
59 20 79 48
1 80 8 38
93 23 53 62
96 100 22 5
31 95 69 7
14 36 25 8
86 87 22 79
42 55 23 48
70 17 54 59
23 33 7 91
64 1 25 19
26 92 30 27
68 52 55 60
83 99 37 19
67 90 76 62
39 40 64 42
49 91 27 89
15 7 28 1
15 100 25 51
43 47 56 84
84 37 54 39
11 23 38 96
55 72 60 34
12 86 58 78
71 72 80 25
