100
25 96 2 99
2 81 2 53
45 5 2 97
23 60 3 58
46 63 3 73
57 2 3 82
28 93 3 72
94 68 2 81
45 93 2 73
54 54 2 61
63 73 2 88
54 42 2 99
13 89 2 78
26 13 3 88
46 77 3 58
63 60 2 87
55 90 3 65
80 7 2 94
12 1 1 93
20 79 2 60
22 97 2 79
97 100 3 100
2 93 1 76
2 79 3 71
96 31 3 92
21 12 1 90
83 57 1 54
81 87 2 74
95 10 3 76
56 23 1 54
72 100 1 68
36 73 1 79
31 51 1 53
65 69 2 99
65 52 1 62
12 80 2 74
45 78 3 54
56 57 3 77
70 55 2 64
100 51 3 61
1 67 2 95
39 57 2 87
66 66 2 82
18 48 3 73
67 17 1 70
76 79 2 92
26 66 1 66
8 49 3 60
30 46 1 86
20 96 2 78
5 45 3 56
66 95 2 94
3 45 3 63
22 24 3 93
56 96 1 89
97 2 2 87
17 9 3 58
31 32 3 90
87 71 1 89
81 2 2 80
81 96 3 77
23 2 2 73
62 22 3 99
94 63 1 91
51 8 2 94
65 38 1 55
64 76 2 93
19 13 1 56
39 86 3 78
18 86 1 61
74 59 1 64
37 84 2 77
48 6 3 67
50 73 3 78
87 14 2 80
35 8 2 98
54 16 3 64
40 91 2 76
28 36 3 88
98 40 1 91
83 32 2 93
81 43 1 86
33 35 2 96
86 38 2 99
21 2 1 67
12 55 1 79
93 93 3 97
22 52 1 67
81 50 3 66
59 57 2 95
21 83 2 99
96 23 1 54
14 71 2 85
88 30 3 94
61 17 3 83
85 12 1 52
93 39 1 78
95 70 2 55
56 43 3 92
60 93 1 87
