100
44 73 60 37
82 15 99 93
36 85 79 48
33 97 26 62
81 24 35 82
92 2 61 18
45 88 37 75
80 75 29 11
95 56 79 59
10 72 63 65
75 30 57 91
75 100 98 12
51 80 6 84
5 89 52 69
53 91 99 2
98 14 38 66
9 97 99 59
72 81 36 93
26 84 30 29
81 84 77 12
47 91 75 59
100 63 5 54
45 73 84 26
81 52 6 39
49 78 46 40
51 70 79 61
63 91 26 21
2 71 25 99
82 17 12 81
50 99 23 6
81 74 55 17
36 75 37 42
35 88 61 16
61 82 51 65
60 74 76 41
79 12 2 18
81 54 95 65
77 57 63 91
67 98 85 17
25 91 13 22
76 7 34 2
79 88 52 6
47 92 61 89
68 81 89 2
47 92 97 26
32 79 30 54
75 30 89 35
97 65 46 64
92 14 31 75
15 76 33 14
98 11 88 81
38 76 12 55
89 26 1 53
84 96 81 21
100 42 33 57
75 98 61 36
24 99 73 78
42 76 56 3
91 31 36 55
90 15 95 47
80 71 32 15
80 39 46 19
100 47 38 62
23 71 30 55
80 33 9 4
73 67 39 52
97 60 16 99
87 74 8 74
92 36 97 46
77 36 98 69
25 79 76 18
77 44 71 83
19 81 29 52
71 42 16 77
100 92 91 22
87 27 80 44
76 20 14 83
97 8 9 31
63 94 29 24
74 27 64 21
46 85 66 19
83 49 95 5
68 78 47 7
90 88 22 78
85 33 44 71
86 92 30 19
74 6 93 35
88 64 4 54
71 96 76 13
100 51 2 71
40 74 68 1
83 31 92 95
84 71 96 90
87 56 22 36
70 22 66 90
89 79 29 43
18 77 96 26
77 57 19 68
93 64 88 95
41 75 11 51
