100
25 96 61 13
2 81 85 22
45 5 51 38
23 60 85 31
46 63 85 2
57 2 76 37
28 93 42 18
94 68 80 8
45 93 71 22
54 54 54 48
63 73 72 7
54 42 74 17
13 89 94 32
26 13 64 44
46 77 89 45
63 60 84 7
55 90 66 41
80 7 65 47
12 1 63 32
20 79 64 38
22 97 77 11
97 100 66 41
2 93 72 18
2 79 71 36
96 31 79 47
21 12 70 36
83 57 90 1
81 87 39 37
95 10 76 4
56 23 66 46
72 100 70 43
36 73 63 48
31 51 51 38
65 69 91 34
65 52 33 19
12 80 70 45
45 78 63 43
56 57 85 47
70 55 60 15
100 51 61 44
1 67 32 29
39 57 33 32
66 66 53 39
18 48 41 20
67 17 50 12
76 79 54 32
26 66 24 22
8 49 30 23
30 46 95 21
20 96 61 18
5 45 91 5
66 95 27 20
3 45 15 4
22 24 33 7
56 96 86 31
97 2 60 25
17 9 82 40
31 32 12 10
87 71 89 50
81 2 94 38
81 96 95 7
23 2 80 25
62 22 35 11
94 63 94 33
51 8 79 43
65 38 55 50
64 76 65 7
19 13 56 50
39 86 37 27
18 86 23 16
74 59 80 12
37 84 54 50
48 6 70 37
50 73 19 11
87 14 65 39
35 8 83 49
54 16 70 49
40 91 43 25
28 36 91 31
98 40 61 40
83 32 97 31
81 43 26 5
33 35 91 13
86 38 24 13
21 2 69 18
12 55 63 36
93 93 82 29
22 52 67 50
81 50 98 6
59 57 92 33
21 83 35 25
96 23 54 30
14 71 62 7
88 30 54 42
61 17 99 30
85 12 38 37
93 39 56 18
95 70 5 4
56 43 80 16
60 93 86 33
