100
25 96 99 2
2 81 53 2
45 5 97 2
23 60 58 3
46 63 73 3
57 2 82 3
28 93 72 3
94 68 81 2
45 93 73 2
54 54 61 2
63 73 88 2
54 42 99 2
13 89 78 2
26 13 88 3
46 77 58 3
63 60 87 2
55 90 65 3
80 7 94 2
12 1 93 1
20 79 60 2
22 97 79 2
97 100 100 3
2 93 76 1
2 79 71 3
96 31 92 3
21 12 90 1
83 57 54 1
81 87 74 2
95 10 76 3
56 23 54 1
72 100 68 1
36 73 79 1
31 51 53 1
65 69 99 2
65 52 62 1
12 80 74 2
45 78 54 3
56 57 77 3
70 55 64 2
100 51 61 3
1 67 95 2
39 57 87 2
66 66 82 2
18 48 73 3
67 17 70 1
76 79 92 2
26 66 66 1
8 49 60 3
30 46 86 1
20 96 78 2
5 45 56 3
66 95 94 2
3 45 63 3
22 24 93 3
56 96 89 1
97 2 87 2
17 9 58 3
31 32 90 3
87 71 89 1
81 2 80 2
81 96 77 3
23 2 73 2
62 22 99 3
94 63 91 1
51 8 94 2
65 38 55 1
64 76 93 2
19 13 56 1
39 86 78 3
18 86 61 1
74 59 64 1
37 84 77 2
48 6 67 3
50 73 78 3
87 14 80 2
35 8 98 2
54 16 64 3
40 91 76 2
28 36 88 3
98 40 91 1
83 32 93 2
81 43 86 1
33 35 96 2
86 38 99 2
21 2 67 1
12 55 79 1
93 93 97 3
22 52 67 1
81 50 66 3
59 57 95 2
21 83 99 2
96 23 54 1
14 71 85 2
88 30 94 3
61 17 83 3
85 12 52 1
93 39 78 1
95 70 55 2
56 43 92 3
60 93 87 1
