50
4314 8068 8880 3482 7867 6735 4303 3188 6711 9681 1579 9442 3610 2510 5847 8904 3152 6110 9000 191 6935 858 839 9937 5135 3948 9549 0 1450 7404 9955 6885 4648 370 4988 1518 2012 6920 3097 8422 1303 7941 558 4703 4541 7190 6430 4060 5636
48
26 34
26 2
49 0
29 27
33 35
17 26
40 6
49 48
49 38
48 44
42 13
47 27
2 28
24 41
49 35
14 7
24 7
41 44
41 34
47 46
41 33
46 35
6 29
27 48
7 21
31 42
0 2
5 2
17 20
4 36
16 20
40 38
9 44
24 13
29 11
41 49
5 37
13 46
49 9
7 19
32 25
9 24
8 14
4 31
34 5
16 32
6 41
4 20
