50
9492 2956 4058 7809 9029 3513 5085 416 0 6444 0 2072 4898 7816 6229 5523 616 0 5891 6039 8194 0 6172 2053 6161 4790 243 6780 6672 7177 4941 3919 3510 4480 1378 0 2114 0 0 7873 1227 8854 5326 0 0 5323 9633 0 3478
50
24 14
20 48
16 23
49 42
8 28
31 12
12 7
44 12
12 35
22 49
24 33
16 35
47 32
16 17
5 45
24 27
2 16
19 43
23 19
34 12
49 28
19 35
39 30
33 31
34 8
46 17
10 2
47 39
5 38
31 8
26 1
38 12
34 42
38 13
47 12
31 17
22 30
16 0
1 48
17 10
3 13
4 47
15 8
37 15
40 10
27 37
4 15
30 18
4 27
46 31
