100
22 699
53 146
4 701
67 552
91 453
58 609
73 879
71 234
30 946
60 229
52 248
61 939
19 998
12 572
36 744
16 941
84 843
51 937
36 419
34 867
68 350
10 656
42 828
79 906
34 865
46 732
74 613
41 834
70 672
56 392
7 554
20 923
58 694
70 555
80 875
82 129
13 305
62 649
68 772
75 133
87 781
21 625
53 246
61 362
73 580
17 720
23 586
20 717
44 891
8 544
85 695
90 837
55 423
79 779
25 476
71 342
11 997
76 541
92 726
58 690
49 731
82 906
87 650
85 923
27 785
47 275
14 563
91 294
73 200
68 287
75 907
92 445
52 186
51 289
15 341
22 981
1 455
87 628
51 732
65 298
38 965
55 682
83 393
28 795
31 358
93 697
61 725
81 632
97 170
2 135
62 874
91 906
17 864
84 399
83 885
94 735
30 205
78 690
88 300
1 291
