100
74 800
85 692
38 389
84 306
21 224
43 987
81 293
70 141
61 874
90 693
88 461
92 492
22 284
97 335
40 157
54 693
13 593
99 538
62 343
50 783
35 278
23 522
73 401
12 546
10 615
100 597
22 329
70 167
90 234
66 585
46 394
28 932
25 916
26 247
25 502
36 440
2 234
4 994
42 696
90 635
16 966
75 128
19 818
40 357
42 716
98 314
1 128
26 203
4 745
93 889
9 860
82 223
44 342
77 140
90 693
40 771
98 356
98 792
53 935
3 410
27 944
11 296
67 391
77 436
96 645
80 860
4 425
49 763
71 870
14 657
11 783
19 960
92 544
5 722
7 126
9 120
44 354
36 658
26 319
27 301
64 997
47 187
25 925
12 548
74 123
7 282
9 502
66 560
54 699
53 741
49 527
60 316
46 508
58 202
10 379
42 558
89 183
74 392
61 781
99 175
