1000
72730 988621
49697 949386
13774 926607
81869 901776
149988 811513
89540 857096
139332 987792
111775 994857
194795 943598
147140 961424
41733 979085
141933 866487
194497 835874
76854 890335
8426 823551
57150 994385
40130 928591
62875 895141
51680 801067
186832 861277
85883 965553
1824 818605
147427 848406
160587 854653
56645 856448
191498 994775
96893 915765
112433 817701
150770 823845
55466 914331
66211 859770
55094 918436
142113 850920
113013 904134
74182 855023
16412 960687
58674 946905
147172 866190
124982 843069
153014 943070
124695 862776
69832 980857
40105 818531
148353 944756
59635 946532
195038 953804
60996 896919
35037 816588
119842 871136
106071 862116
82652 858984
70180 825250
90749 898065
32605 946020
134969 809393
170490 866007
102861 880362
4490 957987
26034 928201
111925 961554
19373 979994
105183 957354
84973 966886
709 818628
109654 883986
72921 856847
101382 923620
82792 807601
186681 907995
10125 977391
135804 959455
175635 980612
143044 821227
88305 890992
27126 992960
100361 851116
43778 995080
123760 989325
42719 976627
70518 991292
36311 826998
69488 832733
78545 854619
147552 802121
142257 826109
63854 807786
147760 896491
156147 916650
126327 879920
76760 938167
124847 912633
169425 806844
134132 840521
449 901294
73029 816459
124822 807977
183220 834875
112979 995303
118396 896283
116017 958877
165145 974976
95627 969920
188452 984614
194780 986603
14442 897792
192819 951184
48612 802265
9766 813888
44394 813677
103378 975324
83579 998535
192131 840612
44605 843028
72987 999279
48975 800561
64658 942484
161369 929236
182797 803313
128184 823387
65865 865170
88209 997021
145098 820070
72953 809134
180279 907065
52581 803406
185023 862135
159697 824423
179540 903251
43710 960186
136614 928981
127739 948618
38163 821635
158465 863806
60334 917648
85141 997992
62390 902439
179825 811716
153466 844900
127483 833231
148412 861177
172651 873958
170649 847537
49160 817574
58621 829603
145492 896054
170090 945739
29826 901675
39872 931330
112522 897412
159392 922984
112726 832472
131719 928396
86308 933536
36334 872352
193133 947668
13162 918647
75986 936595
182699 957443
44395 874580
39971 835703
159126 940263
80818 807941
22594 872255
164306 987856
181143 813706
74874 867537
42355 933956
196841 994330
180224 837438
160670 963920
83087 906359
58340 922041
113081 816816
19101 908779
189246 802493
48465 969383
139872 834153
48190 920744
94015 963563
168203 818316
80248 987816
104033 884529
117400 806280
68887 861008
131725 906751
87723 969028
1473 826074
99745 938677
95349 828871
29900 942071
143173 909451
67927 856758
147003 817763
152715 955617
11779 845164
149922 853043
157578 854765
29071 888649
46046 913700
3809 895444
193409 802245
187891 894497
14808 989922
184892 950945
29952 984073
22659 872832
179821 936891
113601 902409
15677 847295
87016 836773
167592 930235
38896 930593
178984 962681
173610 993094
4959 838121
126175 817377
165694 893498
186092 944785
60723 809678
145642 945395
131704 931331
47286 945742
132049 870424
188980 810682
78772 827914
45565 865293
91845 912182
26751 951809
98838 979316
100085 878379
92261 862588
141770 858258
63979 805949
15590 994006
125598 865323
32977 920167
27732 811843
164613 997862
7001 938443
9206 833132
107411 852626
187322 884065
139942 916977
36789 891541
159660 943614
58617 979236
94588 818121
35061 912224
115648 950315
148099 830439
3665 988883
9260 968669
172916 929320
61416 975345
50537 916890
44841 815570
8403 860226
13260 946485
112175 971817
186836 868487
162522 932603
194840 913718
123822 918869
65732 834474
149402 956187
13721 963635
194673 896434
181671 902841
197653 853479
38724 874853
13470 815783
137325 977236
179438 896873
2470 951533
117249 889039
197128 931316
106845 875071
22444 853312
122701 810814
191351 973347
166156 983586
100871 804988
126285 877179
185775 978791
36722 915049
22916 885442
64859 925937
144084 967733
113894 823014
45860 900706
12019 996091
195587 936186
196900 899692
40196 929458
116676 944040
147871 949207
117778 867649
66113 999179
81517 861060
99282 836469
97251 885439
195384 882031
188780 925755
129964 842330
89595 975758
119318 981792
95461 892336
175219 865864
74939 913113
51953 888188
165483 928824
166491 844105
178384 926764
164631 884831
58165 958536
23994 888567
14220 956384
145477 962602
127661 839461
132020 911667
112947 871302
3721 862662
40964 949966
177879 905203
82471 894423
153013 835690
77175 804365
30095 823310
96507 885478
169758 836237
138914 937455
147655 844874
47758 855563
44454 902374
132247 886218
5532 890517
88812 897562
191491 948547
17398 943026
83072 918841
88478 875656
40766 801141
11787 880165
56120 958087
79898 822778
109741 888082
78558 834377
159027 921443
139712 958341
48759 987968
194997 992196
130657 847158
70129 918898
3770 877499
85089 915117
59020 960950
147334 910299
190547 854983
17703 896941
100748 826275
40357 945812
74680 898205
6347 855725
32260 969320
40310 985163
146488 958887
43355 978348
122706 993022
18358 850546
169382 920734
142577 911971
162529 914237
28327 816563
49277 957307
118259 836923
1881 873449
38600 802991
99792 832104
180313 839931
99517 956583
177864 935451
187085 979506
196382 964377
65303 963406
173007 803136
189433 880032
56916 902594
58086 806073
179059 957214
169358 964251
34875 970461
18770 826069
46927 875897
61339 857571
79902 919553
24810 802463
132671 939257
174947 957521
51388 898027
186892 955096
39101 993089
66449 849730
190280 924971
128900 950757
12320 835626
181012 868929
130720 896270
162584 940410
199023 988552
141407 809975
102980 884250
871 816862
159578 933390
63317 912142
137767 825078
160834 814224
42815 946933
171269 811964
42892 921123
109821 970373
88945 984533
146506 970964
147645 852824
139205 807103
137387 853782
153227 986613
35694 860923
17681 894770
159045 907598
133591 993832
142762 872951
46235 802416
22341 833569
179718 944214
180092 832100
104191 816500
61690 930929
86129 836905
95418 970880
13203 954684
128836 962260
195116 858802
112445 858718
84667 824748
172652 830560
145014 974973
115370 981110
79725 929554
33987 827545
5970 824691
78936 886310
49865 897412
51360 973683
82315 847058
35728 969483
197461 942499
142536 809195
97237 848952
16143 882788
68945 845192
60764 986482
185813 862167
136597 981709
126544 975464
102578 849798
102615 975641
27997 940701
136780 930371
70773 870385
151854 800073
101774 926206
36148 942894
72337 821554
147841 891920
54822 909905
179712 883867
138124 880787
128732 885003
148673 816069
113586 853935
7657 856249
173960 927633
151098 878701
113026 863551
30603 949286
80245 907282
128308 956047
15347 801902
53874 884782
163727 841135
114429 800365
77415 978324
22128 985512
128635 977718
132441 822871
139493 826435
157280 901154
198997 885414
186711 857303
48609 993289
133870 859910
74745 826688
169066 819602
29493 873840
107595 974408
59876 901764
2996 872516
194549 821250
57456 860382
148199 832309
103630 802624
121024 821235
11392 952352
72067 967414
162029 840844
128316 879552
181176 947166
17388 833410
21869 912685
121305 964598
138901 924306
49654 866876
33272 906631
101797 920984
77605 982000
192218 905652
19746 984576
23591 946901
144347 932342
58993 972993
9286 844739
171819 977785
85479 835937
18528 841519
76883 943693
12016 897880
75243 836812
134712 875730
86420 978424
187820 897732
111154 801176
23738 990470
33187 991674
100551 864555
129591 850343
173815 897774
21644 890473
94275 948838
134246 972138
73836 947308
15494 988958
171044 802562
28853 969502
135114 938118
155388 957601
133700 815665
91663 808330
30487 837640
197828 994777
137347 965140
171647 940165
169325 957991
151307 889614
158387 993710
173501 898014
73697 876641
21006 841965
149224 975775
3415 816716
159308 831273
94308 879242
184900 844567
57480 842573
25343 904812
13198 842233
134207 907754
80224 812800
132964 885039
138897 963707
72511 859522
64281 989136
10013 863692
21969 816158
62872 866969
161330 924511
197163 857260
139829 906029
65400 849481
125302 858856
169968 802089
92839 812709
166471 830436
133312 818323
83987 857428
66088 965993
186487 905449
69004 978222
100074 804382
154653 830426
166092 863188
186512 919126
177158 987438
116346 984099
190765 883195
53772 805898
40373 964409
166345 856089
100900 887017
44289 889181
182938 909879
26603 877234
108536 936652
48744 925097
132647 887559
154177 878594
41933 983535
114263 950589
109393 942037
36543 903002
151941 978805
126354 877224
101154 955522
17696 938485
52536 812553
180879 944493
96137 898550
159214 820233
18329 818916
2989 927237
118121 951340
50241 997514
157830 844711
62067 989080
98785 970824
188484 905115
177590 986936
18228 981328
155388 833588
165714 814882
31973 826102
69588 950255
154228 894198
157645 980057
194390 926993
195641 947566
22230 924098
98034 989791
120335 913075
152090 849575
141932 830654
78150 878364
178596 985736
52655 836458
90801 865636
54813 928246
157487 841637
48478 929625
9768 867121
90569 952033
185955 980749
79722 954050
168428 816874
120822 957490
193280 912150
181314 827873
174016 913782
106672 844119
127285 987568
151550 866899
107243 837581
54019 899717
96236 824329
83788 953543
146896 992118
51609 837512
161781 839684
62703 928949
125518 888728
53292 819561
43286 830967
2442 897775
111836 975845
150598 988278
54175 803912
31805 921844
172638 819722
117311 863867
50098 988069
110478 929518
158105 814099
115905 851192
4407 891657
604 904389
140789 856026
165445 883188
167652 976736
198722 877608
27077 909639
150692 970625
1593 892161
171836 801784
113400 837239
117214 858499
162364 879356
164856 819718
141101 891107
120846 824511
69253 884550
34398 972203
152807 914523
55866 813946
132562 895210
139687 882067
162634 930694
89939 982994
10119 975424
68372 888210
63755 878641
91206 919627
131978 985017
118247 919397
155174 881158
198270 989174
105859 813162
133335 841478
15594 930593
90660 925021
146053 937809
185456 846302
10859 944637
173065 834909
135885 989101
176524 977472
43450 892038
68114 850576
125733 979414
93726 922876
107599 872880
161803 889125
18982 913343
178457 896778
181153 876460
61610 933252
40439 831203
1793 887396
74816 854779
75889 889786
192372 901682
186588 874837
167345 899397
132382 855156
171904 832763
129317 933496
164200 874278
163417 903505
148557 941336
158851 858225
186405 874407
188652 848578
123858 952329
179050 848652
86053 914442
113140 831800
35475 815763
50244 934798
198153 950200
109402 891081
177983 860852
181464 871311
126050 942245
103634 826523
52608 883425
85786 915692
73916 833477
130339 850051
72093 871220
166460 944436
158239 910100
100999 834615
99074 888680
34421 819828
70632 970782
100355 896674
152114 960514
198024 877779
68908 883422
21128 916403
31339 969987
108417 952522
197044 820778
176038 996794
42845 832732
130706 904372
172921 916843
30599 891336
28702 815099
30798 915665
100832 835325
117332 847578
77957 820299
92472 802636
197014 831749
122722 961990
112407 987611
77648 911494
134788 998000
47969 957389
165732 962365
177988 914973
160199 807218
111455 837093
175338 825135
172839 941220
150445 976480
191377 884112
50721 828045
62568 885539
52992 974464
40520 946711
172550 882450
33067 906525
174105 920144
175568 862162
55288 805223
34922 803902
141553 935480
121296 856280
64510 898263
19020 962658
195349 814768
131350 925502
104033 811226
17985 917170
67483 922389
31682 836828
90023 876687
165210 839091
4129 931529
419 850997
137164 973865
70876 925658
100652 839207
163204 814758
50234 886534
82974 976805
80306 840958
64764 839008
139834 886974
103481 929975
93110 810049
81245 928824
31131 895339
402 887965
165014 827773
69459 830294
76097 951912
92835 879472
49043 933304
64845 813418
78006 878104
92912 904110
8227 814590
160610 863006
25050 876545
52366 924040
154281 878653
39768 935650
160864 896303
26110 833904
198896 877233
107407 964970
37833 813470
22962 834782
16758 806313
119066 890311
71975 967984
85962 829336
143808 842961
179900 825324
24659 918875
158999 908649
199752 944104
16087 884768
32224 907421
65122 825178
59529 829193
164364 908460
100678 903206
95210 874788
82114 949638
90632 923493
174468 853996
90204 927073
70094 975104
84894 835220
79252 942356
193253 934238
17600 988809
120095 880723
120137 840942
91511 843453
82383 924490
161748 898888
193448 963604
105177 926924
98509 931242
28657 964312
139401 817596
139435 889706
134711 876918
149437 953079
34073 954830
173355 883474
176547 908628
24195 972496
1039 977149
54796 870154
21308 999160
66097 925620
20877 944448
50081 893321
127893 942871
11207 998156
85703 830155
71934 837485
104473 973046
13188 870480
175615 917440
178644 966956
117767 955844
35146 820544
16452 939347
45749 919899
148479 812203
192594 993105
115583 834201
35589 854688
143298 927721
27961 869740
91088 909248
111429 826239
93340 829043
76491 801502
106285 851613
124183 973179
160252 871466
55187 973627
52750 923227
187322 824958
160813 941962
187543 947765
102033 861897
61849 833046
186406 989098
186319 856248
163954 861405
92700 937706
158058 810209
81806 946411
132579 906102
176209 983378
151608 847855
64407 889235
88320 996181
130155 805329
170680 853243
79429 874166
42947 888586
161598 955663
983 942453
2962 886791
178613 813185
142776 944843
149621 922181
60246 868901
173337 908007
42716 919328
41193 871623
11880 983367
166135 900230
150369 899811
161666 890334
114686 967674
46057 919543
94983 871031
81544 943945
165153 999391
137495 810721
136536 910075
41440 975573
37102 872535
18787 903161
140279 937929
129614 971423
184161 892836
34381 942354
195467 959972
19242 978900
138468 927347
114016 904889
