1000
77672 898123
71889 846173
66376 827925
197650 843941
24544 862837
120811 989255
143386 977336
60538 835995
13422 925991
53096 802868
173458 837261
9632 807549
18237 977893
160561 856006
177111 984723
118223 894266
43713 830331
156766 916560
34027 805346
198305 892014
98276 835523
71279 901141
34990 993436
22549 851251
198721 870754
175377 830764
36859 815658
193311 801795
109616 934212
174493 833712
72365 979069
64498 931528
31943 972801
149676 810068
141155 818692
96640 979774
151233 818306
156970 872480
182227 999289
9897 845831
87301 942476
112551 831698
156305 925226
131955 897595
162227 947187
51256 895865
164200 879921
70441 952064
9476 911721
45566 835694
195591 920105
28455 947283
78790 914823
21198 998079
161224 983293
86172 867402
142505 891265
5557 916047
98751 807015
120318 856936
97038 904719
116589 975384
183967 901968
185737 942517
45046 970511
71268 943255
100015 876717
17495 800645
130843 923801
5159 929171
2789 814146
26588 851662
72289 903308
113419 888751
69737 888003
64842 844927
136837 811981
33977 833184
75170 901861
168053 893106
149605 970911
54967 809038
169027 911372
103023 891480
15840 813256
191627 870554
102451 948426
154668 977313
102862 862252
193878 918252
85988 857067
33946 860708
142296 927078
142258 833463
199294 913067
169973 947340
25183 810817
176893 907662
168908 860168
55555 830928
4110 801147
135432 864282
100920 876378
142488 809542
79250 917638
75925 917204
96407 935223
53871 965857
186204 804333
195550 975427
46374 931142
66033 970780
88766 882107
45228 829461
147488 956073
197352 923631
50564 865968
129321 982225
17690 923552
156709 813009
20827 831641
120700 907371
131385 974694
149535 985579
9596 819465
108992 839226
167862 856817
189018 823769
179653 956580
80107 814210
140818 844515
69229 810876
2366 894493
38286 963373
26504 979329
102806 935416
42620 889077
7027 979581
65997 896561
137348 926698
44960 989240
79601 914134
140326 829741
43459 848348
84760 891142
193211 924893
16791 975051
10150 853746
174260 986917
38040 979252
139891 996155
4239 862278
4102 848721
62715 977140
103996 968752
188829 988599
110169 927291
116515 844644
148986 828837
98244 883560
173024 997953
127939 997504
148492 837762
173927 868211
99879 979233
60378 858869
108593 814244
49784 894647
107031 801080
106987 869473
80856 893256
97318 844242
114174 879214
86653 995209
170179 930161
41606 912268
125124 989545
119239 900208
16518 814924
9824 885093
37597 941394
77976 834476
21704 851865
22633 984354
143985 967503
83715 804008
336 970365
190704 938010
21514 928476
5387 850786
145488 909198
29595 984902
186628 939377
130711 963500
147652 951552
8290 835568
151049 881608
142198 834744
123403 973241
191663 981233
136620 917069
135859 978520
144272 926444
199090 968330
1512 827744
193301 832498
171550 843648
176381 884811
11320 945197
57003 806714
146123 856050
161652 915438
138676 872558
35988 966401
166115 934861
170333 962785
144778 967035
84091 927389
156388 871836
17100 806953
115169 804188
119132 805670
26715 967903
194979 813002
111401 922885
115116 900976
71445 843956
10726 968193
107176 800666
37275 922168
103718 893583
147119 888425
172885 845898
170772 984039
148525 818460
64338 817530
94907 838488
186635 894754
17553 986766
156094 921334
160886 992711
193365 833213
74952 954442
161177 929421
91795 946553
95702 912649
152206 968549
52482 893558
150748 848181
130405 914673
151338 883993
179493 815224
138497 991360
74578 867719
118951 995106
136040 875563
188475 860995
141614 903480
22523 974789
180147 800342
22596 926551
19133 900539
25622 856154
71597 892350
109927 939465
108683 944941
113335 880412
28604 908842
35227 901098
23581 867237
30809 874520
22587 866214
194820 894777
31747 985149
149059 965822
109970 918922
131456 980430
30777 818901
116495 848895
27956 944297
83262 999476
29780 992362
131537 825849
173627 895425
129402 828964
2149 960616
24848 829803
98418 978781
25485 896081
107197 857118
13670 903803
94726 820719
151641 909921
164865 810353
155299 872273
166835 866661
55446 991880
132986 872574
134651 874620
103898 951984
180440 874464
190933 978574
104134 913117
28070 804227
150923 859678
32611 863618
64458 842475
130045 929805
35193 984283
34705 989391
124664 929596
91995 877750
39854 946476
139108 900425
153133 972055
67842 856745
32447 877874
135437 992752
130489 933954
170558 936997
76965 920157
75089 876559
140970 840472
126773 990593
58811 826900
44661 851625
88634 897330
191510 805095
7510 855716
87438 982512
112023 988365
125162 853051
198279 827820
102481 836321
66813 852125
153949 838869
133996 915194
82748 950025
117570 988732
173541 935741
17840 867645
154377 920760
26267 815623
82843 867475
151790 947172
15417 832471
141945 910767
167314 946045
45270 841671
84302 822722
98524 912230
21166 927945
90682 972688
19018 846393
117139 965728
131129 945802
85341 899181
175314 891408
78441 932629
74267 833292
163719 936213
82500 923030
151536 868704
157738 865828
9678 837491
11619 863303
195160 829003
162870 993287
157873 809455
155849 862749
90876 973159
145401 988488
53395 977842
16919 842419
97550 990601
49375 820044
73372 973180
172263 873455
107655 873778
111087 838836
188970 985573
43068 982457
155172 940187
91851 957692
44336 941595
39509 901454
148229 952142
140170 933633
8765 860392
190552 965121
64373 980141
33444 923141
135141 984555
177862 858249
89174 995020
60468 864689
189170 874766
92169 959179
98428 807334
119340 854509
70687 930818
145476 827412
40594 917219
87867 924605
99896 846180
159158 940611
134535 980262
96833 832349
179035 929422
193106 903031
39550 989950
163901 996672
137915 897408
54695 938364
59849 971789
48257 940992
88995 856604
193452 827670
93756 850770
15672 976580
130250 939446
20632 854164
195614 868344
97918 997651
36376 871830
74218 907878
177653 857110
151626 828267
91123 832334
37629 890697
156134 808471
79234 941464
76775 812041
111952 905055
125910 993370
35982 831001
198341 936288
194618 929791
63237 873100
70492 864051
73342 934659
141706 811273
137077 870987
91400 921331
6536 832886
116275 818131
5471 942927
81924 995267
52559 999340
84140 931015
19804 866447
125944 975690
74264 895725
102412 803791
44980 994814
76166 812044
64724 997298
145058 948677
169825 858911
96458 891193
180106 878940
94785 852926
37628 818946
127594 916586
160499 853592
45368 821006
176670 829167
194922 992780
19832 881606
70358 949508
96371 886972
108896 825974
77231 863978
94819 960950
53122 913828
78524 871357
99303 974242
171632 823846
81157 888679
188596 986920
29396 976538
182101 906012
199257 931841
130028 913162
145139 916591
39585 885673
155155 812555
36994 962240
28553 881978
74043 980475
128507 889781
120670 888532
197149 956992
80735 985906
2427 975668
62830 847398
36396 948834
22786 840567
198696 966133
123626 835019
15367 963312
96404 950059
126891 970209
103853 977251
125268 831254
149672 850825
136836 808358
104117 938641
157483 875354
170794 861317
109757 939426
6481 860070
133937 837451
177591 915066
137899 890355
62965 810249
104143 973840
92343 914407
109191 988861
8547 862687
115232 891616
127898 870080
166581 821013
195771 907641
99889 860621
168833 808973
63215 980846
13784 925488
25567 913315
21197 834072
188034 926797
143640 872660
13048 854913
36715 867246
47479 929045
110970 984695
134919 942156
166159 947673
107934 945447
156687 837660
25208 904951
140653 964363
80854 994505
70823 846431
53752 805715
10502 804385
58614 815309
53299 995956
38844 962059
47647 843496
112736 852055
173066 887241
69191 997569
67081 994422
23100 960739
123738 922256
49458 932135
143073 857755
139477 916584
48830 879712
105678 934095
144092 978944
24237 918940
90571 918734
116709 887146
74683 855860
54153 969765
178525 847794
4387 822007
24771 934456
89034 984064
4909 859749
57013 884456
8365 831411
110500 979226
120594 967317
26876 912589
24862 838872
54385 917206
129670 850312
170474 967005
9019 828051
175642 827146
125625 945093
138499 967464
15086 983066
94412 910454
66677 928944
97225 846842
43381 853039
7295 966277
56714 918122
127862 982304
48297 981089
150190 837062
172794 886234
131452 917443
77099 966991
79763 839176
81793 881403
161035 848853
22232 915340
159555 848230
20461 870666
27432 979938
180558 844617
1379 854647
53906 902423
973 978940
44096 994760
37698 815380
4091 963951
163369 906553
10052 831580
197061 940149
35269 904190
173856 860600
135635 906560
43169 858499
89634 913550
180656 938643
110183 920289
96054 863220
72807 818404
106556 943460
100806 916644
174975 893303
142287 917679
174507 912625
57657 949806
27027 931978
9582 963510
166201 931330
35802 989453
165612 910114
18850 941391
167600 934397
104324 821705
52706 886385
33099 808238
77011 900194
151894 932845
174768 926548
28232 859873
161929 949849
74474 866027
196641 841033
160007 929851
143230 882004
105457 890597
15555 997431
84715 920611
84184 822655
70369 937545
198471 822183
62120 850444
62990 918128
102009 970271
168210 952495
4389 801557
10612 829655
156648 869078
181927 951028
180268 843270
184383 880968
128741 907715
56623 881401
138684 938016
34948 804652
116755 868994
71167 938572
79817 968062
39626 983883
71617 855169
8379 963906
127638 901294
57486 967432
65742 985965
37066 949871
55377 881848
4421 882818
85077 875836
197687 811297
57030 809706
38945 965182
134101 963020
27496 940953
106895 954092
104634 848986
22133 963678
166177 977562
110843 963874
190765 913908
77832 846083
77449 924838
85727 811037
163051 915979
195005 875859
75439 907875
194807 834667
180778 895262
11243 836510
192377 990518
192768 939883
76482 844622
30389 923561
54383 875324
120885 936235
154276 984221
147514 883359
177588 843313
9992 892397
191697 857848
1085 846173
92115 915758
151921 934070
6371 876405
78401 862460
65746 987692
71974 938846
195954 860539
154701 818935
131229 902145
77027 953493
99500 840349
87801 839762
176275 925405
198266 919721
160136 824388
117790 811941
104675 852984
136427 809910
199525 817676
1380 809983
152456 822488
40529 911477
52014 894018
135270 815320
182596 929263
49749 807988
149999 939730
33451 806208
191023 958291
169093 889022
73090 852402
4043 907005
18424 978539
58130 945412
56963 978993
63631 900455
149274 965540
169667 956706
185083 816858
63443 920502
106415 861595
48148 917268
134151 994121
57178 891080
1191 816077
112863 900260
50105 871031
154184 970817
67285 946137
168452 992210
92489 829965
190858 964768
121020 851135
38406 960519
120692 867845
89352 929283
18802 850057
146271 906556
65755 964963
170210 866546
193723 941561
47922 866486
129336 961653
50773 899552
182830 948151
54099 917145
112055 887100
116581 821216
160994 974040
118181 815027
52658 865336
54914 934548
97753 907341
142914 974000
13020 803611
5825 965458
81380 854457
84793 838369
143828 821970
97882 837002
165884 851859
46126 949062
47001 973432
46437 968507
77384 936695
21676 877312
120079 869125
6727 868418
46085 860280
128925 867479
72844 881673
45185 901740
88104 994843
108420 913815
68436 897434
154636 812411
151317 906885
24805 826199
62848 977152
40745 961098
113459 830371
76359 975571
136709 845209
69873 840642
94761 984442
99868 864753
113573 930248
70933 951604
13157 926300
25864 805072
16035 881508
45642 998737
109855 975838
61657 956736
77699 831766
188441 813406
100902 981744
102147 968095
14711 965371
137419 852563
16829 858325
129656 951003
138802 897850
168165 927641
53950 937491
49032 909283
68188 990401
186325 987824
183169 844732
49321 964748
153842 925977
186745 930559
112917 807259
169543 874053
74905 969885
114882 958792
106621 838408
10852 944144
90244 971727
169494 897000
75976 812590
171584 925757
134364 847951
31123 946075
178684 882573
3153 829221
5682 827895
10630 990731
147889 824572
45163 857061
79256 997867
115125 917090
180618 847859
160504 985410
8193 938116
179646 891851
126945 967038
125364 957220
189593 859506
22430 863199
64671 965710
102625 957599
9206 905214
174379 951548
168821 870903
189575 904884
58447 997118
50364 826850
43151 963916
61177 953948
90999 998163
131567 853672
189251 872888
50597 907894
133114 993751
87985 949703
95254 949921
39558 868692
142150 851362
86528 979053
70897 839656
25832 899559
24546 882227
146831 928902
173768 868098
103513 840807
8721 839274
153285 814445
116805 845701
139093 959900
150119 843476
166744 946965
71805 939320
66991 823170
23570 891906
140833 856070
60553 897389
14933 982614
14801 974840
173110 959419
190001 832219
169514 886000
176608 872778
7478 994166
62236 906324
24410 851085
76884 845954
56452 830999
148648 923891
36180 990116
137902 949001
12863 949230
22742 855310
13062 986440
21681 933391
185866 979178
85231 920605
120192 893150
131418 850705
25708 931865
2950 845132
148728 873287
58166 934191
69428 901895
47556 936279
153761 899957
11103 875098
33037 813120
127598 812686
54355 893939
12168 868406
53582 852840
70288 862384
37609 992144
118301 881785
194118 818849
191377 856223
161901 972344
16776 982966
46616 993977
165352 972179
4727 995114
167776 950991
70159 894106
179507 964147
61897 917356
145164 845180
39422 963048
128190 918138
6115 979094
114284 942832
27572 916740
94628 919110
52943 883183
44202 828957
90704 987534
150908 881648
165413 926100
183341 801088
54581 836227
45773 907161
13187 812053
187817 905989
198570 870009
86565 972512
191137 863594
17416 839581
48515 802792
98996 954577
158445 863826
17057 968021
125769 919190
164681 829002
113875 998682
175703 858015
25108 882429
54078 853950
30877 922107
125961 954924
174291 847960
25195 863590
46591 896619
24755 959880
35305 913310
128023 953956
415 885727
