1000
46327 976343
177634 801210
158477 917370
156885 923719
154349 821444
58959 954891
58128 898463
79536 879383
133346 989918
131668 964395
144946 936911
8205 930043
171383 987772
177524 892634
51307 912117
5882 824648
22226 848261
40539 929690
5986 860689
142400 982481
116683 841295
68102 851208
155838 996013
18746 951824
32171 825757
163965 985061
128965 883383
109928 820010
104195 843215
59732 890677
152888 991326
136421 827694
139009 857922
140340 862604
199247 832175
153591 926121
178693 831345
19993 916360
110580 881191
29309 877801
166157 950382
83299 817281
138385 864226
64291 801660
138271 905548
128107 931141
94728 894794
19256 825799
196753 849008
24682 859778
18685 855943
145278 844657
148051 823341
66101 929606
177371 912093
13944 871574
111198 876417
78968 946160
2516 929147
165038 929535
196808 897794
167411 840601
128005 928435
156299 951237
76580 829947
85851 904804
16171 816434
3901 950472
120610 965488
140913 870284
62713 927728
103952 811866
47448 944041
13290 802476
179328 967852
137902 886950
158749 983440
30555 844013
25009 823371
150843 892318
184936 887758
131657 867053
192161 885270
37849 926988
14241 952316
9497 871763
4960 877340
132083 853111
47406 845585
126197 812263
125100 801989
190162 983705
97258 807985
122035 827278
26523 820999
11694 920254
113477 905918
114324 882060
128763 889979
96761 958071
134864 895789
88841 887171
97380 911574
159171 993514
141656 954667
109067 957023
60828 803793
17714 977842
174215 863536
1728 847607
125036 830049
28982 849102
68077 800840
48358 850624
149465 980159
175425 987793
189820 940017
154714 979462
94723 967345
77803 898199
142331 957106
68938 903880
182865 870750
124206 847336
9781 849783
133928 836066
48062 975186
137983 838274
197230 844989
82885 889882
196208 986586
83745 882262
182259 859845
40871 999873
106927 842606
96344 834498
89914 941336
137389 974086
122038 820956
145602 910220
55703 963475
91849 925242
114392 963895
182319 858269
140443 858462
131944 995678
199515 803048
176646 828908
5987 923640
35880 812470
22511 836259
173781 850974
90005 997614
91020 960000
128295 823157
132315 910685
125577 962522
169919 942875
121570 903581
137104 901412
82608 922099
171560 866586
168258 975494
462 809585
560 810683
6961 998972
4575 892930
154577 962815
169988 818740
168579 923213
32536 998086
166876 957069
51015 876673
1380 859176
192024 888177
156129 885057
123401 864038
192439 832794
128994 862274
59920 915032
36912 956951
153051 823842
88040 896220
41323 854199
138395 848188
92935 823758
117810 920729
129865 891410
92246 909019
190462 987863
46799 903311
154502 803898
20679 801871
70639 950217
23961 837088
85289 934541
157801 931438
17537 853155
112773 965260
71916 836775
126079 858248
122699 947753
115212 980983
180179 905050
151117 850280
73644 935112
161122 838000
135752 886407
27685 984748
97035 992321
66917 842373
144258 825165
24094 946432
56255 856867
7294 871802
172674 852399
131871 914286
104407 853277
167558 810214
78696 819191
157856 934881
192286 813360
102901 851774
145186 810531
92375 966572
143983 959197
169769 869125
143332 922433
1515 981971
196325 896605
117871 830286
167532 945297
96256 859206
149940 912149
32712 962497
143950 882158
50643 965829
45701 853755
141164 853497
6264 825048
21161 808924
18992 836704
176138 975450
902 850781
157901 884155
2816 808878
166124 848557
182842 863849
34632 975750
46064 894329
90023 982254
47053 908290
63107 872902
162116 984459
126356 853643
171030 824016
12032 953830
188185 904555
4799 822753
13537 857955
96138 804116
199983 829264
118954 964579
186336 992861
48017 805500
124293 808514
54322 819343
190267 966001
53727 852453
57843 813697
131204 908641
46408 899070
71531 808945
142102 980426
99540 806164
125759 838896
136864 866286
169594 948176
94380 973932
40735 922881
181610 899146
191362 930146
121557 820166
130874 983899
106199 894040
67310 885861
3052 974395
144243 845303
64382 818948
153535 969161
58701 806475
131042 899150
196003 871271
118869 945713
139039 901224
130538 907917
156063 929403
49020 970331
169692 896218
134305 939819
171803 883853
6829 846534
134292 864904
11494 889974
120062 918091
156657 854917
22906 849532
163973 903057
48221 926091
19813 903426
87881 814414
41597 949378
63409 893214
114030 807037
194776 911041
1472 853932
194500 997225
94661 879221
52269 861999
39970 915950
3493 936946
183927 930660
100860 896282
10993 971756
29376 959916
9845 843940
80776 848504
58312 874946
34563 935783
87976 815053
44639 874712
8039 906939
192305 856485
163217 804022
69778 960556
156629 960318
37853 940776
22849 989112
176154 830738
133720 937548
30103 899783
147501 960076
39475 990077
123668 844839
118193 835488
87590 980059
82332 936270
77887 974568
19278 982323
17593 980655
60427 845676
103449 844838
87533 945937
175983 963625
170692 954982
118696 910750
196658 855239
73334 928271
127082 912625
52000 950358
174715 916511
14588 825272
132248 895364
126611 979401
176699 897541
80434 981565
83612 934373
77189 860706
155774 879325
147537 958099
124967 991200
77340 859878
160046 961799
56114 955669
75114 863463
135892 849810
176698 816606
98703 876390
50572 896856
45127 949630
8165 975801
109867 997989
173442 816318
56525 982534
127335 837984
170200 874319
170981 896891
22861 963851
6017 971134
102995 871804
13741 971254
113112 877186
191088 892339
125550 851299
191801 808751
52132 972729
138987 873434
105472 813569
152112 801822
191650 855957
31723 984501
181179 936746
82328 909472
106577 879458
182513 843890
179112 839257
164581 809614
86577 832495
123523 850683
124993 908719
112050 868013
98405 974862
9129 855670
168241 910938
127366 805428
64507 972494
13965 937400
29967 929775
180979 848537
15130 873074
25122 879601
148754 911442
100638 881165
27290 902332
194683 846201
191584 905625
65984 904610
199742 909049
173835 923591
41654 888320
154728 873163
48788 875644
130302 942546
120402 988756
94191 847751
73439 807910
51910 974766
140387 908477
156894 920020
114599 832397
9802 944100
45920 991303
196349 815631
129959 800390
19838 800024
159940 973644
175047 818306
9401 822056
118792 860430
125510 868618
117035 902199
181144 949440
135235 898897
197769 900033
56855 804652
106309 983226
196398 948502
6052 994088
20979 852424
64684 801827
112313 815402
49642 864711
80646 823922
180342 817130
195710 872824
35898 887414
113203 833112
6502 916185
9468 989381
73299 828735
28404 819684
35066 970451
166538 875260
55444 840818
156053 870073
154698 963898
151424 811517
74956 970090
102337 944293
26552 952260
69216 954072
33922 913633
181667 928951
86048 812306
180561 840169
23634 910945
131877 800181
38676 944886
164103 932522
15845 960257
112804 836465
145700 910307
12283 928992
126027 801192
149481 816529
11658 936731
195682 896819
104159 820757
72515 854891
107674 829417
19387 977803
104572 811341
181727 950011
93222 895073
68195 934104
113921 933981
57478 846732
124734 881013
181555 910713
80482 995442
135720 952871
180869 898170
109737 887535
38996 915034
101124 805835
38116 916291
198732 874052
136439 844390
65089 818274
99937 835622
152364 874902
31354 873251
97709 961384
111165 822381
134551 932856
104501 941565
63816 865181
94543 980134
88020 959669
38909 860822
74613 867422
18831 933474
156202 957573
184866 905484
163147 879601
111107 825165
179141 807288
104812 852406
36576 967215
172139 994961
68199 865423
66444 957884
167712 907768
61258 866157
118423 965780
50322 878819
141558 957823
69690 969272
137816 969784
173378 991504
42605 828463
41666 973954
25546 891731
116041 884335
5011 977318
133122 850967
133847 962521
48855 972125
23237 831894
24473 838441
17354 805836
170776 944713
128980 900270
105449 848651
141279 816213
117673 937958
101847 883425
23998 921945
130512 950267
105075 848799
76063 997109
38326 863769
152056 806072
16599 885994
94565 855575
46164 806952
132806 906712
195594 822525
125685 952518
199212 893718
85546 986186
71141 906639
150878 866058
75937 908277
108054 847636
156929 934743
40863 947996
6813 803677
71173 953448
129151 970592
153926 911175
120024 970996
121154 974031
119384 884676
101631 966789
39236 941437
51921 973651
139685 896129
177513 913032
73637 952094
106972 985514
114935 856859
192123 867298
35933 975930
91294 912794
91107 987858
35463 990339
117696 892425
57290 895284
181102 888669
72658 964066
98592 803925
172856 838271
53590 975741
148624 867594
164629 846421
84218 954196
57577 876954
91111 917680
84313 811074
97463 849154
45612 831948
15169 832526
72804 965361
655 912777
32025 925746
58920 849912
98768 865883
149491 857326
71426 852440
66028 950251
165465 980460
122556 886600
91452 816537
177508 997266
79537 872374
43345 820798
183861 865437
50122 954767
27560 860657
176239 860163
100907 991502
68991 951098
36304 968598
64247 885096
120715 899608
72628 859360
29913 907726
105339 820022
38211 808749
75577 925996
97465 813148
57351 812302
65398 865112
169648 867056
151888 940682
160220 933381
125658 976824
69862 896234
162821 963426
41595 870865
76524 946678
30276 866790
144558 993949
75066 916627
127918 987496
78134 997026
14914 838225
169577 898743
81419 939376
137626 900700
111133 899963
60821 846241
115234 966603
33737 938011
74658 962231
4187 931698
42810 820448
98740 967395
176867 809311
15754 806641
25790 913652
100175 974471
154611 863360
91803 921782
165200 941501
160249 994815
122186 806934
184487 831117
133709 801887
30940 810059
6503 862960
156196 976045
41671 866725
56173 847622
22992 857378
192501 869653
84925 833290
20517 993287
70472 892843
14258 921223
34206 883686
94459 904189
163691 882165
5605 861878
13941 954381
56612 841031
161896 983911
77009 978329
140297 976076
86077 950776
53933 913438
183093 893105
193873 996776
60790 938054
107926 915698
191921 827603
41912 834688
132886 926708
115741 961833
124287 801394
169937 963235
51240 841337
65158 900342
60862 858153
27323 971103
93370 977725
142643 921645
119229 950943
169365 947945
117009 809331
197988 960995
31888 957369
156014 970122
113005 946702
150211 856460
34957 842822
177622 895350
33700 950351
109860 859025
87111 885671
46538 885272
41124 849736
189821 957929
35225 972776
2818 838673
63839 813268
69354 922344
99071 881863
42725 985167
197245 899659
27793 820560
124155 967317
7802 905838
160413 948404
123958 909096
196760 909150
40376 811790
137853 819038
152019 830426
139650 879051
144531 973564
47161 888284
192836 800538
183567 994168
6704 826711
139649 812801
119831 935867
199842 919019
56567 949156
117517 954636
124024 888071
135798 856077
155391 983844
169895 828580
196737 945995
69819 984484
159551 810537
121872 817952
190866 966436
50555 850791
187731 816958
29376 941896
103586 998073
58525 820380
121060 934341
121406 919574
31515 816896
178460 899930
44186 932801
25669 941677
149996 916307
1432 831310
174213 831310
33855 804257
13793 902345
26963 950754
183566 993703
10373 951682
37464 921097
168196 983369
60869 848251
44384 835620
166333 946083
157234 993581
40282 977664
185143 889435
142827 974303
171405 884099
27598 924191
151175 998780
174076 859570
131071 912362
123921 901189
145197 902702
195060 878891
65031 955978
183171 847856
96473 967853
33269 961278
43425 955993
19313 826288
166338 915834
171582 936370
42407 851325
178872 956608
63010 926387
152499 872509
193276 919284
133293 822257
11262 943542
178383 998572
184187 983396
160789 845159
176747 959782
58728 948539
186188 860880
14969 850831
16053 997162
20330 955025
177952 900106
60350 860757
110962 887889
164591 950144
78389 853290
161457 930554
74291 942599
94226 846392
91607 947583
87795 993593
48829 886181
44332 805678
79759 905114
155849 898384
45976 876192
52053 854676
133642 925944
108432 984202
74210 938794
74498 859458
50006 900925
176278 804858
151732 997639
157798 873746
25747 928825
150081 923883
84559 923067
26483 807091
116626 832033
196078 827514
19107 989093
74221 903509
190129 983492
1734 838907
164119 813945
80718 879993
133407 864652
53930 876701
179309 816610
169426 949774
2752 971950
121656 810709
77625 811316
119875 991619
4893 849400
27554 922450
167266 966807
156685 842895
119675 923022
160021 842041
40071 844433
191299 868372
85321 890179
69311 896477
61167 962569
117718 835543
20744 806676
75343 969433
6836 942341
94644 803769
80049 919755
24067 925460
23522 884888
136746 854287
99266 965279
65208 923669
63396 800591
174603 806307
174195 935420
188464 829803
83001 905216
9667 908885
176001 975980
52014 970575
115847 860468
148644 831286
23397 975160
97884 904115
16226 934277
134154 936262
61369 942756
190595 977002
183577 802837
131876 935902
6789 816230
86185 871785
15919 862642
80184 954855
33346 845733
164029 996768
6430 887938
18549 879336
143957 814548
152562 983370
31982 886029
129611 822861
126401 891630
184431 849996
58210 970925
78285 915210
138283 958856
55187 947388
8449 980958
173161 815664
112588 976662
148960 918498
49210 883334
62446 989568
56302 867347
67035 894941
165775 925216
83000 866099
20092 868645
196814 894884
107112 910582
31206 825964
95442 842707
30260 922984
28304 946232
50206 863932
18185 857581
155932 830952
106157 942642
106876 875978
136419 966568
168389 900036
144140 800173
78358 809796
136164 902948
106194 859942
11246 892918
180039 812021
196708 809111
4254 862274
137975 989215
198680 993789
16747 886027
95920 809007
67697 975528
36657 914040
48212 971727
5495 903068
158561 962304
11868 840494
26780 892779
49170 801819
100360 932627
31697 944969
195848 873796
155229 918324
194806 860195
120025 968069
126298 864056
144881 917761
138702 973956
74999 802393
68133 997673
141874 840192
189142 830126
47897 948266
