1000
185924 975846
117459 897431
148718 961139
148643 930357
94271 872374
132795 986307
77925 949345
184735 955417
139844 992938
93421 830730
26894 888468
69853 924917
170190 847103
113260 885021
197436 920756
149232 911798
49165 907632
141124 850362
6105 937053
158125 856312
145575 861728
44714 958492
24609 803207
157986 967858
8715 880206
100998 923778
50215 884335
67928 829468
110368 979712
59975 872447
36709 902871
103538 985965
137050 991410
105349 891558
86848 871184
192572 896672
95070 898818
140833 868872
27653 948806
193368 985949
189482 817553
95087 947932
182952 889101
170610 961645
199806 805270
27586 849881
138515 967605
120333 824928
151747 836943
126498 923954
63663 998109
5899 963258
142555 803082
102344 802172
137497 912069
122827 849129
136605 967290
118076 989407
90245 894083
21005 945854
94224 891500
182850 973837
12790 927255
134020 944711
123772 997773
136555 891442
191382 977263
50502 888353
133407 808621
95460 941791
36505 846099
126454 987674
156724 940231
197510 830266
155618 992011
90768 994613
141627 846215
78201 975458
34484 986186
160715 902053
195593 822232
128753 965239
149186 895502
156993 802201
114424 939239
171575 962601
29054 823822
142993 826676
157868 960396
172876 851907
157944 949962
66272 960553
44301 890477
117493 987708
120135 935321
57854 994999
127427 949327
101407 877377
115174 942529
161072 870293
194016 924633
40203 820886
44071 970148
29169 801267
109308 967493
181382 889330
57546 949770
189071 890141
176752 963343
95929 800769
108094 913387
2054 833275
5173 966632
174681 888639
108858 854052
103284 950393
95614 808941
176136 858886
2364 876034
120393 831845
119872 844665
45620 812135
142996 922287
125571 897631
14900 852393
134162 845056
154829 894662
183882 950929
182448 914609
73559 801699
47838 986652
126028 861492
94663 936561
15420 847436
186429 855542
16889 864270
175300 922474
93263 825466
168051 963652
40527 891180
189483 989116
4194 888864
75361 970789
176290 874846
141518 800041
191406 899489
81895 887635
193348 930962
84161 915432
62849 954533
140243 904769
123801 837299
74017 805779
13470 833993
51217 947458
34011 871580
143455 888850
19715 807301
126388 887213
40278 807800
166301 960113
29873 927991
68659 955145
7577 929907
136250 908585
68002 805457
176133 867072
138222 814581
28966 918908
66845 807765
126584 894880
127312 975826
84387 801475
166392 975520
125901 828050
2167 984505
95664 898852
22456 976612
64480 824851
45925 947135
796 873454
8875 971792
108543 867877
165126 929698
4771 884426
149648 830344
102460 975164
117101 866716
128199 824005
137846 850115
144065 932704
189220 896554
190355 812289
50640 971055
90490 904304
100794 927519
19843 994023
178277 829372
99566 963767
104975 897439
1041 802769
42520 874935
149231 868565
124734 802270
32564 906588
126380 823646
189033 856949
111225 827796
172343 928301
64655 970053
56067 891828
199328 962280
133421 848457
114138 959783
23380 962572
182845 896260
26266 967111
44883 983471
8939 908038
196783 858282
73500 811023
188945 930688
17374 946394
22682 930879
88843 857964
139551 868927
42645 992003
170889 815366
30076 998903
6136 882556
182511 925074
162494 895103
66424 871674
27179 901217
168707 940347
14537 825465
101681 981291
20816 859791
24207 974505
32576 952510
52223 875576
111796 947033
66171 999293
62527 986707
119871 883463
169199 892391
161138 913530
82232 852565
13138 819440
155700 985723
147107 848057
98067 966186
166727 932639
2874 858993
19268 933570
199074 872685
13031 926678
153368 933691
14510 925380
59805 812698
137851 919022
99037 831154
1354 802452
32586 850728
182785 837596
64216 999358
158095 902265
192061 854242
32740 921337
10125 855550
187542 846235
17960 960855
196704 805609
10569 837365
190608 822880
193735 818985
184378 962707
10648 896818
100901 929865
45364 853268
16488 995352
195889 845242
29880 910497
83059 961374
59310 976003
46855 850705
175596 913347
137003 810188
588 964521
55514 890618
115767 880870
23081 903670
57866 967386
143507 953949
195409 935707
150759 954888
77554 935639
74290 849156
192949 924599
112550 883020
90440 987486
58035 928162
31718 850264
159053 834209
140053 857922
161535 940237
62598 849415
5192 875216
24910 868206
35878 847922
65621 965659
130582 864376
100746 881874
128844 980180
79442 829652
156905 836608
195618 969422
7750 987240
112476 901690
45212 991938
152415 813662
176748 869007
142233 879561
169063 943870
174291 950971
93438 987212
34030 940158
48557 849668
128869 807160
7125 810544
86316 902916
77812 846737
49049 956281
61270 814205
12854 938696
111431 911251
63472 860323
41386 920204
57789 968559
158674 891641
192435 836513
147981 911745
28146 978413
26728 924742
123549 808129
28423 837779
169177 960574
41711 948669
140151 953085
12381 875325
109457 859895
2211 953003
150110 978359
133664 839900
106961 819624
79590 907302
34824 978775
82153 895112
43531 948257
21788 919523
191061 888104
150113 881844
31147 986480
123223 870526
199766 918628
70022 967082
90436 836714
190302 935683
194628 803663
13614 860195
185833 852411
22558 901649
14885 976777
184150 834038
124228 926995
18911 917351
122797 909344
104819 968089
111202 865211
102587 997826
153846 929505
167810 890363
62492 916662
83474 814414
174343 911020
69853 810286
115633 905482
193374 800423
97467 802138
133314 815468
26398 824310
61859 843163
101765 845513
190014 957338
69996 941694
100891 980485
40093 825272
21451 806381
10511 881316
44110 826713
11421 994149
188911 829886
155946 834666
72618 953808
169796 998797
78043 880543
33651 953625
162408 969098
46190 936166
188257 948291
152335 915320
134707 944159
161265 906891
191127 812813
114463 876344
63811 995440
113012 988872
15706 880217
58035 807141
162454 983594
96686 955321
110780 877884
98781 829224
147616 882192
159015 832138
193720 802614
148942 985758
12492 886821
141365 959898
145781 826659
149199 946231
111628 963364
44783 956347
137069 955800
177880 874285
40363 975162
81532 843968
56353 817477
65631 970310
99293 911497
174896 964749
75695 983918
31525 968262
167048 912965
149913 850279
195694 929911
128087 861968
138896 870590
183818 854201
168017 811146
43313 874816
105240 996840
19883 855043
57707 959501
130130 995677
114298 948481
53509 924877
58223 995194
113972 968959
26502 858299
137913 988379
39672 999398
15816 961667
188034 843313
85818 934723
15281 985376
54251 846604
37801 988369
51497 893329
122805 856932
36421 859301
34675 921169
153115 958989
177295 856720
11624 887590
51087 830806
138054 981554
168233 831485
119416 950459
177039 927987
117998 838507
90577 955723
7989 931006
133743 875934
198424 988058
98123 805810
140063 818670
17049 927341
73385 916891
43683 857088
51536 942289
112029 883150
161039 881656
166916 812376
123477 929167
101701 921507
125758 923989
20305 964550
174243 949650
187076 804085
110623 859744
167857 889368
48535 896736
93631 995158
28847 884472
123311 848776
85448 862447
112330 822584
22924 908933
76138 836649
111267 924339
67083 873065
46514 817205
106745 976128
91177 900335
99902 804977
176611 923358
178519 872266
164430 956265
167977 949757
196042 910094
37155 820589
170717 936503
57180 927117
11478 938965
37937 865717
161204 808638
128305 843004
189002 961822
46066 894489
154408 871534
29865 958958
106778 954265
58170 808364
191626 859878
135167 895168
149760 823567
47472 936584
125781 873623
69387 931021
39156 873197
109400 830738
86490 931147
40635 900606
150403 915454
40215 925349
75530 977457
102227 913898
135842 978977
116321 880096
76182 809509
8958 837214
129611 913963
48769 894037
97798 837135
163969 857980
117062 856702
112563 879570
61844 986403
146290 846675
173152 816476
152524 980101
17193 857105
4838 822863
104162 947702
77400 951409
185110 840140
174360 882566
193654 906857
183371 933561
168576 851541
134000 863646
137984 884353
101446 977849
60934 999685
63205 968781
187634 880222
124509 826680
107297 940879
126261 812420
133487 860997
51320 800416
81002 968106
138367 858390
54930 889109
108816 834525
108733 964848
44535 926295
29258 833534
88186 936091
4949 869159
97464 896974
179311 971494
119971 836111
138652 875271
23876 855016
37243 969457
185876 965692
31503 846429
39687 860602
91698 862487
47630 990578
103479 961316
188379 851951
83541 992853
129734 843227
47420 948562
26667 984050
182469 997733
3457 857115
102660 857222
156880 914972
180844 893053
17244 902661
98908 959992
115146 908015
43198 948618
4220 804783
3037 919963
187186 816270
18768 986093
108162 933675
116535 916797
140335 961432
148975 935009
128799 861477
15168 900701
149051 869931
94053 857884
103620 977515
127325 832139
149922 915952
131222 876406
70910 883719
139611 978337
120830 851658
137295 890758
64090 821814
48994 952085
193067 882149
42613 959457
60414 939389
194141 985141
116223 818982
95483 887871
14516 891174
115782 989743
67638 948434
195514 932622
165341 942541
113525 851051
160666 917150
26759 982014
162719 936908
169485 995742
190579 959204
9348 801738
62400 953725
182525 858955
65507 890602
5360 928591
77993 908975
198392 925622
130206 808067
130631 845963
196604 999693
169920 896888
183499 933481
29847 888971
54872 858873
131277 979195
170676 929123
66131 867850
9107 941751
51486 879027
166168 871020
85434 872478
196630 960199
67478 861640
24519 904263
126380 842038
5739 957173
32819 869817
37183 808615
4331 850113
162249 837504
92853 884172
59672 993032
151862 925671
14467 872282
50339 867154
125253 813242
49200 881122
98787 930442
30620 973199
145884 861157
60521 857035
48502 868425
13926 819151
188192 957274
9431 800550
58906 900109
154118 908815
8305 931283
133725 992654
73162 936182
7148 862123
28558 892085
135035 989883
90577 986359
103610 982279
194429 867414
63230 831168
149070 828981
57166 995262
198013 865177
39383 971112
170144 871266
73154 946850
96490 933244
104185 827907
128658 891489
87962 945214
146763 871748
53037 972230
123227 873703
117061 802135
198730 916631
88896 925130
143298 856276
77677 853591
70119 856144
150212 899371
159918 806116
103499 917451
1496 845450
23460 940261
165970 996595
34144 957072
15432 907020
65284 947761
136449 929806
70364 855424
149211 869056
47430 892903
52094 990271
115817 804968
132364 905171
29653 894415
157096 928793
146372 968130
139373 981061
34016 917034
11898 956082
131610 940064
188614 922599
78239 973286
88239 934249
97231 849668
141085 840602
30156 970435
134550 850906
57058 947694
174622 820731
46726 917746
18266 844896
65373 897950
8191 860424
39673 874974
174590 968530
81656 964968
172036 867226
50683 833540
131273 837230
170222 836155
170943 994398
163383 871428
8339 836799
68390 956626
31812 823757
76004 963832
92897 866303
198491 983960
67133 892812
99325 970449
154247 908431
63867 837392
146314 842338
189142 835572
10480 857751
150214 974410
60994 957191
198633 872139
22683 895343
51719 993777
190342 909713
173374 873315
47576 883124
62456 934990
67500 808182
186794 976089
169216 800322
29238 864175
140377 827928
42230 865160
35407 885714
9502 950873
17864 978800
52152 972232
98392 981938
60868 800581
25033 979395
19672 803296
97839 814566
9026 929441
175042 936135
44211 832161
109597 983678
10817 901977
84971 817404
143310 934247
110478 840632
198962 894580
20563 858352
82163 977600
194558 977979
100977 840333
195824 871244
34554 982566
4406 967694
84501 941025
171129 956191
179161 977149
193639 860699
59736 946994
125530 821905
17863 810592
178842 926871
80922 959191
108918 880765
148275 839800
198883 801921
195902 852972
64003 887130
121856 923890
29082 854861
27331 902763
45013 908680
120074 827110
64640 848320
42044 805736
106398 814835
78847 944578
141726 862879
113059 961246
161837 919074
188546 987058
90497 978070
151084 885991
6274 874559
181335 925444
182650 970513
70722 843823
171024 953767
91104 884699
74550 887807
12472 868598
152837 809383
185244 987237
58806 966683
94032 938088
89313 973738
139250 936334
170271 828003
149810 803404
150662 847767
116958 898957
43550 940123
22989 810732
45584 854295
11282 909498
119768 822737
16932 853184
145965 815503
50017 850114
27946 872610
131553 944229
180089 817964
55315 887439
7362 863423
61288 898332
17170 956127
151449 911296
45766 827141
190504 884752
102592 866146
197392 988743
92243 965725
183592 862634
71009 955566
138610 987051
58822 862408
158015 978460
150925 878028
46447 929925
19312 988299
51875 866985
146954 810259
89313 818241
151203 803742
21884 976801
68532 809250
155235 851574
18574 937835
181465 936650
25517 993448
44556 945241
72699 998183
167396 854147
27229 869495
27104 836828
48611 922488
107509 805405
3318 912578
122900 897744
77312 965604
40164 889014
84240 927170
98826 906668
113776 907053
162349 920964
8654 935762
9430 819519
38952 963063
145622 984286
72361 859752
170897 905046
29766 994828
91680 898110
54687 957353
66584 951994
22765 905725
36864 838729
166033 841904
187033 883841
47816 945549
88527 800815
530 909136
163596 952063
132609 806531
70172 879501
21666 890232
71814 847049
178169 909340
106296 829674
167264 838504
26453 937517
87814 934064
172120 948360
77946 832092
80040 914954
119375 900056
71660 826041
180611 885031
171834 888005
106451 846398
29839 898867
165467 859732
30167 844559
35093 819804
185011 838976
19137 958470
16709 873065
31564 993471
60748 952332
76463 905634
170412 984525
121319 953586
933 903417
62844 972005
11405 847665
48305 897804
5765 939101
8909 831740
136945 908267
166129 810603
46767 999369
50446 865110
130074 880831
14066 833881
42721 937691
145852 862828
15399 971084
155899 930069
114243 866905
55994 814525
67224 947200
17915 848213
33312 948445
142282 868351
