1000
178759 995338
68817 936715
45051 853770
148980 984103
87487 814972
174324 939759
179622 907469
5330 864139
60303 943900
99243 994641
44569 967884
170704 905103
112619 913726
6509 959296
50291 896771
190732 839500
160265 889447
199381 927041
158571 865921
184842 905017
108200 827368
32890 853776
81319 939460
76132 971781
145940 915924
166871 858560
163080 906887
19742 956793
56234 998611
60500 879230
138963 830886
137850 937145
97839 874218
181530 825277
44215 847454
6156 810675
139818 919076
1737 913526
16133 817030
174310 955170
47608 973462
38480 879642
142386 913622
60084 865222
148302 823866
177614 830049
3302 804885
29112 899028
46474 960272
154786 933929
20892 908023
95894 818415
158395 945164
61248 832626
97331 963091
171096 969529
12693 879639
72653 872627
183889 878394
107230 916132
163866 917121
110965 801709
85838 878523
94479 821568
28677 857256
143192 800039
128857 920048
5777 804791
38269 946425
110495 812365
79933 816160
152211 895180
33362 881066
139422 916775
167100 983207
152193 823239
146122 813306
158413 986844
194014 858784
35958 877939
99440 853297
129337 952588
153282 839872
12144 939526
178728 917676
76198 801113
190207 939819
82354 984355
160295 837254
180204 892279
139588 926530
43636 967952
10650 834709
66404 851027
491 810928
157177 979556
191904 834724
80894 989076
51492 967858
169883 930710
97242 978622
3958 938062
53406 962749
154209 995240
118797 878529
172061 961067
44563 856107
69239 865198
77247 851362
29364 847002
2079 896887
123212 944848
194295 901702
180124 844856
51757 960171
52166 856885
129933 825436
121198 865457
132764 852843
122213 978887
89447 924357
193179 807982
12959 843151
187767 906545
188024 852500
173508 911102
21804 853662
11187 896067
105755 950622
34698 814526
78203 993980
130550 906855
11104 990407
22818 916628
163035 868068
195548 953711
121513 957942
143589 987437
167823 878724
10098 867456
172877 831873
147160 830817
130245 869717
159447 807714
188207 958090
90541 818948
125970 804305
74637 923828
120075 865943
103006 952733
94287 814063
18948 920682
28447 988782
41708 998771
66887 859323
64798 827610
90286 986278
69569 897928
123063 803686
125119 940484
174596 877719
181759 927358
68644 833293
36054 861136
141187 895203
173899 891998
134738 811415
5000 982161
25914 816718
120767 965756
139632 941136
186015 990585
123780 892316
192193 937284
4433 946995
153443 938947
36045 853718
67578 857282
75067 917752
181234 978544
183458 917787
109084 965565
20958 902526
107837 971930
4796 929087
145914 815968
80557 929887
73007 866644
48638 960333
154546 962384
196782 877090
980 903027
62529 965668
112137 856419
148730 939848
198402 932581
124726 959566
17229 971215
104566 876833
34009 931633
50164 830109
77317 975720
165974 836780
153060 840599
167956 850733
94556 840119
120757 836085
33473 885583
81907 871227
38128 897165
121869 977457
27463 943172
7847 904322
189254 854169
42262 905363
14386 920363
112763 943237
63156 878798
20283 950706
91469 874132
130678 883218
68765 843582
75715 915002
94014 848741
167488 947466
136292 860731
1476 808836
39872 922523
183355 909627
130064 902562
42035 990345
181619 892231
161562 894750
73600 913148
156233 945482
69246 898842
59837 820786
161471 891728
88834 915791
131511 964992
187062 861351
132552 844434
65992 892521
101802 858364
154208 922606
37078 885728
70784 935063
90241 901540
3646 916333
60028 977320
65219 826763
5224 919237
187644 910662
55985 902815
46076 829254
112761 971177
67272 868576
157748 953410
62504 925879
5239 922940
148009 852514
115732 885655
113229 986653
102903 920218
54614 867534
129440 823471
126725 801520
50081 986850
33827 927585
126467 874788
104584 850831
79702 995020
95942 872351
972 929620
83352 990533
86357 835902
193978 850939
59746 926848
182606 947252
144172 909791
11815 851070
163420 917744
158347 868436
169483 932866
53866 806269
142798 951690
20351 924653
109265 889571
189548 889590
30065 827785
95061 825769
109911 897851
199620 827425
27857 977740
164199 950132
49903 805250
33983 972405
185565 800330
53302 829396
67341 819025
184358 878961
59536 812397
160755 846223
196455 895423
92983 909874
127150 995811
2 831608
76174 914879
97721 978773
97352 836344
114245 904876
81393 857038
1768 980899
20558 924905
139184 842695
96120 833857
123814 862615
159695 844617
91623 886318
68633 863742
155586 803381
35 875243
58398 830187
96064 843079
136055 956356
180199 998345
54395 809843
187896 904701
187237 889770
135299 896745
88780 831341
193067 861848
25730 859745
121103 827093
80331 827159
47376 866980
102317 965234
17776 873615
138824 855288
186491 800410
70574 903449
130286 841870
134653 854938
190311 892720
37774 907522
11269 973405
86983 929461
117378 990643
131818 908625
100370 884620
95875 823242
76143 989015
9616 883218
58150 833314
101833 923776
105374 994226
191816 822695
102982 860791
199836 966780
91890 941904
145444 837035
172266 950021
72742 849778
109301 848808
152411 983003
191626 824563
169164 952233
13810 960600
5544 983469
113343 895188
62535 905781
196054 846756
102903 865273
65242 933263
47 889137
146501 869977
151066 868377
22976 979000
124390 877476
181432 808007
26084 970321
51414 989686
102593 832660
130470 888652
116376 988560
81101 811216
178117 898638
33249 851487
31370 923251
126134 963357
33470 962551
180761 939473
79804 838993
170163 856885
154474 908663
97620 995475
95601 968421
71030 926322
20038 875429
168098 977035
116768 878884
117412 855370
13919 907700
93301 991948
66273 817136
42810 928843
166609 926701
118573 975199
139110 962023
115541 812013
51027 905742
180492 947453
170274 975993
106787 940154
120959 903373
160154 875655
149897 941584
49482 823371
160265 802748
134765 867692
8916 938786
117111 879755
111149 872670
192985 841757
11485 908350
195844 846636
133327 832640
23764 827623
6568 935410
46543 919598
45801 826571
191914 991592
43753 891310
116737 849265
95828 810132
47077 808399
81620 909811
9652 965135
177092 912630
18133 966660
110275 875003
109487 932178
76208 829228
196333 804568
9426 945024
116412 935628
190691 933585
17139 811558
31446 926528
126684 981989
160763 931018
121930 817401
68956 888099
35873 973071
82656 875976
130470 971434
48018 928451
149502 845437
195649 817477
195977 836073
45944 894865
148190 917125
162673 938876
167603 864413
97667 961462
45048 968793
177478 861899
35759 990611
106844 895391
86158 821713
187445 945578
83927 977999
25062 828935
131473 923818
109551 848979
131162 960823
17870 992167
184251 801290
77539 932029
103500 935139
58725 948030
109567 904436
92594 835919
170120 945486
85957 935064
162512 906364
156909 833494
178324 818267
113873 931574
184997 992857
74092 904784
56136 882463
51833 913275
16261 895842
53002 892952
183306 821515
159579 994701
142535 841369
198386 946123
121353 971576
16014 850972
52322 830155
134086 809095
121361 959171
71569 948750
18625 921735
27006 869684
6425 866922
26476 883933
67095 893954
81421 806709
164147 886801
112901 958388
161723 973769
34909 958371
144311 971367
87819 946739
171088 872956
183759 936702
98891 950010
166917 810031
115789 968329
154540 822997
139779 812356
31899 825035
174349 829846
29940 905031
81165 934710
147219 901605
136223 883239
141270 986183
149069 834173
130528 989859
42266 939232
132764 824954
92113 804620
84165 805490
194470 874693
154558 907710
167861 835755
13010 811391
68236 907363
144687 989113
34687 992683
35241 809454
83644 873641
24158 824181
123479 968368
55409 982802
84825 869071
25822 823495
147079 884788
65050 975779
98534 812050
136677 973045
58551 916341
180310 964507
146214 978534
96239 877379
3021 875079
65024 885748
56373 954633
12347 929183
80881 848099
151519 889855
79052 913164
183099 840409
114990 849200
110419 895346
172731 873991
18592 936062
133814 995149
2274 958807
41665 881573
50355 907931
116896 903728
46411 954969
52054 823824
79592 953514
192732 991865
39829 882883
160683 910254
49281 816759
174996 811591
52372 805614
3860 867483
39719 923922
157960 997658
185334 896561
85449 868346
167779 812528
81087 856116
30894 840276
159843 851610
147533 992167
48735 975386
19991 802734
150038 979860
164372 944003
95167 960552
101693 899282
53502 841918
168222 892128
33091 924028
178266 822512
180676 918750
10907 921459
162618 861614
174513 969019
140581 810757
43727 935783
30478 978030
172478 877752
59054 973163
69922 827441
87786 835436
90251 985393
48492 890446
73350 960774
133050 812853
194403 917267
198776 909533
137348 801333
26833 947428
12461 824809
90190 992424
123280 953800
91101 932756
43577 976476
161850 935460
106069 808445
97722 901830
22192 855577
50341 982487
49634 910067
107102 859129
182456 802715
105860 864388
35929 864911
20693 851642
4081 886668
12781 984570
69782 843203
55461 964479
130724 989359
63530 814439
97596 964174
137457 869974
142987 974089
56020 858778
110154 881275
172594 911907
52053 957611
119756 888074
101194 911570
175872 813361
84129 870499
81043 805381
141804 975467
196793 942896
46875 879082
198146 974700
104371 947221
144961 960638
43049 985708
113774 875608
59210 970054
61790 963942
175442 888821
103877 899842
98304 842343
172796 868815
72314 862583
99081 909430
130139 978688
153021 811810
65966 819651
177635 934323
138051 930779
29286 937954
168147 952750
156805 904358
86383 947872
51802 865573
49384 852780
165650 858935
98501 949591
166577 838377
170262 818748
5924 945418
29758 955797
134117 931609
27454 875883
182552 881884
71899 912249
41730 817627
182130 994577
170460 884735
116004 901894
158494 832722
2226 926205
41519 895319
124047 986962
90905 951379
167547 963650
16275 964208
51117 913279
108270 869871
122374 966306
171597 972672
194271 937889
8379 848232
193965 862255
94539 876848
197853 940953
39115 881709
83996 980475
26480 970536
98853 882556
10926 997537
22128 931956
95427 933386
156156 986408
15283 922273
166614 842869
68627 902796
91535 976402
150400 993501
130537 854752
120890 868845
172962 800227
12828 823571
133474 801272
146209 975105
129012 805411
180395 964974
107214 872093
71186 893049
155331 993619
109980 983394
64579 861753
29108 972780
172175 911979
83513 941711
187776 846392
99214 852487
144148 883778
133477 913676
53857 896532
135739 940593
18534 826165
144324 820301
124095 804710
199378 995572
170683 822602
102033 854268
35424 963526
80062 832391
9328 857053
75782 867877
25868 821016
174958 989879
92737 857032
43363 938833
180455 931217
24577 819239
179781 920211
86374 933139
42681 872132
60974 990537
15667 991099
119863 930629
146817 957869
324 807026
161313 899225
123296 816511
114012 880788
187922 990322
31483 943590
99896 848214
199899 852589
13919 864887
156696 949192
18552 913941
117364 871597
25034 870349
32423 988779
159708 999251
31582 986850
100451 978556
154731 943540
150186 932876
116092 840979
146655 821619
61482 926824
5110 845854
177402 832837
140278 966241
38540 939957
47618 965021
161350 898764
132431 973635
48108 905926
146559 842406
110487 925454
188941 804581
97868 994084
12604 861575
14109 808977
87555 895976
162412 870227
133449 953820
69958 992569
27849 878180
136087 878536
45680 881646
32733 892173
112456 884134
77960 933628
180385 968470
96189 888182
53284 825766
127126 952338
138518 870788
175578 853137
179372 903351
168675 984542
90211 873281
5881 968575
9940 924746
61735 943187
42567 856824
84588 957840
109249 825870
165437 803880
132143 955072
139691 982982
65215 929272
147692 880621
120581 852178
42299 849066
38406 904569
153018 939374
76442 902814
28534 964024
167883 808384
139659 947892
54053 969337
168171 902786
128602 920546
6378 845010
142106 800343
196913 918312
175355 840996
65998 969315
123124 866178
131956 889828
3371 904138
33606 818524
70641 970559
59894 820226
144154 953788
68788 853551
53300 934296
106726 807416
8188 862794
57340 985134
95193 808623
159028 936202
35906 973392
40333 991766
32199 958097
89750 878624
150733 990296
103017 881407
53852 933828
113259 898799
70782 994238
90096 936429
75748 837158
148146 963792
23830 970470
90462 972306
154113 906787
141754 826561
73922 801299
97331 864454
42142 827098
179695 855654
129075 990735
72653 921410
61676 925029
67207 977957
183378 959055
79013 943647
71623 918629
58970 992103
66304 845571
122900 867297
67384 936761
36165 952291
54806 928471
1910 879348
32670 956454
54061 899901
1429 884684
108361 834136
137855 898093
15269 903862
70038 917065
76515 987642
12871 832495
130290 942485
98234 842793
3026 966041
121480 848514
68281 970696
99079 990838
13942 960429
51318 955471
36664 855502
26443 856061
168105 967583
185023 937276
95822 826201
180507 851941
178696 852555
186147 925890
168814 827627
23825 873030
194932 809307
90856 912950
128972 847200
195475 948938
88541 822725
14002 908287
39602 807903
180618 969922
84966 939113
170359 813471
48964 883386
9544 982195
15666 819126
53531 891534
102371 843382
135603 921179
86923 928876
119285 998720
120992 955870
161048 842803
148713 822950
72159 933429
50493 861174
162669 897061
26543 981622
159360 857897
6605 957157
129997 972348
83519 880647
145480 907526
130832 941311
111042 869655
156222 835373
80921 862695
181880 995424
158069 894646
19509 834186
111503 898456
67804 856827
135628 824234
22316 831383
62841 937921
5512 848826
189558 920720
13166 829802
93505 801500
72289 918932
102634 902518
168169 824143
152702 874902
180888 886647
16859 930779
77697 830967
16672 842036
125619 934503
47844 944337
57017 831587
133330 933457
57458 927838
181307 842593
80100 882955
158198 917780
192919 852569
44749 803958
9721 897835
169451 844641
42357 935624
9684 936044
127830 881315
60349 824980
