70
10008 20013
20015 30020
30022 40027
40029 50034
50036 60041
60043 70048
70050 80055
80057 90062
90064 100069
100071 110076
110078 120083
120085 130090
130092 140097
140099 150104
150106 160111
160113 170118
170120 180125
180127 190132
190134 200139
200141 210146
210148 220153
220155 230160
230162 240167
240169 250174
250176 260181
260183 270188
270190 280195
280197 290202
290204 300209
300211 310216
310218 320223
320225 330230
330232 340237
340239 350244
350246 360251
360253 370258
370260 380265
380267 390272
390274 400279
400281 410286
410288 420293
420295 430300
430302 440307
440309 450314
450316 460321
460323 470328
470330 480335
480337 490342
490344 500349
500351 510356
510358 520363
520365 530370
530372 540377
540379 550384
550386 560391
560393 570398
570400 580405
580407 590412
590414 600419
600421 610426
610428 620433
620435 630440
630442 640447
640449 650454
650456 660461
660463 670468
670470 680475
680477 690482
690484 700489
700491 710496
