100
9002 18001
18003 27002
27004 36003
36005 45004
45006 54005
54007 63006
63008 72007
72009 81008
81010 90009
90011 99010
99012 108011
108013 117012
117014 126013
126015 135014
135016 144015
144017 153016
153018 162017
162019 171018
171020 180019
180021 189020
189022 198021
198023 207022
207024 216023
216025 225024
225026 234025
234027 243026
243028 252027
252029 261028
261030 270029
270031 279030
279032 288031
288033 297032
297034 306033
306035 315034
315036 324035
324037 333036
333038 342037
342039 351038
351040 360039
360041 369040
369042 378041
378043 387042
387044 396043
396045 405044
405046 414045
414047 423046
423048 432047
432049 441048
441050 450049
450051 459050
459052 468051
468053 477052
477054 486053
486055 495054
495056 504055
504057 513056
513058 522057
522059 531058
531060 540059
540061 549060
549062 558061
558063 567062
567064 576063
576065 585064
585066 594065
594067 603066
603068 612067
612069 621068
621070 630069
630071 639070
639072 648071
648073 657072
657074 666073
666075 675074
675076 684075
684077 693076
693078 702077
702079 711078
711080 720079
720081 729080
729082 738081
738083 747082
747084 756083
756085 765084
765086 774085
774087 783086
783088 792087
792089 801088
801090 810089
810091 819090
819092 828091
828093 837092
837094 846093
846095 855094
855096 864095
864097 873096
873098 882097
882099 891098
891100 900099
900101 909100
