4851
9162 18321
9162 27482
9162 36643
9162 45804
9162 54965
9162 64126
9162 73287
9162 82448
9162 91609
9162 100770
9162 109931
9162 119092
9162 128253
9162 137414
9162 146575
9162 155736
9162 164897
9162 174058
9162 183219
9162 192380
9162 201541
9162 210702
9162 219863
9162 229024
9162 238185
9162 247346
9162 256507
9162 265668
9162 274829
9162 283990
9162 293151
9162 302312
9162 311473
9162 320634
9162 329795
9162 338956
9162 348117
9162 357278
9162 366439
9162 375600
9162 384761
9162 393922
9162 403083
9162 412244
9162 421405
9162 430566
9162 439727
9162 448888
9162 458049
9162 467210
9162 476371
9162 485532
9162 494693
9162 503854
9162 513015
9162 522176
9162 531337
9162 540498
9162 549659
9162 558820
9162 567981
9162 577142
9162 586303
9162 595464
9162 604625
9162 613786
9162 622947
9162 632108
9162 641269
9162 650430
9162 659591
9162 668752
9162 677913
9162 687074
9162 696235
9162 705396
9162 714557
9162 723718
9162 732879
9162 742040
9162 751201
9162 760362
9162 769523
9162 778684
9162 787845
9162 797006
9162 806167
9162 815328
9162 824489
9162 833650
9162 842811
9162 851972
9162 861133
9162 870294
9162 879455
9162 888616
9162 897777
9162 906938
18323 27482
18323 36643
18323 45804
18323 54965
18323 64126
18323 73287
18323 82448
18323 91609
18323 100770
18323 109931
18323 119092
18323 128253
18323 137414
18323 146575
18323 155736
18323 164897
18323 174058
18323 183219
18323 192380
18323 201541
18323 210702
18323 219863
18323 229024
18323 238185
18323 247346
18323 256507
18323 265668
18323 274829
18323 283990
18323 293151
18323 302312
18323 311473
18323 320634
18323 329795
18323 338956
18323 348117
18323 357278
18323 366439
18323 375600
18323 384761
18323 393922
18323 403083
18323 412244
18323 421405
18323 430566
18323 439727
18323 448888
18323 458049
18323 467210
18323 476371
18323 485532
18323 494693
18323 503854
18323 513015
18323 522176
18323 531337
18323 540498
18323 549659
18323 558820
18323 567981
18323 577142
18323 586303
18323 595464
18323 604625
18323 613786
18323 622947
18323 632108
18323 641269
18323 650430
18323 659591
18323 668752
18323 677913
18323 687074
18323 696235
18323 705396
18323 714557
18323 723718
18323 732879
18323 742040
18323 751201
18323 760362
18323 769523
18323 778684
18323 787845
18323 797006
18323 806167
18323 815328
18323 824489
18323 833650
18323 842811
18323 851972
18323 861133
18323 870294
18323 879455
18323 888616
18323 897777
18323 906938
27484 36643
27484 45804
27484 54965
27484 64126
27484 73287
27484 82448
27484 91609
27484 100770
27484 109931
27484 119092
27484 128253
27484 137414
27484 146575
27484 155736
27484 164897
27484 174058
27484 183219
27484 192380
27484 201541
27484 210702
27484 219863
27484 229024
27484 238185
27484 247346
27484 256507
27484 265668
27484 274829
27484 283990
27484 293151
27484 302312
27484 311473
27484 320634
27484 329795
27484 338956
27484 348117
27484 357278
27484 366439
27484 375600
27484 384761
27484 393922
27484 403083
27484 412244
27484 421405
27484 430566
27484 439727
27484 448888
27484 458049
27484 467210
27484 476371
27484 485532
27484 494693
27484 503854
27484 513015
27484 522176
27484 531337
27484 540498
27484 549659
27484 558820
27484 567981
27484 577142
27484 586303
27484 595464
27484 604625
27484 613786
27484 622947
27484 632108
27484 641269
27484 650430
27484 659591
27484 668752
27484 677913
27484 687074
27484 696235
27484 705396
27484 714557
27484 723718
27484 732879
27484 742040
27484 751201
27484 760362
27484 769523
27484 778684
27484 787845
27484 797006
27484 806167
27484 815328
27484 824489
27484 833650
27484 842811
27484 851972
27484 861133
27484 870294
27484 879455
27484 888616
27484 897777
27484 906938
36645 45804
36645 54965
36645 64126
36645 73287
36645 82448
36645 91609
36645 100770
36645 109931
36645 119092
36645 128253
36645 137414
36645 146575
36645 155736
36645 164897
36645 174058
36645 183219
36645 192380
36645 201541
36645 210702
36645 219863
36645 229024
36645 238185
36645 247346
36645 256507
36645 265668
36645 274829
36645 283990
36645 293151
36645 302312
36645 311473
36645 320634
36645 329795
36645 338956
36645 348117
36645 357278
36645 366439
36645 375600
36645 384761
36645 393922
36645 403083
36645 412244
36645 421405
36645 430566
36645 439727
36645 448888
36645 458049
36645 467210
36645 476371
36645 485532
36645 494693
36645 503854
36645 513015
36645 522176
36645 531337
36645 540498
36645 549659
36645 558820
36645 567981
36645 577142
36645 586303
36645 595464
36645 604625
36645 613786
36645 622947
36645 632108
36645 641269
36645 650430
36645 659591
36645 668752
36645 677913
36645 687074
36645 696235
36645 705396
36645 714557
36645 723718
36645 732879
36645 742040
36645 751201
36645 760362
36645 769523
36645 778684
36645 787845
36645 797006
36645 806167
36645 815328
36645 824489
36645 833650
36645 842811
36645 851972
36645 861133
36645 870294
36645 879455
36645 888616
36645 897777
36645 906938
45806 54965
45806 64126
45806 73287
45806 82448
45806 91609
45806 100770
45806 109931
45806 119092
45806 128253
45806 137414
45806 146575
45806 155736
45806 164897
45806 174058
45806 183219
45806 192380
45806 201541
45806 210702
45806 219863
45806 229024
45806 238185
45806 247346
45806 256507
45806 265668
45806 274829
45806 283990
45806 293151
45806 302312
45806 311473
45806 320634
45806 329795
45806 338956
45806 348117
45806 357278
45806 366439
45806 375600
45806 384761
45806 393922
45806 403083
45806 412244
45806 421405
45806 430566
45806 439727
45806 448888
45806 458049
45806 467210
45806 476371
45806 485532
45806 494693
45806 503854
45806 513015
45806 522176
45806 531337
45806 540498
45806 549659
45806 558820
45806 567981
45806 577142
45806 586303
45806 595464
45806 604625
45806 613786
45806 622947
45806 632108
45806 641269
45806 650430
45806 659591
45806 668752
45806 677913
45806 687074
45806 696235
45806 705396
45806 714557
45806 723718
45806 732879
45806 742040
45806 751201
45806 760362
45806 769523
45806 778684
45806 787845
45806 797006
45806 806167
45806 815328
45806 824489
45806 833650
45806 842811
45806 851972
45806 861133
45806 870294
45806 879455
45806 888616
45806 897777
45806 906938
54967 64126
54967 73287
54967 82448
54967 91609
54967 100770
54967 109931
54967 119092
54967 128253
54967 137414
54967 146575
54967 155736
54967 164897
54967 174058
54967 183219
54967 192380
54967 201541
54967 210702
54967 219863
54967 229024
54967 238185
54967 247346
54967 256507
54967 265668
54967 274829
54967 283990
54967 293151
54967 302312
54967 311473
54967 320634
54967 329795
54967 338956
54967 348117
54967 357278
54967 366439
54967 375600
54967 384761
54967 393922
54967 403083
54967 412244
54967 421405
54967 430566
54967 439727
54967 448888
54967 458049
54967 467210
54967 476371
54967 485532
54967 494693
54967 503854
54967 513015
54967 522176
54967 531337
54967 540498
54967 549659
54967 558820
54967 567981
54967 577142
54967 586303
54967 595464
54967 604625
54967 613786
54967 622947
54967 632108
54967 641269
54967 650430
54967 659591
54967 668752
54967 677913
54967 687074
54967 696235
54967 705396
54967 714557
54967 723718
54967 732879
54967 742040
54967 751201
54967 760362
54967 769523
54967 778684
54967 787845
54967 797006
54967 806167
54967 815328
54967 824489
54967 833650
54967 842811
54967 851972
54967 861133
54967 870294
54967 879455
54967 888616
54967 897777
54967 906938
64128 73287
64128 82448
64128 91609
64128 100770
64128 109931
64128 119092
64128 128253
64128 137414
64128 146575
64128 155736
64128 164897
64128 174058
64128 183219
64128 192380
64128 201541
64128 210702
64128 219863
64128 229024
64128 238185
64128 247346
64128 256507
64128 265668
64128 274829
64128 283990
64128 293151
64128 302312
64128 311473
64128 320634
64128 329795
64128 338956
64128 348117
64128 357278
64128 366439
64128 375600
64128 384761
64128 393922
64128 403083
64128 412244
64128 421405
64128 430566
64128 439727
64128 448888
64128 458049
64128 467210
64128 476371
64128 485532
64128 494693
64128 503854
64128 513015
64128 522176
64128 531337
64128 540498
64128 549659
64128 558820
64128 567981
64128 577142
64128 586303
64128 595464
64128 604625
64128 613786
64128 622947
64128 632108
64128 641269
64128 650430
64128 659591
64128 668752
64128 677913
64128 687074
64128 696235
64128 705396
64128 714557
64128 723718
64128 732879
64128 742040
64128 751201
64128 760362
64128 769523
64128 778684
64128 787845
64128 797006
64128 806167
64128 815328
64128 824489
64128 833650
64128 842811
64128 851972
64128 861133
64128 870294
64128 879455
64128 888616
64128 897777
64128 906938
73289 82448
73289 91609
73289 100770
73289 109931
73289 119092
73289 128253
73289 137414
73289 146575
73289 155736
73289 164897
73289 174058
73289 183219
73289 192380
73289 201541
73289 210702
73289 219863
73289 229024
73289 238185
73289 247346
73289 256507
73289 265668
73289 274829
73289 283990
73289 293151
73289 302312
73289 311473
73289 320634
73289 329795
73289 338956
73289 348117
73289 357278
73289 366439
73289 375600
73289 384761
73289 393922
73289 403083
73289 412244
73289 421405
73289 430566
73289 439727
73289 448888
73289 458049
73289 467210
73289 476371
73289 485532
73289 494693
73289 503854
73289 513015
73289 522176
73289 531337
73289 540498
73289 549659
73289 558820
73289 567981
73289 577142
73289 586303
73289 595464
73289 604625
73289 613786
73289 622947
73289 632108
73289 641269
73289 650430
73289 659591
73289 668752
73289 677913
73289 687074
73289 696235
73289 705396
73289 714557
73289 723718
73289 732879
73289 742040
73289 751201
73289 760362
73289 769523
73289 778684
73289 787845
73289 797006
73289 806167
73289 815328
73289 824489
73289 833650
73289 842811
73289 851972
73289 861133
73289 870294
73289 879455
73289 888616
73289 897777
73289 906938
82450 91609
82450 100770
82450 109931
82450 119092
82450 128253
82450 137414
82450 146575
82450 155736
82450 164897
82450 174058
82450 183219
82450 192380
82450 201541
82450 210702
82450 219863
82450 229024
82450 238185
82450 247346
82450 256507
82450 265668
82450 274829
82450 283990
82450 293151
82450 302312
82450 311473
82450 320634
82450 329795
82450 338956
82450 348117
82450 357278
82450 366439
82450 375600
82450 384761
82450 393922
82450 403083
82450 412244
82450 421405
82450 430566
82450 439727
82450 448888
82450 458049
82450 467210
82450 476371
82450 485532
82450 494693
82450 503854
82450 513015
82450 522176
82450 531337
82450 540498
82450 549659
82450 558820
82450 567981
82450 577142
82450 586303
82450 595464
82450 604625
82450 613786
82450 622947
82450 632108
82450 641269
82450 650430
82450 659591
82450 668752
82450 677913
82450 687074
82450 696235
82450 705396
82450 714557
82450 723718
82450 732879
82450 742040
82450 751201
82450 760362
82450 769523
82450 778684
82450 787845
82450 797006
82450 806167
82450 815328
82450 824489
82450 833650
82450 842811
82450 851972
82450 861133
82450 870294
82450 879455
82450 888616
82450 897777
82450 906938
91611 100770
91611 109931
91611 119092
91611 128253
91611 137414
91611 146575
91611 155736
91611 164897
91611 174058
91611 183219
91611 192380
91611 201541
91611 210702
91611 219863
91611 229024
91611 238185
91611 247346
91611 256507
91611 265668
91611 274829
91611 283990
91611 293151
91611 302312
91611 311473
91611 320634
91611 329795
91611 338956
91611 348117
91611 357278
91611 366439
91611 375600
91611 384761
91611 393922
91611 403083
91611 412244
91611 421405
91611 430566
91611 439727
91611 448888
91611 458049
91611 467210
91611 476371
91611 485532
91611 494693
91611 503854
91611 513015
91611 522176
91611 531337
91611 540498
91611 549659
91611 558820
91611 567981
91611 577142
91611 586303
91611 595464
91611 604625
91611 613786
91611 622947
91611 632108
91611 641269
91611 650430
91611 659591
91611 668752
91611 677913
91611 687074
91611 696235
91611 705396
91611 714557
91611 723718
91611 732879
91611 742040
91611 751201
91611 760362
91611 769523
91611 778684
91611 787845
91611 797006
91611 806167
91611 815328
91611 824489
91611 833650
91611 842811
91611 851972
91611 861133
91611 870294
91611 879455
91611 888616
91611 897777
91611 906938
100772 109931
100772 119092
100772 128253
100772 137414
100772 146575
100772 155736
100772 164897
100772 174058
100772 183219
100772 192380
100772 201541
100772 210702
100772 219863
100772 229024
100772 238185
100772 247346
100772 256507
100772 265668
100772 274829
100772 283990
100772 293151
100772 302312
100772 311473
100772 320634
100772 329795
100772 338956
100772 348117
100772 357278
100772 366439
100772 375600
100772 384761
100772 393922
100772 403083
100772 412244
100772 421405
100772 430566
100772 439727
100772 448888
100772 458049
100772 467210
100772 476371
100772 485532
100772 494693
100772 503854
100772 513015
100772 522176
100772 531337
100772 540498
100772 549659
100772 558820
100772 567981
100772 577142
100772 586303
100772 595464
100772 604625
100772 613786
100772 622947
100772 632108
100772 641269
100772 650430
100772 659591
100772 668752
100772 677913
100772 687074
100772 696235
100772 705396
100772 714557
100772 723718
100772 732879
100772 742040
100772 751201
100772 760362
100772 769523
100772 778684
100772 787845
100772 797006
100772 806167
100772 815328
100772 824489
100772 833650
100772 842811
100772 851972
100772 861133
100772 870294
100772 879455
100772 888616
100772 897777
100772 906938
109933 119092
109933 128253
109933 137414
109933 146575
109933 155736
109933 164897
109933 174058
109933 183219
109933 192380
109933 201541
109933 210702
109933 219863
109933 229024
109933 238185
109933 247346
109933 256507
109933 265668
109933 274829
109933 283990
109933 293151
109933 302312
109933 311473
109933 320634
109933 329795
109933 338956
109933 348117
109933 357278
109933 366439
109933 375600
109933 384761
109933 393922
109933 403083
109933 412244
109933 421405
109933 430566
109933 439727
109933 448888
109933 458049
109933 467210
109933 476371
109933 485532
109933 494693
109933 503854
109933 513015
109933 522176
109933 531337
109933 540498
109933 549659
109933 558820
109933 567981
109933 577142
109933 586303
109933 595464
109933 604625
109933 613786
109933 622947
109933 632108
109933 641269
109933 650430
109933 659591
109933 668752
109933 677913
109933 687074
109933 696235
109933 705396
109933 714557
109933 723718
109933 732879
109933 742040
109933 751201
109933 760362
109933 769523
109933 778684
109933 787845
109933 797006
109933 806167
109933 815328
109933 824489
109933 833650
109933 842811
109933 851972
109933 861133
109933 870294
109933 879455
109933 888616
109933 897777
109933 906938
119094 128253
119094 137414
119094 146575
119094 155736
119094 164897
119094 174058
119094 183219
119094 192380
119094 201541
119094 210702
119094 219863
119094 229024
119094 238185
119094 247346
119094 256507
119094 265668
119094 274829
119094 283990
119094 293151
119094 302312
119094 311473
119094 320634
119094 329795
119094 338956
119094 348117
119094 357278
119094 366439
119094 375600
119094 384761
119094 393922
119094 403083
119094 412244
119094 421405
119094 430566
119094 439727
119094 448888
119094 458049
119094 467210
119094 476371
119094 485532
119094 494693
119094 503854
119094 513015
119094 522176
119094 531337
119094 540498
119094 549659
119094 558820
119094 567981
119094 577142
119094 586303
119094 595464
119094 604625
119094 613786
119094 622947
119094 632108
119094 641269
119094 650430
119094 659591
119094 668752
119094 677913
119094 687074
119094 696235
119094 705396
119094 714557
119094 723718
119094 732879
119094 742040
119094 751201
119094 760362
119094 769523
119094 778684
119094 787845
119094 797006
119094 806167
119094 815328
119094 824489
119094 833650
119094 842811
119094 851972
119094 861133
119094 870294
119094 879455
119094 888616
119094 897777
119094 906938
128255 137414
128255 146575
128255 155736
128255 164897
128255 174058
128255 183219
128255 192380
128255 201541
128255 210702
128255 219863
128255 229024
128255 238185
128255 247346
128255 256507
128255 265668
128255 274829
128255 283990
128255 293151
128255 302312
128255 311473
128255 320634
128255 329795
128255 338956
128255 348117
128255 357278
128255 366439
128255 375600
128255 384761
128255 393922
128255 403083
128255 412244
128255 421405
128255 430566
128255 439727
128255 448888
128255 458049
128255 467210
128255 476371
128255 485532
128255 494693
128255 503854
128255 513015
128255 522176
128255 531337
128255 540498
128255 549659
128255 558820
128255 567981
128255 577142
128255 586303
128255 595464
128255 604625
128255 613786
128255 622947
128255 632108
128255 641269
128255 650430
128255 659591
128255 668752
128255 677913
128255 687074
128255 696235
128255 705396
128255 714557
128255 723718
128255 732879
128255 742040
128255 751201
128255 760362
128255 769523
128255 778684
128255 787845
128255 797006
128255 806167
128255 815328
128255 824489
128255 833650
128255 842811
128255 851972
128255 861133
128255 870294
128255 879455
128255 888616
128255 897777
128255 906938
137416 146575
137416 155736
137416 164897
137416 174058
137416 183219
137416 192380
137416 201541
137416 210702
137416 219863
137416 229024
137416 238185
137416 247346
137416 256507
137416 265668
137416 274829
137416 283990
137416 293151
137416 302312
137416 311473
137416 320634
137416 329795
137416 338956
137416 348117
137416 357278
137416 366439
137416 375600
137416 384761
137416 393922
137416 403083
137416 412244
137416 421405
137416 430566
137416 439727
137416 448888
137416 458049
137416 467210
137416 476371
137416 485532
137416 494693
137416 503854
137416 513015
137416 522176
137416 531337
137416 540498
137416 549659
137416 558820
137416 567981
137416 577142
137416 586303
137416 595464
137416 604625
137416 613786
137416 622947
137416 632108
137416 641269
137416 650430
137416 659591
137416 668752
137416 677913
137416 687074
137416 696235
137416 705396
137416 714557
137416 723718
137416 732879
137416 742040
137416 751201
137416 760362
137416 769523
137416 778684
137416 787845
137416 797006
137416 806167
137416 815328
137416 824489
137416 833650
137416 842811
137416 851972
137416 861133
137416 870294
137416 879455
137416 888616
137416 897777
137416 906938
146577 155736
146577 164897
146577 174058
146577 183219
146577 192380
146577 201541
146577 210702
146577 219863
146577 229024
146577 238185
146577 247346
146577 256507
146577 265668
146577 274829
146577 283990
146577 293151
146577 302312
146577 311473
146577 320634
146577 329795
146577 338956
146577 348117
146577 357278
146577 366439
146577 375600
146577 384761
146577 393922
146577 403083
146577 412244
146577 421405
146577 430566
146577 439727
146577 448888
146577 458049
146577 467210
146577 476371
146577 485532
146577 494693
146577 503854
146577 513015
146577 522176
146577 531337
146577 540498
146577 549659
146577 558820
146577 567981
146577 577142
146577 586303
146577 595464
146577 604625
146577 613786
146577 622947
146577 632108
146577 641269
146577 650430
146577 659591
146577 668752
146577 677913
146577 687074
146577 696235
146577 705396
146577 714557
146577 723718
146577 732879
146577 742040
146577 751201
146577 760362
146577 769523
146577 778684
146577 787845
146577 797006
146577 806167
146577 815328
146577 824489
146577 833650
146577 842811
146577 851972
146577 861133
146577 870294
146577 879455
146577 888616
146577 897777
146577 906938
155738 164897
155738 174058
155738 183219
155738 192380
155738 201541
155738 210702
155738 219863
155738 229024
155738 238185
155738 247346
155738 256507
155738 265668
155738 274829
155738 283990
155738 293151
155738 302312
155738 311473
155738 320634
155738 329795
155738 338956
155738 348117
155738 357278
155738 366439
155738 375600
155738 384761
155738 393922
155738 403083
155738 412244
155738 421405
155738 430566
155738 439727
155738 448888
155738 458049
155738 467210
155738 476371
155738 485532
155738 494693
155738 503854
155738 513015
155738 522176
155738 531337
155738 540498
155738 549659
155738 558820
155738 567981
155738 577142
155738 586303
155738 595464
155738 604625
155738 613786
155738 622947
155738 632108
155738 641269
155738 650430
155738 659591
155738 668752
155738 677913
155738 687074
155738 696235
155738 705396
155738 714557
155738 723718
155738 732879
155738 742040
155738 751201
155738 760362
155738 769523
155738 778684
155738 787845
155738 797006
155738 806167
155738 815328
155738 824489
155738 833650
155738 842811
155738 851972
155738 861133
155738 870294
155738 879455
155738 888616
155738 897777
155738 906938
164899 174058
164899 183219
164899 192380
164899 201541
164899 210702
164899 219863
164899 229024
164899 238185
164899 247346
164899 256507
164899 265668
164899 274829
164899 283990
164899 293151
164899 302312
164899 311473
164899 320634
164899 329795
164899 338956
164899 348117
164899 357278
164899 366439
164899 375600
164899 384761
164899 393922
164899 403083
164899 412244
164899 421405
164899 430566
164899 439727
164899 448888
164899 458049
164899 467210
164899 476371
164899 485532
164899 494693
164899 503854
164899 513015
164899 522176
164899 531337
164899 540498
164899 549659
164899 558820
164899 567981
164899 577142
164899 586303
164899 595464
164899 604625
164899 613786
164899 622947
164899 632108
164899 641269
164899 650430
164899 659591
164899 668752
164899 677913
164899 687074
164899 696235
164899 705396
164899 714557
164899 723718
164899 732879
164899 742040
164899 751201
164899 760362
164899 769523
164899 778684
164899 787845
164899 797006
164899 806167
164899 815328
164899 824489
164899 833650
164899 842811
164899 851972
164899 861133
164899 870294
164899 879455
164899 888616
164899 897777
164899 906938
174060 183219
174060 192380
174060 201541
174060 210702
174060 219863
174060 229024
174060 238185
174060 247346
174060 256507
174060 265668
174060 274829
174060 283990
174060 293151
174060 302312
174060 311473
174060 320634
174060 329795
174060 338956
174060 348117
174060 357278
174060 366439
174060 375600
174060 384761
174060 393922
174060 403083
174060 412244
174060 421405
174060 430566
174060 439727
174060 448888
174060 458049
174060 467210
174060 476371
174060 485532
174060 494693
174060 503854
174060 513015
174060 522176
174060 531337
174060 540498
174060 549659
174060 558820
174060 567981
174060 577142
174060 586303
174060 595464
174060 604625
174060 613786
174060 622947
174060 632108
174060 641269
174060 650430
174060 659591
174060 668752
174060 677913
174060 687074
174060 696235
174060 705396
174060 714557
174060 723718
174060 732879
174060 742040
174060 751201
174060 760362
174060 769523
174060 778684
174060 787845
174060 797006
174060 806167
174060 815328
174060 824489
174060 833650
174060 842811
174060 851972
174060 861133
174060 870294
174060 879455
174060 888616
174060 897777
174060 906938
183221 192380
183221 201541
183221 210702
183221 219863
183221 229024
183221 238185
183221 247346
183221 256507
183221 265668
183221 274829
183221 283990
183221 293151
183221 302312
183221 311473
183221 320634
183221 329795
183221 338956
183221 348117
183221 357278
183221 366439
183221 375600
183221 384761
183221 393922
183221 403083
183221 412244
183221 421405
183221 430566
183221 439727
183221 448888
183221 458049
183221 467210
183221 476371
183221 485532
183221 494693
183221 503854
183221 513015
183221 522176
183221 531337
183221 540498
183221 549659
183221 558820
183221 567981
183221 577142
183221 586303
183221 595464
183221 604625
183221 613786
183221 622947
183221 632108
183221 641269
183221 650430
183221 659591
183221 668752
183221 677913
183221 687074
183221 696235
183221 705396
183221 714557
183221 723718
183221 732879
183221 742040
183221 751201
183221 760362
183221 769523
183221 778684
183221 787845
183221 797006
183221 806167
183221 815328
183221 824489
183221 833650
183221 842811
183221 851972
183221 861133
183221 870294
183221 879455
183221 888616
183221 897777
183221 906938
192382 201541
192382 210702
192382 219863
192382 229024
192382 238185
192382 247346
192382 256507
192382 265668
192382 274829
192382 283990
192382 293151
192382 302312
192382 311473
192382 320634
192382 329795
192382 338956
192382 348117
192382 357278
192382 366439
192382 375600
192382 384761
192382 393922
192382 403083
192382 412244
192382 421405
192382 430566
192382 439727
192382 448888
192382 458049
192382 467210
192382 476371
192382 485532
192382 494693
192382 503854
192382 513015
192382 522176
192382 531337
192382 540498
192382 549659
192382 558820
192382 567981
192382 577142
192382 586303
192382 595464
192382 604625
192382 613786
192382 622947
192382 632108
192382 641269
192382 650430
192382 659591
192382 668752
192382 677913
192382 687074
192382 696235
192382 705396
192382 714557
192382 723718
192382 732879
192382 742040
192382 751201
192382 760362
192382 769523
192382 778684
192382 787845
192382 797006
192382 806167
192382 815328
192382 824489
192382 833650
192382 842811
192382 851972
192382 861133
192382 870294
192382 879455
192382 888616
192382 897777
192382 906938
201543 210702
201543 219863
201543 229024
201543 238185
201543 247346
201543 256507
201543 265668
201543 274829
201543 283990
201543 293151
201543 302312
201543 311473
201543 320634
201543 329795
201543 338956
201543 348117
201543 357278
201543 366439
201543 375600
201543 384761
201543 393922
201543 403083
201543 412244
201543 421405
201543 430566
201543 439727
201543 448888
201543 458049
201543 467210
201543 476371
201543 485532
201543 494693
201543 503854
201543 513015
201543 522176
201543 531337
201543 540498
201543 549659
201543 558820
201543 567981
201543 577142
201543 586303
201543 595464
201543 604625
201543 613786
201543 622947
201543 632108
201543 641269
201543 650430
201543 659591
201543 668752
201543 677913
201543 687074
201543 696235
201543 705396
201543 714557
201543 723718
201543 732879
201543 742040
201543 751201
201543 760362
201543 769523
201543 778684
201543 787845
201543 797006
201543 806167
201543 815328
201543 824489
201543 833650
201543 842811
201543 851972
201543 861133
201543 870294
201543 879455
201543 888616
201543 897777
201543 906938
210704 219863
210704 229024
210704 238185
210704 247346
210704 256507
210704 265668
210704 274829
210704 283990
210704 293151
210704 302312
210704 311473
210704 320634
210704 329795
210704 338956
210704 348117
210704 357278
210704 366439
210704 375600
210704 384761
210704 393922
210704 403083
210704 412244
210704 421405
210704 430566
210704 439727
210704 448888
210704 458049
210704 467210
210704 476371
210704 485532
210704 494693
210704 503854
210704 513015
210704 522176
210704 531337
210704 540498
210704 549659
210704 558820
210704 567981
210704 577142
210704 586303
210704 595464
210704 604625
210704 613786
210704 622947
210704 632108
210704 641269
210704 650430
210704 659591
210704 668752
210704 677913
210704 687074
210704 696235
210704 705396
210704 714557
210704 723718
210704 732879
210704 742040
210704 751201
210704 760362
210704 769523
210704 778684
210704 787845
210704 797006
210704 806167
210704 815328
210704 824489
210704 833650
210704 842811
210704 851972
210704 861133
210704 870294
210704 879455
210704 888616
210704 897777
210704 906938
219865 229024
219865 238185
219865 247346
219865 256507
219865 265668
219865 274829
219865 283990
219865 293151
219865 302312
219865 311473
219865 320634
219865 329795
219865 338956
219865 348117
219865 357278
219865 366439
219865 375600
219865 384761
219865 393922
219865 403083
219865 412244
219865 421405
219865 430566
219865 439727
219865 448888
219865 458049
219865 467210
219865 476371
219865 485532
219865 494693
219865 503854
219865 513015
219865 522176
219865 531337
219865 540498
219865 549659
219865 558820
219865 567981
219865 577142
219865 586303
219865 595464
219865 604625
219865 613786
219865 622947
219865 632108
219865 641269
219865 650430
219865 659591
219865 668752
219865 677913
219865 687074
219865 696235
219865 705396
219865 714557
219865 723718
219865 732879
219865 742040
219865 751201
219865 760362
219865 769523
219865 778684
219865 787845
219865 797006
219865 806167
219865 815328
219865 824489
219865 833650
219865 842811
219865 851972
219865 861133
219865 870294
219865 879455
219865 888616
219865 897777
219865 906938
229026 238185
229026 247346
229026 256507
229026 265668
229026 274829
229026 283990
229026 293151
229026 302312
229026 311473
229026 320634
229026 329795
229026 338956
229026 348117
229026 357278
229026 366439
229026 375600
229026 384761
229026 393922
229026 403083
229026 412244
229026 421405
229026 430566
229026 439727
229026 448888
229026 458049
229026 467210
229026 476371
229026 485532
229026 494693
229026 503854
229026 513015
229026 522176
229026 531337
229026 540498
229026 549659
229026 558820
229026 567981
229026 577142
229026 586303
229026 595464
229026 604625
229026 613786
229026 622947
229026 632108
229026 641269
229026 650430
229026 659591
229026 668752
229026 677913
229026 687074
229026 696235
229026 705396
229026 714557
229026 723718
229026 732879
229026 742040
229026 751201
229026 760362
229026 769523
229026 778684
229026 787845
229026 797006
229026 806167
229026 815328
229026 824489
229026 833650
229026 842811
229026 851972
229026 861133
229026 870294
229026 879455
229026 888616
229026 897777
229026 906938
238187 247346
238187 256507
238187 265668
238187 274829
238187 283990
238187 293151
238187 302312
238187 311473
238187 320634
238187 329795
238187 338956
238187 348117
238187 357278
238187 366439
238187 375600
238187 384761
238187 393922
238187 403083
238187 412244
238187 421405
238187 430566
238187 439727
238187 448888
238187 458049
238187 467210
238187 476371
238187 485532
238187 494693
238187 503854
238187 513015
238187 522176
238187 531337
238187 540498
238187 549659
238187 558820
238187 567981
238187 577142
238187 586303
238187 595464
238187 604625
238187 613786
238187 622947
238187 632108
238187 641269
238187 650430
238187 659591
238187 668752
238187 677913
238187 687074
238187 696235
238187 705396
238187 714557
238187 723718
238187 732879
238187 742040
238187 751201
238187 760362
238187 769523
238187 778684
238187 787845
238187 797006
238187 806167
238187 815328
238187 824489
238187 833650
238187 842811
238187 851972
238187 861133
238187 870294
238187 879455
238187 888616
238187 897777
238187 906938
247348 256507
247348 265668
247348 274829
247348 283990
247348 293151
247348 302312
247348 311473
247348 320634
247348 329795
247348 338956
247348 348117
247348 357278
247348 366439
247348 375600
247348 384761
247348 393922
247348 403083
247348 412244
247348 421405
247348 430566
247348 439727
247348 448888
247348 458049
247348 467210
247348 476371
247348 485532
247348 494693
247348 503854
247348 513015
247348 522176
247348 531337
247348 540498
247348 549659
247348 558820
247348 567981
247348 577142
247348 586303
247348 595464
247348 604625
247348 613786
247348 622947
247348 632108
247348 641269
247348 650430
247348 659591
247348 668752
247348 677913
247348 687074
247348 696235
247348 705396
247348 714557
247348 723718
247348 732879
247348 742040
247348 751201
247348 760362
247348 769523
247348 778684
247348 787845
247348 797006
247348 806167
247348 815328
247348 824489
247348 833650
247348 842811
247348 851972
247348 861133
247348 870294
247348 879455
247348 888616
247348 897777
247348 906938
256509 265668
256509 274829
256509 283990
256509 293151
256509 302312
256509 311473
256509 320634
256509 329795
256509 338956
256509 348117
256509 357278
256509 366439
256509 375600
256509 384761
256509 393922
256509 403083
256509 412244
256509 421405
256509 430566
256509 439727
256509 448888
256509 458049
256509 467210
256509 476371
256509 485532
256509 494693
256509 503854
256509 513015
256509 522176
256509 531337
256509 540498
256509 549659
256509 558820
256509 567981
256509 577142
256509 586303
256509 595464
256509 604625
256509 613786
256509 622947
256509 632108
256509 641269
256509 650430
256509 659591
256509 668752
256509 677913
256509 687074
256509 696235
256509 705396
256509 714557
256509 723718
256509 732879
256509 742040
256509 751201
256509 760362
256509 769523
256509 778684
256509 787845
256509 797006
256509 806167
256509 815328
256509 824489
256509 833650
256509 842811
256509 851972
256509 861133
256509 870294
256509 879455
256509 888616
256509 897777
256509 906938
265670 274829
265670 283990
265670 293151
265670 302312
265670 311473
265670 320634
265670 329795
265670 338956
265670 348117
265670 357278
265670 366439
265670 375600
265670 384761
265670 393922
265670 403083
265670 412244
265670 421405
265670 430566
265670 439727
265670 448888
265670 458049
265670 467210
265670 476371
265670 485532
265670 494693
265670 503854
265670 513015
265670 522176
265670 531337
265670 540498
265670 549659
265670 558820
265670 567981
265670 577142
265670 586303
265670 595464
265670 604625
265670 613786
265670 622947
265670 632108
265670 641269
265670 650430
265670 659591
265670 668752
265670 677913
265670 687074
265670 696235
265670 705396
265670 714557
265670 723718
265670 732879
265670 742040
265670 751201
265670 760362
265670 769523
265670 778684
265670 787845
265670 797006
265670 806167
265670 815328
265670 824489
265670 833650
265670 842811
265670 851972
265670 861133
265670 870294
265670 879455
265670 888616
265670 897777
265670 906938
274831 283990
274831 293151
274831 302312
274831 311473
274831 320634
274831 329795
274831 338956
274831 348117
274831 357278
274831 366439
274831 375600
274831 384761
274831 393922
274831 403083
274831 412244
274831 421405
274831 430566
274831 439727
274831 448888
274831 458049
274831 467210
274831 476371
274831 485532
274831 494693
274831 503854
274831 513015
274831 522176
274831 531337
274831 540498
274831 549659
274831 558820
274831 567981
274831 577142
274831 586303
274831 595464
274831 604625
274831 613786
274831 622947
274831 632108
274831 641269
274831 650430
274831 659591
274831 668752
274831 677913
274831 687074
274831 696235
274831 705396
274831 714557
274831 723718
274831 732879
274831 742040
274831 751201
274831 760362
274831 769523
274831 778684
274831 787845
274831 797006
274831 806167
274831 815328
274831 824489
274831 833650
274831 842811
274831 851972
274831 861133
274831 870294
274831 879455
274831 888616
274831 897777
274831 906938
283992 293151
283992 302312
283992 311473
283992 320634
283992 329795
283992 338956
283992 348117
283992 357278
283992 366439
283992 375600
283992 384761
283992 393922
283992 403083
283992 412244
283992 421405
283992 430566
283992 439727
283992 448888
283992 458049
283992 467210
283992 476371
283992 485532
283992 494693
283992 503854
283992 513015
283992 522176
283992 531337
283992 540498
283992 549659
283992 558820
283992 567981
283992 577142
283992 586303
283992 595464
283992 604625
283992 613786
283992 622947
283992 632108
283992 641269
283992 650430
283992 659591
283992 668752
283992 677913
283992 687074
283992 696235
283992 705396
283992 714557
283992 723718
283992 732879
283992 742040
283992 751201
283992 760362
283992 769523
283992 778684
283992 787845
283992 797006
283992 806167
283992 815328
283992 824489
283992 833650
283992 842811
283992 851972
283992 861133
283992 870294
283992 879455
283992 888616
283992 897777
283992 906938
293153 302312
293153 311473
293153 320634
293153 329795
293153 338956
293153 348117
293153 357278
293153 366439
293153 375600
293153 384761
293153 393922
293153 403083
293153 412244
293153 421405
293153 430566
293153 439727
293153 448888
293153 458049
293153 467210
293153 476371
293153 485532
293153 494693
293153 503854
293153 513015
293153 522176
293153 531337
293153 540498
293153 549659
293153 558820
293153 567981
293153 577142
293153 586303
293153 595464
293153 604625
293153 613786
293153 622947
293153 632108
293153 641269
293153 650430
293153 659591
293153 668752
293153 677913
293153 687074
293153 696235
293153 705396
293153 714557
293153 723718
293153 732879
293153 742040
293153 751201
293153 760362
293153 769523
293153 778684
293153 787845
293153 797006
293153 806167
293153 815328
293153 824489
293153 833650
293153 842811
293153 851972
293153 861133
293153 870294
293153 879455
293153 888616
293153 897777
293153 906938
302314 311473
302314 320634
302314 329795
302314 338956
302314 348117
302314 357278
302314 366439
302314 375600
302314 384761
302314 393922
302314 403083
302314 412244
302314 421405
302314 430566
302314 439727
302314 448888
302314 458049
302314 467210
302314 476371
302314 485532
302314 494693
302314 503854
302314 513015
302314 522176
302314 531337
302314 540498
302314 549659
302314 558820
302314 567981
302314 577142
302314 586303
302314 595464
302314 604625
302314 613786
302314 622947
302314 632108
302314 641269
302314 650430
302314 659591
302314 668752
302314 677913
302314 687074
302314 696235
302314 705396
302314 714557
302314 723718
302314 732879
302314 742040
302314 751201
302314 760362
302314 769523
302314 778684
302314 787845
302314 797006
302314 806167
302314 815328
302314 824489
302314 833650
302314 842811
302314 851972
302314 861133
302314 870294
302314 879455
302314 888616
302314 897777
302314 906938
311475 320634
311475 329795
311475 338956
311475 348117
311475 357278
311475 366439
311475 375600
311475 384761
311475 393922
311475 403083
311475 412244
311475 421405
311475 430566
311475 439727
311475 448888
311475 458049
311475 467210
311475 476371
311475 485532
311475 494693
311475 503854
311475 513015
311475 522176
311475 531337
311475 540498
311475 549659
311475 558820
311475 567981
311475 577142
311475 586303
311475 595464
311475 604625
311475 613786
311475 622947
311475 632108
311475 641269
311475 650430
311475 659591
311475 668752
311475 677913
311475 687074
311475 696235
311475 705396
311475 714557
311475 723718
311475 732879
311475 742040
311475 751201
311475 760362
311475 769523
311475 778684
311475 787845
311475 797006
311475 806167
311475 815328
311475 824489
311475 833650
311475 842811
311475 851972
311475 861133
311475 870294
311475 879455
311475 888616
311475 897777
311475 906938
320636 329795
320636 338956
320636 348117
320636 357278
320636 366439
320636 375600
320636 384761
320636 393922
320636 403083
320636 412244
320636 421405
320636 430566
320636 439727
320636 448888
320636 458049
320636 467210
320636 476371
320636 485532
320636 494693
320636 503854
320636 513015
320636 522176
320636 531337
320636 540498
320636 549659
320636 558820
320636 567981
320636 577142
320636 586303
320636 595464
320636 604625
320636 613786
320636 622947
320636 632108
320636 641269
320636 650430
320636 659591
320636 668752
320636 677913
320636 687074
320636 696235
320636 705396
320636 714557
320636 723718
320636 732879
320636 742040
320636 751201
320636 760362
320636 769523
320636 778684
320636 787845
320636 797006
320636 806167
320636 815328
320636 824489
320636 833650
320636 842811
320636 851972
320636 861133
320636 870294
320636 879455
320636 888616
320636 897777
320636 906938
329797 338956
329797 348117
329797 357278
329797 366439
329797 375600
329797 384761
329797 393922
329797 403083
329797 412244
329797 421405
329797 430566
329797 439727
329797 448888
329797 458049
329797 467210
329797 476371
329797 485532
329797 494693
329797 503854
329797 513015
329797 522176
329797 531337
329797 540498
329797 549659
329797 558820
329797 567981
329797 577142
329797 586303
329797 595464
329797 604625
329797 613786
329797 622947
329797 632108
329797 641269
329797 650430
329797 659591
329797 668752
329797 677913
329797 687074
329797 696235
329797 705396
329797 714557
329797 723718
329797 732879
329797 742040
329797 751201
329797 760362
329797 769523
329797 778684
329797 787845
329797 797006
329797 806167
329797 815328
329797 824489
329797 833650
329797 842811
329797 851972
329797 861133
329797 870294
329797 879455
329797 888616
329797 897777
329797 906938
338958 348117
338958 357278
338958 366439
338958 375600
338958 384761
338958 393922
338958 403083
338958 412244
338958 421405
338958 430566
338958 439727
338958 448888
338958 458049
338958 467210
338958 476371
338958 485532
338958 494693
338958 503854
338958 513015
338958 522176
338958 531337
338958 540498
338958 549659
338958 558820
338958 567981
338958 577142
338958 586303
338958 595464
338958 604625
338958 613786
338958 622947
338958 632108
338958 641269
338958 650430
338958 659591
338958 668752
338958 677913
338958 687074
338958 696235
338958 705396
338958 714557
338958 723718
338958 732879
338958 742040
338958 751201
338958 760362
338958 769523
338958 778684
338958 787845
338958 797006
338958 806167
338958 815328
338958 824489
338958 833650
338958 842811
338958 851972
338958 861133
338958 870294
338958 879455
338958 888616
338958 897777
338958 906938
348119 357278
348119 366439
348119 375600
348119 384761
348119 393922
348119 403083
348119 412244
348119 421405
348119 430566
348119 439727
348119 448888
348119 458049
348119 467210
348119 476371
348119 485532
348119 494693
348119 503854
348119 513015
348119 522176
348119 531337
348119 540498
348119 549659
348119 558820
348119 567981
348119 577142
348119 586303
348119 595464
348119 604625
348119 613786
348119 622947
348119 632108
348119 641269
348119 650430
348119 659591
348119 668752
348119 677913
348119 687074
348119 696235
348119 705396
348119 714557
348119 723718
348119 732879
348119 742040
348119 751201
348119 760362
348119 769523
348119 778684
348119 787845
348119 797006
348119 806167
348119 815328
348119 824489
348119 833650
348119 842811
348119 851972
348119 861133
348119 870294
348119 879455
348119 888616
348119 897777
348119 906938
357280 366439
357280 375600
357280 384761
357280 393922
357280 403083
357280 412244
357280 421405
357280 430566
357280 439727
357280 448888
357280 458049
357280 467210
357280 476371
357280 485532
357280 494693
357280 503854
357280 513015
357280 522176
357280 531337
357280 540498
357280 549659
357280 558820
357280 567981
357280 577142
357280 586303
357280 595464
357280 604625
357280 613786
357280 622947
357280 632108
357280 641269
357280 650430
357280 659591
357280 668752
357280 677913
357280 687074
357280 696235
357280 705396
357280 714557
357280 723718
357280 732879
357280 742040
357280 751201
357280 760362
357280 769523
357280 778684
357280 787845
357280 797006
357280 806167
357280 815328
357280 824489
357280 833650
357280 842811
357280 851972
357280 861133
357280 870294
357280 879455
357280 888616
357280 897777
357280 906938
366441 375600
366441 384761
366441 393922
366441 403083
366441 412244
366441 421405
366441 430566
366441 439727
366441 448888
366441 458049
366441 467210
366441 476371
366441 485532
366441 494693
366441 503854
366441 513015
366441 522176
366441 531337
366441 540498
366441 549659
366441 558820
366441 567981
366441 577142
366441 586303
366441 595464
366441 604625
366441 613786
366441 622947
366441 632108
366441 641269
366441 650430
366441 659591
366441 668752
366441 677913
366441 687074
366441 696235
366441 705396
366441 714557
366441 723718
366441 732879
366441 742040
366441 751201
366441 760362
366441 769523
366441 778684
366441 787845
366441 797006
366441 806167
366441 815328
366441 824489
366441 833650
366441 842811
366441 851972
366441 861133
366441 870294
366441 879455
366441 888616
366441 897777
366441 906938
375602 384761
375602 393922
375602 403083
375602 412244
375602 421405
375602 430566
375602 439727
375602 448888
375602 458049
375602 467210
375602 476371
375602 485532
375602 494693
375602 503854
375602 513015
375602 522176
375602 531337
375602 540498
375602 549659
375602 558820
375602 567981
375602 577142
375602 586303
375602 595464
375602 604625
375602 613786
375602 622947
375602 632108
375602 641269
375602 650430
375602 659591
375602 668752
375602 677913
375602 687074
375602 696235
375602 705396
375602 714557
375602 723718
375602 732879
375602 742040
375602 751201
375602 760362
375602 769523
375602 778684
375602 787845
375602 797006
375602 806167
375602 815328
375602 824489
375602 833650
375602 842811
375602 851972
375602 861133
375602 870294
375602 879455
375602 888616
375602 897777
375602 906938
384763 393922
384763 403083
384763 412244
384763 421405
384763 430566
384763 439727
384763 448888
384763 458049
384763 467210
384763 476371
384763 485532
384763 494693
384763 503854
384763 513015
384763 522176
384763 531337
384763 540498
384763 549659
384763 558820
384763 567981
384763 577142
384763 586303
384763 595464
384763 604625
384763 613786
384763 622947
384763 632108
384763 641269
384763 650430
384763 659591
384763 668752
384763 677913
384763 687074
384763 696235
384763 705396
384763 714557
384763 723718
384763 732879
384763 742040
384763 751201
384763 760362
384763 769523
384763 778684
384763 787845
384763 797006
384763 806167
384763 815328
384763 824489
384763 833650
384763 842811
384763 851972
384763 861133
384763 870294
384763 879455
384763 888616
384763 897777
384763 906938
393924 403083
393924 412244
393924 421405
393924 430566
393924 439727
393924 448888
393924 458049
393924 467210
393924 476371
393924 485532
393924 494693
393924 503854
393924 513015
393924 522176
393924 531337
393924 540498
393924 549659
393924 558820
393924 567981
393924 577142
393924 586303
393924 595464
393924 604625
393924 613786
393924 622947
393924 632108
393924 641269
393924 650430
393924 659591
393924 668752
393924 677913
393924 687074
393924 696235
393924 705396
393924 714557
393924 723718
393924 732879
393924 742040
393924 751201
393924 760362
393924 769523
393924 778684
393924 787845
393924 797006
393924 806167
393924 815328
393924 824489
393924 833650
393924 842811
393924 851972
393924 861133
393924 870294
393924 879455
393924 888616
393924 897777
393924 906938
403085 412244
403085 421405
403085 430566
403085 439727
403085 448888
403085 458049
403085 467210
403085 476371
403085 485532
403085 494693
403085 503854
403085 513015
403085 522176
403085 531337
403085 540498
403085 549659
403085 558820
403085 567981
403085 577142
403085 586303
403085 595464
403085 604625
403085 613786
403085 622947
403085 632108
403085 641269
403085 650430
403085 659591
403085 668752
403085 677913
403085 687074
403085 696235
403085 705396
403085 714557
403085 723718
403085 732879
403085 742040
403085 751201
403085 760362
403085 769523
403085 778684
403085 787845
403085 797006
403085 806167
403085 815328
403085 824489
403085 833650
403085 842811
403085 851972
403085 861133
403085 870294
403085 879455
403085 888616
403085 897777
403085 906938
412246 421405
412246 430566
412246 439727
412246 448888
412246 458049
412246 467210
412246 476371
412246 485532
412246 494693
412246 503854
412246 513015
412246 522176
412246 531337
412246 540498
412246 549659
412246 558820
412246 567981
412246 577142
412246 586303
412246 595464
412246 604625
412246 613786
412246 622947
412246 632108
412246 641269
412246 650430
412246 659591
412246 668752
412246 677913
412246 687074
412246 696235
412246 705396
412246 714557
412246 723718
412246 732879
412246 742040
412246 751201
412246 760362
412246 769523
412246 778684
412246 787845
412246 797006
412246 806167
412246 815328
412246 824489
412246 833650
412246 842811
412246 851972
412246 861133
412246 870294
412246 879455
412246 888616
412246 897777
412246 906938
421407 430566
421407 439727
421407 448888
421407 458049
421407 467210
421407 476371
421407 485532
421407 494693
421407 503854
421407 513015
421407 522176
421407 531337
421407 540498
421407 549659
421407 558820
421407 567981
421407 577142
421407 586303
421407 595464
421407 604625
421407 613786
421407 622947
421407 632108
421407 641269
421407 650430
421407 659591
421407 668752
421407 677913
421407 687074
421407 696235
421407 705396
421407 714557
421407 723718
421407 732879
421407 742040
421407 751201
421407 760362
421407 769523
421407 778684
421407 787845
421407 797006
421407 806167
421407 815328
421407 824489
421407 833650
421407 842811
421407 851972
421407 861133
421407 870294
421407 879455
421407 888616
421407 897777
421407 906938
430568 439727
430568 448888
430568 458049
430568 467210
430568 476371
430568 485532
430568 494693
430568 503854
430568 513015
430568 522176
430568 531337
430568 540498
430568 549659
430568 558820
430568 567981
430568 577142
430568 586303
430568 595464
430568 604625
430568 613786
430568 622947
430568 632108
430568 641269
430568 650430
430568 659591
430568 668752
430568 677913
430568 687074
430568 696235
430568 705396
430568 714557
430568 723718
430568 732879
430568 742040
430568 751201
430568 760362
430568 769523
430568 778684
430568 787845
430568 797006
430568 806167
430568 815328
430568 824489
430568 833650
430568 842811
430568 851972
430568 861133
430568 870294
430568 879455
430568 888616
430568 897777
430568 906938
439729 448888
439729 458049
439729 467210
439729 476371
439729 485532
439729 494693
439729 503854
439729 513015
439729 522176
439729 531337
439729 540498
439729 549659
439729 558820
439729 567981
439729 577142
439729 586303
439729 595464
439729 604625
439729 613786
439729 622947
439729 632108
439729 641269
439729 650430
439729 659591
439729 668752
439729 677913
439729 687074
439729 696235
439729 705396
439729 714557
439729 723718
439729 732879
439729 742040
439729 751201
439729 760362
439729 769523
439729 778684
439729 787845
439729 797006
439729 806167
439729 815328
439729 824489
439729 833650
439729 842811
439729 851972
439729 861133
439729 870294
439729 879455
439729 888616
439729 897777
439729 906938
448890 458049
448890 467210
448890 476371
448890 485532
448890 494693
448890 503854
448890 513015
448890 522176
448890 531337
448890 540498
448890 549659
448890 558820
448890 567981
448890 577142
448890 586303
448890 595464
448890 604625
448890 613786
448890 622947
448890 632108
448890 641269
448890 650430
448890 659591
448890 668752
448890 677913
448890 687074
448890 696235
448890 705396
448890 714557
448890 723718
448890 732879
448890 742040
448890 751201
448890 760362
448890 769523
448890 778684
448890 787845
448890 797006
448890 806167
448890 815328
448890 824489
448890 833650
448890 842811
448890 851972
448890 861133
448890 870294
448890 879455
448890 888616
448890 897777
448890 906938
458051 467210
458051 476371
458051 485532
458051 494693
458051 503854
458051 513015
458051 522176
458051 531337
458051 540498
458051 549659
458051 558820
458051 567981
458051 577142
458051 586303
458051 595464
458051 604625
458051 613786
458051 622947
458051 632108
458051 641269
458051 650430
458051 659591
458051 668752
458051 677913
458051 687074
458051 696235
458051 705396
458051 714557
458051 723718
458051 732879
458051 742040
458051 751201
458051 760362
458051 769523
458051 778684
458051 787845
458051 797006
458051 806167
458051 815328
458051 824489
458051 833650
458051 842811
458051 851972
458051 861133
458051 870294
458051 879455
458051 888616
458051 897777
458051 906938
467212 476371
467212 485532
467212 494693
467212 503854
467212 513015
467212 522176
467212 531337
467212 540498
467212 549659
467212 558820
467212 567981
467212 577142
467212 586303
467212 595464
467212 604625
467212 613786
467212 622947
467212 632108
467212 641269
467212 650430
467212 659591
467212 668752
467212 677913
467212 687074
467212 696235
467212 705396
467212 714557
467212 723718
467212 732879
467212 742040
467212 751201
467212 760362
467212 769523
467212 778684
467212 787845
467212 797006
467212 806167
467212 815328
467212 824489
467212 833650
467212 842811
467212 851972
467212 861133
467212 870294
467212 879455
467212 888616
467212 897777
467212 906938
476373 485532
476373 494693
476373 503854
476373 513015
476373 522176
476373 531337
476373 540498
476373 549659
476373 558820
476373 567981
476373 577142
476373 586303
476373 595464
476373 604625
476373 613786
476373 622947
476373 632108
476373 641269
476373 650430
476373 659591
476373 668752
476373 677913
476373 687074
476373 696235
476373 705396
476373 714557
476373 723718
476373 732879
476373 742040
476373 751201
476373 760362
476373 769523
476373 778684
476373 787845
476373 797006
476373 806167
476373 815328
476373 824489
476373 833650
476373 842811
476373 851972
476373 861133
476373 870294
476373 879455
476373 888616
476373 897777
476373 906938
485534 494693
485534 503854
485534 513015
485534 522176
485534 531337
485534 540498
485534 549659
485534 558820
485534 567981
485534 577142
485534 586303
485534 595464
485534 604625
485534 613786
485534 622947
485534 632108
485534 641269
485534 650430
485534 659591
485534 668752
485534 677913
485534 687074
485534 696235
485534 705396
485534 714557
485534 723718
485534 732879
485534 742040
485534 751201
485534 760362
485534 769523
485534 778684
485534 787845
485534 797006
485534 806167
485534 815328
485534 824489
485534 833650
485534 842811
485534 851972
485534 861133
485534 870294
485534 879455
485534 888616
485534 897777
485534 906938
494695 503854
494695 513015
494695 522176
494695 531337
494695 540498
494695 549659
494695 558820
494695 567981
494695 577142
494695 586303
494695 595464
494695 604625
494695 613786
494695 622947
494695 632108
494695 641269
494695 650430
494695 659591
494695 668752
494695 677913
494695 687074
494695 696235
494695 705396
494695 714557
494695 723718
494695 732879
494695 742040
494695 751201
494695 760362
494695 769523
494695 778684
494695 787845
494695 797006
494695 806167
494695 815328
494695 824489
494695 833650
494695 842811
494695 851972
494695 861133
494695 870294
494695 879455
494695 888616
494695 897777
494695 906938
503856 513015
503856 522176
503856 531337
503856 540498
503856 549659
503856 558820
503856 567981
503856 577142
503856 586303
503856 595464
503856 604625
503856 613786
503856 622947
503856 632108
503856 641269
503856 650430
503856 659591
503856 668752
503856 677913
503856 687074
503856 696235
503856 705396
503856 714557
503856 723718
503856 732879
503856 742040
503856 751201
503856 760362
503856 769523
503856 778684
503856 787845
503856 797006
503856 806167
503856 815328
503856 824489
503856 833650
503856 842811
503856 851972
503856 861133
503856 870294
503856 879455
503856 888616
503856 897777
503856 906938
513017 522176
513017 531337
513017 540498
513017 549659
513017 558820
513017 567981
513017 577142
513017 586303
513017 595464
513017 604625
513017 613786
513017 622947
513017 632108
513017 641269
513017 650430
513017 659591
513017 668752
513017 677913
513017 687074
513017 696235
513017 705396
513017 714557
513017 723718
513017 732879
513017 742040
513017 751201
513017 760362
513017 769523
513017 778684
513017 787845
513017 797006
513017 806167
513017 815328
513017 824489
513017 833650
513017 842811
513017 851972
513017 861133
513017 870294
513017 879455
513017 888616
513017 897777
513017 906938
522178 531337
522178 540498
522178 549659
522178 558820
522178 567981
522178 577142
522178 586303
522178 595464
522178 604625
522178 613786
522178 622947
522178 632108
522178 641269
522178 650430
522178 659591
522178 668752
522178 677913
522178 687074
522178 696235
522178 705396
522178 714557
522178 723718
522178 732879
522178 742040
522178 751201
522178 760362
522178 769523
522178 778684
522178 787845
522178 797006
522178 806167
522178 815328
522178 824489
522178 833650
522178 842811
522178 851972
522178 861133
522178 870294
522178 879455
522178 888616
522178 897777
522178 906938
531339 540498
531339 549659
531339 558820
531339 567981
531339 577142
531339 586303
531339 595464
531339 604625
531339 613786
531339 622947
531339 632108
531339 641269
531339 650430
531339 659591
531339 668752
531339 677913
531339 687074
531339 696235
531339 705396
531339 714557
531339 723718
531339 732879
531339 742040
531339 751201
531339 760362
531339 769523
531339 778684
531339 787845
531339 797006
531339 806167
531339 815328
531339 824489
531339 833650
531339 842811
531339 851972
531339 861133
531339 870294
531339 879455
531339 888616
531339 897777
531339 906938
540500 549659
540500 558820
540500 567981
540500 577142
540500 586303
540500 595464
540500 604625
540500 613786
540500 622947
540500 632108
540500 641269
540500 650430
540500 659591
540500 668752
540500 677913
540500 687074
540500 696235
540500 705396
540500 714557
540500 723718
540500 732879
540500 742040
540500 751201
540500 760362
540500 769523
540500 778684
540500 787845
540500 797006
540500 806167
540500 815328
540500 824489
540500 833650
540500 842811
540500 851972
540500 861133
540500 870294
540500 879455
540500 888616
540500 897777
540500 906938
549661 558820
549661 567981
549661 577142
549661 586303
549661 595464
549661 604625
549661 613786
549661 622947
549661 632108
549661 641269
549661 650430
549661 659591
549661 668752
549661 677913
549661 687074
549661 696235
549661 705396
549661 714557
549661 723718
549661 732879
549661 742040
549661 751201
549661 760362
549661 769523
549661 778684
549661 787845
549661 797006
549661 806167
549661 815328
549661 824489
549661 833650
549661 842811
549661 851972
549661 861133
549661 870294
549661 879455
549661 888616
549661 897777
549661 906938
558822 567981
558822 577142
558822 586303
558822 595464
558822 604625
558822 613786
558822 622947
558822 632108
558822 641269
558822 650430
558822 659591
558822 668752
558822 677913
558822 687074
558822 696235
558822 705396
558822 714557
558822 723718
558822 732879
558822 742040
558822 751201
558822 760362
558822 769523
558822 778684
558822 787845
558822 797006
558822 806167
558822 815328
558822 824489
558822 833650
558822 842811
558822 851972
558822 861133
558822 870294
558822 879455
558822 888616
558822 897777
558822 906938
567983 577142
567983 586303
567983 595464
567983 604625
567983 613786
567983 622947
567983 632108
567983 641269
567983 650430
567983 659591
567983 668752
567983 677913
567983 687074
567983 696235
567983 705396
567983 714557
567983 723718
567983 732879
567983 742040
567983 751201
567983 760362
567983 769523
567983 778684
567983 787845
567983 797006
567983 806167
567983 815328
567983 824489
567983 833650
567983 842811
567983 851972
567983 861133
567983 870294
567983 879455
567983 888616
567983 897777
567983 906938
577144 586303
577144 595464
577144 604625
577144 613786
577144 622947
577144 632108
577144 641269
577144 650430
577144 659591
577144 668752
577144 677913
577144 687074
577144 696235
577144 705396
577144 714557
577144 723718
577144 732879
577144 742040
577144 751201
577144 760362
577144 769523
577144 778684
577144 787845
577144 797006
577144 806167
577144 815328
577144 824489
577144 833650
577144 842811
577144 851972
577144 861133
577144 870294
577144 879455
577144 888616
577144 897777
577144 906938
586305 595464
586305 604625
586305 613786
586305 622947
586305 632108
586305 641269
586305 650430
586305 659591
586305 668752
586305 677913
586305 687074
586305 696235
586305 705396
586305 714557
586305 723718
586305 732879
586305 742040
586305 751201
586305 760362
586305 769523
586305 778684
586305 787845
586305 797006
586305 806167
586305 815328
586305 824489
586305 833650
586305 842811
586305 851972
586305 861133
586305 870294
586305 879455
586305 888616
586305 897777
586305 906938
595466 604625
595466 613786
595466 622947
595466 632108
595466 641269
595466 650430
595466 659591
595466 668752
595466 677913
595466 687074
595466 696235
595466 705396
595466 714557
595466 723718
595466 732879
595466 742040
595466 751201
595466 760362
595466 769523
595466 778684
595466 787845
595466 797006
595466 806167
595466 815328
595466 824489
595466 833650
595466 842811
595466 851972
595466 861133
595466 870294
595466 879455
595466 888616
595466 897777
595466 906938
604627 613786
604627 622947
604627 632108
604627 641269
604627 650430
604627 659591
604627 668752
604627 677913
604627 687074
604627 696235
604627 705396
604627 714557
604627 723718
604627 732879
604627 742040
604627 751201
604627 760362
604627 769523
604627 778684
604627 787845
604627 797006
604627 806167
604627 815328
604627 824489
604627 833650
604627 842811
604627 851972
604627 861133
604627 870294
604627 879455
604627 888616
604627 897777
604627 906938
613788 622947
613788 632108
613788 641269
613788 650430
613788 659591
613788 668752
613788 677913
613788 687074
613788 696235
613788 705396
613788 714557
613788 723718
613788 732879
613788 742040
613788 751201
613788 760362
613788 769523
613788 778684
613788 787845
613788 797006
613788 806167
613788 815328
613788 824489
613788 833650
613788 842811
613788 851972
613788 861133
613788 870294
613788 879455
613788 888616
613788 897777
613788 906938
622949 632108
622949 641269
622949 650430
622949 659591
622949 668752
622949 677913
622949 687074
622949 696235
622949 705396
622949 714557
622949 723718
622949 732879
622949 742040
622949 751201
622949 760362
622949 769523
622949 778684
622949 787845
622949 797006
622949 806167
622949 815328
622949 824489
622949 833650
622949 842811
622949 851972
622949 861133
622949 870294
622949 879455
622949 888616
622949 897777
622949 906938
632110 641269
632110 650430
632110 659591
632110 668752
632110 677913
632110 687074
632110 696235
632110 705396
632110 714557
632110 723718
632110 732879
632110 742040
632110 751201
632110 760362
632110 769523
632110 778684
632110 787845
632110 797006
632110 806167
632110 815328
632110 824489
632110 833650
632110 842811
632110 851972
632110 861133
632110 870294
632110 879455
632110 888616
632110 897777
632110 906938
641271 650430
641271 659591
641271 668752
641271 677913
641271 687074
641271 696235
641271 705396
641271 714557
641271 723718
641271 732879
641271 742040
641271 751201
641271 760362
641271 769523
641271 778684
641271 787845
641271 797006
641271 806167
641271 815328
641271 824489
641271 833650
641271 842811
641271 851972
641271 861133
641271 870294
641271 879455
641271 888616
641271 897777
641271 906938
650432 659591
650432 668752
650432 677913
650432 687074
650432 696235
650432 705396
650432 714557
650432 723718
650432 732879
650432 742040
650432 751201
650432 760362
650432 769523
650432 778684
650432 787845
650432 797006
650432 806167
650432 815328
650432 824489
650432 833650
650432 842811
650432 851972
650432 861133
650432 870294
650432 879455
650432 888616
650432 897777
650432 906938
659593 668752
659593 677913
659593 687074
659593 696235
659593 705396
659593 714557
659593 723718
659593 732879
659593 742040
659593 751201
659593 760362
659593 769523
659593 778684
659593 787845
659593 797006
659593 806167
659593 815328
659593 824489
659593 833650
659593 842811
659593 851972
659593 861133
659593 870294
659593 879455
659593 888616
659593 897777
659593 906938
668754 677913
668754 687074
668754 696235
668754 705396
668754 714557
668754 723718
668754 732879
668754 742040
668754 751201
668754 760362
668754 769523
668754 778684
668754 787845
668754 797006
668754 806167
668754 815328
668754 824489
668754 833650
668754 842811
668754 851972
668754 861133
668754 870294
668754 879455
668754 888616
668754 897777
668754 906938
677915 687074
677915 696235
677915 705396
677915 714557
677915 723718
677915 732879
677915 742040
677915 751201
677915 760362
677915 769523
677915 778684
677915 787845
677915 797006
677915 806167
677915 815328
677915 824489
677915 833650
677915 842811
677915 851972
677915 861133
677915 870294
677915 879455
677915 888616
677915 897777
677915 906938
687076 696235
687076 705396
687076 714557
687076 723718
687076 732879
687076 742040
687076 751201
687076 760362
687076 769523
687076 778684
687076 787845
687076 797006
687076 806167
687076 815328
687076 824489
687076 833650
687076 842811
687076 851972
687076 861133
687076 870294
687076 879455
687076 888616
687076 897777
687076 906938
696237 705396
696237 714557
696237 723718
696237 732879
696237 742040
696237 751201
696237 760362
696237 769523
696237 778684
696237 787845
696237 797006
696237 806167
696237 815328
696237 824489
696237 833650
696237 842811
696237 851972
696237 861133
696237 870294
696237 879455
696237 888616
696237 897777
696237 906938
705398 714557
705398 723718
705398 732879
705398 742040
705398 751201
705398 760362
705398 769523
705398 778684
705398 787845
705398 797006
705398 806167
705398 815328
705398 824489
705398 833650
705398 842811
705398 851972
705398 861133
705398 870294
705398 879455
705398 888616
705398 897777
705398 906938
714559 723718
714559 732879
714559 742040
714559 751201
714559 760362
714559 769523
714559 778684
714559 787845
714559 797006
714559 806167
714559 815328
714559 824489
714559 833650
714559 842811
714559 851972
714559 861133
714559 870294
714559 879455
714559 888616
714559 897777
714559 906938
723720 732879
723720 742040
723720 751201
723720 760362
723720 769523
723720 778684
723720 787845
723720 797006
723720 806167
723720 815328
723720 824489
723720 833650
723720 842811
723720 851972
723720 861133
723720 870294
723720 879455
723720 888616
723720 897777
723720 906938
732881 742040
732881 751201
732881 760362
732881 769523
732881 778684
732881 787845
732881 797006
732881 806167
732881 815328
732881 824489
732881 833650
732881 842811
732881 851972
732881 861133
732881 870294
732881 879455
732881 888616
732881 897777
732881 906938
742042 751201
742042 760362
742042 769523
742042 778684
742042 787845
742042 797006
742042 806167
742042 815328
742042 824489
742042 833650
742042 842811
742042 851972
742042 861133
742042 870294
742042 879455
742042 888616
742042 897777
742042 906938
751203 760362
751203 769523
751203 778684
751203 787845
751203 797006
751203 806167
751203 815328
751203 824489
751203 833650
751203 842811
751203 851972
751203 861133
751203 870294
751203 879455
751203 888616
751203 897777
751203 906938
760364 769523
760364 778684
760364 787845
760364 797006
760364 806167
760364 815328
760364 824489
760364 833650
760364 842811
760364 851972
760364 861133
760364 870294
760364 879455
760364 888616
760364 897777
760364 906938
769525 778684
769525 787845
769525 797006
769525 806167
769525 815328
769525 824489
769525 833650
769525 842811
769525 851972
769525 861133
769525 870294
769525 879455
769525 888616
769525 897777
769525 906938
778686 787845
778686 797006
778686 806167
778686 815328
778686 824489
778686 833650
778686 842811
778686 851972
778686 861133
778686 870294
778686 879455
778686 888616
778686 897777
778686 906938
787847 797006
787847 806167
787847 815328
787847 824489
787847 833650
787847 842811
787847 851972
787847 861133
787847 870294
787847 879455
787847 888616
787847 897777
787847 906938
797008 806167
797008 815328
797008 824489
797008 833650
797008 842811
797008 851972
797008 861133
797008 870294
797008 879455
797008 888616
797008 897777
797008 906938
806169 815328
806169 824489
806169 833650
806169 842811
806169 851972
806169 861133
806169 870294
806169 879455
806169 888616
806169 897777
806169 906938
815330 824489
815330 833650
815330 842811
815330 851972
815330 861133
815330 870294
815330 879455
815330 888616
815330 897777
815330 906938
824491 833650
824491 842811
824491 851972
824491 861133
824491 870294
824491 879455
824491 888616
824491 897777
824491 906938
833652 842811
833652 851972
833652 861133
833652 870294
833652 879455
833652 888616
833652 897777
833652 906938
842813 851972
842813 861133
842813 870294
842813 879455
842813 888616
842813 897777
842813 906938
851974 861133
851974 870294
851974 879455
851974 888616
851974 897777
851974 906938
861135 870294
861135 879455
861135 888616
861135 897777
861135 906938
870296 879455
870296 888616
870296 897777
870296 906938
879457 888616
879457 897777
879457 906938
888618 897777
888618 906938
897779 906938
