10000
1 100002
1 100018
1 100042
1 100048
1 100056
1 100068
1 100102
1 100108
1 100128
1 100150
1 100152
1 100168
1 100182
1 100188
1 100192
1 100206
1 100212
1 100236
1 100266
1 100270
1 100278
1 100290
1 100296
1 100312
1 100332
1 100342
1 100356
1 100360
1 100362
1 100378
1 100390
1 100392
1 100402
1 100410
1 100416
1 100446
1 100458
1 100468
1 100482
1 100492
1 100500
1 100510
1 100516
1 100518
1 100522
1 100536
1 100546
1 100548
1 100558
1 100590
1 100608
1 100612
1 100620
1 100648
1 100668
1 100672
1 100692
1 100698
1 100702
1 100732
1 100740
1 100746
1 100768
1 100786
1 100798
1 100800
1 100810
1 100822
1 100828
1 100846
1 100852
1 100906
1 100912
1 100926
1 100930
1 100936
1 100942
1 100956
1 100980
1 100986
1 100998
1 101008
1 101020
1 101026
1 101050
1 101062
1 101080
1 101088
1 101106
1 101110
1 101112
1 101116
1 101118
1 101140
1 101148
1 101158
1 101160
1 101172
1 101182
1 101196
1 101202
1 101206
1 101208
1 101220
1 101266
1 101272
1 101278
1 101280
1 101286
1 101292
1 101322
1 101332
1 101340
1 101346
1 101358
1 101362
1 101376
1 101382
1 101398
1 101410
1 101418
1 101428
1 101448
1 101466
1 101476
1 101482
1 101488
1 101500
1 101502
1 101512
1 101526
1 101530
1 101532
1 101536
1 101560
1 101572
1 101580
1 101598
1 101602
1 101610
1 101626
1 101640
1 101652
1 101662
1 101680
1 101692
1 101700
1 101718
1 101722
1 101736
1 101740
1 101746
1 101748
1 101770
1 101788
1 101796
1 101806
1 101832
1 101836
1 101838
1 101862
1 101868
1 101872
1 101878
1 101890
1 101916
1 101920
1 101928
1 101938
1 101956
1 101962
1 101976
1 101986
1 101998
1 102000
1 102012
1 102018
1 102022
1 102030
1 102042
1 102058
1 102060
1 102070
1 102076
1 102078
1 102100
1 102102
1 102106
1 102120
1 102138
1 102148
1 102160
1 102180
1 102190
1 102196
1 102198
1 102202
1 102216
1 102228
1 102232
1 102240
1 102250
1 102252
1 102258
1 102292
1 102298
1 102300
1 102316
1 102328
1 102336
1 102358
1 102366
1 102396
1 102406
1 102408
1 102432
1 102436
1 102450
1 102460
1 102480
1 102496
1 102498
1 102502
1 102522
1 102532
1 102538
1 102546
1 102550
1 102558
1 102562
1 102586
1 102592
1 102606
1 102610
1 102642
1 102646
1 102652
1 102666
1 102672
1 102676
1 102678
1 102700
1 102760
1 102762
1 102768
1 102792
1 102796
1 102810
1 102828
1 102840
1 102858
1 102870
1 102876
1 102880
1 102910
1 102912
1 102928
1 102930
1 102952
1 102966
1 102982
1 103000
1 103006
1 103042
1 103048
1 103066
1 103068
1 103078
1 103086
1 103090
1 103092
1 103098
1 103122
1 103140
1 103170
1 103176
1 103182
1 103216
1 103230
1 103236
1 103288
1 103290
1 103306
1 103318
1 103332
1 103348
1 103356
1 103386
1 103390
1 103392
1 103398
1 103408
1 103420
1 103422
1 103450
1 103456
1 103470
1 103482
1 103510
1 103528
1 103548
1 103552
1 103560
1 103566
1 103572
1 103576
1 103582
1 103590
1 103612
1 103618
1 103642
1 103650
1 103656
1 103668
1 103680
1 103686
1 103698
1 103702
1 103722
1 103768
1 103786
1 103800
1 103810
1 103812
1 103836
1 103840
1 103842
1 103866
1 103888
1 103902
1 103912
1 103918
1 103950
1 103962
1 103966
1 103968
1 103978
1 103980
1 103990
1 103992
1 103996
1 104002
1 104008
1 104020
1 104032
1 104046
1 104052
1 104058
1 104086
1 104088
1 104106
1 104112
1 104118
1 104122
1 104146
1 104148
1 104160
1 104172
1 104178
1 104182
1 104206
1 104230
1 104232
1 104238
1 104242
1 104280
1 104286
1 104296
1 104308
1 104310
1 104322
1 104326
1 104346
1 104368
1 104380
1 104382
1 104392
1 104398
1 104416
1 104458
1 104470
1 104472
1 104478
1 104490
1 104512
1 104526
1 104536
1 104542
1 104548
1 104550
1 104560
1 104578
1 104592
1 104596
1 104622
1 104638
1 104650
1 104658
1 104676
1 104680
1 104682
1 104692
1 104700
1 104706
1 104710
1 104716
1 104722
1 104728
1 104742
1 104758
1 104760
1 104772
1 104778
1 104788
1 104800
1 104802
1 104826
1 104830
1 104848
1 104850
1 104868
1 104878
1 104890
1 104910
1 104916
1 104932
1 104946
1 104952
1 104958
1 104970
1 104986
1 104998
1 105018
1 105022
1 105030
1 105036
1 105070
1 105096
1 105106
1 105136
1 105142
1 105166
1 105172
1 105198
1 105210
1 105226
1 105228
1 105238
1 105250
1 105252
1 105262
1 105268
1 105276
1 105318
1 105322
1 105330
1 105336
1 105340
1 105358
1 105360
1 105366
1 105372
1 105378
1 105388
1 105396
1 105400
1 105406
1 105436
1 105448
1 105466
1 105490
1 105498
1 105502
1 105508
1 105516
1 105526
1 105528
1 105532
1 105540
1 105556
1 105562
1 105600
1 105606
1 105612
1 105618
1 105648
1 105652
1 105666
1 105672
1 105682
1 105690
1 105700
1 105726
1 105732
1 105750
1 105760
1 105766
1 105768
1 105816
1 105828
1 105862
1 105870
1 105882
1 105898
1 105906
1 105912
1 105928
1 105942
1 105952
1 105966
1 105970
1 105976
1 105982
1 105996
1 106012
1 106018
1 106030
1 106032
1 106086
1 106102
1 106108
1 106120
1 106122
1 106128
1 106162
1 106180
1 106186
1 106188
1 106206
1 106212
1 106216
1 106218
1 106242
1 106260
1 106272
1 106276
1 106278
1 106290
1 106296
1 106302
1 106306
1 106318
1 106320
1 106330
1 106348
1 106356
1 106362
1 106366
1 106372
1 106390
1 106396
1 106410
1 106416
1 106426
1 106432
1 106440
1 106450
1 106452
1 106486
1 106500
1 106530
1 106536
1 106540
1 106542
1 106590
1 106618
1 106620
1 106626
1 106636
1 106648
1 106656
1 106660
1 106662
1 106668
1 106680
1 106692
1 106698
1 106702
1 106720
1 106726
1 106738
1 106746
1 106750
1 106752
1 106758
1 106780
1 106782
1 106786
1 106800
1 106822
1 106852
1 106858
1 106860
1 106866
1 106870
1 106876
1 106902
1 106906
1 106920
1 106936
1 106948
1 106956
1 106960
1 106962
1 106978
1 106992
1 107020
1 107032
1 107052
1 107056
1 107068
1 107070
1 107076
1 107088
1 107098
1 107100
1 107118
1 107122
1 107136
1 107170
1 107182
1 107196
1 107200
1 107208
1 107226
1 107242
1 107250
1 107268
1 107272
1 107278
1 107308
1 107322
1 107338
1 107346
1 107350
1 107356
1 107376
1 107440
1 107448
1 107452
1 107466
1 107472
1 107506
1 107508
1 107562
1 107580
1 107598
1 107602
1 107608
1 107620
1 107640
1 107646
1 107670
1 107686
1 107692
1 107698
1 107712
1 107716
1 107718
1 107740
1 107746
1 107760
1 107772
1 107776
1 107790
1 107826
1 107836
1 107838
1 107842
1 107856
1 107866
1 107872
1 107880
1 107896
1 107902
1 107922
1 107926
1 107940
1 107950
1 107970
1 107980
1 107998
1 108006
1 108010
1 108012
1 108022
1 108036
1 108040
1 108060
1 108078
1 108088
1 108106
1 108108
1 108126
1 108130
1 108138
1 108160
1 108178
1 108186
1 108190
1 108192
1 108202
1 108210
1 108216
1 108222
1 108232
1 108246
1 108262
1 108270
1 108286
1 108288
1 108292
1 108300
1 108342
1 108346
1 108358
1 108376
1 108378
1 108400
1 108412
1 108420
1 108438
1 108456
1 108460
1 108462
1 108496
1 108498
1 108502
1 108516
1 108528
1 108532
1 108540
1 108552
1 108556
1 108570
1 108586
1 108630
1 108636
1 108642
1 108648
1 108676
1 108706
1 108708
1 108726
1 108738
1 108750
1 108760
1 108768
1 108790
1 108792
1 108798
1 108802
1 108820
1 108826
1 108862
1 108868
1 108876
1 108880
1 108882
1 108886
1 108892
1 108906
1 108916
1 108922
1 108928
1 108942
1 108946
1 108948
1 108958
1 108960
1 108966
1 108970
1 108990
1 109000
1 109012
1 109036
1 109048
1 109062
1 109072
1 109096
1 109102
1 109110
1 109120
1 109132
1 109138
1 109140
1 109146
1 109158
1 109168
1 109170
1 109198
1 109200
1 109210
1 109228
1 109252
1 109266
1 109278
1 109296
1 109302
1 109312
1 109320
1 109330
1 109356
1 109362
1 109366
1 109378
1 109386
1 109390
1 109396
1 109422
1 109432
1 109440
1 109450
1 109452
1 109468
1 109470
1 109480
1 109506
1 109516
1 109518
1 109536
1 109540
1 109546
1 109566
1 109578
1 109582
1 109588
1 109596
1 109608
1 109618
1 109620
1 109638
1 109660
1 109662
1 109672
1 109716
1 109720
1 109740
1 109750
1 109788
1 109792
1 109806
1 109818
1 109828
1 109830
1 109840
1 109842
1 109846
1 109848
1 109858
1 109872
1 109882
1 109890
1 109896
1 109902
1 109912
1 109918
1 109936
1 109942
1 109960
1 109986
1 110016
1 110022
1 110038
1 110050
1 110058
1 110062
1 110068
1 110082
1 110118
1 110128
1 110160
1 110182
1 110220
1 110232
1 110236
1 110250
1 110260
1 110268
1 110272
1 110280
1 110290
1 110310
1 110320
1 110322
1 110338
1 110358
1 110418
1 110430
1 110436
1 110440
1 110458
1 110476
1 110478
1 110490
1 110500
1 110502
1 110526
1 110532
1 110542
1 110556
1 110562
1 110566
1 110568
1 110572
1 110580
1 110586
1 110596
1 110602
1 110608
1 110622
1 110628
1 110640
1 110646
1 110650
1 110680
1 110710
1 110728
1 110730
1 110748
1 110752
1 110770
1 110776
1 110806
1 110812
1 110818
1 110820
1 110848
1 110862
1 110878
1 110880
1 110898
1 110908
1 110916
1 110920
1 110922
1 110926
1 110932
1 110938
1 110946
1 110950
1 110968
1 110976
1 110988
1 111028
1 111030
1 111042
1 111048
1 111052
1 111090
1 111102
1 111108
1 111118
1 111120
1 111126
1 111142
1 111148
1 111186
1 111190
1 111210
1 111216
1 111226
1 111228
1 111252
1 111262
1 111268
1 111270
1 111300
1 111316
1 111322
1 111336
1 111340
1 111346
1 111372
1 111408
1 111426
1 111430
1 111438
1 111442
1 111466
1 111486
1 111490
1 111492
1 111496
1 111508
1 111520
1 111532
1 111538
1 111576
1 111580
1 111592
1 111598
1 111610
1 111622
1 111636
1 111640
1 111652
1 111658
1 111666
1 111696
1 111720
1 111730
1 111732
1 111750
1 111766
1 111772
1 111778
1 111780
1 111790
1 111798
1 111820
1 111826
1 111828
1 111832
1 111846
1 111856
1 111862
1 111868
1 111870
1 111892
1 111912
1 111918
1 111948
1 111952
1 111958
1 111972
1 111976
1 111996
1 112018
1 112030
1 112060
1 112066
1 112068
1 112086
1 112096
1 112102
1 112110
1 112120
1 112128
1 112138
1 112152
1 112162
1 112180
1 112198
1 112206
1 112212
1 112222
1 112236
1 112240
1 112246
1 112248
1 112252
1 112260
1 112278
1 112288
1 112290
1 112296
1 112302
1 112326
1 112330
1 112336
1 112338
1 112348
1 112360
1 112362
1 112396
1 112402
1 112428
1 112458
1 112480
1 112500
1 112506
1 112542
1 112558
1 112570
1 112572
1 112576
1 112582
1 112588
1 112600
1 112602
1 112620
1 112642
1 112656
1 112662
1 112686
1 112690
1 112740
1 112756
1 112758
1 112770
1 112786
1 112798
1 112806
1 112830
1 112842
1 112858
1 112876
1 112900
1 112908
1 112912
1 112918
1 112920
1 112926
1 112938
1 112950
1 112966
1 112978
1 112996
1 113010
1 113016
1 113020
1 113022
1 113026
1 113038
1 113040
1 113050
1 113062
1 113080
1 113082
1 113088
1 113092
1 113110
1 113116
1 113122
1 113130
1 113142
1 113146
1 113148
1 113152
1 113158
1 113160
1 113166
1 113170
1 113172
1 113176
1 113188
1 113208
1 113212
1 113226
1 113232
1 113278
1 113286
1 113326
1 113328
1 113340
1 113356
1 113358
1 113362
1 113370
1 113380
1 113382
1 113416
1 113436
1 113452
1 113466
1 113488
1 113496
1 113500
1 113512
1 113536
1 113538
1 113556
1 113566
1 113590
1 113620
1 113622
1 113646
1 113656
1 113682
1 113716
1 113718
1 113722
1 113730
1 113748
1 113758
1 113760
1 113776
1 113778
1 113782
1 113796
1 113808
1 113818
1 113836
1 113842
1 113890
1 113898
1 113902
1 113908
1 113920
1 113932
1 113946
1 113956
1 113962
1 113968
1 113982
1 113988
1 114000
1 114012
1 114030
1 114040
1 114042
1 114066
1 114072
1 114076
1 114082
1 114088
1 114112
1 114142
1 114156
1 114160
1 114166
1 114192
1 114196
1 114198
1 114202
1 114216
1 114220
1 114228
1 114258
1 114268
1 114276
1 114280
1 114298
1 114310
1 114318
1 114328
1 114342
1 114370
1 114376
1 114406
1 114418
1 114450
1 114466
1 114472
1 114478
1 114486
1 114492
1 114546
1 114552
1 114570
1 114576
1 114592
1 114598
1 114600
1 114612
1 114616
1 114640
1 114642
1 114648
1 114658
1 114660
1 114670
1 114678
1 114688
1 114690
1 114712
1 114742
1 114748
1 114756
1 114760
1 114768
1 114772
1 114780
1 114796
1 114798
1 114808
1 114826
1 114832
1 114846
1 114858
1 114882
1 114888
1 114900
1 114912
1 114940
1 114966
1 114972
1 114996
1 115000
1 115012
1 115018
1 115020
1 115056
1 115060
1 115066
1 115078
1 115098
1 115116
1 115122
1 115126
1 115132
1 115150
1 115152
1 115162
1 115182
1 115200
1 115210
1 115222
1 115236
1 115248
1 115258
1 115278
1 115300
1 115302
1 115308
1 115318
1 115320
1 115326
1 115330
1 115336
1 115342
1 115360
1 115362
1 115398
1 115420
1 115428
1 115458
1 115468
1 115470
1 115498
1 115512
1 115522
1 115546
1 115552
1 115560
1 115570
1 115588
1 115596
1 115600
1 115602
1 115612
1 115630
1 115636
1 115656
1 115662
1 115678
1 115692
1 115726
1 115732
1 115740
1 115750
1 115756
1 115762
1 115768
1 115770
1 115776
1 115780
1 115782
1 115792
1 115806
1 115810
1 115822
1 115830
1 115836
1 115848
1 115852
1 115858
1 115860
1 115872
1 115876
1 115878
1 115882
1 115890
1 115900
1 115902
1 115930
1 115932
1 115962
1 115978
1 115980
1 115986
1 116008
1 116026
1 116040
1 116046
1 116088
1 116098
1 116100
1 116106
1 116112
1 116130
1 116140
1 116158
1 116166
1 116176
1 116188
1 116190
1 116200
1 116238
1 116242
1 116256
1 116268
1 116272
1 116278
1 116292
1 116328
1 116340
1 116350
1 116358
1 116370
1 116380
1 116386
1 116410
1 116422
1 116436
1 116442
1 116446
1 116460
1 116470
1 116482
1 116490
1 116506
1 116530
1 116532
1 116536
1 116538
1 116548
1 116578
1 116592
1 116638
1 116656
1 116662
1 116680
1 116686
1 116688
1 116706
1 116718
1 116730
1 116740
1 116746
1 116788
1 116790
1 116796
1 116802
1 116818
1 116826
1 116832
1 116848
1 116866
1 116880
1 116902
1 116910
1 116922
1 116926
1 116928
1 116932
1 116952
1 116958
1 116968
1 116980
1 116988
1 116992
1 117016
1 117022
1 117036
1 117040
1 117042
1 117052
1 117070
1 117100
1 117108
1 117118
1 117126
1 117132
1 117162
1 117166
1 117190
1 117192
1 117202
1 117208
1 117222
1 117238
1 117240
1 117250
1 117258
1 117268
1 117280
1 117306
1 117318
1 117328
1 117330
1 117352
1 117360
1 117370
1 117372
1 117388
1 117412
1 117426
1 117430
1 117436
1 117442
1 117496
1 117498
1 117502
1 117510
1 117516
1 117528
1 117538
1 117540
1 117562
1 117570
1 117576
1 117616
1 117618
1 117642
1 117658
1 117670
1 117672
1 117678
1 117700
1 117702
1 117708
1 117720
1 117726
1 117730
1 117750
1 117756
1 117762
1 117772
1 117778
1 117786
1 117796
1 117808
1 117810
1 117832
1 117838
1 117840
1 117850
1 117876
1 117880
1 117882
1 117888
1 117898
1 117910
1 117916
1 117936
1 117958
1 117972
1 117976
1 117978
1 117988
1 117990
1 118032
1 118036
1 118042
1 118050
1 118056
1 118060
1 118080
1 118092
1 118126
1 118146
1 118162
1 118168
1 118170
1 118188
1 118210
1 118212
1 118218
1 118246
1 118248
1 118252
1 118258
1 118272
1 118276
1 118296
1 118342
1 118360
1 118368
1 118372
1 118386
1 118398
1 118408
1 118410
1 118422
1 118428
1 118452
1 118456
1 118462
1 118470
1 118492
1 118528
1 118542
1 118548
1 118570
1 118582
1 118588
1 118602
1 118618
1 118620
1 118632
1 118660
1 118668
1 118672
1 118680
1 118686
1 118690
1 118708
1 118716
1 118738
1 118746
1 118750
1 118756
1 118786
1 118798
1 118800
1 118818
1 118830
1 118842
1 118860
1 118872
1 118890
1 118896
1 118900
1 118902
1 118906
1 118912
1 118926
1 118930
1 118966
1 118972
1 119026
1 119032
1 119038
1 119046
1 119056
1 119068
1 119082
1 119086
1 119088
1 119098
1 119100
1 119106
1 119128
1 119130
1 119158
1 119172
1 119178
1 119182
1 119190
1 119226
1 119232
1 119236
1 119242
1 119266
1 119290
1 119292
1 119296
1 119298
1 119310
1 119320
1 119358
1 119362
1 119388
1 119416
1 119418
1 119428
1 119446
1 119488
1 119502
1 119512
1 119532
1 119548
1 119550
1 119556
1 119562
1 119568
1 119590
1 119610
1 119616
1 119626
1 119632
1 119652
1 119656
1 119658
1 119670
1 119676
1 119686
1 119688
1 119698
1 119700
1 119722
1 119736
1 119746
1 119758
1 119770
1 119772
1 119782
1 119796
1 119808
1 119812
1 119826
1 119830
1 119838
1 119848
1 119850
1 119868
1 119880
1 119890
1 119920
1 119922
1 119928
1 119952
1 119962
1 119970
1 119980
1 119982
1 119992
1 120010
1 120016
1 120040
1 120046
1 120048
1 120066
1 120076
1 120078
1 120090
1 120096
1 120102
1 120120
1 120156
1 120162
1 120166
1 120180
1 120192
1 120198
1 120208
1 120222
1 120232
1 120246
1 120276
1 120282
1 120292
1 120298
1 120318
1 120330
1 120348
1 120370
1 120382
1 120390
1 120396
1 120400
1 120412
1 120426
1 120430
1 120472
1 120502
1 120510
1 120538
1 120550
1 120556
1 120562
1 120568
1 120576
1 120586
1 120606
1 120618
1 120622
1 120640
1 120646
1 120660
1 120670
1 120676
1 120688
1 120690
1 120708
1 120712
1 120720
1 120736
1 120738
1 120748
1 120762
1 120766
1 120778
1 120810
1 120816
1 120822
1 120828
1 120832
1 120846
1 120850
1 120862
1 120870
1 120876
1 120888
1 120898
1 120906
1 120916
1 120918
1 120928
1 120936
1 120940
1 120942
1 120946
1 120976
1 120996
1 121000
1 121006
1 121012
1 121018
1 121020
1 121038
1 121060
1 121062
1 121066
1 121080
1 121122
1 121138
1 121150
1 121156
1 121168
1 121170
1 121180
1 121188
1 121228
1 121258
1 121266
1 121270
1 121282
1 121290
1 121308
1 121312
1 121320
1 121326
1 121332
1 121342
1 121348
1 121350
1 121356
1 121366
1 121368
1 121378
1 121402
1 121420
1 121438
1 121440
1 121446
1 121452
1 121468
1 121486
1 121492
1 121500
1 121506
1 121522
1 121530
1 121546
1 121552
1 121558
1 121570
1 121576
1 121578
1 121590
1 121606
1 121608
1 121620
1 121630
1 121632
1 121636
1 121660
1 121686
1 121696
1 121710
1 121720
1 121726
1 121762
1 121786
1 121788
1 121842
1 121852
1 121866
1 121882
1 121888
1 121908
1 121920
1 121930
1 121936
1 121948
1 121950
1 121962
1 121966
1 121992
1 121996
1 122010
1 122020
1 122026
1 122028
1 122032
1 122038
1 122040
1 122050
1 122052
1 122068
1 122080
1 122098
1 122116
1 122130
1 122146
1 122148
1 122166
1 122172
1 122200
1 122202
1 122206
1 122208
1 122218
1 122230
1 122250
1 122262
1 122266
1 122272
1 122278
1 122298
1 122320
1 122322
1 122326
1 122346
1 122362
1 122386
1 122388
1 122392
1 122398
1 122400
1 122442
1 122448
1 122452
1 122470
1 122476
1 122488
1 122496
1 122500
1 122502
1 122508
1 122526
1 122532
1 122556
1 122560
1 122578
1 122596
1 122598
1 122608
1 122610
1 122650
1 122652
1 122662
1 122692
1 122700
1 122718
1 122740
1 122742
1 122752
1 122760
1 122776
1 122788
1 122818
1 122826
1 122832
1 122838
1 122848
1 122860
1 122866
1 122868
1 122886
1 122890
1 122920
1 122928
1 122938
1 122952
1 122956
1 122962
1 122970
1 123000
1 123006
1 123016
1 123030
1 123048
1 123058
1 123076
1 123082
1 123090
1 123112
1 123120
1 123126
1 123142
1 123168
1 123190
1 123202
1 123208
1 123216
1 123228
1 123238
1 123258
1 123268
1 123288
1 123306
1 123310
1 123322
1 123340
1 123372
1 123376
1 123378
1 123396
1 123400
1 123406
1 123418
1 123426
1 123432
1 123438
1 123448
1 123456
1 123478
1 123490
1 123492
1 123498
1 123502
1 123516
1 123526
1 123546
1 123550
1 123552
1 123580
1 123582
1 123592
1 123600
1 123618
1 123630
1 123636
1 123652
1 123660
1 123666
1 123676
1 123700
1 123706
1 123718
1 123726
1 123730
1 123732
1 123736
1 123756
1 123786
1 123790
1 123802
1 123816
1 123820
1 123828
1 123832
1 123852
1 123862
1 123886
1 123910
1 123922
1 123930
1 123940
1 123952
1 123972
1 123978
1 123982
1 123988
1 123996
1 124000
1 124020
1 124066
1 124086
1 124096
1 124120
1 124122
1 124132
1 124138
1 124146
1 124152
1 124170
1 124180
1 124182
1 124192
1 124198
1 124212
1 124230
1 124246
1 124248
1 124276
1 124290
1 124296
1 124300
1 124302
1 124308
1 124336
1 124338
1 124342
1 124348
1 124350
1 124362
1 124366
1 124426
1 124428
1 124432
1 124446
1 124458
1 124470
1 124476
1 124488
1 124492
1 124512
1 124528
1 124540
1 124542
1 124560
1 124566
1 124576
1 124600
1 124632
1 124642
1 124668
1 124672
1 124678
1 124692
1 124698
1 124702
1 124716
1 124720
1 124738
1 124752
1 124758
1 124768
1 124770
1 124776
1 124780
1 124782
1 124792
1 124798
1 124818
1 124822
1 124846
1 124852
1 124896
1 124906
1 124908
1 124918
1 124950
1 124978
1 124980
1 124986
1 124990
1 125002
1 125016
1 125028
1 125052
1 125062
1 125092
1 125100
1 125106
1 125112
1 125116
1 125118
1 125130
1 125140
1 125148
1 125182
1 125196
1 125200
1 125206
1 125218
1 125220
1 125230
1 125242
1 125260
1 125268
1 125286
1 125298
1 125302
1 125310
1 125328
1 125338
1 125352
1 125370
1 125382
1 125386
1 125398
1 125406
1 125422
1 125428
1 125440
1 125452
1 125470
1 125496
1 125506
1 125508
1 125526
1 125538
1 125550
1 125590
1 125596
1 125616
1 125620
1 125626
1 125638
1 125640
1 125650
1 125658
1 125668
1 125682
1 125686
1 125692
1 125706
1 125710
1 125716
1 125730
1 125736
1 125742
1 125752
1 125776
1 125788
1 125790
1 125802
1 125812
1 125820
1 125862
1 125886
1 125896
1 125898
1 125920
1 125926
1 125928
1 125932
1 125940
1 125958
1 125962
1 126000
1 126010
1 126012
1 126018
1 126022
1 126030
1 126036
1 126040
1 126046
1 126066
1 126078
1 126096
1 126106
1 126126
1 126130
1 126142
1 126150
1 126172
1 126198
1 126210
1 126222
1 126226
1 126228
1 126232
1 126240
1 126256
1 126270
1 126306
1 126310
1 126316
1 126322
1 126336
1 126340
1 126348
1 126358
1 126396
1 126420
1 126432
1 126442
1 126456
1 126460
1 126472
1 126480
1 126486
1 126490
1 126492
1 126498
1 126516
1 126540
1 126546
1 126550
1 126582
1 126600
1 126610
1 126612
1 126630
1 126640
1 126652
1 126682
1 126690
1 126702
1 126712
1 126718
1 126732
1 126738
1 126742
1 126750
1 126756
1 126760
1 126780
1 126822
1 126826
1 126838
1 126850
1 126856
1 126858
1 126912
1 126922
1 126942
1 126948
1 126960
1 126966
1 126988
1 127030
1 127032
1 127036
1 127050
1 127078
1 127080
1 127102
1 127122
1 127132
1 127138
1 127156
1 127162
1 127188
1 127206
1 127216
1 127218
1 127240
1 127246
1 127248
1 127260
1 127270
1 127276
1 127288
1 127290
1 127296
1 127300
1 127320
1 127330
1 127342
1 127362
1 127372
1 127398
1 127402
1 127422
1 127446
1 127452
1 127480
1 127486
1 127492
1 127506
1 127528
1 127540
1 127548
1 127578
1 127582
1 127590
1 127596
1 127600
1 127606
1 127608
1 127636
1 127642
1 127648
1 127656
1 127662
1 127668
1 127678
1 127680
1 127690
1 127702
1 127708
1 127710
1 127716
1 127726
1 127732
1 127738
1 127746
1 127762
1 127780
1 127806
1 127816
1 127818
1 127836
1 127842
1 127848
1 127858
1 127866
1 127872
1 127876
1 127912
1 127920
1 127930
1 127950
1 127972
1 127978
1 127996
1 128020
1 128032
1 128046
1 128052
1 128098
1 128110
1 128112
1 128118
1 128146
1 128152
1 128158
1 128172
1 128188
1 128200
1 128202
1 128212
1 128220
1 128236
1 128238
1 128256
1 128272
1 128286
1 128290
1 128310
1 128320
1 128326
1 128338
1 128340
1 128346
1 128350
1 128376
1 128388
1 128392
1 128398
1 128410
1 128412
1 128430
1 128436
1 128448
1 128460
1 128466
1 128472
1 128476
1 128482
1 128488
1 128508
1 128518
1 128520
1 128548
1 128550
1 128562
1 128590
1 128598
1 128602
1 128620
1 128628
1 128656
1 128658
1 128662
1 128668
1 128676
1 128682
1 128692
1 128716
1 128746
1 128748
1 128760
1 128766
1 128812
1 128818
1 128830
1 128832
1 128836
1 128856
1 128860
1 128872
1 128878
1 128902
1 128922
1 128938
1 128940
1 128950
1 128958
1 128968
1 128970
1 128980
1 128982
1 128986
1 128992
1 129000
1 129010
1 129022
1 129036
1 129048
1 129060
1 129082
1 129088
1 129096
1 129112
1 129118
1 129120
1 129126
1 129168
1 129186
1 129192
1 129196
1 129208
1 129220
1 129222
1 129228
1 129262
1 129276
1 129280
1 129286
1 129288
1 129292
1 129312
1 129340
1 129346
1 129360
1 129378
1 129400
1 129402
1 129418
1 129438
1 129442
1 129448
1 129456
1 129460
1 129468
1 129490
1 129496
1 129498
1 129508
1 129516
1 129526
1 129528
1 129532
1 129538
1 129552
1 129580
1 129586
1 129588
1 129592
1 129606
1 129628
1 129630
1 129640
1 129642
1 129670
1 129706
1 129718
1 129732
1 129736
1 129748
1 129756
1 129762
1 129768
1 129792
1 129802
1 129840
1 129852
1 129886
1 129892
1 129900
1 129916
1 129918
1 129936
1 129952
1 129958
1 129966
1 129970
1 130002
1 130020
1 130026
1 130042
1 130050
1 130056
1 130068
1 130072
1 130078
1 130086
1 130098
1 130120
1 130126
1 130146
1 130170
1 130182
1 130198
1 130200
1 130210
1 130222
1 130240
1 130252
1 130258
1 130260
1 130266
1 130278
1 130302
1 130306
1 130336
1 130342
1 130348
1 130362
1 130366
1 130368
1 130378
1 130398
1 130408
1 130410
1 130422
1 130438
1 130446
1 130456
1 130468
1 130476
1 130482
1 130488
1 130512
1 130516
1 130522
1 130530
1 130546
1 130552
1 130578
1 130588
1 130618
1 130620
1 130630
1 130632
1 130638
1 130642
1 130648
1 130650
1 130656
1 130680
1 130686
1 130692
1 130698
1 130728
1 130768
1 130782
1 130786
1 130806
1 130810
1 130816
1 130828
1 130840
1 130842
1 130858
1 130872
1 130926
1 130956
1 130968
1 130972
1 130980
1 130986
1 131008
1 131010
1 131022
1 131040
1 131058
1 131062
1 131070
1 131100
1 131110
1 131112
1 131128
1 131142
1 131148
1 131170
1 131202
1 131212
1 131220
1 131230
1 131248
1 131250
1 131266
1 131292
1 131296
1 131302
1 131310
1 131316
1 131320
1 131356
1 131362
1 131370
1 131380
1 131412
1 131430
1 131436
1 131440
1 131446
1 131448
1 131476
1 131478
1 131488
1 131496
1 131500
1 131506
1 131518
1 131542
1 131560
1 131580
1 131590
1 131610
1 131616
1 131626
1 131638
1 131640
1 131670
1 131686
1 131700
1 131706
1 131710
1 131712
1 131730
1 131742
1 131748
1 131758
1 131770
1 131776
1 131778
1 131782
1 131796
1 131836
1 131838
1 131848
1 131860
1 131890
1 131892
1 131898
1 131908
1 131926
1 131932
1 131938
1 131940
1 131946
1 131958
1 131968
1 132000
1 132018
1 132046
1 132048
1 132058
1 132070
1 132102
1 132108
1 132112
1 132136
1 132150
1 132156
1 132168
1 132172
1 132198
1 132228
1 132232
1 132240
1 132246
1 132256
1 132262
1 132282
1 132286
1 132298
1 132312
1 132328
1 132330
1 132346
1 132360
1 132366
1 132370
1 132382
1 132402
1 132408
1 132420
1 132436
1 132438
1 132468
1 132490
1 132498
1 132510
1 132522
1 132526
1 132528
1 132532
1 132540
1 132546
1 132588
1 132606
1 132610
1 132618
1 132622
1 132630
1 132636
1 132646
1 132660
1 132666
1 132678
1 132688
1 132696
1 132700
1 132706
1 132708
1 132720
1 132738
1 132748
1 132750
1 132756
1 132760
1 132762
1 132816
1 132832
1 132850
1 132856
1 132858
1 132862
1 132886
1 132892
1 132910
1 132928
1 132946
1 132948
1 132952
1 132960
1 132966
1 132970
1 132988
1 133012
1 133032
1 133038
1 133050
1 133068
1 133072
1 133086
1 133096
1 133102
1 133108
1 133116
1 133120
1 133152
1 133156
1 133168
1 133182
1 133186
1 133200
1 133212
1 133240
1 133252
1 133260
1 133270
1 133276
1 133278
1 133282
1 133302
1 133318
1 133320
1 133326
1 133336
1 133348
1 133350
1 133378
1 133386
1 133390
1 133402
1 133416
1 133438
1 133446
1 133450
1 133480
1 133492
1 133498
1 133518
1 133540
1 133542
1 133558
1 133570
1 133582
1 133596
1 133630
1 133632
1 133648
1 133656
1 133668
1 133672
1 133690
1 133696
1 133708
1 133710
1 133716
1 133722
1 133732
1 133768
1 133780
1 133800
1 133810
1 133812
1 133830
1 133842
1 133852
1 133872
1 133876
1 133918
1 133948
1 133962
1 133966
1 133978
1 133980
1 133992
1 133998
1 134032
1 134038
1 134046
1 134052
1 134058
1 134076
1 134080
1 134086
1 134088
1 134092
1 134128
1 134152
1 134160
1 134170
1 134176
1 134190
1 134206
1 134212
1 134218
1 134226
1 134242
1 134256
1 134262
1 134268
1 134286
1 134290
1 134292
1 134326
1 134332
1 134338
1 134340
1 134352
1 134358
1 134362
1 134368
1 134370
1 134398
1 134400
1 134416
1 134436
1 134442
1 134470
1 134488
1 134502
1 134506
1 134512
1 134580
1 134586
1 134590
1 134592
1 134596
1 134608
1 134638
1 134668
1 134676
1 134680
1 134682
1 134698
1 134706
1 134730
1 134740
1 134752
1 134776
1 134788
1 134806
1 134836
1 134838
1 134850
1 134856
1 134866
1 134872
1 134886
1 134908
1 134916
1 134920
1 134922
1 134946
1 134950
1 134988
1 134998
1 135006
1 135016
1 135018
1 135028
1 135042
1 135048
1 135058
1 135076
1 135088
1 135100
1 135118
1 135130
1 135150
1 135172
1 135180
1 135192
1 135196
1 135208
1 135210
1 135220
1 135240
1 135256
1 135270
1 135276
1 135280
1 135282
1 135300
1 135318
1 135328
1 135346
1 135348
1 135352
1 135366
1 135388
1 135390
1 135402
1 135408
1 135426
1 135430
1 135432
1 135448
1 135460
1 135462
1 135466
1 135468
1 135478
1 135496
1 135510
1 135532
1 135558
1 135570
1 135580
1 135588
1 135592
1 135598
1 135600
1 135606
1 135612
1 135616
1 135622
1 135636
1 135646
1 135648
1 135660
1 135670
1 135696
1 135700
1 135718
1 135720
1 135726
1 135730
1 135742
1 135756
1 135780
1 135786
1 135798
1 135828
1 135840
1 135850
1 135858
1 135886
1 135892
1 135898
1 135910
1 135912
1 135928
1 135936
1 135976
1 135978
1 136012
1 136026
1 136032
1 136042
1 136056
1 136066
1 136068
1 136092
1 136098
1 136110
1 136132
1 136138
1 136162
1 136176
1 136188
1 136192
1 136206
1 136216
1 136222
1 136236
1 136246
1 136260
1 136272
1 136276
1 136302
1 136308
1 136318
1 136326
1 136332
1 136336
1 136342
1 136350
1 136360
1 136372
1 136378
1 136392
1 136396
1 136398
1 136402
1 136416
1 136420
1 136428
1 136446
1 136452
1 136462
1 136470
1 136480
1 136482
1 136500
1 136510
1 136518
1 136522
1 136530
1 136536
1 136540
1 136546
1 136558
1 136572
1 136600
1 136602
1 136606
1 136620
1 136648
1 136650
1 136656
1 136690
1 136692
1 136708
1 136710
1 136726
1 136732
1 136738
1 136750
1 136752
1 136768
1 136776
1 136810
1 136812
1 136840
1 136848
1 136858
1 136860
1 136878
1 136882
1 136888
1 136896
1 136942
1 136948
1 136950
1 136962
1 136972
1 136978
1 136986
1 136990
1 136992
1 136998
1 137028
1 137076
1 137086
1 137088
1 137116
1 137118
1 137130
1 137142
1 137146
1 137152
1 137176
1 137182
1 137190
1 137196
1 137200
1 137208
1 137218
1 137238
1 137250
1 137272
1 137278
1 137302
1 137320
1 137338
1 137340
1 137352
1 137358
1 137362
1 137368
1 137382
1 137386
1 137392
1 137398
1 137412
1 137436
1 137442
1 137446
1 137452
1 137476
1 137482
1 137490
1 137506
1 137518
1 137536
1 137566
1 137572
1 137586
1 137592
1 137596
1 137622
1 137632
1 137638
1 137652
1 137658
1 137698
1 137706
1 137712
1 137722
1 137736
1 137742
1 137770
1 137776
1 137790
1 137802
1 137826
1 137830
1 137848
1 137866
1 137868
1 137872
1 137908
1 137910
1 137926
1 137932
1 137940
1 137946
1 137956
1 137982
1 137992
1 137998
1 138006
1 138040
1 138052
1 138058
1 138070
1 138076
1 138078
1 138100
1 138106
1 138112
1 138138
1 138142
1 138156
1 138162
1 138178
1 138180
1 138190
1 138196
1 138208
1 138238
1 138240
1 138246
1 138250
1 138282
1 138288
1 138310
1 138318
1 138322
1 138336
1 138348
1 138370
1 138372
1 138388
1 138400
1 138402
1 138406
1 138426
1 138432
1 138448
1 138450
1 138460
1 138468
1 138492
1 138496
1 138510
1 138516
1 138546
1 138558
1 138562
1 138568
1 138570
1 138576
1 138580
1 138586
1 138598
1 138616
1 138628
1 138636
1 138640
1 138646
1 138660
1 138678
1 138682
1 138726
1 138730
1 138738
1 138762
1 138792
1 138796
1 138798
1 138820
1 138828
1 138840
1 138862
1 138868
1 138882
1 138888
1 138892
1 138898
1 138916
1 138922
1 138936
1 138958
1 138966
1 138976
1 139020
1 139032
1 139066
1 139078
1 139090
1 139108
1 139120
1 139122
1 139132
1 139168
1 139176
1 139186
1 139198
1 139200
1 139240
1 139266
1 139272
1 139290
1 139296
1 139300
1 139302
1 139308
1 139312
1 139332
1 139338
1 139342
1 139360
1 139366
1 139368
1 139386
1 139392
1 139396
1 139408
1 139422
1 139428
1 139438
1 139456
1 139458
1 139482
1 139486
1 139492
1 139500
1 139510
1 139536
1 139546
1 139570
1 139588
1 139590
1 139596
1 139608
1 139618
1 139626
1 139660
1 139662
1 139680
1 139696
1 139702
1 139708
1 139720
1 139728
1 139738
1 139746
1 139752
1 139758
1 139786
1 139800
1 139812
1 139830
1 139836
1 139860
1 139870
1 139882
1 139890
1 139900
1 139906
1 139920
1 139938
1 139942
1 139966
1 139968
1 139980
1 139986
1 139990
1 139998
1 140008
1 140052
1 140056
1 140068
1 140070
1 140110
1 140122
1 140142
1 140158
1 140166
1 140170
1 140176
1 140190
1 140196
1 140206
1 140220
1 140226
1 140236
1 140248
1 140262
1 140268
1 140280
1 140296
1 140316
1 140320
1 140332
1 140338
1 140350
1 140362
1 140380
1 140400
1 140406
1 140410
1 140416
1 140418
1 140422
1 140442
1 140448
1 140452
1 140472
1 140476
1 140520
1 140526
1 140532
1 140548
1 140550
1 140556
1 140586
1 140592
1 140602
1 140610
1 140616
1 140626
1 140628
1 140638
1 140658
1 140662
1 140676
1 140680
1 140682
1 140688
1 140716
1 140728
1 140730
1 140740
1 140758
1 140760
1 140772
1 140778
1 140796
1 140812
1 140826
1 140830
1 140836
1 140838
1 140862
1 140866
1 140868
1 140890
1 140892
1 140896
1 140908
1 140928
1 140938
1 140976
1 140982
1 140988
1 141022
1 141040
1 141060
1 141066
1 141072
1 141078
1 141100
1 141106
1 141120
1 141130
1 141156
1 141160
1 141178
1 141180
1 141198
1 141208
1 141220
1 141222
1 141232
1 141240
1 141256
1 141262
1 141268
1 141276
1 141282
1 141300
1 141306
1 141310
1 141318
1 141352
1 141358
1 141370
1 141396
1 141402
1 141412
1 141438
1 141442
1 141460
1 141480
1 141496
1 141498
1 141508
1 141510
1 141528
1 141538
1 141550
1 141586
1 141600
1 141612
1 141618
1 141622
1 141628
1 141636
1 141648
1 141652
1 141666
1 141670
1 141676
1 141678
1 141688
1 141696
1 141706
1 141708
1 141718
1 141730
1 141760
1 141766
1 141768
1 141772
1 141792
1 141802
1 141810
1 141828
1 141832
1 141850
1 141852
1 141862
1 141870
1 141906
1 141916
1 141930
1 141936
1 141940
1 141958
1 141960
1 141970
1 141990
1 142006
1 142018
1 142030
1 142038
1 142048
1 142056
1 142060
1 142066
1 142096
1 142098
1 142110
1 142122
1 142150
1 142156
1 142158
1 142168
1 142182
1 142188
1 142192
1 142210
1 142216
1 142222
1 142230
1 142236
1 142270
1 142296
1 142318
1 142326
1 142356
1 142368
1 142380
1 142390
1 142402
1 142420
1 142426
1 142432
1 142452
1 142468
1 142500
1 142528
1 142536
1 142542
1 142546
1 142552
1 142558
1 142566
1 142572
1 142588
1 142590
1 142600
1 142606
1 142608
1 142618
1 142656
1 142672
1 142696
1 142698
1 142710
1 142732
1 142756
1 142758
1 142770
1 142786
1 142788
1 142798
1 142810
1 142836
1 142840
1 142866
1 142870
1 142872
1 142896
1 142902
1 142906
1 142938
1 142948
1 142962
1 142968
1 142972
1 142978
1 142980
1 142992
1 143052
1 143062
1 143092
1 143106
1 143110
1 143112
1 143136
1 143140
1 143158
1 143176
1 143196
1 143238
1 143242
1 143248
1 143256
1 143260
1 143262
1 143280
1 143286
1 143290
1 143328
1 143332
1 143356
1 143386
1 143400
1 143412
1 143418
1 143442
1 143460
1 143466
1 143476
1 143482
1 143488
1 143500
1 143502
1 143508
1 143512
1 143518
1 143526
1 143536
1 143550
1 143566
1 143568
1 143572
1 143592
1 143608
1 143616
1 143628
1 143650
1 143652
1 143668
1 143676
1 143686
1 143698
1 143710
1 143718
1 143728
1 143742
1 143778
1 143790
1 143796
1 143806
1 143812
1 143820
1 143826
1 143830
1 143832
1 143872
1 143878
1 143880
1 143908
1 143946
1 143952
1 143970
1 143976
1 143980
1 143998
1 144012
1 144030
1 144036
1 144060
1 144070
1 144072
1 144102
1 144138
1 144160
1 144162
1 144166
1 144168
1 144172
1 144202
1 144222
1 144240
1 144246
1 144252
1 144258
1 144270
1 144288
1 144298
1 144306
1 144310
1 144322
1 144340
1 144348
1 144378
1 144382
1 144406
1 144408
1 144412
1 144426
1 144438
1 144450
1 144460
1 144478
1 144480
1 144496
1 144510
1 144538
1 144540
1 144562
1 144568
1 144576
1 144582
1 144588
1 144592
1 144610
1 144628
1 144658
1 144666
1 144670
1 144700
1 144708
1 144718
1 144730
1 144736
1 144750
1 144756
1 144762
1 144772
1 144778
1 144790
1 144816
1 144828
1 144838
1 144846
1 144882
1 144886
1 144888
1 144898
1 144916
1 144930
1 144940
1 144960
1 144966
1 144972
1 144982
1 145006
1 145008
1 145020
1 145030
1 145036
1 145042
1 145062
1 145068
1 145090
1 145108
1 145120
1 145132
1 145138
1 145176
1 145192
1 145206
1 145212
1 145218
1 145252
1 145258
1 145266
1 145282
1 145288
1 145302
1 145306
1 145348
1 145360
1 145380
1 145390
1 145398
1 145416
1 145422
1 145432
1 145440
1 145450
1 145458
1 145462
1 145470
1 145476
1 145486
1 145500
1 145510
1 145512
1 145516
1 145530
1 145542
1 145546
1 145548
1 145576
1 145588
1 145600
1 145602
1 145632
1 145636
1 145642
1 145660
1 145678
1 145680
1 145686
1 145702
1 145708
1 145720
1 145722
1 145752
1 145756
1 145758
1 145770
1 145776
1 145798
1 145806
1 145818
1 145822
1 145828
1 145860
1 145878
1 145896
1 145902
1 145930
1 145932
1 145948
1 145962
1 145966
1 145968
1 145986
1 145990
1 146008
1 146010
1 146020
1 146022
1 146032
1 146050
1 146056
1 146058
1 146062
1 146076
1 146092
1 146098
1 146116
1 146140
1 146160
1 146172
1 146190
1 146196
1 146202
1 146212
1 146220
1 146238
1 146248
1 146272
1 146290
1 146296
1 146298
1 146308
1 146316
1 146322
1 146346
1 146358
1 146368
1 146380
1 146382
1 146388
1 146406
1 146416
1 146422
1 146436
1 146448
1 146476
1 146512
1 146518
1 146520
1 146526
1 146538
1 146542
1 146562
1 146580
1 146602
1 146608
1 146616
1 146638
1 146646
1 146668
1 146676
1 146680
1 146682
1 146700
1 146718
1 146742
1 146748
1 146766
1 146776
1 146800
1 146806
1 146818
1 146832
1 146836
1 146842
1 146848
1 146856
1 146890
1 146892
1 146916
1 146920
1 146932
1 146940
1 146952
1 146976
1 146982
1 146986
1 146988
1 147010
1 147028
1 147030
1 147046
1 147072
1 147082
1 147088
1 147096
1 147106
1 147136
1 147138
1 147150
1 147162
1 147178
1 147196
1 147208
1 147210
1 147220
1 147226
1 147228
1 147252
1 147262
1 147282
1 147288
1 147292
1 147298
1 147310
1 147318
1 147330
1 147340
1 147346
1 147352
1 147376
1 147390
1 147396
1 147400
1 147408
1 147418
1 147448
1 147450
1 147456
1 147480
1 147486
1 147502
1 147516
1 147540
1 147546
1 147550
1 147556
1 147570
1 147582
1 147606
1 147612
1 147616
1 147628
1 147646
1 147660
1 147670
1 147672
1 147688
1 147702
1 147708
1 147726
1 147738
1 147742
1 147760
1 147768
1 147772
1 147778
1 147786
1 147792
1 147798
1 147810
1 147826
1 147852
1 147858
1 147862
1 147880
1 147918
1 147936
1 147948
1 147976
1 147996
1 148012
1 148020
1 148060
1 148062
1 148072
1 148078
1 148090
1 148122
1 148138
1 148146
1 148150
1 148152
1 148156
1 148170
1 148192
1 148198
1 148200
1 148206
1 148228
1 148242
1 148248
1 148278
1 148300
1 148302
1 148330
1 148338
1 148360
1 148366
1 148380
1 148386
1 148398
1 148402
1 148410
1 148428
1 148438
1 148456
1 148468
1 148470
1 148482
1 148500
1 148512
1 148516
1 148530
1 148536
1 148548
1 148572
1 148578
1 148608
1 148626
1 148632
1 148638
1 148662
1 148666
1 148668
1 148690
1 148692
1 148710
1 148720
1 148722
1 148726
1 148746
1 148762
1 148780
1 148782
1 148792
1 148816
1 148828
1 148852
1 148858
1 148860
1 148866
1 148872
1 148890
1 148912
1 148920
1 148926
1 148930
1 148932
1 148948
1 148956
1 148960
1 148990
1 148996
1 149010
1 149020
1 149026
1 149032
1 149052
1 149056
1 149058
1 149068
1 149076
1 149086
1 149098
1 149100
1 149110
1 149112
1 149118
1 149142
1 149152
1 149158
1 149160
1 149172
1 149182
1 149196
1 149212
1 149238
1 149248
1 149250
1 149256
1 149268
1 149286
1 149296
1 149308
1 149322
1 149332
1 149340
1 149350
1 149370
1 149376
1 149380
1 149392
1 149398
1 149410
1 149416
1 149418
1 149422
1 149440
1 149458
1 149488
1 149490
1 149496
1 149502
1 149518
1 149520
1 149530
1 149532
1 149542
1 149550
1 149560
1 149562
1 149578
1 149602
1 149622
1 149626
1 149628
1 149688
1 149710
1 149712
1 149716
1 149728
1 149730
1 149748
1 149758
1 149766
1 149770
1 149790
1 149802
1 149826
1 149836
1 149838
1 149860
1 149866
1 149872
1 149892
1 149898
1 149908
1 149910
1 149920
1 149938
1 149952
1 149968
1 149970
1 149992
1 150000
1 150010
1 150040
1 150052
1 150060
1 150066
1 150076
1 150082
1 150088
1 150090
1 150096
1 150106
1 150130
1 150150
1 150168
1 150192
1 150196
1 150202
1 150208
1 150210
1 150216
1 150220
1 150222
1 150238
1 150246
1 150286
1 150298
1 150300
1 150322
1 150328
1 150342
1 150372
1 150376
1 150378
1 150382
1 150400
1 150406
1 150412
1 150426
1 150430
1 150438
1 150472
1 150496
1 150502
1 150516
1 150522
1 150532
1 150550
1 150558
1 150570
1 150582
1 150586
1 150588
1 150606
1 150610
1 150616
1 150648
1 150658
1 150696
1 150706
1 150720
1 150742
1 150766
1 150768
1 150778
1 150790
1 150796
1 150826
1 150832
1 150846
1 150868
1 150880
1 150882
1 150888
1 150892
1 150900
1 150906
1 150918
1 150928
1 150958
1 150960
1 150966
1 150978
1 150988
1 150990
1 151006
1 151008
1 151012
1 151026
1 151048
1 151050
1 151056
1 151090
1 151120
1 151140
1 151152
1 151156
1 151162
1 151168
1 151170
1 151188
1 151200
1 151212
1 151236
1 151240
1 151242
1 151246
1 151252
1 151272
1 151278
1 151288
1 151302
1 151336
1 151338
1 151342
1 151356
1 151378
1 151380
1 151390
1 151396
1 151422
1 151428
1 151432
1 151450
1 151470
1 151476
1 151482
1 151498
1 151506
1 151516
1 151522
1 151530
1 151536
1 151548
1 151552
1 151560
1 151572
1 151578
1 151596
1 151602
1 151606
1 151608
1 151630
1 151636
1 151642
1 151650
1 151666
1 151672
1 151680
1 151686
1 151692
1 151702
1 151716
1 151728
1 151732
1 151768
1 151770
1 151782
1 151786
1 151798
1 151812
1 151816
1 151840
1 151846
1 151848
1 151870
1 151882
1 151896
1 151900
1 151902
1 151908
1 151936
1 151938
1 151966
1 151968
1 152002
1 152016
1 152026
1 152028
1 152038
1 152040
1 152062
1 152076
1 152080
1 152082
1 152092
1 152110
1 152122
1 152146
1 152182
1 152188
1 152196
1 152202
1 152212
1 152218
1 152230
1 152238
1 152248
1 152266
1 152286
1 152292
1 152296
1 152310
1 152362
1 152376
1 152380
1 152388
1 152392
1 152406
1 152416
1 152418
1 152422
1 152428
1 152440
1 152442
1 152458
1 152460
1 152500
1 152518
1 152530
1 152532
1 152538
1 152562
1 152566
1 152596
1 152598
1 152616
1 152622
1 152628
1 152638
1 152640
1 152656
1 152670
1 152680
1 152716
1 152722
1 152728
1 152752
1 152766
1 152776
1 152782
1 152790
1 152808
1 152818
1 152820
1 152832
1 152836
1 152838
1 152842
1 152850
1 152856
1 152878
1 152896
1 152898
1 152908
1 152938
1 152940
1 152946
1 152952
1 152958
1 152980
1 152988
1 152992
1 153000
1 153058
1 153066
1 153070
1 153072
1 153076
1 153088
1 153106
1 153112
1 153132
1 153136
1 153150
1 153190
1 153246
1 153258
1 153268
1 153270
1 153276
1 153280
1 153286
1 153312
1 153318
1 153336
1 153342
1 153352
1 153358
1 153370
1 153378
1 153406
1 153408
1 153420
1 153426
1 153436
1 153442
1 153448
1 153456
1 153468
1 153486
1 153498
1 153508
1 153510
1 153520
1 153522
1 153528
1 153532
1 153556
1 153562
1 153588
1 153606
1 153610
1 153622
1 153640
1 153648
1 153688
1 153700
1 153718
1 153732
1 153738
1 153742
1 153748
1 153756
1 153762
1 153816
1 153840
1 153870
1 153876
1 153886
1 153888
1 153910
1 153912
1 153928
1 153940
1 153946
1 153948
1 153952
1 153990
1 153996
1 154000
1 154026
1 154042
1 154056
1 154060
1 154066
1 154072
1 154078
1 154080
1 154086
1 154096
1 154110
1 154126
1 154152
1 154156
1 154158
1 154180
1 154182
1 154210
1 154212
1 154228
1 154242
1 154246
1 154266
1 154276
1 154278
1 154290
1 154302
1 154312
1 154320
1 154332
1 154338
1 154350
1 154368
1 154372
1 154386
1 154408
1 154416
1 154422
1 154438
1 154458
1 154486
1 154492
1 154500
1 154522
1 154542
1 154570
1 154572
1 154578
1 154588
1 154590
1 154612
1 154618
1 154620
1 154642
1 154666
1 154668
1 154680
1 154690
1 154698
1 154722
1 154726
1 154732
1 154746
1 154752
1 154768
1 154786
1 154788
1 154798
1 154806
1 154822
1 154840
1 154848
1 154870
1 154872
1 154876
1 154882
1 154896
1 154926
1 154932
1 154936
1 154942
1 154980
1 154990
1 155002
1 155008
1 155016
1 155026
1 155046
1 155068
1 155080
1 155082
1 155086
1 155118
1 155136
1 155152
1 155160
1 155166
1 155170
1 155190
1 155200
1 155202
1 155208
1 155218
1 155230
1 155250
1 155268
1 155290
1 155298
1 155302
1 155316
1 155326
1 155332
1 155370
1 155376
1 155380
1 155382
1 155386
1 155398
1 155412
1 155422
1 155442
1 155452
1 155460
1 155472
1 155500
1 155508
1 155520
1 155536
1 155538
1 155556
1 155568
1 155578
1 155580
1 155592
1 155598
1 155608
1 155620
1 155626
1 155652
1 155656
1 155662
1 155670
1 155688
1 155692
1 155698
1 155706
1 155716
1 155718
1 155722
1 155730
1 155740
1 155746
1 155772
1 155776
1 155782
1 155796
1 155800
1 155808
1 155820
1 155832
1 155848
1 155850
1 155860
1 155862
1 155886
1 155890
1 155892
1 155920
1 156006
1 156010
1 156018
1 156040
1 156058
1 156060
1 156070
1 156088
1 156108
1 156118
1 156126
1 156130
1 156138
1 156150
1 156156
1 156216
1 156226
1 156228
1 156240
1 156252
1 156256
1 156258
1 156268
1 156306
1 156318
1 156328
1 156346
1 156352
1 156360
1 156370
1 156418
1 156420
1 156436
1 156466
1 156486
1 156490
1 156492
1 156510
1 156520
1 156538
1 156576
1 156588
1 156592
1 156600
1 156618
1 156622
1 156630
1 156640
1 156658
1 156670
1 156676
1 156678
1 156682
1 156690
1 156702
1 156706
1 156718
1 156726
1 156732
1 156748
1 156780
1 156796
1 156798
1 156816
1 156822
1 156832
1 156840
1 156886
1 156898
1 156900
1 156912
1 156940
1 156942
1 156966
1 156970
1 156978
1 157006
1 157012
1 157018
1 157036
1 157048
1 157050
1 157056
1 157060
1 157080
1 157102
1 157108
1 157126
1 157132
1 157140
1 157162
1 157176
1 157180
1 157188
1 157206
1 157210
1 157216
1 157218
1 157228
1 157230
1 157242
1 157246
1 157252
1 157258
1 157270
1 157272
1 157276
1 157278
1 157290
1 157302
1 157306
1 157320
1 157326
1 157348
1 157350
1 157362
1 157392
1 157410
1 157426
1 157428
1 157432
1 157456
1 157476
1 157482
1 157488
1 157512
1 157518
1 157522
1 157542
1 157558
1 157560
1 157570
1 157578
1 157626
1 157636
1 157638
1 157648
1 157666
1 157668
1 157678
1 157720
1 157732
1 157738
1 157746
1 157768
1 157770
1 157792
1 157798
1 157812
1 157822
1 157830
1 157836
1 157840
1 157866
1 157876
1 157888
1 157896
1 157900
1 157906
1 157930
1 157932
1 157950
1 157990
1 157998
1 158002
1 158008
1 158016
1 158028
1 158046
1 158070
1 158076
1 158112
1 158128
1 158140
1 158142
1 158160
1 158188
1 158200
1 158208
1 158226
1 158230
1 158232
1 158242
1 158260
1 158268
1 158292
1 158302
1 158328
1 158340
1 158350
1 158356
1 158358
1 158362
1 158370
1 158392
1 158406
1 158418
1 158428
1 158442
1 158448
1 158488
1 158506
1 158518
1 158526
1 158536
1 158550
1 158562
1 158566
1 158572
1 158580
1 158590
1 158596
1 158610
1 158616
1 158620
1 158632
1 158646
1 158656
1 158662
1 158698
1 158730
1 158746
1 158748
1 158758
1 158760
1 158770
1 158776
1 158790
1 158802
1 158842
1 158848
1 158862
1 158866
1 158880
1 158908
1 158922
1 158926
1 158940
1 158958
1 158980
1 158992
1 159012
1 159016
1 159022
1 159058
1 159072
1 159078
1 159096
1 159112
1 159118
1 159156
1 159160
1 159166
1 159168
1 159178
1 159190
1 159192
1 159198
1 159208
1 159222
1 159226
1 159232
1 159286
1 159292
1 159310
1 159318
1 159336
1 159346
1 159348
1 159360
1 159388
1 159402
1 159406
1 159420
1 159430
1 159436
1 159456
1 159462
1 159468
1 159472
1 159490
1 159498
1 159502
1 159520
1 159538
1 159540
1 159552
1 159562
1 159568
1 159570
1 159588
1 159616
1 159622
1 159628
1 159630
1 159666
1 159670
1 159672
1 159682
1 159696
1 159700
1 159706
1 159720
1 159736
1 159738
1 159762
1 159768
1 159772
1 159778
1 159786
1 159790
1 159792
1 159798
1 159810
1 159832
1 159838
1 159852
1 159856
1 159868
1 159870
1 159898
1 159910
1 159930
1 159936
1 159976
1 159978
1 160000
1 160008
1 160018
1 160030
1 160032
1 160048
1 160072
1 160078
1 160080
1 160086
1 160090
1 160092
1 160116
1 160140
1 160158
1 160162
1 160168
1 160182
1 160200
1 160206
1 160216
1 160230
1 160242
1 160252
1 160308
1 160312
1 160318
1 160342
1 160356
1 160366
1 160372
1 160386
1 160396
1 160402
1 160408
1 160422
1 160440
1 160452
1 160480
1 160482
1 160498
1 160506
1 160540
1 160552
1 160578
1 160582
1 160590
1 160602
1 160618
1 160620
1 160626
1 160636
1 160638
1 160648
1 160650
1 160662
1 160668
1 160680
1 160686
1 160696
1 160708
1 160710
1 160722
1 160738
1 160750
1 160752
1 160756
1 160780
1 160788
1 160806
1 160812
1 160816
1 160828
1 160840
1 160860
1 160876
1 160878
1 160882
1 160902
1 160906
1 160932
1 160966
1 160968
1 160980
1 160996
1 161008
1 161016
1 161032
1 161038
1 161046
1 161052
1 161058
1 161070
1 161086
1 161092
1 161122
1 161136
1 161140
1 161148
1 161158
1 161166
1 161200
1 161220
1 161232
1 161236
1 161262
1 161266
1 161280
1 161302
1 161308
1 161322
1 161332
1 161338
1 161340
1 161362
1 161376
1 161386
1 161406
1 161410
1 161452
1 161458
1 161460
1 161470
1 161502
1 161506
1 161520
1 161526
1 161530
1 161542
1 161560
1 161562
1 161568
1 161572
1 161590
1 161598
1 161610
1 161626
1 161638
1 161640
1 161658
1 161682
1 161716
1 161728
1 161730
1 161740
1 161742
1 161752
1 161760
1 161770
1 161772
1 161778
1 161782
1 161806
1 161830
1 161838
1 161868
1 161872
1 161878
1 161880
1 161910
1 161920
1 161922
1 161946
1 161956
1 161968
1 161970
1 161976
1 161982
1 161998
1 162006
1 162010
1 162016
1 162052
1 162058
1 162078
1 162090
1 162108
1 162118
1 162142
1 162208
1 162220
1 162228
1 162250
1 162256
1 162262
1 162268
1 162276
1 162286
1 162288
1 162292
1 162342
1 162358
1 162388
1 162390
1 162412
1 162418
1 162438
1 162450
1 162456
1 162472
1 162492
1 162498
1 162516
1 162522
1 162526
1 162528
1 162552
1 162556
1 162562
1 162576
1 162592
1 162600
1 162610
1 162622
1 162628
1 162640
1 162648
1 162670
1 162676
1 162682
1 162690
1 162702
1 162708
1 162712
1 162726
1 162730
1 162738
1 162748
1 162750
1 162778
1 162786
1 162790
1 162820
1 162822
1 162828
1 162838
1 162846
1 162852
1 162858
1 162880
1 162888
1 162900
1 162906
1 162916
1 162936
1 162946
1 162970
1 162972
1 162988
1 162996
1 163002
1 163018
1 163020
1 163026
1 163060
1 163062
1 163108
1 163116
1 163126
1 163128
1 163146
1 163150
1 163168
1 163170
1 163180
1 163192
1 163198
1 163210
1 163222
1 163242
1 163248
1 163258
1 163306
1 163308
1 163320
1 163326
1 163336
1 163350
1 163362
1 163366
1 163392
1 163402
1 163408
1 163410
1 163416
1 163432
1 163468
1 163476
1 163480
1 163482
1 163486
1 163516
1 163542
1 163560
1 163566
1 163572
1 163600
1 163612
1 163620
1 163626
1 163632
1 163636
1 163642
1 163660
1 163672
1 163678
1 163696
1 163728
1 163732
1 163740
1 163752
1 163770
1 163780
1 163788
1 163810
1 163818
1 163840
1 163846
1 163852
1 163858
1 163860
1 163870
1 163882
1 163900
1 163908
1 163926
1 163972
1 163978
1 163980
1 163986
1 163990
1 163992
1 163996
1 164010
1 164022
1 164038
1 164050
1 164056
1 164070
1 164088
1 164092
1 164112
1 164116
1 164146
1 164148
1 164172
1 164182
1 164190
1 164200
1 164208
1 164230
1 164232
1 164238
1 164248
1 164250
1 164266
1 164278
1 164290
1 164298
1 164308
1 164320
1 164340
1 164356
1 164362
1 164370
1 164376
1 164386
1 164412
1 164418
1 164428
1 164430
1 164442
1 164446
1 164448
1 164470
1 164476
1 164502
1 164512
1 164530
1 164568
1 164580
1 164586
1 164598
1 164616
1 164620
1 164622
1 164626
1 164652
1 164662
1 164676
1 164682
1 164700
1 164706
1 164728
1 164742
1 164766
1 164770
1 164788
1 164808
1 164820
1 164830
1 164836
1 164838
1 164880
1 164892
1 164910
1 164952
1 164962
1 164986
1 164998
1 165000
1 165036
1 165040
1 165046
1 165048
1 165058
1 165078
1 165082
1 165088
1 165102
1 165132
1 165160
1 165172
1 165180
1 165202
1 165210
1 165228
1 165232
1 165246
1 165286
1 165292
1 165310
1 165312
1 165316
1 165330
1 165342
1 165348
1 165366
1 165378
1 165382
1 165390
1 165396
1 165436
1 165442
1 165448
1 165456
1 165462
1 165468
1 165478
1 165510
1 165522
1 165526
1 165532
1 165540
1 165550
1 165552
1 165558
1 165568
1 165586
1 165588
1 165600
1 165610
1 165616
1 165652
1 165666
1 165672
1 165700
1 165702
1 165706
1 165708
1 165712
1 165718
1 165720
1 165748
1 165778
1 165798
1 165810
1 165816
1 165828
1 165832
1 165856
1 165876
1 165882
1 165886
1 165900
1 165930
1 165940
1 165946
1 165960
1 165982
1 166012
1 166020
1 166026
1 166030
1 166042
1 166062
1 166080
1 166098
1 166146
1 166150
1 166156
1 166168
1 166182
1 166188
1 166206
1 166218
1 166236
1 166246
1 166258
1 166272
1 166288
1 166296
1 166300
1 166302
1 166318
1 166348
1 166350
1 166356
1 166362
1 166392
1 166398
1 166402
1 166408
1 166416
1 166428
1 166456
1 166470
1 166486
1 166540
1 166560
1 166566
1 166570
1 166596
1 166600
1 166602
1 166608
1 166612
1 166618
1 166626
1 166630
1 166642
1 166656
1 166666
1 166668
1 166678
1 166692
1 166702
1 166722
1 166738
1 166740
1 166780
1 166782
1 166798
1 166806
1 166822
1 166840
1 166842
1 166846
1 166848
1 166852
1 166860
1 166866
1 166870
1 166908
1 166918
1 166930
1 166948
1 166966
1 166972
1 166978
1 166986
1 167008
1 167016
1 167020
1 167022
1 167032
1 167038
1 167046
1 167050
1 167070
1 167076
1 167080
1 167086
1 167098
1 167106
1 167112
1 167116
1 167118
1 167148
1 167158
1 167172
1 167176
1 167190
1 167196
1 167212
1 167220
1 167248
1 167260
1 167266
1 167268
1 167308
1 167310
1 167316
1 167328
1 167338
1 167340
1 167380
1 167392
1 167406
1 167412
1 167422
1 167428
1 167436
1 167440
1 167442
1 167448
1 167470
1 167482
1 167490
1 167520
1 167536
1 167542
1 167592
1 167596
1 167610
1 167620
1 167622
1 167626
1 167632
1 167640
1 167662
1 167676
1 167682
1 167710
1 167728
1 167746
1 167758
1 167770
1 167776
1 167778
1 167800
1 167808
1 167860
1 167862
1 167872
1 167878
1 167886
1 167890
1 167898
1 167910
1 167916
1 167952
1 167970
1 167986
1 168012
1 168022
1 168028
1 168036
1 168042
1 168066
1 168070
1 168082
1 168088
1 168108
1 168126
1 168142
1 168150
1 168192
1 168196
1 168210
1 168226
1 168246
1 168252
1 168262
1 168268
1 168276
1 168280
1 168292
1 168322
1 168330
1 168346
1 168352
1 168390
1 168408
1 168432
1 168448
1 168450
1 168456
1 168462
1 168480
1 168490
1 168498
1 168522
1 168526
1 168532
1 168540
1 168558
1 168598
1 168600
1 168616
1 168628
1 168630
1 168642
1 168672
1 168676
1 168696
1 168712
1 168718
1 168730
1 168736
1 168742
1 168760
1 168768
1 168780
1 168802
1 168850
1 168862
1 168868
1 168886
1 168892
1 168898
1 168900
1 168912
1 168936
1 168942
1 168976
1 168990
1 169002
1 169006
1 169008
1 169018
1 169048
1 169062
1 169066
1 169068
1 169078
1 169092
1 169096
1 169110
1 169128
1 169150
1 169158
1 169176
1 169180
1 169198
1 169216
1 169218
1 169240
1 169242
1 169248
1 169258
1 169282
1 169306
1 169312
1 169318
1 169320
1 169326
1 169338
1 169342
1 169360
1 169368
1 169372
1 169398
1 169408
1 169426
1 169456
1 169470
1 169482
1 169488
1 169492
1 169500
1 169522
1 169530
1 169552
1 169566
1 169582
1 169590
1 169606
1 169626
1 169632
1 169638
1 169648
1 169656
1 169660
1 169666
1 169680
1 169690
1 169692
1 169708
1 169732
1 169750
1 169752
1 169768
1 169776
1 169782
1 169788
1 169816
1 169822
1 169830
1 169836
1 169842
1 169858
1 169888
1 169890
1 169908
1 169912
1 169918
1 169932
1 169936
1 169942
1 169950
1 169956
1 169986
1 169990
1 170002
1 170020
1 170028
1 170046
1 170056
1 170062
1 170080
1 170098
1 170100
1 170110
1 170122
1 170140
1 170166
1 170178
1 170188
1 170196
1 170206
1 170212
1 170226
1 170230
1 170238
1 170242
1 170248
1 170262
1 170266
1 170278
1 170292
1 170298
1 170326
1 170340
1 170346
1 170350
1 170352
1 170362
1 170368
1 170370
1 170382
1 170388
1 170392
1 170412
1 170440
1 170446
1 170472
1 170482
1 170496
1 170502
1 170508
1 170536
1 170538
1 170550
1 170556
1 170578
1 170602
1 170608
1 170626
1 170632
1 170640
1 170646
1 170668
1 170688
1 170700
1 170706
1 170710
1 170740
1 170748
1 170758
1 170760
1 170766
1 170772
1 170776
1 170800
1 170808
1 170812
1 170826
1 170836
1 170842
1 170850
1 170856
1 170872
1 170880
1 170886
1 170898
1 170920
1 170926
1 170952
1 170956
1 170970
1 171006
1 171022
1 171028
1 171042
1 171046
1 171048
1 171052
1 171076
1 171078
1 171090
1 171102
1 171130
1 171160
1 171162
1 171166
1 171168
1 171178
1 171202
1 171232
1 171250
1 171252
1 171262
1 171270
1 171292
1 171298
1 171316
1 171328
1 171340
1 171382
1 171400
1 171402
1 171426
1 171438
1 171448
1 171466
1 171468
1 171472
1 171480
1 171490
1 171516
1 171528
1 171538
1 171540
1 171552
1 171558
1 171570
1 171582
1 171616
1 171628
1 171636
1 171640
1 171652
1 171658
1 171670
1 171672
1 171678
1 171696
1 171706
1 171712
1 171718
1 171732
1 171756
1 171760
1 171762
1 171792
1 171798
1 171802
1 171810
1 171822
1 171826
1 171850
1 171862
1 171868
1 171876
1 171880
1 171888
1 171916
1 171922
1 171928
1 171936
1 171946
1 172000
1 172008
1 172020
1 172026
1 172030
1 172048
1 172068
1 172078
1 172092
1 172096
1 172126
1 172146
1 172152
1 172156
1 172168
1 172170
1 172180
1 172198
1 172212
1 172216
1 172218
1 172222
1 172242
1 172258
1 172278
1 172282
1 172296
1 172306
1 172312
1 172320
1 172330
1 172342
1 172350
1 172356
1 172372
1 172398
1 172410
1 172420
1 172422
1 172426
1 172432
1 172438
1 172440
1 172488
1 172506
1 172516
1 172518
1 172540
1 172552
1 172560
1 172572
1 172582
1 172588
1 172596
1 172602
1 172606
1 172618
1 172632
1 172642
1 172648
1 172656
1 172662
1 172672
1 172680
1 172686
1 172708
1 172716
1 172720
1 172740
1 172750
1 172758
1 172786
1 172800
1 172806
1 172828
1 172848
1 172852
1 172858
1 172866
1 172870
1 172876
1 172882
1 172932
1 172968
1 172972
1 172980
1 172986
1 172992
1 172998
1 173020
1 173022
1 173038
1 173052
1 173058
1 173080
1 173086
1 173098
1 173136
1 173140
1 173148
1 173176
1 173182
1 173188
1 173190
1 173206
1 173208
1 173218
1 173248
1 173262
1 173266
1 173272
1 173290
1 173292
1 173296
1 173308
1 173346
1 173356
1 173358
1 173428
1 173430
1 173472
1 173482
1 173490
1 173496
1 173500
1 173530
1 173538
1 173542
1 173548
1 173560
1 173572
1 173598
1 173616
1 173628
1 173646
1 173650
1 173658
1 173668
1 173670
1 173682
1 173686
1 173698
1 173706
1 173712
1 173728
1 173740
1 173742
1 173772
1 173776
1 173778
1 173782
1 173806
1 173818
1 173826
1 173838
1 173850
1 173860
1 173866
1 173890
1 173896
1 173908
1 173916
1 173922
1 173932
1 173968
1 173976
1 173980
1 173992
1 174006
1 174016
1 174018
1 174046
1 174048
1 174060
1 174066
1 174070
1 174076
1 174078
1 174090
1 174100
1 174120
1 174136
1 174142
1 174148
1 174156
1 174168
1 174196
1 174220
1 174240
1 174256
1 174258
1 174262
1 174280
1 174288
1 174298
1 174310
1 174328
1 174330
1 174336
1 174346
1 174366
1 174388
1 174406
1 174412
1 174430
1 174442
1 174456
1 174466
1 174468
1 174480
1 174486
1 174490
1 174526
1 174532
1 174568
1 174570
1 174582
1 174598
1 174612
1 174616
1 174630
1 174636
1 174648
1 174652
1 174658
1 174672
1 174678
1 174702
1 174720
1 174736
1 174748
1 174760
1 174762
1 174766
1 174772
1 174798
1 174820
1 174828
1 174850
1 174858
1 174876
1 174892
1 174900
1 174906
1 174916
1 174928
1 174930
1 174942
1 174958
1 174988
1 174990
1 175002
1 175012
1 175038
1 175060
1 175066
1 175068
1 175078
1 175080
1 175102
1 175128
1 175140
1 175210
1 175228
1 175260
1 175266
1 175276
1 175290
1 175302
1 175308
1 175326
1 175332
1 175348
1 175360
1 175390
1 175392
1 175402
1 175410
1 175432
1 175446
1 175452
1 175462
1 175480
1 175492
1 175498
1 175518
1 175522
1 175542
1 175572
1 175600
1 175620
1 175630
1 175632
1 175648
1 175662
1 175672
1 175686
1 175690
1 175698
1 175708
1 175722
1 175726
1 175752
1 175756
1 175758
1 175780
1 175782
1 175810
1 175828
1 175836
1 175842
1 175852
1 175858
1 175872
1 175890
1 175896
1 175908
1 175918
1 175936
1 175938
1 175948
1 175960
1 175962
1 175978
1 175990
1 175992
1 176016
1 176020
1 176022
1 176040
1 176046
1 176050
1 176052
1 176062
1 176080
1 176086
1 176088
1 176122
1 176128
1 176152
1 176158
1 176160
1 176178
1 176190
1 176200
1 176206
1 176212
1 176220
1 176226
1 176236
1 176242
1 176260
1 176298
1 176302
1 176316
1 176320
1 176326
1 176328
1 176332
1 176346
1 176352
1 176356
1 176368
1 176382
1 176388
1 176400
1 176412
1 176416
1 176418
1 176430
1 176458
1 176460
1 176466
1 176488
1 176496
1 176502
1 176506
1 176508
1 176520
1 176530
1 176536
1 176548
1 176550
1 176556
1 176572
1 176590
1 176596
1 176598
1 176608
1 176610
1 176628
1 176640
1 176650
1 176676
1 176698
1 176710
1 176712
1 176740
1 176746
1 176752
1 176776
1 176778
1 176788
1 176790
1 176796
1 176806
1 176808
1 176818
1 176848
1 176856
1 176886
1 176898
1 176902
1 176920
1 176922
1 176926
1 176932
1 176950
1 176976
1 176982
1 176988
1 177006
1 177010
1 177012
1 177018
1 177042
1 177090
1 177100
1 177108
1 177112
1 177126
1 177130
1 177166
1 177172
1 177208
1 177210
1 177216
1 177222
1 177238
1 177256
1 177268
1 177282
1 177300
1 177318
1 177322
1 177336
1 177346
1 177378
1 177382
1 177408
1 177420
1 177426
1 177430
1 177432
1 177466
1 177472
1 177480
1 177486
1 177492
1 177510
1 177532
1 177538
1 177552
1 177588
1 177600
1 177622
1 177646
1 177676
1 177678
1 177690
1 177738
1 177742
1 177760
1 177762
1 177786
1 177790
1 177796
1 177810
1 177822
1 177838
1 177840
1 177882
1 177886
1 177888
1 177892
1 177906
1 177912
1 177916
1 177928
1 177942
1 177948
1 177952
1 177966
1 177978
1 178000
1 178020
1 178036
1 178038
1 178066
1 178068
1 178090
1 178092
1 178102
1 178116
1 178126
1 178140
1 178150
1 178168
1 178182
1 178186
1 178206
1 178222
1 178230
1 178246
1 178248
1 178258
1 178260
1 178288
1 178300
1 178306
1 178326
1 178332
1 178348
1 178350
1 178360
1 178392
1 178396
1 178402
1 178416
1 178438
1 178440
1 178446
1 178468
1 178480
1 178486
1 178488
1 178500
1 178512
1 178530
1 178536
1 178558
1 178560
1 178566
1 178570
1 178596
1 178600
1 178602
1 178608
1 178612
1 178620
1 178626
1 178638
1 178642
1 178680
1 178690
1 178692
1 178696
1 178752
1 178756
1 178780
1 178792
1 178798
1 178806
1 178812
1 178816
1 178818
1 178830
1 178852
1 178858
1 178872
1 178876
1 178888
1 178896
1 178902
1 178906
1 178908
1 178920
1 178930
1 178932
1 178938
1 178950
1 178972
1 178986
1 179020
1 179028
1 179032
1 179040
1 179050
1 179056
1 179082
1 179088
1 179098
1 179106
1 179110
1 179118
1 179142
1 179160
1 179166
1 179172
1 179202
1 179208
1 179212
1 179232
1 179242
1 179260
1 179268
1 179280
1 179286
1 179316
1 179320
1 179326
1 179350
1 179356
1 179368
1 179380
1 179382
1 179392
1 179406
1 179410
1 179428
1 179436
1 179440
1 179452
1 179460
1 179470
1 179478
1 179482
1 179496
1 179518
1 179526
1 179532
1 179548
1 179562
1 179572
1 179578
1 179580
1 179590
1 179592
1 179602
1 179622
1 179632
1 179650
1 179656
1 179658
1 179670
1 179686
1 179688
1 179692
1 179716
1 179718
1 179736
1 179742
1 179748
1 179778
1 179800
1 179806
1 179812
1 179818
1 179820
1 179826
1 179832
1 179848
1 179896
1 179898
1 179902
1 179908
1 179916
1 179922
1 179938
1 179946
1 179950
1 179952
1 179956
1 179968
1 179980
1 179988
1 179998
1 180000
1 180006
1 180022
1 180042
1 180052
1 180070
1 180072
1 180076
1 180096
1 180136
1 180160
1 180178
1 180180
1 180210
1 180220
1 180232
1 180238
1 180240
1 180246
1 180258
1 180262
1 180280
1 180286
1 180288
1 180306
1 180310
1 180316
1 180330
1 180336
1 180346
1 180360
1 180370
1 180378
1 180390
1 180412
1 180418
1 180436
1 180462
1 180472
1 180490
1 180496
1 180502
1 180510
1 180532
1 180538
1 180540
1 180546
1 180562
1 180568
1 180616
1 180622
1 180628
1 180646
1 180666
1 180678
1 180700
1 180730
1 180748
1 180750
1 180772
1 180778
1 180792
1 180796
1 180798
1 180810
1 180846
1 180870
1 180882
1 180906
1 180948
1 180958
1 181000
1 181002
1 181018
1 181030
1 181038
1 181060
1 181062
1 181080
1 181086
1 181122
1 181140
1 181156
1 181182
1 181192
1 181198
1 181200
1 181210
1 181212
1 181218
1 181242
1 181252
1 181272
1 181276
1 181282
1 181296
1 181300
1 181302
1 181360
1 181386
1 181396
1 181398
1 181408
1 181420
1 181438
1 181456
1 181458
1 181498
1 181500
1 181512
1 181522
1 181536
1 181548
1 181552
1 181602
1 181606
1 181608
1 181618
1 181638
1 181666
1 181668
1 181692
1 181710
1 181716
1 181720
1 181728
1 181738
1 181750
1 181756
1 181758
1 181762
1 181776
1 181786
1 181788
1 181812
1 181836
1 181870
1 181872
1 181888
1 181890
1 181902
1 181912
1 181918
1 181926
1 181930
1 181942
1 181956
1 181966
1 181980
1 181996
1 182008
1 182010
1 182026
1 182028
1 182040
1 182046
1 182056
1 182058
1 182088
1 182098
1 182100
1 182106
1 182110
1 182122
1 182128
1 182130
1 182140
1 182158
1 182166
1 182176
1 182178
1 182200
1 182208
1 182232
1 182238
1 182242
1 182260
1 182278
1 182296
1 182308
1 182332
1 182338
1 182340
1 182352
1 182386
1 182388
1 182416
1 182422
1 182430
1 182442
1 182452
1 182466
1 182470
1 182472
1 182488
1 182502
1 182508
1 182518
1 182536
1 182548
1 182560
1 182578
1 182586
1 182592
1 182598
1 182602
1 182616
1 182626
1 182638
1 182640
1 182652
1 182656
1 182658
1 182680
1 182686
1 182700
1 182710
1 182712
1 182746
1 182772
1 182778
1 182788
1 182802
1 182812
1 182820
1 182838
1 182850
1 182856
1 182866
1 182886
1 182892
1 182898
1 182920
1 182926
1 182928
1 182932
1 182952
1 182956
1 182968
1 182980
1 182998
1 183022
1 183036
1 183040
1 183046
1 183058
1 183066
1 183088
1 183090
1 183118
1 183150
1 183166
1 183190
1 183202
1 183246
1 183258
1 183262
1 183282
1 183288
1 183298
1 183300
1 183306
1 183316
1 183318
1 183328
1 183342
1 183348
1 183360
1 183372
1 183376
1 183382
1 183388
1 183396
1 183436
1 183438
1 183450
1 183460
1 183472
1 183478
1 183486
1 183496
1 183498
1 183502
1 183508
1 183510
1 183522
1 183526
1 183568
1 183570
1 183576
1 183580
1 183586
1 183592
1 183610
1 183636
1 183660
1 183682
1 183690
1 183696
1 183706
1 183708
1 183712
1 183760
1 183762
1 183796
1 183808
1 183822
1 183828
1 183870
1 183876
1 183880
1 183906
1 183916
1 183918
1 183942
1 183948
1 183958
1 183970
1 183972
1 183978
1 184002
1 184006
1 184012
1 184030
1 184038
1 184042
1 184056
1 184072
1 184080
1 184086
1 184110
1 184116
1 184132
1 184152
1 184156
1 184180
1 184186
1 184188
1 184198
1 184210
1 184230
1 184240
1 184258
1 184270
1 184272
1 184278
1 184290
1 184308
1 184320
1 184332
1 184336
1 184350
1 184368
1 184408
1 184416
1 184440
1 184446
1 184462
1 184476
1 184486
1 184488
1 184510
1 184516
1 184522
1 184552
1 184558
1 184566
1 184570
1 184576
1 184606
1 184608
1 184626
1 184630
1 184632
1 184648
1 184650
1 184668
1 184686
1 184692
1 184702
1 184710
1 184720
1 184726
1 184732
1 184752
1 184776
1 184822
1 184828
1 184830
1 184836
1 184842
1 184858
1 184878
1 184900
1 184902
1 184912
1 184948
1 184956
1 184966
1 184968
1 184992
1 184996
1 184998
1 185020
1 185026
1 185050
1 185056
1 185062
1 185068
1 185070
1 185076
1 185088
1 185098
1 185122
1 185130
1 185136
1 185148
1 185152
1 185160
1 185166
1 185176
1 185182
1 185188
1 185220
1 185232
1 185242
1 185266
1 185290
1 185298
1 185302
1 185308
1 185322
1 185326
1 185358
1 185362
1 185368
1 185370
1 185400
1 185428
1 185440
1 185466
1 185476
1 185482
1 185490
1 185518
1 185526
1 185530
1 185532
1 185538
1 185542
1 185550
1 185556
1 185566
1 185568
1 185592
1 185598
1 185620
1 185640
1 185650
1 185676
1 185680
1 185682
1 185692
1 185698
1 185706
1 185710
1 185722
1 185736
1 185746
1 185748
1 185752
1 185766
1 185788
1 185796
1 185812
1 185818
1 185820
1 185830
1 185832
1 185848
1 185868
1 185872
1 185892
1 185896
1 185902
1 185916
1 185922
1 185946
1 185950
1 185956
1 185958
1 185970
1 185986
1 185992
1 186006
1 186012
1 186018
1 186022
1 186036
1 186040
1 186048
1 186070
1 186096
1 186102
1 186106
1 186112
1 186118
1 186148
1 186156
1 186160
1 186162
1 186186
1 186190
1 186210
1 186226
1 186228
1 186238
1 186246
1 186252
1 186258
1 186270
1 186282
1 186298
1 186300
1 186310
1 186316
1 186342
1 186376
1 186378
1 186390
1 186396
1 186418
1 186436
1 186450
1 186468
1 186478
1 186480
1 186550
1 186568
1 186580
1 186582
1 186586
1 186600
1 186618
1 186628
1 186646
1 186648
1 186652
1 186670
1 186678
1 186688
1 186700
1 186706
1 186708
1 186726
1 186732
1 186742
1 186756
1 186760
1 186762
1 186772
1 186792
1 186798
1 186840
1 186858
1 186868
1 186870
1 186876
1 186882
1 186888
1 186916
1 186946
1 186958
1 187002
1 187008
1 187026
1 187042
1 187048
1 187066
1 187068
1 187072
1 187080
1 187090
1 187110
1 187122
1 187126
1 187128
1 187132
1 187138
1 187140
1 187162
1 187170
1 187176
1 187180
1 187188
1 187192
1 187210
1 187216
1 187218
1 187222
1 187236
1 187272
1 187276
1 187302
1 187336
1 187338
1 187348
1 187360
1 187366
1 187372
1 187378
1 187386
1 187392
1 187408
1 187416
1 187422
1 187432
1 187440
1 187462
1 187468
1 187470
1 187476
1 187506
1 187512
1 187530
1 187546
1 187558
1 187572
1 187596
1 187630
1 187632
1 187636
1 187638
1 187650
1 187660
1 187668
1 187686
1 187698
1 187710
1 187720
1 187750
1 187762
1 187786
1 187792
1 187822
1 187842
1 187860
1 187870
1 187876
1 187882
1 187896
1 187906
1 187908
1 187920
1 187926
1 187930
1 187950
1 187962
1 187972
1 187986
1 188010
1 188016
1 188020
1 188028
1 188106
1 188136
1 188142
1 188146
1 188158
1 188170
1 188178
1 188188
1 188196
1 188248
1 188260
1 188272
1 188280
1 188290
1 188298
1 188302
1 188310
1 188316
1 188322
1 188332
1 188350
1 188358
1 188368
1 188388
1 188400
1 188406
1 188416
1 188430
1 188436
1 188442
1 188458
1 188472
1 188482
1 188490
1 188518
1 188526
1 188532
1 188562
1 188578
1 188602
1 188608
1 188620
1 188632
1 188652
1 188676
1 188680
1 188686
1 188692
1 188700
1 188706
1 188710
1 188718
1 188728
1 188752
1 188766
1 188778
1 188790
1 188800
1 188826
1 188830
1 188832
1 188842
1 188856
1 188860
1 188862
1 188868
1 188890
1 188910
1 188926
1 188932
1 188938
1 188940
1 188952
1 188956
1 188982
1 188998
1 189010
1 189016
1 189018
1 189040
1 189042
1 189060
1 189066
1 189126
1 189138
1 189148
1 189150
1 189168
1 189186
1 189198
1 189222
1 189228
1 189238
1 189250
1 189252
1 189256
1 189270
1 189306
1 189310
1 189336
1 189346
1 189348
1 189352
1 189360
1 189376
1 189388
1 189390
1 189400
1 189406
1 189420
1 189432
1 189436
1 189438
1 189462
1 189466
1 189472
1 189478
1 189490
1 189492
1 189508
1 189516
1 189522
1 189528
1 189546
1 189558
1 189582
1 189592
1 189598
1 189612
1 189616
1 189618
1 189642
1 189652
1 189660
1 189670
1 189690
1 189696
1 189700
1 189712
1 189732
1 189742
1 189756
1 189766
1 189796
1 189798
1 189816
1 189822
1 189850
1 189852
1 189858
1 189876
1 189880
1 189886
1 189900
1 189912
1 189928
1 189946
1 189948
1 189960
1 189966
1 189976
1 189982
1 189988
1 189996
1 190026
1 190030
1 190050
1 190062
1 190092
1 190096
1 190120
1 190128
1 190146
1 190158
1 190180
1 190206
1 190242
1 190248
1 190260
1 190270
1 190282
1 190296
1 190300
1 190312
1 190320
1 190330
1 190338
1 190356
1 190366
1 190368
1 190386
1 190390
1 190402
1 190408
1 190470
1 190506
1 190522
1 190528
1 190536
1 190542
1 190572
1 190576
1 190578
1 190582
1 190590
1 190606
1 190612
1 190632
1 190638
1 190648
1 190656
1 190666
1 190668
1 190698
1 190708
1 190710
1 190716
1 190752
1 190758
1 190762
1 190768
1 190782
1 190786
1 190792
1 190806
1 190810
1 190822
1 190828
1 190836
1 190842
1 190870
1 190888
1 190890
1 190900
1 190908
1 190912
1 190920
1 190978
1 190996
1 191020
1 191026
1 191032
1 191038
1 191046
1 191056
1 191070
1 191088
1 191098
1 191118
1 191122
1 191136
1 191140
1 191142
1 191160
1 191172
1 191188
1 191226
1 191230
1 191236
1 191248
1 191250
1 191280
1 191296
1 191298
1 191338
1 191340
1 191352
1 191412
1 191440
1 191446
1 191448
1 191452
1 191458
1 191460
1 191466
1 191472
1 191490
1 191496
1 191506
1 191508
1 191518
1 191530
1 191532
1 191536
1 191550
1 191560
1 191562
1 191578
1 191598
1 191620
1 191626
1 191656
1 191668
1 191670
1 191676
1 191688
1 191692
1 191698
1 191706
1 191716
1 191746
1 191748
1 191772
1 191782
1 191790
1 191800
1 191802
1 191826
1 191830
1 191832
1 191836
1 191860
1 191898
1 191902
1 191910
1 191928
1 191952
1 191968
1 191976
1 191998
1 192006
1 192012
1 192028
1 192036
1 192042
1 192046
1 192052
1 192090
1 192096
1 192102
1 192112
1 192120
1 192132
1 192148
1 192160
1 192172
1 192186
1 192190
1 192192
1 192228
1 192232
1 192238
1 192250
1 192258
1 192262
1 192270
1 192306
1 192316
1 192318
1 192322
1 192340
1 192342
1 192346
1 192372
1 192376
1 192382
1 192390
1 192406
1 192430
1 192460
1 192462
1 192496
1 192498
1 192528
1 192538
1 192546
1 192552
1 192556
1 192570
1 192580
1 192582
1 192586
1 192600
1 192610
1 192612
1 192616
1 192628
1 192630
1 192636
1 192666
1 192676
1 192696
1 192736
1 192742
1 192748
1 192756
1 192766
1 192780
1 192790
1 192798
1 192810
1 192816
1 192832
1 192846
1 192852
1 192858
1 192876
1 192882
1 192886
1 192888
1 192916
1 192922
1 192930
1 192948
1 192960
1 192970
1 192976
1 192978
1 192990
1 193002
1 193008
1 193012
1 193030
1 193042
1 193050
1 193056
1 193072
1 193092
1 193132
1 193138
1 193146
1 193152
1 193162
1 193180
1 193182
1 193188
1 193200
1 193242
1 193246
1 193260
1 193282
1 193300
1 193326
1 193336
1 193356
1 193366
1 193372
1 193378
1 193380
1 193386
1 193392
1 193422
1 193432
1 193440
1 193446
1 193450
1 193462
1 193468
1 193492
1 193506
1 193512
1 193540
1 193548
1 193558
1 193572
1 193576
1 193596
1 193600
1 193602
1 193606
1 193618
1 193648
1 193662
1 193678
1 193702
1 193722
1 193726
1 193740
1 193750
1 193756
1 193762
1 193770
1 193788
1 193792
1 193798
1 193810
1 193812
1 193840
1 193846
1 193858
1 193860
1 193870
1 193872
1 193876
1 193882
1 193890
1 193936
1 193938
1 193942
1 193950
1 193956
1 193978
1 193992
1 194002
1 194016
1 194026
1 194056
1 194068
1 194070
1 194082
1 194086
1 194092
1 194100
1 194112
1 194118
1 194140
1 194148
1 194166
1 194178
1 194196
1 194202
1 194238
1 194262
1 194266
1 194268
1 194308
1 194322
1 194352
1 194370
1 194376
1 194412
1 194430
1 194442
1 194470
1 194478
1 194482
1 194506
1 194520
1 194526
1 194542
1 194568
1 194580
1 194590
1 194608
1 194646
1 194652
1 194658
1 194670
1 194680
1 194682
1 194686
1 194706
1 194712
1 194716
1 194722
1 194728
1 194748
1 194766
1 194770
1 194808
1 194812
1 194818
1 194826
1 194838
1 194860
1 194862
1 194866
1 194868
1 194890
1 194898
1 194910
1 194916
1 194932
1 194962
1 194976
1 194980
1 194988
1 195022
1 195028
1 195042
1 195046
1 195048
1 195052
1 195070
1 195076
1 195088
1 195102
1 195120
1 195126
1 195130
1 195136
1 195156
1 195160
1 195162
1 195192
1 195196
1 195202
1 195228
1 195240
1 195252
1 195258
1 195270
1 195276
1 195280
1 195310
1 195318
1 195328
1 195340
1 195342
1 195352
1 195358
1 195388
1 195400
1 195406
1 195412
1 195426
1 195442
1 195456
1 195468
1 195478
1 195492
1 195496
1 195510
1 195526
1 195538
1 195540
1 195580
1 195592
1 195598
1 195658
1 195676
1 195690
1 195696
1 195708
1 195730
1 195732
1 195736
1 195738
1 195742
1 195750
1 195760
1 195780
1 195786
1 195790
1 195808
1 195816
1 195862
1 195868
1 195882
1 195886
1 195892
1 195906
1 195912
1 195918
1 195928
1 195930
1 195966
1 195970
1 195972
1 195976
1 195990
1 195996
1 196002
1 196032
1 196038
1 196042
1 196050
1 196072
1 196080
1 196086
1 196110
1 196116
1 196138
1 196158
1 196168
1 196170
1 196176
1 196180
1 196186
1 196192
1 196200
1 196246
1 196270
1 196276
1 196278
1 196290
1 196302
1 196306
1 196330
1 196336
1 196378
1 196386
1 196428
1 196438
1 196452
1 196458
1 196476
1 196498
1 196500
1 196518
1 196522
1 196540
1 196542
1 196548
1 196560
1 196578
1 196582
1 196596
1 196612
1 196642
1 196656
1 196660
1 196662
1 196680
1 196686
1 196698
1 196708
1 196716
1 196726
1 196738
1 196750
1 196768
1 196770
1 196798
1 196816
1 196830
1 196836
1 196852
1 196870
1 196872
1 196878
1 196900
1 196906
1 196918
1 196926
1 196960
1 196990
1 196992
1 197002
1 197008
1 197022
1 197032
1 197058
1 197062
1 197076
1 197082
1 197088
1 197100
1 197116
1 197122
1 197136
1 197146
1 197158
1 197160
1 197202
1 197206
1 197220
1 197232
1 197242
1 197256
1 197260
1 197268
1 197272
1 197278
1 197292
1 197296
1 197298
1 197310
1 197338
1 197340
1 197346
1 197358
1 197368
1 197370
1 197380
1 197382
1 197388
1 197418
1 197422
1 197440
1 197452
1 197478
1 197506
1 197520
1 197538
1 197550
1 197566
1 197568
1 197572
1 197596
1 197598
1 197608
1 197620
1 197640
1 197646
1 197650
1 197676
1 197682
1 197688
1 197698
1 197710
1 197712
1 197740
1 197752
1 197758
1 197766
1 197772
1 197778
1 197802
1 197806
1 197830
1 197836
1 197886
1 197890
1 197892
1 197908
1 197920
1 197926
1 197932
1 197946
1 197956
1 197958
1 197962
1 197968
1 197970
1 198012
1 198016
1 198030
1 198042
1 198046
1 198072
1 198082
1 198090
1 198096
1 198108
1 198126
1 198138
1 198172
1 198178
1 198192
1 198196
1 198220
1 198222
1 198240
1 198250
1 198256
1 198258
1 198276
1 198280
1 198300
1 198312
1 198322
1 198336
1 198346
1 198348
1 198376
1 198390
1 198396
1 198408
1 198412
1 198426
1 198436
1 198438
1 198460
1 198462
1 198468
1 198478
1 198490
1 198502
1 198528
1 198532
1 198552
1 198570
1 198588
1 198592
1 198598
1 198612
1 198622
1 198636
1 198640
1 198646
1 198658
1 198672
1 198688
1 198700
1 198718
1 198732
1 198760
1 198768
1 198810
1 198816
1 198822
1 198826
1 198828
1 198832
1 198838
1 198840
1 198850
1 198858
1 198898
1 198900
1 198928
1 198936
1 198940
1 198942
1 198952
1 198958
1 198966
1 198970
1 198976
1 198996
1 199020
1 199032
1 199036
1 199038
1 199048
1 199080
1 199102
1 199108
1 199150
1 199152
1 199180
1 199192
1 199206
1 199210
1 199246
1 199260
1 199266
1 199288
1 199312
1 199320
1 199336
1 199342
1 199356
1 199372
1 199378
1 199398
1 199402
1 199410
1 199416
1 199428
1 199446
1 199452
1 199456
1 199482
1 199486
1 199488
1 199498
1 199500
1 199522
1 199558
1 199566
1 199582
1 199600
1 199602
1 199620
1 199636
1 199656
1 199668
1 199672
1 199678
1 199686
1 199696
1 199720
1 199728
1 199738
1 199740
1 199750
1 199752
1 199776
1 199782
1 199798
1 199806
1 199810
1 199812
1 199818
1 199830
1 199852
1 199872
1 199876
1 199888
1 199908
1 199920
1 199930
1 199932
1 199960
1 199966
1 199998
1 200002
1 200008
1 200016
1 200022
1 200028
1 200032
1 200040
1 200062
1 200086
1 200116
1 200130
1 200152
1 200158
1 200170
1 200176
1 200182
1 200190
1 200200
1 200226
1 200230
1 200236
1 200256
1 200272
1 200292
1 200296
1 200322
1 200328
1 200340
1 200350
1 200356
1 200362
1 200370
1 200380
1 200382
1 200400
1 200406
1 200436
1 200442
1 200460
1 200466
1 200482
1 200512
1 200568
1 200572
1 200578
1 200586
1 200590
1 200596
1 200608
1 200638
1 200656
1 200670
1 200688
1 200698
1 200712
1 200722
1 200730
1 200770
1 200778
1 200788
1 200796
1 200806
1 200842
1 200860
1 200866
1 200868
1 200880
1 200890
1 200898
1 200902
1 200908
1 200926
1 200928
1 200970
1 200982
1 200986
1 200988
1 201006
1 201010
1 201030
1 201036
1 201048
1 201072
1 201100
1 201106
1 201118
1 201120
1 201138
1 201150
1 201162
1 201166
1 201192
1 201202
1 201208
1 201210
1 201232
1 201246
1 201250
1 201280
1 201286
1 201306
1 201328
1 201336
1 201358
1 201388
1 201400
1 201402
1 201412
1 201436
1 201448
1 201450
1 201472
1 201490
1 201492
1 201496
1 201498
1 201510
1 201516
1 201546
1 201556
1 201576
1 201580
1 201588
1 201598
1 201610
1 201622
1 201628
1 201652
1 201660
1 201666
1 201672
1 201682
1 201700
1 201708
1 201730
1 201742
1 201756
1 201766
1 201768
1 201780
1 201786
1 201790
1 201796
1 201808
1 201820
1 201822
1 201826
1 201828
1 201832
1 201846
1 201880
1 201888
1 201892
1 201906
1 201910
1 201918
1 201922
1 201936
1 201946
1 201952
1 201960
1 201972
1 201978
1 201996
1 202000
1 202020
1 202030
1 202048
1 202060
1 202062
1 202066
1 202086
1 202098
1 202108
1 202120
1 202126
1 202128
1 202182
1 202186
1 202200
1 202218
1 202230
1 202242
1 202276
1 202288
1 202290
1 202308
1 202326
1 202338
1 202342
1 202356
1 202360
1 202380
1 202386
1 202392
1 202402
1 202408
1 202440
1 202470
1 202480
1 202492
1 202518
1 202528
1 202548
1 202566
1 202576
1 202590
1 202612
1 202620
1 202626
1 202636
1 202638
1 202660
1 202666
1 202678
1 202692
1 202716
1 202728
1 202732
1 202746
1 202750
1 202752
1 202756
1 202776
1 202798
1 202816
1 202822
1 202840
1 202858
1 202876
1 202878
1 202888
1 202906
1 202920
1 202930
1 202932
1 202948
1 202966
1 202972
1 202980
1 202986
1 202998
1 203010
1 203016
1 203022
1 203038
1 203050
1 203056
1 203116
1 203140
1 203172
1 203182
1 203206
1 203208
1 203212
1 203220
1 203226
1 203232
1 203248
1 203278
1 203292
1 203308
1 203310
1 203316
1 203320
1 203322
1 203338
1 203340
1 203350
1 203352
1 203362
1 203380
1 203382
1 203386
1 203392
1 203416
1 203418
1 203428
1 203430
1 203448
1 203458
1 203460
1 203530
1 203548
1 203562
1 203568
1 203578
1 203590
1 203616
1 203626
1 203640
1 203652
1 203656
1 203658
1 203662
1 203668
1 203712
1 203760
1 203766
1 203770
1 203772
1 203788
1 203806
1 203808
1 203820
1 203842
1 203856
1 203868
1 203872
1 203896
1 203908
1 203910
1 203920
1 203946
1 203952
1 203968
1 203970
1 203976
1 203988
1 203998
1 204006
1 204012
1 204018
1 204022
1 204046
1 204058
1 204066
1 204100
1 204106
1 204132
1 204136
1 204142
1 204150
1 204160
1 204162
1 204172
1 204232
1 204250
1 204298
1 204300
1 204310
1 204318
1 204328
1 204330
1 204352
1 204358
1 204360
1 204366
1 204370
1 204376
1 204396
1 204426
1 204430
1 204436
1 204438
1 204442
1 204460
1 204480
1 204486
1 204508
1 204510
1 204516
1 204520
1 204556
1 204562
1 204582
1 204586
1 204598
1 204600
1 204612
1 204622
1 204640
1 204666
1 204678
1 204706
1 204718
1 204732
1 204748
1 204750
1 204780
1 204790
1 204792
1 204796
1 204802
1 204820
1 204856
1 204858
1 204870
1 204886
1 204912
1 204916
1 204922
1 204930
1 204946
1 204972
1 204978
1 204982
1 205018
1 205030
1 205032
1 205042
1 205062
1 205068
1 205080
1 205096
1 205102
1 205110
1 205128
1 205132
1 205140
1 205150
1 205156
1 205170
1 205186
1 205200
1 205210
1 205212
1 205222
1 205236
1 205252
1 205266
1 205296
1 205306
1 205318
1 205326
1 205338
1 205356
1 205390
1 205396
1 205398
1 205416
1 205420
1 205422
1 205426
1 205432
1 205440
1 205452
1 205462
1 205476
1 205482
1 205486
1 205492
1 205506
1 205518
1 205528
1 205536
1 205548
1 205552
1 205558
1 205588
1 205602
1 205606
1 205618
1 205626
1 205632
1 205650
1 205656
1 205660
1 205662
1 205702
1 205720
1 205758
1 205762
1 205782
1 205816
1 205822
1 205836
1 205846
1 205878
1 205882
1 205912
1 205936
1 205948
1 205950
1 205956
1 205962
1 205966
1 205980
1 205990
1 205992
1 206008
1 206020
1 206026
1 206032
1 206038
1 206046
1 206050
1 206068
1 206076
1 206080
1 206082
1 206122
1 206152
1 206176
1 206178
1 206182
1 206190
1 206196
1 206202
1 206208
1 206220
1 206232
1 206236
1 206248
1 206250
1 206262
1 206272
1 206278
1 206280
1 206290
1 206298
1 206302
1 206340
1 206346
1 206350
1 206368
1 206382
1 206398
1 206406
1 206410
1 206412
1 206418
1 206446
1 206460
1 206466
1 206476
1 206482
1 206488
1 206500
1 206518
1 206526
1 206542
1 206550
1 206592
1 206596
1 206602
1 206622
1 206626
1 206638
1 206640
1 206650
1 206698
1 206748
1 206778
1 206782
1 206802
1 206806
1 206812
1 206818
1 206820
1 206826
1 206878
1 206886
1 206896
1 206908
1 206910
1 206916
1 206922
1 206932
1 206938
1 206950
1 206952
1 206992
1 207012
1 207016
1 207028
1 207036
1 207040
1 207060
1 207072
1 207078
1 207112
1 207120
1 207126
1 207138
1 207168
1 207186
1 207190
1 207196
1 207198
1 207226
1 207238
1 207240
1 207256
1 207268
1 207286
1 207292
1 207300
1 207306
1 207328
1 207330
1 207340
1 207342
1 207366
1 207370
1 207376
1 207400
1 207408
1 207432
1 207442
1 207456
1 207462
1 207468
1 207478
1 207480
1 207490
1 207496
1 207508
1 207510
1 207516
1 207520
1 207522
1 207540
1 207546
1 207550
1 207562
1 207568
1 207588
1 207592
1 207618
1 207628
1 207642
1 207652
1 207660
1 207670
1 207672
1 207678
1 207708
1 207718
1 207720
1 207742
1 207762
1 207768
1 207796
1 207798
1 207810
1 207820
1 207832
1 207846
1 207868
1 207876
1 207922
1 207930
1 207940
1 207946
1 207952
1 207966
1 207970
1 207972
1 207996
1 208000
1 208002
1 208008
1 208036
1 208048
1 208056
1 208066
1 208072
1 208098
1 208110
1 208120
1 208128
1 208138
1 208140
1 208146
1 208188
1 208206
1 208212
1 208216
1 208222
1 208230
1 208252
1 208260
1 208276
1 208278
1 208282
1 208290
1 208308
1 208318
1 208332
1 208336
1 208366
1 208378
1 208386
1 208390
1 208392
1 208408
1 208432
1 208440
1 208456
1 208458
1 208462
1 208468
1 208488
1 208492
1 208498
1 208500
1 208510
1 208512
1 208518
1 208528
1 208552
1 208576
1 208588
1 208590
1 208608
1 208626
1 208630
1 208656
1 208666
1 208672
1 208686
1 208696
1 208698
1 208720
1 208728
1 208738
1 208758
1 208786
1 208798
1 208806
1 208836
1 208842
1 208876
1 208888
1 208890
1 208906
1 208926
1 208930
1 208932
1 208960
1 208962
1 208990
1 208992
1 208996
1 209020
1 209028
1 209038
1 209062
1 209070
1 209088
1 209122
1 209146
1 209158
1 209172
1 209178
1 209188
1 209200
1 209202
1 209212
1 209220
1 209226
1 209232
1 209248
1 209256
1 209262
1 209266
1 209268
1 209298
1 209310
1 209316
1 209326
1 209332
1 209346
1 209352
1 209356
1 209358
1 209370
1 209380
1 209392
1 209400
1 209430
1 209440
1 209448
1 209458
1 209470
1 209476
1 209496
1 209518
1 209532
1 209542
1 209548
1 209562
1 209566
1 209568
1 209578
1 209580
1 209596
1 209620
1 209622
1 209638
1 209646
1 209658
1 209668
1 209686
1 209700
1 209706
1 209716
1 209718
1 209742
1 209766
1 209770
1 209788
1 209800
1 209808
1 209812
1 209818
1 209820
1 209836
1 209850
1 209856
1 209860
1 209886
1 209916
1 209926
1 209928
1 209938
1 209952
1 209958
1 209970
1 209976
1 209982
1 209986
1 210010
1 210018
1 210030
1 210036
1 210052
1 210070
1 210096
1 210100
1 210108
1 210112
1 210126
1 210130
1 210138
1 210142
1 210156
1 210168
1 210172
1 210186
1 210190
1 210192
1 210208
1 210228
1 210232
1 210240
1 210246
1 210256
1 210262
1 210276
1 210282
1 210298
1 210316
1 210318
1 210322
1 210346
1 210358
1 210360
1 210390
1 210400
1 210402
1 210406
1 210420
1 210436
1 210460
1 210466
1 210480
1 210486
1 210490
1 210498
1 210522
1 210526
1 210532
1 210556
1 210598
1 210600
1 210618
1 210630
1 210642
1 210658
1 210670
1 210708
1 210712
1 210718
1 210730
1 210738
1 210760
1 210772
1 210802
1 210808
1 210810
1 210822
1 210826
1 210838
1 210852
1 210856
1 210868
1 210900
1 210906
1 210910
1 210912
1 210922
1 210928
1 210942
1 210960
1 210966
1 211006
1 211038
1 211048
1 211050
1 211060
1 211062
1 211066
1 211072
1 211092
1 211096
1 211128
1 211150
1 211152
1 211176
1 211186
1 211192
1 211198
1 211212
1 211216
1 211218
1 211228
1 211230
1 211240
1 211246
1 211270
1 211282
1 211290
1 211296
1 211312
1 211318
1 211332
1 211338
1 211348
1 211368
1 211372
1 211402
1 211426
1 211432
1 211440
1 211456
1 211468
1 211492
1 211498
1 211500
1 211506
1 211542
1 211558
1 211570
1 211572
1 211582
1 211596
1 211618
1 211638
1 211642
1 211656
1 211660
1 211662
1 211680
1 211690
1 211692
1 211710
1 211722
1 211726
1 211740
1 211746
1 211776
1 211780
1 211788
1 211800
1 211810
1 211816
1 211858
1 211866
1 211872
1 211876
1 211878
1 211888
1 211890
1 211926
1 211930
1 211932
1 211942
1 211948
1 211968
1 211978
1 211996
1 212028
1 212038
1 212056
1 212080
1 212098
1 212116
1 212122
1 212130
1 212140
1 212160
1 212166
1 212182
1 212202
1 212206
1 212208
1 212226
1 212238
1 212242
1 212280
1 212292
1 212296
1 212352
1 212368
1 212382
1 212410
1 212418
1 212422
1 212436
1 212446
1 212452
1 212460
1 212466
1 212478
1 212500
1 212506
1 212556
1 212560
1 212572
1 212578
1 212586
1 212592
1 212626
1 212632
1 212650
1 212668
1 212670
1 212676
1 212682
1 212700
1 212776
1 212790
1 212800
1 212826
1 212836
1 212842
1 212850
1 212866
1 212868
1 212872
1 212880
1 212896
1 212902
1 212908
1 212916
1 212922
1 212968
1 212980
1 212986
1 212998
1 213018
1 213022
1 213028
1 213042
1 213066
1 213078
1 213090
1 213096
1 213118
1 213130
1 213132
1 213138
1 213148
1 213172
1 213180
1 213192
1 213202
1 213208
1 213216
1 213222
1 213228
1 213246
1 213252
1 213262
1 213280
1 213286
1 213288
1 213306
1 213318
1 213328
1 213336
1 213348
1 213358
1 213360
1 213382
1 213390
1 213396
1 213406
1 213448
1 213460
1 213466
1 213480
1 213490
1 213522
1 213532
1 213538
1 213552
1 213556
1 213588
1 213598
1 213610
1 213612
1 213622
1 213636
1 213640
1 213648
1 213658
1 213712
1 213720
1 213726
1 213736
1 213750
1 213790
1 213798
1 213820
1 213826
1 213832
1 213846
1 213858
1 213880
1 213886
1 213900
1 213918
1 213928
1 213942
1 213946
1 213948
1 213952
1 213972
1 213976
1 213988
1 214002
1 214006
1 214008
1 214020
1 214030
1 214032
1 214042
1 214050
1 214062
1 214068
1 214086
1 214090
1 214128
1 214132
1 214140
1 214146
1 214162
1 214176
1 214188
1 214210
1 214212
1 214218
1 214236
1 214242
1 214258
1 214282
1 214296
1 214308
1 214350
1 214362
1 214372
1 214380
1 214390
1 214398
1 214432
1 214438
1 214450
1 214456
1 214462
1 214468
1 214480
1 214482
1 214498
1 214506
1 214516
1 214518
1 214530
1 214540
1 214558
1 214560
1 214588
1 214602
1 214606
1 214630
1 214638
1 214650
1 214656
1 214662
1 214666
1 214672
1 214690
1 214722
1 214728
1 214732
1 214740
1 214758
1 214762
1 214770
1 214782
1 214786
1 214788
1 214806
1 214810
1 214816
1 214830
1 214848
1 214852
1 214866
1 214882
1 214890
1 214912
1 214938
1 214942
1 214966
1 214986
1 214992
1 215050
1 215062
1 215076
1 215086
1 215122
1 215140
1 215142
1 215152
1 215160
1 215178
1 215182
1 215190
1 215196
1 215238
1 215248
1 215260
1 215272
1 215278
1 215296
1 215308
1 215316
1 215328
1 215350
1 215352
1 215358
1 215380
1 215388
1 215392
1 215398
1 215416
1 215442
1 215446
1 215458
1 215460
1 215470
1 215482
1 215496
1 215502
1 215506
1 215520
1 215530
1 215562
1 215572
1 215586
1 215616
1 215652
1 215658
1 215680
1 215686
1 215688
1 215692
1 215722
1 215736
1 215752
1 215766
1 215770
1 215796
1 215800
1 215826
1 215832
1 215842
1 215850
1 215856
1 215862
1 215892
1 215898
1 215908
1 215920
1 215926
1 215938
1 215952
1 215958
1 215980
1 215982
1 216022
1 216036
1 216060
1 216070
1 216090
1 216102
1 216106
1 216112
1 216118
1 216126
1 216132
1 216148
1 216156
1 216172
1 216178
1 216210
1 216216
1 216232
1 216258
1 216262
1 216288
1 216316
1 216318
1 216328
1 216346
1 216370
1 216372
1 216378
1 216396
1 216400
1 216420
1 216430
1 216450
1 216480
1 216492
1 216508
1 216522
1 216550
1 216552
1 216568
1 216570
1 216576
1 216606
1 216616
1 216640
1 216646
1 216648
1 216652
1 216660
1 216678
1 216702
1 216718
1 216730
1 216742
1 216750
1 216756
1 216760
1 216778
1 216780
1 216786
1 216790
1 216802
1 216828
1 216840
1 216850
1 216858
1 216876
1 216898
1 216900
1 216910
1 216916
1 216918
1 216946
1 216966
1 216972
1 216990
1 217000
1 217002
1 217026
1 217032
1 217056
1 217068
1 217080
1 217110
1 217116
1 217120
1 217156
1 217162
1 217168
1 217198
1 217200
1 217206
1 217218
1 217222
1 217228
1 217240
1 217252
1 217270
1 217306
1 217308
1 217312
1 217318
1 217332
1 217336
1 217338
1 217350
1 217360
1 217362
1 217366
1 217368
1 217386
1 217396
1 217408
1 217410
1 217420
1 217428
1 217438
1 217456
1 217462
1 217488
1 217498
1 217516
1 217518
1 217558
1 217560
1 217572
1 217576
1 217578
1 217618
1 217642
1 217660
1 217666
1 217680
1 217686
1 217690
1 217696
1 217716
1 217726
1 217732
1 217738
1 217746
1 217770
1 217780
1 217792
1 217822
1 217828
1 217848
1 217858
1 217900
1 217906
1 217908
1 217932
1 217936
1 217968
1 217978
1 217980
1 218002
1 218020
1 218046
1 218068
1 218076
1 218080
1 218082
1 218086
1 218106
1 218110
1 218116
1 218130
1 218136
1 218142
1 218148
1 218170
1 218190
1 218212
1 218226
1 218232
1 218248
1 218278
1 218286
1 218356
1 218362
1 218370
1 218380
1 218388
1 218400
1 218416
1 218418
1 218422
1 218436
1 218446
1 218452
1 218458
1 218460
1 218478
1 218508
1 218512
1 218520
1 218526
1 218530
1 218548
1 218550
1 218578
1 218590
1 218598
1 218610
1 218622
1 218626
1 218628
1 218640
1 218650
1 218656
1 218676
1 218680
1 218710
1 218716
1 218718
1 218722
1 218736
1 218748
1 218760
1 218782
1 218796
1 218808
1 218818
1 218832
1 218838
1 218842
1 218848
1 218856
1 218872
1 218886
1 218922
1 218940
1 218946
1 218962
1 218968
1 218970
1 218986
1 218988
1 218992
1 219000
1 219016
1 219018
1 219030
1 219040
1 219052
1 219058
1 219070
1 219082
1 219090
1 219096
1 219102
1 219118
1 219132
1 219142
1 219168
1 219186
1 219216
1 219222
1 219250
1 219276
1 219280
1 219292
1 219300
1 219310
1 219312
1 219352
1 219360
1 219370
1 219376
1 219388
1 219406
1 219408
1 219432
1 219436
1 219450
1 219462
1 219466
1 219490
1 219502
1 219516
1 219522
1 219528
1 219532
1 219546
1 219576
1 219586
1 219598
1 219606
1 219612
1 219618
1 219628
1 219646
1 219648
1 219676
1 219678
1 219682
1 219688
1 219706
1 219720
1 219726
1 219730
1 219748
1 219756
1 219760
