7010
6167 861407
7704 944384
58151 979548
185615 842765
149084 865282
154408 815792
154929 898032
86134 851110
179384 964764
137188 976325
149571 995900
134729 955870
85524 891538
42947 951532
174331 839903
144546 807499
105434 819903
41327 892779
140952 946369
6440 916756
106661 809579
111049 985055
88994 994695
136878 824549
76812 916880
64342 842763
38904 956383
161175 864158
117946 882051
176458 847823
19960 939676
175035 932123
188458 883184
60603 939844
55701 943890
96452 874591
122839 882169
23777 939909
113576 895595
171850 950091
26552 915106
91712 842076
138865 872695
26814 946848
167504 986641
54868 897615
158333 899345
170005 854072
59614 894207
26087 926825
34355 892225
257 973900
123117 832242
157814 872236
127893 853633
29682 826638
74804 881035
62478 841829
100135 909465
25173 994128
152426 926893
118524 891514
111395 893759
7447 898663
64526 926364
136419 874950
153049 859546
90243 970489
144352 946171
189628 836752
163147 824350
187594 985826
79953 879984
144040 836883
178277 988214
171169 843904
2389 805774
70383 814396
182837 821826
97538 827527
127567 906657
138556 909171
176675 942557
130612 869165
188910 933800
30769 827380
65289 878636
128051 968118
95693 839941
163011 820190
114171 974764
138460 969539
168324 877510
140791 891563
117604 813960
4432 832354
27896 876182
121136 808660
185269 954773
154454 805835
130313 847995
74407 919257
145520 859602
1403 871555
106678 837947
86889 930283
109814 934559
125460 860462
20139 851983
25607 994396
149886 955934
171575 883306
139553 861637
147817 937251
19988 906621
155504 961895
64364 899901
5729 958493
43122 985704
193484 990221
129772 917218
142025 821874
42784 974666
59100 931281
25530 905453
135975 854361
120861 845600
56791 836390
35394 929092
17539 842378
67503 954471
133518 800946
21384 893425
84435 864804
176101 974469
81010 965460
176689 867746
113080 924331
48615 953683
17557 859757
84377 844818
180223 826666
34420 811474
73286 979348
119296 940821
193756 893891
176070 872624
99400 889731
73107 891953
35678 847024
83504 992511
190015 900345
163963 835378
12403 849009
151487 991096
64561 851173
14473 995292
103196 967508
99475 924164
192222 809876
170414 808330
38410 838829
141993 845245
168771 920732
37187 911217
115861 959664
96800 938784
47549 806781
170209 960583
21659 915777
116794 969216
101658 943192
165565 884859
76985 976316
175651 884972
147038 860829
173488 836599
132056 995333
183497 912130
136302 997985
178895 807279
143268 934256
124808 800630
82379 934467
58727 976184
100163 994643
188518 873714
9343 944387
138645 976130
158802 885880
45290 819488
188726 872487
123710 879963
176634 871156
120317 856375
124513 886519
11884 839464
194435 886497
15959 901476
178521 970076
191265 931744
159112 897331
79390 944700
59165 808889
50326 868585
18107 922235
131719 839288
137330 829213
15789 969207
125800 845684
84277 877474
24309 896842
44956 937115
144514 883271
95876 812881
104808 905804
117556 963613
74688 965084
156222 843403
34682 805865
21703 812924
102345 884336
190347 992135
67339 810186
88679 864401
58127 922727
158181 954996
65145 959896
48633 971891
80074 990141
199156 929191
128459 901952
96315 996321
94789 830063
121678 910075
124244 855329
102488 817107
87075 814185
94767 898829
108564 930071
66590 949303
47406 910841
70218 829326
121289 903302
158482 906046
42402 804344
121785 969811
1738 812142
184074 877617
182130 920424
89507 987023
111610 996463
80573 919232
16241 849536
89988 824852
2393 993005
92178 988155
65741 828093
140495 952811
125065 835870
134792 934279
141631 961425
28130 878120
35297 972052
175918 885658
48008 846649
105604 850871
178397 983586
132306 891898
95903 860853
26537 988904
191838 920498
32617 899935
93257 815148
126732 905821
64641 968334
86497 835580
29547 875822
37743 823556
164401 804611
65109 844655
175305 860622
110649 955843
81195 991801
112248 811946
140274 937172
146122 841871
148324 834646
87633 888372
115492 978748
159201 858823
75442 852584
146919 889234
125888 969962
61524 833098
86568 803420
176833 961710
5151 987595
53339 912451
22022 959173
86610 823703
64613 913253
45704 821080
181790 959786
184497 916743
9204 954854
135891 836715
148835 830391
148861 831300
98769 847341
159026 955112
17133 844773
31053 888586
100297 971619
64689 983963
101137 810592
156852 873972
163596 968071
3926 809188
176496 937674
118902 888024
106765 915468
19741 843372
70876 882319
48908 827303
84994 966801
154748 981743
96609 963719
29386 878624
171871 834765
99995 840325
173589 897401
179123 876669
165851 980919
154212 933836
105651 899436
28754 957871
31665 963250
32507 982402
72070 967042
99498 970939
186016 803070
134442 947531
37597 872429
98630 919592
39522 855395
63437 889826
139204 853655
124714 842498
189023 848298
8606 966104
94145 810158
39411 870721
65810 828560
123925 876002
58636 839477
110985 874357
175201 800820
172776 976227
36950 842291
90467 873321
197817 920375
60679 988977
40264 935311
143237 974206
35571 848471
30701 974353
21656 981634
102380 909166
39823 935946
62152 981265
134946 830710
5336 928006
74239 914715
72367 957293
63731 812044
71533 919339
96300 886720
165602 823172
13496 973805
62788 854259
26139 925244
49071 884433
102839 868171
49785 966065
145444 844234
116926 865238
190120 976269
163040 830879
36162 806206
197718 848213
71761 854875
120406 901708
29139 903222
167401 865771
10381 972923
12611 877377
76587 950104
167046 899532
7371 947011
42435 947742
86461 981234
66738 862425
158730 843400
176499 983234
179356 973331
144777 841073
149902 924741
70220 827492
13047 942868
66624 983875
24513 975113
171103 956347
184128 995007
186734 895272
126742 857533
146585 900984
1583 865860
120957 811375
26597 836851
52467 962170
67023 874614
34749 866276
155440 829387
136158 900194
105355 900292
155636 833017
104406 824146
121039 955133
161553 931564
101893 826672
193930 934601
75843 975544
184465 868203
41372 907061
114524 968742
76579 947626
10950 975194
33648 926594
153842 955379
1384 803184
59079 986347
28215 851028
83723 889428
56983 884043
42774 807073
57433 958015
153659 862743
173333 868597
36947 920965
101056 984286
25599 950707
39124 807387
60905 904834
45876 982213
122456 958948
101182 827547
118915 860400
77059 939122
10709 961417
91812 819792
26784 814209
170381 883713
29035 972997
106164 938303
69618 954693
144864 943760
166927 930321
65968 993915
55073 980480
87420 908265
139951 843517
25317 937187
30848 972957
149116 933042
192258 931655
140421 934197
147793 989868
49345 966996
198220 946315
63990 805820
114485 855030
169201 824250
48195 811575
150369 974149
26857 965710
26313 970063
157110 877069
85772 804661
56104 868288
6980 924055
166620 885591
65622 968831
174863 982785
14486 920816
190653 926194
196990 856973
21803 878828
98989 964243
143475 823932
61394 840521
24441 955761
141737 935605
36033 921466
92311 896674
57570 872799
87601 831882
157622 830007
48475 991600
62037 851876
137779 920113
51226 968748
154949 828837
76847 988217
123966 857375
28819 985679
116096 874687
87761 801090
98030 945635
180768 883604
166919 892908
163039 930372
20574 812979
133576 908255
132261 838238
91876 913200
149584 807462
9515 819643
51844 906727
30038 908652
19055 989153
122031 907043
103313 897255
125169 831320
21307 865876
39984 839983
139326 967195
138628 902178
142747 999360
167979 914105
31338 991722
101722 840558
101409 873496
37213 996966
133800 888422
10118 991443
133929 867580
12036 873754
46763 856804
113170 870250
139505 813612
77663 994865
41482 894807
122402 916808
136616 909587
145610 855131
85320 998006
104105 893250
90783 903056
153859 848282
114456 869733
133974 893133
156806 961043
163401 973706
8617 994764
169979 909518
148606 950387
162607 918083
183286 816782
170376 858113
189430 878040
63965 963846
85903 941626
6300 947879
135780 990259
144145 899838
86905 973597
127146 873426
114428 844504
92214 950960
25896 812645
39000 944292
26280 805603
82232 850624
106487 997787
130347 825835
53616 852374
97588 964733
92261 960973
4136 807513
26 878707
197715 847979
118317 876843
126426 840748
11250 928209
15848 851440
150734 818251
41686 958719
155211 863031
181836 901489
47684 850294
68561 967565
103190 903377
16812 811888
95860 927634
31687 991679
138833 991290
189426 905101
81518 902867
113819 831965
90509 945144
110489 963033
107053 899707
168104 808183
199965 840249
148805 801910
85493 864663
119520 870807
63549 829377
280 870584
22775 939370
198183 889071
82523 973477
158953 959562
7183 816669
86580 915068
47295 989498
113507 953469
73488 965674
173006 837156
183128 926898
58838 990511
76278 843200
12703 990797
165740 998071
57888 859519
34602 887838
100867 812865
16442 983456
157788 898839
17736 993361
129817 973203
14446 942151
11126 954470
187160 823788
56528 820954
29267 852362
68819 881453
8691 922380
142975 942163
48391 807847
131516 969214
94286 923240
75568 997894
170481 985035
95440 904774
57650 954831
64087 936339
167085 905148
14180 857287
197071 968936
40191 980090
54334 843412
17881 859476
199229 909570
45918 942514
62350 903937
141361 895185
62721 902541
159692 959954
110116 887510
170031 962271
159316 971574
21193 967054
188048 807197
42059 952895
153343 937024
87193 949679
102729 837047
149707 806005
126307 840833
56362 881132
156481 904082
145634 952332
49753 873062
89069 879614
115676 985196
8007 878581
160374 831799
121594 961918
15660 905103
95634 824305
98243 840643
78956 808414
94037 901912
63397 819556
36793 951718
50422 885135
148333 966045
44931 878049
180178 835030
120910 895797
172000 820090
124191 893540
199748 971271
597 870527
159724 871641
80989 968192
68860 966146
2548 853769
79093 942645
152767 805590
12167 960126
149462 976501
196633 941817
90764 860515
173470 821673
181408 875754
106484 982565
194792 855809
88615 997297
195255 936429
128364 923394
105533 999862
120828 837479
75987 838044
37481 824393
6654 986844
19230 937539
29467 996833
142329 896319
199898 938072
74095 839242
74474 879170
130800 822086
47901 963647
195962 984716
878 963053
21516 820082
65584 827167
17769 857243
138911 891499
53501 980932
62236 860015
89697 899393
128264 873318
124286 837424
124276 999018
78396 841108
95567 802041
105013 813062
129925 932565
129465 967781
150921 963114
117205 901878
88480 941287
88386 819023
130135 817049
13306 850893
185152 998839
83400 890433
92069 979307
82982 957033
77262 904673
91233 968153
182366 920838
104793 892604
108959 951929
48180 836084
11288 975820
65434 864017
160277 812104
173032 888610
195831 890878
81263 903025
92615 884796
195588 857406
78714 994216
64215 935671
10736 810352
98587 957618
147296 832739
33338 872597
171376 842270
63116 916921
45239 892585
114191 861975
185477 922812
54209 926317
154416 929511
40188 848276
20258 910296
166327 989784
41280 836967
102033 934660
124759 975470
165284 985531
71103 856324
196088 948659
41702 896194
23395 805648
28111 973675
76584 810205
116334 825553
148871 907666
52393 960314
74385 957719
65134 949856
47299 958593
33898 865940
131998 817725
184478 867965
134170 922542
196346 876447
136537 985226
9944 947862
56559 905620
150395 964924
167566 819349
184155 860104
105589 988561
144814 984695
179871 830370
36174 826911
98204 991449
92916 955741
24724 820093
103521 984247
123041 959804
126937 997824
189859 862781
117462 838383
11900 863023
50763 831627
244 871929
78024 860583
178348 967799
55047 965133
87813 813565
157331 922040
174656 827993
162966 910762
176142 908472
133568 982423
58539 942409
171968 988168
9717 951069
127096 837274
56 988857
185940 884254
196306 988079
32482 957109
19318 962411
30912 954745
27695 948831
54167 877259
159557 967478
146629 976541
140064 976739
51216 880696
171794 813102
75584 949524
58283 903875
193507 990796
170353 984652
131897 878488
155256 980939
16647 847283
168785 975465
186178 915905
147154 887992
57104 962909
198186 886468
25335 804174
105222 902809
168676 939405
72385 955602
83612 969273
1954 822204
120202 984449
170430 901303
144958 924892
28751 831314
178125 975876
92389 960708
85596 903531
122304 962662
81937 889689
143643 862903
88567 858472
159329 809912
55844 989197
71304 830589
196696 803618
186269 938223
8205 817352
39480 854109
14127 998312
199994 936493
72904 849917
83612 854747
162234 959023
50815 886518
135586 834944
191344 983964
170622 840617
168016 973469
171200 976293
132132 900927
47428 992458
61456 824179
63925 859607
78141 948369
119996 934647
186877 832402
155586 864769
61592 914990
27881 860257
5506 872823
43752 840900
147422 984445
41350 809396
148495 890502
144973 879345
149095 926410
196321 991281
155991 883476
22288 933445
135707 861545
30638 827826
196368 936613
105061 853005
139983 931006
152336 821949
57542 818692
13682 909139
110992 807614
134845 928577
72931 851311
102042 923064
131639 860239
139302 854938
80267 877931
176168 876074
139981 837848
130376 978997
192760 927046
75864 825633
164056 919859
57419 965342
6009 838080
97744 930686
31486 933081
925 823959
55671 824958
162935 862833
24860 826167
97279 884126
142558 842882
10224 800517
43091 967148
104082 816861
59688 852135
187151 911872
161060 848118
116298 966392
109041 947200
69454 903917
170721 850011
104022 800113
61943 854943
99200 962310
134568 876717
75648 972115
113426 989065
7665 856747
179442 969231
95513 910101
18276 819817
123326 912669
22969 895243
100326 835342
135889 903291
184581 854719
179095 858858
180314 961557
26063 936753
191066 827681
192325 878411
195486 860828
141215 944832
93281 946901
161593 909380
93507 851827
161860 852377
43778 895678
70601 866118
119805 834560
70722 921615
56939 981687
117890 871376
4467 845540
70227 918877
212 933072
31042 961055
65752 831792
193279 961630
139682 999490
57016 912956
98590 801130
55033 970155
102642 899926
62427 914151
39353 828815
43391 977412
92262 942315
167173 979872
82296 958748
78616 884945
73666 891989
58747 881884
113758 890854
181000 941560
65492 994579
178203 937562
65533 859850
168029 891947
149206 869388
112332 958559
55874 990838
141227 820955
970 850478
145425 895518
118534 935407
139893 954865
16308 971844
18153 994327
105564 966076
124701 831690
103453 998472
152763 944454
145193 872120
58807 872500
48043 884810
32454 888239
177218 871102
30553 847409
58525 860428
159313 828690
129359 862346
21638 981685
168335 952222
84086 885814
115015 979672
129858 944623
55091 915434
156582 898978
169209 923045
80436 806672
134904 806513
19711 925851
80423 826865
142298 892336
19013 988158
150684 811976
155937 908855
162816 998602
68458 847730
139260 960379
111402 866908
149864 880742
93281 977409
183739 945747
161537 921110
107806 987806
729 850973
133242 981257
50004 887133
159452 942895
24401 830485
166173 957044
87851 836597
17205 832490
109941 977683
161835 878204
51905 978473
140030 808575
9579 994190
180255 955965
37417 932882
144155 875682
98238 803310
113264 939905
46233 852623
79478 967095
108837 839075
87261 983983
126229 936163
7403 884785
91128 819666
98089 871769
92648 969141
13948 906611
133529 848780
176839 974482
113973 922213
84173 848929
178203 915474
31883 959636
10563 800959
55264 845139
84458 976977
144146 835259
170456 899864
187326 916692
92416 967727
52552 862204
80512 887667
146726 898990
3256 922294
32780 969971
142978 845755
171164 906824
153677 954439
102949 845888
93092 837039
174274 806047
45043 853171
155179 842390
141927 854896
175800 860987
165452 852101
78267 948166
121888 967281
12124 931271
51967 953447
145621 816444
154819 891912
113050 959691
151963 886140
118569 938931
108343 920121
33197 905282
153028 981735
97024 832678
9958 966915
30275 854677
133896 888644
39662 923937
153788 881031
192087 874581
177522 941642
87851 915843
38572 904567
6637 904649
179185 847771
185860 930704
109849 884506
82464 931275
88629 965081
101565 858347
82481 936492
196546 985945
55996 989177
136450 877121
42005 917308
23238 962808
76461 870908
163776 812669
50726 973171
3180 878898
12912 988972
160060 984456
135995 917370
25127 995534
194415 866376
175367 920549
199009 976006
24961 814322
108513 966424
20158 983873
44149 803328
40990 872391
196777 981598
25790 835320
90219 952785
95884 932507
2499 932866
2088 835201
19686 884084
125422 932660
160764 992486
23245 801226
7441 936822
21484 808761
66862 818271
50066 858212
139182 829774
125565 843698
184613 877233
104732 851510
30677 949956
96171 949060
132050 928623
146948 956938
169505 933548
73298 930605
163283 826370
185631 978418
127125 933006
176428 903421
167703 911848
67566 872021
57879 836643
35541 874770
105125 887747
136626 986691
30803 900320
30779 846761
127785 886832
141992 983309
171888 968690
122290 818628
55749 947588
40510 829329
59357 850100
69224 824419
12716 928543
135670 838351
112737 817637
191245 894685
177722 957058
142213 868229
184322 985734
30931 833762
67108 896874
55857 812923
45288 976944
85782 835787
17299 805067
1644 833018
93722 812480
106984 956933
152298 960989
32243 961270
127762 837055
67885 913616
67362 880821
90884 884988
153173 837552
183300 935656
56376 845102
99130 962857
145840 924280
104610 866854
124850 834835
63651 997335
74515 927429
75173 906459
124628 977088
150260 813867
62052 917835
122222 991119
103455 976187
73011 967928
100812 922870
102572 811995
112824 847886
160515 845777
189096 813131
104891 890110
127333 976694
196930 846581
41552 802882
154738 830638
30066 883735
134249 841593
116450 940379
199431 890687
37592 845006
61854 868818
43147 990445
138753 813240
85840 959609
67296 872424
1124 881620
134492 952372
118801 961875
29698 906973
149197 926271
54375 958071
50328 866895
184091 858742
23449 845979
176804 937859
119582 909125
164386 967997
116798 925276
193166 839396
186697 914804
51378 878158
40544 910059
69265 900787
124884 870989
35250 871423
36799 890990
141764 972633
165575 881167
127577 966953
166891 999899
56085 990108
187147 862184
136630 822550
133674 896425
142316 818173
114346 971406
73148 857038
143625 872267
97011 993756
162568 836025
188538 872693
188988 904931
45637 979483
140886 874671
90755 981124
9206 931095
34066 946084
143733 986886
196162 929367
141030 853420
167789 923607
146559 991498
194974 941091
158918 856452
100548 835991
170720 806743
129994 972257
122046 850915
10107 904023
106357 817772
5385 853293
58237 938770
152692 861234
10496 993928
2270 972356
124206 888473
49295 987741
159224 863060
133844 898962
106328 950154
141042 915540
56720 817486
117566 806768
193605 958187
80669 974023
174000 994463
184011 816948
146045 946025
182186 945758
180478 958861
158899 819791
56759 896746
108485 815947
190045 980402
188327 857559
120669 857130
124380 907693
32773 833568
14755 972747
53311 986456
94939 897258
170480 923441
138098 858076
6804 865348
37793 921398
138537 884995
128867 851695
7327 969905
148267 996171
45011 972185
42610 825675
75047 802008
8263 860708
119426 841567
103308 860742
172430 802171
175014 872123
87439 910621
110521 824797
12912 971774
109971 860501
67616 885066
116020 994274
56468 825207
133762 985533
1757 972625
178697 837434
54813 887404
182205 857825
142179 811156
3325 909785
70477 931680
111572 953212
175444 928620
116008 840924
121912 872784
110130 843463
62439 920710
99814 993675
86153 807592
104509 988872
32939 966629
53572 869040
139535 962669
104012 802862
118148 876086
132954 940265
121717 986170
197079 862186
135904 953621
180840 984825
99529 915866
155729 901703
49314 996683
54555 949705
63075 865400
52296 879546
79594 979934
182508 919956
34366 914605
173032 835120
183170 874424
89196 926858
199296 826755
178647 878230
145717 841174
106144 971940
86442 911742
55112 984983
160002 999206
72601 955582
182937 890905
33295 885372
60676 926778
146556 834148
125608 867073
60267 891048
117491 962667
186666 995340
84080 941387
28774 863590
66961 960139
51596 842974
181810 919007
58504 895821
70374 952264
164759 864845
82663 800485
119295 914508
114223 803835
80620 810668
185147 870726
185103 857511
70313 910492
19028 930559
75616 838731
54506 845380
122567 913980
105160 829639
29712 935270
44516 811137
118826 995654
67022 875910
90793 814095
179767 851927
105923 931631
5220 918817
119551 988689
32271 916523
45220 913375
118099 989306
15504 946756
25374 940750
171512 848352
23112 824370
82573 876467
46604 891047
25062 888578
113460 927794
37883 855560
50067 894829
86978 977064
112825 827399
33606 955133
194191 842560
87910 920411
190245 951137
179457 856850
51458 823801
70226 890916
70117 933902
121139 890120
36848 833663
150211 914573
146867 870273
129074 959897
32767 801662
116546 927538
120090 866393
40714 961435
51831 814760
192369 833901
130648 840059
152374 870006
112022 874781
47555 897824
32550 823157
37869 957195
42004 953475
34380 940076
81050 912784
1653 921412
169656 901414
132262 989330
192683 864315
122294 898633
131608 972954
197296 807664
182808 913922
33335 889287
111179 846093
70030 955331
91307 904538
120307 854109
44085 886515
125293 912588
82297 956950
173896 861592
150673 888337
66846 896698
167856 900117
105114 931903
4457 860229
189939 851874
18271 828295
180472 857681
17692 861306
92760 973086
23101 809094
197213 826071
99814 906869
162827 805922
61285 880209
179824 989176
123738 913718
41239 817035
197450 978005
107327 888640
179694 830356
35935 951284
67039 937904
36566 933155
52277 982667
42743 957188
165891 937683
83200 913802
18204 959384
111604 802500
60237 906305
37975 973090
85423 928780
58191 903067
18848 828298
98968 929438
161823 928724
112499 995245
137527 920411
102616 872214
160595 807770
61725 924141
15589 822675
6759 801420
199077 849410
71470 923002
3861 879236
195443 869129
137253 965337
168376 962288
93954 868217
188157 929684
96993 952109
45063 987399
39767 980993
111702 954724
13461 989538
146369 802324
43623 998141
65602 950113
84411 963494
23780 886407
51045 981776
144131 946964
12363 829132
177814 825895
39920 894686
138394 804793
122607 850447
81079 822601
158907 843656
151756 846441
9539 936982
91952 875427
23173 959321
142389 993931
37933 865550
111311 900612
122934 933289
141064 828201
45577 879642
17843 862059
168819 975692
144299 864003
145113 854174
25980 925945
51448 990887
8727 862906
93041 817899
55271 892020
135200 911326
7597 880054
154783 978252
62686 947265
51614 954289
91613 830694
167 959896
184049 909878
154702 932075
105941 933685
142215 905048
60116 978985
179205 896962
90678 803156
133031 886527
124707 907233
36047 937983
133653 983744
78458 973195
113748 934426
91764 919593
29602 951617
153954 847082
187571 892454
82705 939694
114939 830182
173030 904612
176054 950075
5510 913663
113457 960740
70090 926084
97087 887970
193979 870465
164601 844351
84396 846997
156124 820029
145537 858806
186871 867002
160376 800302
134397 926274
196848 953151
111162 807956
132493 917776
144043 886384
88780 971801
75196 876540
116249 968570
54360 930538
181570 929131
176501 974437
85928 845496
176251 938000
147442 944324
167076 974387
110924 829833
15396 877924
49104 930304
66460 858301
2652 955111
99816 870999
168977 933959
141744 930787
132620 835528
69784 942568
116818 959051
16666 977026
188459 847723
52159 914421
83072 876740
8990 982500
51967 998210
163290 966424
166688 842574
106971 852663
135080 949532
147358 966872
134455 819851
158163 897113
68068 861513
105341 888338
99466 831248
67287 894974
62318 901867
120087 913871
130030 804878
146136 988565
45163 866110
175617 900712
21540 834666
138046 808907
42355 950576
28636 956271
125209 899010
193403 878612
53071 857215
160926 906717
74210 978565
62708 928286
85946 844297
48127 820829
161177 846259
180786 921197
66882 846440
161765 996717
144212 801571
29221 811829
182151 938176
114367 847269
26624 929531
85696 933920
103495 999971
131920 988280
147195 940277
2057 912899
92838 900340
119587 806062
93551 986951
173065 901836
191814 827917
105936 880565
16941 908629
15749 917426
144115 949788
196681 888263
64931 876096
84420 845397
13120 894489
191817 945396
122947 939766
135879 853158
125034 975566
45528 906123
166478 830375
25011 839044
53431 967505
134320 944514
26646 823463
37528 821444
85884 826772
149432 960126
132146 969392
27209 929483
74508 962271
5563 945831
71280 926350
113333 987402
59395 972918
122421 964023
91197 974867
57114 893125
63119 993230
157620 875275
58831 887057
195948 994168
40 870250
108351 888620
51401 991674
190678 856339
78041 958799
70021 907390
183322 934608
128595 873588
1064 999703
11894 866471
56400 908681
114613 893238
50520 862829
85456 907715
140748 961240
94445 852984
194353 925282
50622 810824
124512 817362
15824 835751
19782 860947
170304 844829
105583 953459
190793 969580
180401 963338
173356 929263
153228 993944
104601 959996
187221 903551
181869 894062
64302 843849
14633 817948
198406 960056
65078 988887
174812 814216
148661 945563
59943 844014
86774 907271
139093 865771
13740 937729
102746 829962
48129 848887
37404 908056
162313 835871
56527 828383
39541 852577
30112 860447
112918 933922
106668 809646
18738 943356
84116 834702
130455 995815
121024 809722
187777 965071
103495 807471
56927 935400
41628 929298
46391 909885
13436 869842
131309 944798
116260 957994
69314 886777
116814 906016
121051 835676
128122 835755
74166 860685
22424 979615
140753 852904
167070 891943
183176 986737
16885 953881
144398 810603
135421 823851
155865 846732
63580 985655
197325 835974
33426 810407
30876 929539
141628 933847
115700 916395
190903 976042
191746 900608
27916 833822
103920 892697
40444 800363
18384 890516
28608 891648
198182 865005
34519 855563
89460 874086
95313 855718
127021 826185
179080 959859
34861 961371
63491 937093
81586 980429
134330 841201
137047 849430
40893 972556
6470 802506
98362 872108
90027 947724
140258 886817
19353 851584
4166 977759
115502 853962
148022 910683
119234 988279
106327 946848
80659 950950
132490 931851
8776 942844
179468 950134
17215 990389
89470 943234
125969 877240
133153 888633
80355 870042
4813 964295
107041 972126
197852 802868
43865 869892
142551 908715
84323 812222
97089 916623
49341 953200
20861 932151
185390 917643
39071 997832
47920 885770
153747 987846
188764 859768
108996 955061
92295 891511
89837 897556
15221 826886
50955 815923
45409 912086
34720 969789
70824 803552
104272 978352
193359 819046
132656 900589
184828 890913
163906 909600
59678 864547
42205 986902
112487 899439
64323 932581
91128 814931
68672 972873
106490 850058
166966 932054
60372 927163
38642 879029
132530 870094
179263 884122
73953 886729
159680 990528
122078 832924
70689 895477
161355 996286
111510 866551
143519 884918
177114 978941
140580 930314
112348 936962
131322 969860
21097 840690
69884 883220
27035 806990
58179 957404
28603 988671
23476 977159
182452 891056
50241 855827
9856 917453
56869 853417
6712 891001
159591 925904
132897 920091
142133 983992
100608 826052
192379 940839
156973 912289
126916 941959
187277 819099
74593 836733
187410 945372
33067 875951
126508 841926
197636 837215
151192 884368
91751 864520
4343 868053
63651 974880
8757 867162
86150 922860
31348 831088
110204 997564
136469 880532
173028 915435
91992 956554
3915 948499
125194 817784
145178 884906
95568 834639
831 958413
18964 826575
189821 940509
52817 806735
46663 925167
17053 880050
137508 884600
24281 889513
177558 958808
109713 950128
81396 834544
141918 923247
189798 971537
120174 948968
121082 841640
35037 956761
4947 865841
122556 962914
140176 923755
102368 907795
164944 867184
51901 865845
73437 912221
87265 820234
134851 973342
135645 935927
139677 917385
19681 842285
30917 938237
152122 858558
199766 849937
5534 966541
59683 925288
109836 894110
179735 803427
47979 849015
29857 856189
189098 804348
88751 946728
83182 960390
164745 841298
27594 873006
174514 888735
109588 907601
114328 924925
49495 822723
179066 897370
158927 835601
179927 886459
30089 993580
134230 869758
86014 952133
107250 936911
102122 873931
156877 806574
186892 952604
18015 983983
14034 815869
23963 913506
63964 966734
88535 818153
111664 971593
64938 838349
129204 899070
32447 849389
54350 983816
7745 833326
151989 905390
55187 893992
123807 847480
173196 974312
144237 944397
46990 840476
78627 849672
144268 957118
120415 848617
124130 981315
160317 831311
41618 847460
88502 867038
115496 964390
185667 904033
132181 986141
45505 963779
143217 865558
138097 938234
7502 830704
96983 820868
135612 931985
33313 959051
97054 995958
48231 855397
143086 996454
118726 975573
58563 907555
147040 826608
102240 901919
171412 872088
121452 979940
85241 822545
172138 812695
113522 941026
142177 828843
147773 836393
50043 836384
175086 881572
98428 893538
38255 983887
148926 971726
11780 893810
83108 831627
63722 869951
194201 818768
24566 853194
101261 877869
171065 958902
142065 984181
47932 827987
189980 961434
94735 806558
37326 801594
15556 966845
86750 870165
119575 902489
80422 902122
135618 818982
51441 989553
5900 880282
181647 915093
189400 917587
182089 963227
11394 864347
183727 998172
30154 897533
173128 975751
187414 944877
76822 816770
48682 957590
134761 886915
149768 975929
174531 801573
35396 891895
57967 843751
1911 844777
159296 910599
161962 944853
6137 855961
116222 884421
36641 805808
174004 889892
18479 943295
67004 929881
92442 809945
179572 944433
164019 819577
168189 846090
46791 826212
80650 840051
101641 942104
115810 906555
196818 924768
3421 976424
43990 832306
4003 966369
78972 895702
42011 810909
84383 896436
129951 987479
103377 804379
4855 830156
14366 963246
195346 874577
13928 859389
26537 999483
100331 883055
83097 811249
86296 805110
26695 842169
157847 986216
184868 988166
146599 808130
141321 881179
177499 869223
87451 931805
130342 978667
186738 919411
170393 867991
170763 902130
134714 957400
79396 963641
96893 934819
33960 991631
502 883646
192318 911456
48357 885383
36866 889088
140623 992804
181300 912120
53176 829636
188946 907232
69026 875703
135581 991775
31677 819280
131849 957196
192903 963093
153815 922278
11731 908004
177336 930099
198153 957316
170241 909592
154054 829441
20228 849894
10822 972949
18859 979815
101340 871935
39566 969114
140343 912076
112860 877461
153108 829101
117958 804943
37237 879622
163398 819264
121234 801630
170512 889941
152284 951935
144601 902848
45988 915082
116537 882739
28462 994096
59799 859322
104173 896490
64922 888595
150120 836503
199036 818967
94228 900743
39601 886774
171239 824330
42570 909148
19637 813160
155456 819808
67783 825650
28344 957811
122826 823848
39360 868043
109326 918354
164863 912667
161302 845404
190010 946494
38965 850968
146215 909476
106797 887114
66399 996549
57013 962878
61434 979609
82964 933799
192456 867804
151382 885691
38976 815633
11784 971502
93578 930705
118343 889440
92715 920680
138376 989048
64507 841511
172506 831923
64327 919998
90221 932588
195561 886859
88151 995669
181278 983765
142016 968608
97281 812107
21001 847547
199313 870446
11631 901496
12557 995813
74795 822657
174403 814170
111821 840864
46308 949415
25156 830052
52148 985598
142594 815029
106544 898219
13326 821406
18842 938489
19516 870181
63218 884130
160445 885398
53889 893628
6482 906983
151380 971947
96448 915399
22291 943241
80351 838946
128357 847103
125806 837906
66600 970038
187023 809982
9923 929767
43093 917787
55283 885878
76468 902780
93003 998113
87629 861761
18422 817047
5069 841906
6711 946182
186281 831061
146692 940878
110429 937724
188350 892985
178700 944365
149429 825984
154832 874322
35187 905551
102592 913104
120635 909931
88724 906846
183424 836933
142557 863987
41178 882686
151212 939670
116934 941331
2194 899485
6669 810479
94399 813543
146131 822476
46066 918060
127694 866643
79165 880446
19610 844022
12180 909123
53057 906028
187424 944224
29882 931512
26782 974767
134412 850945
44008 970900
8914 804455
170200 855056
6470 885886
5126 950579
56497 881978
145549 952569
86371 995387
67979 930206
95918 929456
113895 810657
59086 989484
35189 990532
129632 961585
43471 837011
46189 944349
110575 875117
190634 983748
121598 920720
34892 869854
24989 896600
25323 958458
95908 857431
65953 868766
187717 946959
128250 891273
38063 815122
30012 816550
106190 889607
164710 808102
171176 999010
52527 953247
96347 881771
12426 884824
99036 849215
9281 814238
140348 855642
57473 872215
111619 916952
104983 906871
133203 899823
19130 932290
106888 908403
199105 828056
119679 883578
145537 923500
2901 976852
57729 992817
175508 928290
6039 815160
50678 834431
71867 823954
53151 824662
112592 928096
8278 888780
13685 978110
24045 856947
9399 838739
113760 880648
97956 905917
70129 956934
197679 917461
130463 894671
27943 991918
190088 953483
64503 992368
159273 869588
40166 947487
96895 843319
188507 899917
186694 874880
187203 820653
138236 803133
134916 852269
27585 867191
12934 850150
3426 837854
174726 856591
13732 933819
147305 941426
153841 863957
33172 966241
115852 906905
129772 999348
86723 816608
8230 978807
159162 969230
92698 956606
148883 905765
123485 870809
155054 812852
5696 862508
87308 897314
189181 947214
190626 856451
95868 905634
105798 999465
178641 952484
16695 974179
187867 947116
19499 955998
89721 862704
69758 921123
108544 885836
184046 857118
140366 837545
181971 870576
135615 832570
31099 890992
147629 847175
194949 996895
10731 903230
36643 803803
145895 872031
109602 963337
26914 979701
133535 863988
72592 978784
74510 994627
64935 928293
40166 865062
100400 842387
121728 936062
41378 883648
155565 977185
115940 923765
54583 952630
48278 865813
188377 861569
14897 960989
137486 864143
120993 875297
25796 977502
154608 857468
147463 894738
123847 960594
85233 991059
42342 809860
129698 978267
69290 919302
63496 812361
154236 859370
149534 995385
16177 808359
38215 878628
37531 830982
21445 960107
95437 800915
104525 875661
185676 883842
160808 836518
42006 918781
25525 962506
177368 834086
62868 893293
103941 891338
79063 825963
91552 971281
48185 976914
127013 821481
71925 876355
147129 830016
174362 968746
121288 996404
123318 915868
73660 812256
168757 880007
145254 906765
156033 992771
74334 846858
36646 813952
168901 881626
68386 809568
175041 948331
56972 815772
68989 844442
43291 971771
165307 840981
194134 887552
97280 874794
177555 912280
151305 945599
20402 918805
36518 880228
186398 867861
41249 956840
178057 992688
168761 818848
162238 847513
83305 850678
177448 832867
107685 874235
121178 920383
88830 884513
156874 831665
84124 827891
157001 967663
123538 869771
186524 960095
27974 852771
71011 816554
150167 917895
185703 988238
26658 995781
70137 817263
234 981265
146579 953877
87774 952481
112736 877039
106049 898389
93783 916131
24321 875088
331 933637
49803 810738
59614 858403
193115 823431
156715 810820
95666 872434
143410 827077
70714 948369
93089 934644
154427 891864
108887 854974
45102 947670
113800 926418
76960 807979
94340 855312
68314 947588
37677 800775
184764 884384
60516 849044
193916 999344
161369 835343
133270 948099
39718 805203
100935 931890
66982 841594
19941 965163
7708 942121
31107 804269
64319 822881
183147 937612
163046 830848
128335 865098
133983 866818
111297 843688
174659 808841
47337 833396
81278 815345
197349 929683
191649 833769
152176 977862
129218 875030
81910 831363
161624 967502
111572 801762
197194 845211
31575 975240
169511 908481
165364 897413
89514 923904
134099 940787
142917 897258
48554 885764
31272 924301
117197 828166
54541 817763
30510 876329
59387 813352
184556 990958
153573 825213
197766 952747
109274 811703
20495 815819
164837 821064
114897 828855
22913 940269
66013 900896
61320 865839
27727 802139
31022 861284
13521 811965
18853 985455
47955 843435
8392 908220
189646 838922
88474 813033
168871 826577
126226 980098
9903 921219
15103 974482
40983 823577
100712 844277
131735 861256
87043 995106
153565 810301
188556 867422
65678 966996
33157 907637
120621 886233
135421 917726
87669 827242
192927 925673
36157 935180
48635 941131
48252 999006
135242 974169
39085 954737
51555 963010
190810 801092
162583 896948
66295 915148
193746 990401
54274 946748
44441 949485
73495 970805
95111 922664
97427 969131
122153 885190
175407 805917
21931 970170
188736 931188
104132 980328
3347 949227
58839 992664
108065 807250
145346 903703
104226 948000
101153 850296
142135 849353
111414 892294
116413 861134
29616 922932
6074 801039
115787 859980
178190 973354
143400 878999
106541 892453
66843 823036
129438 998399
124343 973213
43012 926004
31062 895345
68016 829740
150584 912540
176668 926014
44631 998045
187568 995479
143542 805494
12445 910260
15581 800890
3356 959985
178409 865799
131667 990823
179218 853628
187932 876881
18295 913799
80079 924148
67274 973591
72643 890326
116599 803821
73629 927173
9032 804543
159963 818078
139641 854155
120161 952234
54635 992505
49175 862654
101306 841540
172592 967205
52525 833519
104631 827409
132375 858994
112478 844171
39611 884534
195098 948453
15871 903754
70727 837943
145274 975703
65286 971276
98519 918712
11692 934592
164637 806851
74563 973842
133860 815179
162218 978030
6477 933304
123415 943846
140148 963491
71338 892666
158847 927633
57225 971426
16126 853662
10385 921398
61927 847929
43077 983255
166430 880198
13624 957866
88756 848469
80986 977388
100286 896484
62960 989496
135173 969758
99910 940121
100189 834253
69502 925898
4244 885936
52617 982672
114106 891981
20111 898485
126017 808238
75057 994651
137677 952461
198528 969302
152211 872837
114266 975826
65884 889152
134250 936305
11625 901955
168134 948847
168930 912125
151966 981771
169813 957178
196617 806874
124102 824373
56061 964629
122984 825287
94365 827454
4548 831678
159989 821198
124603 913239
95734 816513
157938 869220
34704 802095
63801 915261
130582 994967
135183 846886
111275 821717
107815 896382
82717 937315
119691 882914
92012 877614
32814 919630
65889 906292
185248 854600
106677 816174
114382 819241
54442 908504
75417 996019
31055 873973
181414 913977
81034 909472
39077 956103
12256 879820
159292 871098
116125 842987
5195 955390
137350 811779
8017 997818
5769 912978
175163 967704
155946 802698
171354 814368
31790 885120
105499 867688
188286 891670
5163 886372
148455 948058
45591 855641
7789 922427
16338 949366
569 976581
83624 852897
186422 891974
38548 973362
15826 994424
195699 847903
146599 858487
120570 804961
30399 962128
60490 808580
26393 965647
178128 806390
53523 943579
34821 906371
195834 889484
106732 863368
157726 899807
16638 960722
184813 977094
90047 884102
49231 907840
85943 849906
32089 854343
151898 816914
97968 894216
170670 829488
53829 979682
114841 920100
168804 918835
18747 859589
32835 922074
136199 823550
57919 983612
130543 986256
166932 924557
46002 919103
173908 882308
60300 975624
188186 865401
36891 987562
67181 939195
181805 916920
103888 811715
121283 905040
1477 916011
120730 977553
23157 913575
38418 932667
139861 863717
113365 885111
161904 889493
181722 892023
160093 943507
117989 829831
125076 877505
138783 943772
52574 865537
51181 987594
174724 897928
112253 861920
33707 858039
146185 938258
183175 936663
189648 827651
70342 849144
164779 845273
103936 906828
61162 925514
185411 946221
23350 900217
121762 877477
189228 869976
196864 957951
74197 890191
150200 884599
163731 886943
153073 877493
27972 822313
144186 931071
127000 890658
1340 991114
159409 887798
35653 934472
15994 920932
103333 819095
75667 954994
118533 906763
55062 918129
24518 841617
191369 857049
74833 994061
123781 810869
148339 918507
175171 846106
112500 951262
176335 879171
182814 902855
631 961571
181093 936833
140043 981965
165379 885500
112580 909271
31155 994888
24167 912916
41488 809698
91866 894710
55754 947230
28320 811631
47017 891102
90847 935675
39279 931715
115163 902986
150472 835040
199638 976976
119382 998835
55479 884499
177989 931800
3478 991998
23018 858933
106649 916420
122174 939937
139235 808205
171147 932324
108510 987670
74639 813962
87143 836831
130934 880505
82410 800856
104175 997231
2637 878825
115027 916097
28928 985897
165752 901639
82596 829053
79889 846808
163991 972222
149329 830952
85944 950148
164276 938806
164169 913673
175286 997606
13855 844855
12093 855485
69123 826639
169266 807368
161452 833428
43652 912296
19462 821535
132107 880363
75822 841138
181925 833597
86229 946510
197552 955908
52477 813471
130357 980493
16393 950777
11053 908571
56395 850470
195537 979037
127459 920527
72869 892303
148727 840787
49598 849817
30471 862476
81974 970071
37561 921616
41324 881619
68216 852663
149363 924571
44267 994678
82523 905177
127796 844658
126288 934453
21396 808822
126024 901489
31564 961197
16528 971952
142619 966006
32088 923366
37593 810496
58193 810810
103868 835212
155376 864527
116887 952576
152595 943337
58596 805183
136089 811337
132976 889230
6456 846075
144101 831822
120000 806001
10597 802782
24003 802717
163071 931201
154998 837215
170719 987032
175753 934901
75411 983086
92684 807288
179894 934828
29866 870499
167735 928422
90855 920344
1416 896412
72267 805914
164538 872267
165061 981607
175270 937150
164003 894640
97939 903424
144416 868798
65789 983427
31056 966684
185146 947994
20401 817902
64205 920340
112410 873135
142229 993752
148537 943338
61281 900272
2687 816233
17923 854019
114317 869078
31375 969847
96555 847837
120168 818754
38051 867397
166091 900589
155697 991368
80645 937012
160829 978690
184740 858415
159646 962061
140947 858802
156032 978951
181549 853400
81564 997996
111049 840669
95798 841075
116325 914502
40368 923633
138080 960309
68294 858138
53634 857888
142809 960719
37761 835443
54022 823772
71436 998941
52575 980808
174506 824489
171691 826292
7254 816361
91392 953261
9131 840622
135747 900252
22611 933838
175432 930985
177785 960985
152485 901884
92105 845716
140581 955054
17497 963598
85851 801186
195808 828349
67179 956404
55105 830373
58678 880547
84243 871602
56053 990244
118829 889496
118592 810519
74245 914544
160761 864135
67574 991987
70048 886424
180444 963142
58722 853675
149377 968408
139701 842620
51028 995462
84628 890241
166529 980044
162078 982540
70580 942919
158178 847091
91923 853349
110714 866927
63555 814992
146178 910840
147024 851478
11724 817095
181976 930851
112251 804125
7270 999847
131474 889348
95713 804990
54373 810096
97776 895753
172053 899340
112282 932127
47979 823842
128710 939102
107071 958919
118250 857208
60459 953445
4257 819874
53603 984959
165739 860222
180741 847686
134163 968752
61260 873695
86034 992119
124183 868108
2632 937710
133321 926254
70412 990503
64621 857328
100969 809914
156609 949451
150657 902536
533 983710
135651 876730
86327 825310
8323 859086
42478 906389
127528 848721
107926 919549
10507 873742
93273 972500
60028 985505
106382 888271
81518 822404
72282 960801
101996 868446
28092 867320
97988 832528
81506 931590
125962 928051
169220 984962
105468 814029
164072 871484
96685 922555
98761 941073
82368 837704
12878 904222
147248 972595
145982 821806
196332 830872
186428 813360
17135 865097
110362 908015
16235 901786
73773 996398
94800 841583
33020 947094
113996 827566
186874 857728
12706 962836
98831 921193
53038 837601
79017 864676
89793 868896
8723 926759
178035 849209
81106 939690
99651 898837
75181 868836
76211 942234
45843 919361
86923 883961
17021 982652
102581 849509
110593 979589
144844 947368
122326 923924
122683 978873
72991 972463
1546 833803
163320 990085
51190 880259
151945 843376
168355 887268
95228 907814
46707 940560
111141 815147
138706 942747
48662 822671
154978 953345
173647 911876
143938 997523
51149 893982
22857 860654
53750 881708
34639 856825
72937 807603
128381 860051
172992 963836
176243 926190
138763 843309
72135 949262
161812 987174
18373 823893
67268 889006
72995 869036
65678 979903
179608 934985
122485 893187
69996 812720
22697 884502
83124 932663
5790 933280
80804 998534
176379 845400
15595 809099
155167 864215
48155 903920
41447 952877
158900 920702
100345 962490
93920 956046
28273 921742
172591 846701
185105 856058
12350 937168
45780 962409
72534 911818
78780 849606
111576 910282
6350 896772
66140 838358
162498 854330
125344 804552
108354 869056
194780 809666
451 851279
6294 823962
154437 925340
8810 806779
182660 967084
170057 929704
14103 900388
3251 879973
254 826602
121492 888535
88469 868755
103324 927837
193470 852132
136397 863233
183030 927022
175952 964525
84993 805010
197140 815913
79292 981429
136033 893457
167589 879575
128000 984112
93883 901231
117677 828233
3412 840020
40336 809848
196753 842957
46910 976636
163079 861964
171990 972163
53782 824798
60444 826085
196463 810419
38430 922049
15744 949299
184 950755
166545 855004
175915 868879
69287 818481
132928 868156
66871 974939
132636 915097
126629 954245
135975 991653
73899 865005
194383 997113
177802 841358
174628 870370
169334 831361
183921 995286
171948 993575
108863 861947
142130 824561
165623 954582
26467 907054
178070 921387
23993 885086
137777 933150
159113 883714
156685 996534
94128 958304
81321 895405
166966 821030
189765 999707
155897 858761
32319 805606
151176 841994
137963 909028
157830 914887
60291 974187
6523 890587
40053 985378
82764 856563
110221 834210
13066 853275
7982 903753
13277 867410
61699 851366
131203 845074
25862 800061
50592 801735
140514 899400
1617 915530
112051 880660
29284 857962
51471 894449
42308 987978
164612 800013
133615 859201
89618 812843
138902 903922
159665 968506
36074 935106
112857 829086
96119 935198
114079 871175
2043 975422
3946 839280
36242 883101
163515 840552
119977 934497
119199 900453
71489 866313
158863 927372
194695 892796
147132 965294
79487 811399
10379 810505
38664 809016
107492 929437
195176 845049
30789 879424
188627 812407
79569 925606
43339 822892
143460 961150
198779 827335
84959 915240
9982 948060
48439 873896
16203 944373
78709 992300
74801 885928
123586 916267
108973 874513
9314 998742
100282 934799
10718 957932
188862 923508
176025 837752
169348 932856
117940 925666
179708 929880
182156 918269
195724 937525
30523 964690
126354 994715
29383 818568
61170 956862
67732 810917
150283 825170
154549 944628
91563 837358
180508 877333
54063 815955
17037 973245
105958 907308
20993 978154
138039 910377
75341 878152
48097 983565
173983 993153
95315 907817
154833 825128
191912 948069
69548 836349
29954 817263
130208 874676
97629 922887
11282 816320
149747 896171
41477 940726
62640 927585
32075 813874
77653 805177
68314 923532
8071 860537
52767 975780
18167 852785
196460 974528
183390 861135
177511 981185
151496 921726
95752 910307
168707 933537
22853 949736
173591 941717
172701 867570
1150 939782
32152 889566
656 897349
199064 922483
55029 985971
112412 983525
114644 898883
17010 877530
195616 960935
172051 828720
35839 812879
121691 801113
50405 926096
99808 891164
61420 949842
2950 855129
81292 973963
123982 839937
107266 828155
37558 828707
96940 945288
153465 909849
83293 964441
137613 829148
78055 976358
167946 941310
92894 938814
170519 916897
125716 862048
102058 946553
174341 812852
95647 938361
194355 902317
8268 868574
196422 950833
95248 929216
129754 916190
28126 887789
147582 809585
38020 803586
50985 827594
95494 841417
50289 915338
156479 972419
93683 855550
187694 853864
34543 894434
166596 943275
167146 816147
111098 855351
155309 828794
135570 826862
41073 867570
197079 894860
75691 820203
49428 856611
170440 867058
173175 851275
167869 885671
131600 960101
90866 857212
6257 854198
156468 888072
142390 929412
70817 900537
116777 872933
166065 880504
156709 803271
110580 823539
148892 875571
147721 854367
37683 842386
76863 955744
180947 947514
3597 973650
83624 931445
119373 949888
45673 869031
12474 800588
145031 917252
18776 846299
141423 965130
82441 800662
125399 914102
85744 982434
34314 931563
192087 949495
40851 904914
82555 997713
184128 821206
150181 920927
25045 950445
32765 895085
146085 886344
103500 810351
5013 864729
19144 889439
195810 844468
149741 824404
69562 963227
119415 872546
22344 938630
192121 800746
34915 947497
191627 943479
86277 976547
165785 981620
69742 995928
179584 819681
158581 981830
2170 958547
134408 853708
141660 802958
185958 960366
185185 916324
39566 880006
96063 989007
135 979409
16240 859703
137903 824293
89543 991915
55575 813110
129853 903174
127040 974943
140056 946513
109573 837243
92593 989959
153570 866857
197812 979019
6237 990954
177410 940684
70129 894544
131672 917854
126385 897657
97706 807753
139600 809507
117283 854993
79148 901516
97214 928714
4017 907001
132625 859126
157018 971662
163860 832894
124341 909608
137472 952640
195869 934070
13935 843369
84353 918952
157340 947054
195144 822953
194973 987066
37101 844826
53443 992641
125114 862453
50779 815598
153567 982854
64681 912591
34391 968665
26975 868363
160476 969415
185497 926261
15925 903831
129764 818998
40789 801224
79121 828966
112179 881960
4636 935005
110554 871511
19040 861342
70564 925795
71644 976617
45934 874109
147570 819339
89316 862559
104566 872930
50715 981852
171690 882709
22157 979855
105649 816755
69209 812374
68282 892754
27506 990969
158580 852378
107659 881615
39401 848976
137115 927699
126286 805369
117244 965076
31715 852821
161638 851225
33838 972309
178714 954704
104007 832141
162406 898743
90063 812231
187830 992831
103907 966494
37194 969736
6404 825327
184597 835955
198874 864702
88425 817711
102532 837410
161543 934303
72428 985439
22879 849153
87682 949326
116414 999388
106052 857032
19390 942326
73821 803334
173387 971157
57264 987726
68090 801452
33788 861239
102331 940270
189624 879397
66176 903159
33330 888920
7921 980586
170002 922151
75881 869359
26806 951134
114270 904713
72250 891513
127115 906954
72163 982100
140632 842450
34406 805471
42730 819216
170432 944831
70677 974936
192029 855047
107263 856203
143504 874272
63793 950380
26244 973774
102171 948010
73734 834490
97422 941247
32503 937149
135001 802038
138941 959270
139669 899935
186464 923845
161430 885901
137920 870913
180699 838693
102287 959328
173199 957663
165770 988583
144716 852875
1382 904635
31390 863639
182707 872511
183027 996714
141770 965109
137586 883463
149560 933155
68782 843860
9458 800404
103123 850813
116449 922611
88346 935620
117346 853033
134546 819380
71453 950506
168336 860322
177324 971529
108360 805151
159479 970686
13324 960779
143152 942154
140524 833132
177803 886653
17540 935753
47688 938228
108591 922623
34202 858362
85048 864544
36200 939119
82718 866013
53600 994068
10412 883293
91199 933414
152527 807452
185196 939308
104868 923866
11474 826097
141686 860945
145710 964359
191362 837737
24107 888187
139604 912179
188179 955105
197088 843793
136299 864835
11542 985670
93303 850725
45056 945852
64645 876434
158915 910551
125346 874647
183234 954691
29841 952786
96860 815648
53997 997862
153216 953793
196282 948009
100510 977079
186628 999946
118795 997251
96506 878770
179167 827091
43711 909081
54660 930364
27892 898990
10798 837478
7635 821220
75411 930296
136340 899512
136982 865907
187705 878549
24823 922687
146929 992062
59943 893281
176014 864974
26250 898157
37765 994403
182651 850630
169483 902859
43169 808926
49516 871514
12102 889763
61289 929840
76905 989643
31044 867622
121641 807074
60985 967580
142550 941273
157284 869483
141885 930702
118388 858555
154122 941889
45445 941360
106944 820750
153363 891605
26510 804516
43307 819410
73334 843346
30615 825364
184607 971348
28575 960017
134808 802561
165873 856543
51649 922711
186532 858256
135071 925231
143514 967353
198654 969380
66820 863326
122273 994704
163247 885077
148827 850115
27711 970834
165486 882344
134538 933363
140321 899528
165571 905675
9303 956357
89289 867203
185256 898321
42872 974897
156885 961042
83209 954990
120915 816308
161292 987039
10387 911308
5779 833732
165612 852902
73051 969921
191634 999915
24196 801200
134671 984753
126555 815277
29699 979252
116738 867003
178123 838100
75124 903864
119492 850819
7571 847586
163683 879197
75772 871421
151576 896679
95156 956986
54646 934479
147639 840125
129971 948122
141915 910663
66298 923666
151632 801068
98047 831362
88871 972192
197287 960698
108089 987550
26643 861480
154782 871263
144924 936420
132725 966523
40726 855875
134621 860964
78152 917300
78868 901283
6836 814295
75302 952391
58857 992628
88988 923974
118987 841180
151092 805913
140331 847968
64249 844343
107670 804622
111610 846831
180785 933944
169530 978614
74928 862310
118702 896141
166910 855437
108045 803644
173489 821712
33781 958981
27420 815119
71533 946547
128371 915275
46953 990136
164460 818059
45074 995841
175825 865699
29901 859018
179099 861311
148319 847090
92363 834739
83780 817330
36712 860546
49030 944746
59770 909713
171093 845295
149412 970400
81118 990460
100639 983385
35427 820274
11056 813652
59447 914353
63841 994900
76389 966599
62612 897559
193336 850525
6893 958442
110846 883573
15003 920110
80667 980335
153840 877773
90161 875216
169972 854810
197152 835063
78344 926349
50365 853631
116657 926824
128805 961754
58733 884874
65657 937707
56090 905167
130081 862931
189732 928897
76448 862213
87410 806035
29449 967009
48306 817147
194861 980869
86255 922219
178153 818187
22557 819996
50203 978893
9414 840538
189162 936650
39437 843765
121401 912379
145548 897459
69367 865531
21675 922467
71878 934516
181509 853488
194050 921347
111892 856041
121381 865902
73304 965372
93663 827421
195666 820690
75961 923437
39695 846633
51656 973534
79701 852173
162273 903657
188782 815350
59889 944122
173935 854689
126548 803571
109828 856559
131564 882884
77043 905198
110330 917563
5004 990642
192001 910731
158908 864081
9244 849960
121989 961995
72102 946037
98625 900072
184206 825761
2177 890853
119395 816265
53706 906486
48523 944754
96112 930466
20303 809071
35613 869516
1198 851053
76865 853840
163076 887249
121538 919003
33971 945524
46494 955743
198437 951859
133262 852462
189647 880100
163260 914656
29850 856305
125970 826772
170610 939049
29820 860290
134121 861245
40248 877821
1128 977111
5542 936206
78106 874088
1092 862628
42310 935492
107732 929992
170044 950081
9175 839887
98428 997751
108415 974318
161933 882345
94354 850688
144541 982602
124996 829629
77932 895018
42603 821552
172941 931921
113207 926072
163765 823020
30226 970631
154817 817506
142871 838118
24690 838488
80417 806669
25266 813741
192138 875962
168207 879947
90339 992558
166125 814638
100468 951307
102327 819856
102423 814760
54078 964542
177084 807819
118208 915449
73176 952908
56693 816624
86561 915211
11662 851037
89086 823289
173859 913439
63914 973616
75855 846770
141051 830103
133457 905242
93745 843031
8982 832978
104263 819229
160564 952432
172114 950628
4407 842823
69431 836049
121893 874801
138640 856321
28857 826056
138932 999834
145757 887996
71570 885807
110370 934443
28140 955191
122817 941375
190722 935552
121558 941054
167866 996350
46274 954139
38952 994216
87651 867101
196662 882959
109185 948380
34159 925950
18997 926021
5758 882232
180959 975379
188090 879957
149334 981586
5001 811674
95697 895851
112275 994688
195162 915776
174759 962290
37365 881966
9570 808948
20511 995782
187121 873970
78957 988094
82986 969607
69681 891765
106776 879194
154714 836531
41070 879033
191746 951526
90311 995724
128046 957910
173933 814454
3622 832308
127747 909443
47775 865137
187425 999897
181643 843795
122281 925842
90146 993765
126610 998235
180361 915360
140591 877733
190121 991028
80227 936185
34682 927270
37568 835777
27886 841927
179738 866466
141846 834921
11624 890149
150330 820737
111492 981145
57151 816114
37897 896286
22903 953850
175262 890011
128869 844151
134650 916066
25728 985773
66623 870826
44011 948776
1550 854879
105035 979499
45684 849339
163894 928300
139765 900771
48905 890018
31991 960730
172092 817478
17937 870620
19600 866617
50498 812335
97826 842145
11121 867172
21567 895912
143277 969709
120307 983114
36120 859173
160685 841225
92450 827522
111043 858415
69994 877081
9756 898752
47462 964906
126205 862659
188957 988000
60721 876411
158550 851467
31899 972860
7352 879564
95722 836255
51282 961055
189272 952604
172790 875762
87646 846860
129061 816170
134052 812227
21887 929383
23424 867819
85029 803504
60942 856787
128093 944863
104739 968403
157938 927525
43404 983313
15380 898221
105326 868447
173255 804687
198286 953611
5225 934270
33916 886475
172895 955634
17930 862185
83569 929720
69400 860727
63533 939881
53079 971068
94970 997142
115705 854033
141899 889871
190477 961473
49051 862374
101826 840203
120693 814403
56175 943459
28568 804106
166038 976076
16446 911983
159635 908185
174847 845632
58124 913520
149761 950761
73669 912512
127187 802602
72455 994524
118784 915128
82335 992753
64135 960071
35222 840279
186179 940630
27057 900121
102883 938445
198140 946133
117457 875977
151013 803180
47181 890753
135720 911093
85721 822918
199583 824052
93836 802337
28445 862008
141730 846377
46881 817824
144480 899665
190862 808766
177778 976565
56327 932697
16382 950522
43667 804261
34457 969328
142555 928296
6779 899783
123297 942327
98602 950866
51945 860237
59518 882452
106176 976149
35619 908100
26563 967866
45388 977643
14947 985432
198268 905929
111833 938937
59762 823769
123681 980049
15220 984024
115737 900410
161734 934959
179578 972694
43642 973380
144127 869093
140155 818470
52435 944104
140457 863582
149217 862206
44373 972374
59592 877608
35383 937587
65403 915774
4334 965795
60960 801217
142144 810510
147820 822484
15285 969297
12403 844418
171135 875583
124382 868350
146485 821881
69658 956259
124659 939366
4496 955746
193438 951697
87861 899582
182170 832044
128054 840151
137194 819767
100468 944613
95936 902766
70511 872771
135192 859302
74196 978742
93216 874917
52385 876099
14464 811306
14533 813929
84597 945315
169731 808246
76731 962436
178239 864709
66294 954936
81813 814953
130022 898514
41611 957202
109125 921986
190970 821994
31364 915253
192598 970932
60178 839646
2988 868475
95358 866449
39629 875088
188556 804812
34842 936023
156121 978074
47688 995448
57337 816480
107496 995994
186215 987209
15755 939538
135653 886709
97441 927680
195191 896682
16567 804759
67360 834108
145999 898108
41693 864498
195165 998683
79802 937750
80430 903524
122455 895227
10794 993934
106529 849737
30732 998646
187716 935741
42343 891939
74682 806884
90548 813041
19583 880597
57109 993463
174950 918012
149539 894784
137636 991387
93213 844958
140125 995690
82945 968124
111269 826460
91189 952932
66585 924686
22236 996052
84657 840429
139571 930345
76956 905803
8504 967751
106063 929001
160284 863760
171888 854192
163646 986082
2543 893789
131157 819083
72557 848499
13189 872622
16211 961489
70587 952693
38869 988391
74235 957096
178882 958140
126816 812032
98101 819343
85032 866693
134276 919612
56630 913845
121798 912290
166243 913232
20819 844936
110602 824466
65452 805306
53945 866896
99782 937423
78854 997776
35966 836804
140780 873745
153588 845441
142240 840447
105963 948020
195277 986498
108945 873667
5573 825312
16553 822559
20667 918776
138450 947837
45967 969585
2144 851923
79650 840255
48933 884582
94441 950847
179203 868469
4132 996236
87554 912083
108521 960789
42632 925018
6329 830017
26678 896970
104652 947149
9976 904733
191576 899203
112974 975204
198988 933670
197252 946627
79886 834258
89496 984583
187344 954779
138296 894995
161605 847402
74176 835823
127455 933953
92355 976921
43234 836845
158467 963173
19492 865845
177339 972218
142104 823246
347 847573
80053 819148
177780 907741
25323 977328
118455 804519
2879 800204
127309 908216
65730 864673
178498 829829
47952 913406
44025 808168
179815 960606
34320 854613
151199 888524
18999 993033
157245 889764
68203 919759
8031 907248
108345 859230
195877 838485
4810 863887
17115 873465
56259 813129
63587 822698
87253 882532
151974 963291
101920 891531
57716 813456
135698 905337
72199 994136
190262 855822
190135 822962
36000 961442
63409 967963
9150 873035
68882 931904
35778 943201
172431 904053
9141 956751
94273 850395
185784 819573
122000 805685
95131 914427
47498 863153
148540 874462
103331 948573
158118 829300
95428 873908
24573 906004
21723 870812
11547 950924
37192 800937
133658 911644
21927 864803
175839 887475
105034 814779
60855 958470
116090 879648
117638 992873
83968 881759
171238 919340
190687 869884
148006 930133
59866 881108
36410 881508
123325 929821
88904 950163
151938 930931
18703 990502
63820 867406
97449 927548
11636 811388
170810 915164
3925 829255
71933 972991
34254 876451
96868 861576
138008 940644
73751 988246
34700 843338
156116 839986
127188 850539
132873 876495
2540 920586
116875 889826
8340 942376
36820 811079
184791 835368
132514 995099
83595 985030
25561 873796
127164 999608
13455 865713
118317 853769
140324 813304
193107 894294
6345 892666
76531 913022
133391 860731
160098 976589
31828 995975
53705 905655
118383 990638
149961 996895
81178 813420
104550 989744
27249 917360
152458 867473
147306 946731
108854 998576
118381 921821
180237 849638
1067 897544
4154 913971
75177 891946
157265 914381
105793 819394
30046 936150
98386 999466
44528 820925
53598 978576
147982 944464
138241 856936
129113 957447
146549 983215
129043 992261
106362 819729
115432 870357
153006 909767
76713 993574
118131 920331
191772 828679
22622 838908
42580 961594
141261 976557
127523 803814
18086 844396
83569 863352
150529 842780
47120 893178
47457 816376
126161 820632
128191 800520
103947 804604
116728 886432
136545 973183
94274 857455
29607 950940
68048 995504
197470 890294
19821 933578
146358 966202
108207 893673
96041 935696
181826 825045
105224 929563
84820 923665
106162 955051
5641 934777
168687 930518
181491 907461
14169 938873
173173 838990
158802 843195
192354 951378
80167 800678
25464 817465
193265 889010
142572 926618
1509 865282
121291 814268
20315 981211
28416 974503
149989 908955
109267 834137
117838 969645
77898 836421
194653 887607
169848 913267
108542 936765
147972 963687
167438 817266
57508 936707
65589 987836
121009 847711
51433 837822
32768 810584
124271 809547
32936 865599
133431 895381
194209 924113
57942 946667
65537 801597
78853 964587
14235 853867
49930 830366
122154 997193
180728 955055
150581 997729
75429 819377
95666 947382
98726 833913
188885 857656
57151 895239
104789 869664
67429 875655
137724 824372
140554 846893
125445 804753
61938 824748
137951 945645
169114 989438
83633 861378
103407 984853
144165 893543
187197 812425
73172 907558
64582 988501
103451 910258
167899 822168
191865 856899
94308 910560
24918 891202
45311 900570
73408 932991
141227 801751
104198 840871
27230 894533
39691 886341
7454 935862
12558 830546
2958 836753
5138 868080
65280 977148
12529 886911
139772 932077
73906 890153
158607 881470
136281 925127
13803 876722
94000 958989
15424 948911
141398 971120
23463 807478
75730 900949
135937 888321
95575 945082
80123 938305
192128 977011
88981 956189
100159 938990
11448 871765
169340 919442
182687 967458
153752 865433
49300 960911
146141 993698
194981 819961
5851 820587
12180 890618
25934 849739
47404 871139
124381 955550
184292 843949
15686 925139
171530 852384
11937 967520
26486 966083
124037 953937
80750 908392
117788 872788
176393 849733
87601 975970
28671 809385
86075 990476
99865 907770
32333 987424
91888 932383
161590 894122
26077 909131
49277 928031
194656 830471
142108 917809
146795 812219
189727 891826
58590 850661
130228 894931
178386 904457
54534 942436
83577 938109
155140 886280
127255 893024
188813 911830
167504 953428
78600 945177
171174 874082
61380 859044
121002 873621
109731 871270
126100 811903
192649 846911
153782 818361
174828 960759
20168 825065
121179 862362
1871 933379
164865 846235
20364 933787
41141 871311
184584 839005
18026 857144
143600 982977
188855 917540
158864 830841
122382 866161
19314 879794
100995 901266
82214 952598
110496 914977
188010 995356
16656 916971
103938 961170
115050 850699
137162 902050
166265 804279
131245 853714
1264 994902
95782 867125
56850 985138
57587 930132
82157 936323
73660 838075
21073 996757
158095 962494
123752 941819
13768 867057
58769 911583
192048 937349
160584 988695
33732 902311
23154 914770
87785 866136
107867 943627
144900 894092
172162 979770
85166 930698
20133 924810
40914 850353
180776 807465
87248 869129
70373 865805
90214 932729
20139 819643
53123 849519
151334 978329
117679 937017
108991 946579
162354 833535
182094 937394
63255 910786
6302 905440
104445 822140
151869 844638
114605 893148
116679 828972
117281 952758
43878 947273
88905 891077
141637 883431
182730 888275
19184 928181
171649 843119
176008 951749
145015 902240
96829 920222
78189 809328
59998 911425
23520 976914
104877 975195
90140 880337
153438 938027
90618 876359
129543 895340
133376 963991
16019 874248
21258 997109
13838 961703
146912 986243
174989 942224
114321 969407
130104 838718
128836 972886
81230 838205
178667 926539
34850 863830
170911 855305
97565 847032
55000 894270
177757 985803
127851 994773
54286 863366
77409 956206
30248 900679
52819 830441
17967 807136
100103 999409
128032 999357
142408 999288
107063 890997
171283 879925
109398 808852
142230 974399
90117 842006
32618 877761
174090 999258
139302 959018
162029 840264
38669 886400
168483 981102
27207 931109
148661 954071
80841 964328
55212 864536
194535 802582
145740 833839
40647 996310
715 896337
157622 812583
194501 801708
47944 988844
8436 911472
95750 917516
130848 808223
136741 947358
199894 820524
99323 839849
16267 998070
196403 848346
130992 895839
16031 875061
44225 909972
14951 995368
83012 989550
172429 837391
165477 879669
143470 874856
129898 956782
30202 850635
86235 875389
12114 879747
127885 999081
193502 897355
114405 959545
135437 850993
66336 896735
25527 851290
47630 916085
97008 818996
185518 830036
106977 820488
115686 876090
76605 811377
118469 903222
37678 859902
26090 957173
40554 815109
110773 903239
22731 932247
115575 861817
17644 862449
27825 807761
180835 992911
152752 880825
108481 987423
112039 972915
179578 930397
123586 850984
156803 915421
86420 932602
141250 926313
52838 868398
132151 941426
95061 997138
168043 925372
106758 825598
34803 867373
49958 978577
113819 977776
124702 915021
108478 892637
95173 822813
63922 994327
85287 992839
4606 859075
154239 887053
152443 831817
194114 807064
165940 959706
2101 812688
18656 946002
106857 934634
120650 881147
85383 897806
192228 886868
73776 927850
45263 823092
102427 905048
172087 890828
92212 972554
89474 988035
46834 979363
104292 874915
162706 917403
172342 986427
69061 857050
195737 904751
13121 988287
196497 872291
112064 879116
131489 808761
44886 820270
138280 843101
19366 823745
30664 848338
57706 957062
28777 805459
4829 849225
191853 958902
106319 827409
83191 877940
70462 842375
42270 947121
107848 843392
42413 957960
169382 856150
188886 892666
164865 862595
38926 840575
76828 904392
154929 914438
156224 807393
61809 860974
20129 857753
24666 993724
190740 874173
189309 926439
176470 946733
118791 880213
138392 929699
150145 810291
151835 865063
86780 824623
182188 961660
83476 997870
144079 997978
172111 860875
80741 905959
9341 871667
63257 942689
164452 900255
106973 989597
109299 979620
101739 978321
81985 852788
76616 887628
93193 827146
2573 951449
179218 944438
180419 811522
196326 925300
4926 872912
177117 988845
146252 816790
130633 968750
15953 869788
84349 839458
157706 829794
86814 806791
16205 861661
122351 892473
113372 902142
53106 906766
125892 957000
81864 898898
48038 919640
134289 988866
122098 891011
3807 933840
32362 999231
43258 864518
142074 806033
22348 983027
150543 905905
94156 971144
101818 817859
26509 855269
170693 804632
113114 859954
61106 819336
105366 941000
91774 904491
174692 899347
36069 958936
13889 990065
36897 948937
96439 983680
40258 939808
71718 992137
81505 980015
45279 907932
68248 910016
68391 807797
179230 926460
198603 883019
69849 993923
98552 801485
46738 850342
140779 881010
119337 955588
167692 969274
170000 993394
10852 877571
64295 830030
174017 955907
88295 892920
15254 853593
3682 970938
124482 835762
161247 903821
146105 848589
7900 955008
72271 908058
139994 914556
190646 830169
22778 829066
180390 915520
85963 883145
25853 974146
95860 827650
25647 985408
159837 846141
121334 920762
161552 952879
92185 813636
120464 805779
30566 953230
139992 807141
32186 965393
89654 898322
130237 990846
168618 828997
55577 933801
108058 849278
189083 975101
195674 993276
68166 997507
70832 861168
52453 958688
186747 987891
114316 806438
195846 871724
188720 941515
85371 959417
62177 852990
62615 821284
61181 806434
37935 871084
118461 963496
21046 846065
9433 834930
78744 803224
71246 825594
183803 813158
138733 967570
105633 979718
95543 802123
171375 951077
199050 808249
98903 969624
24609 950703
67355 819025
46157 814139
139787 917998
35836 982027
44602 962262
131243 831703
179158 838725
113173 905852
73054 819825
116077 927584
53565 923794
4819 828898
5721 962841
101488 986928
46603 860878
130092 960008
124237 915481
66557 857005
1389 800957
146644 880027
136750 963760
127037 967424
105392 876249
50489 848275
141237 816586
47838 895156
183576 845128
137175 914834
103200 842277
84482 937057
189668 844087
104460 803949
8074 932233
175430 800668
154998 985031
27512 899763
566 933634
177956 889805
87666 889130
51113 846230
125892 887613
143086 995396
27251 894271
134631 854789
185442 923239
81165 906304
130812 975592
188193 849642
199128 857902
150467 866509
195192 911414
90548 932505
134175 906830
46058 826776
58089 904667
81886 942284
193072 811042
195507 880430
111063 872976
115556 953571
53401 920648
73588 909705
88169 997476
190385 951561
85977 902241
194748 825600
27466 845639
155781 976770
53784 917049
135950 930687
46916 924785
3994 960542
90316 898157
140504 925371
190259 810936
48964 948653
59176 881598
198047 978235
44318 890657
111586 892586
35320 886060
136401 999202
195828 831586
181750 813121
27553 995701
139989 998423
66419 839703
117311 874841
103776 908072
115266 919709
11111 826848
189325 849016
3483 939245
149859 977115
183823 803830
137559 905785
125666 835288
171370 899748
69674 800250
125551 894009
141891 833514
38848 875661
66823 962497
136824 892890
127793 813916
191659 810092
175304 891072
156158 822831
98123 810419
159022 870527
196201 864232
142116 846235
160481 985560
81284 898036
79581 900798
82324 803294
121520 904119
118620 894139
43366 900246
48942 893602
94517 965509
80605 960861
169641 860990
187196 877738
167479 840483
193954 847273
146083 961069
41221 982505
101375 875419
12122 988509
151176 984806
102330 919938
56018 922588
140212 944099
126338 932104
25115 885362
5554 913409
40575 929429
168938 877190
75089 991946
146983 967544
4586 845427
169549 948648
15323 946123
68879 975152
165445 820343
92035 926592
60911 827961
190308 829311
29513 828246
144714 867996
141885 839874
53128 995482
155354 939023
166331 972448
114307 897610
26887 953346
162567 899466
31163 928582
46649 871995
84438 933522
170563 997886
97818 814096
14861 855818
4067 914777
130565 819707
155247 867244
120639 999324
138305 901792
117144 981784
173408 894370
170834 804212
162924 963795
21496 994387
53742 895542
136183 948088
174914 889098
175706 918295
116206 879394
106056 998818
128586 948100
62458 905150
26680 850304
8018 948465
107375 970250
102967 811836
40370 867964
15936 958984
129177 874466
66088 914611
51549 868128
92586 802306
2353 946249
77185 820883
129522 933410
98254 918293
173673 922155
109799 812561
39333 870362
78740 834192
24041 935902
74958 905148
188468 981164
155599 995164
194346 872325
13110 985564
8000 900279
76773 830228
179986 879790
75728 923456
71778 967125
109633 800879
17220 884512
4780 815080
75446 836942
162715 996105
138059 871348
27006 821304
181107 925016
114158 875136
35547 925971
61211 941925
123791 820393
194240 845254
129658 891856
131780 933881
125334 976822
140884 933732
192535 906858
198242 875448
88443 982481
191294 837938
90266 912094
84577 920723
46701 878454
147529 882858
101748 824144
130189 944811
195139 853636
139067 926147
188262 822480
62635 931075
37803 926073
7083 873135
150711 890528
143040 894939
80365 921228
171085 931371
166448 919827
111361 879574
11724 908656
157180 806432
3666 810768
21627 938213
123506 974107
106718 951336
104115 950562
94839 885310
94808 990377
1659 914535
135155 813874
26450 922010
31599 958718
130209 970987
94479 912364
19493 917921
127591 954821
195664 821929
150100 984133
182557 808993
124843 936935
51374 905713
84244 951028
29688 899067
133929 809693
150051 849343
183691 974461
134396 993512
194153 883057
35105 869212
167011 854541
29226 850104
131106 940780
160748 809683
171435 872285
161027 813209
97011 924223
25398 970135
83630 835133
93356 946157
154026 973912
115755 975933
52631 981155
64351 948899
141584 925101
74261 966920
11614 927504
89530 980214
47254 972204
5048 837441
90169 990961
127306 826691
16127 803564
172670 916500
39199 980493
113909 909148
89376 977952
143911 975219
60264 824331
175606 829035
72894 923476
96981 898102
97678 836304
57659 976977
25937 929939
66400 987518
6520 856927
149773 824755
117024 976654
118855 965919
42333 916644
114290 888190
105606 948204
198280 888898
189465 826878
62369 962408
21345 846134
185058 995089
72506 822919
162216 946703
95041 918995
140989 888649
163087 842273
151428 862242
158813 977398
197931 913822
153759 960830
12327 972759
150560 977890
30704 915473
151694 959574
27196 889431
116041 937668
91659 923332
199118 931000
53754 840531
118302 816910
92914 814273
153354 868795
137788 955109
106395 917916
55696 801041
1626 887465
57765 803476
142698 907229
81377 832795
113160 896380
164096 960353
190336 906474
184708 846045
148387 870122
14207 873120
638 913067
108595 985546
126422 820275
28583 916858
78848 850023
172666 879199
122860 904238
128466 948470
6565 828477
128875 865324
15617 826451
9091 977655
179640 896247
144445 906287
152799 920698
157533 808743
104983 997877
55532 825725
79874 819100
142231 990995
140974 818058
127767 987392
65743 871658
94008 843668
70920 952008
106956 915714
181811 801497
73091 953906
171140 887558
8623 873988
183392 890931
35831 820545
39892 970097
146610 955453
55242 926842
152032 927303
158884 992744
11881 814991
107202 858897
122619 828358
170207 837215
73930 903571
163233 925451
155152 997432
6644 846528
157349 994684
72954 828428
99490 980879
181665 946895
96396 928434
136710 817465
193164 875420
150579 980887
40339 858307
129250 831824
176909 916569
13355 968559
103424 911695
139724 833835
26148 852535
129940 874775
68543 879871
22155 829437
177212 896786
38723 874168
150474 867999
73247 879858
95629 918655
11837 828469
174221 892110
134917 944379
174976 807404
4506 850280
117446 994930
19074 956617
162069 961367
159769 897597
105545 895194
163949 854989
46351 868403
74333 919907
153581 873764
75499 928639
147842 880337
50960 832428
135491 960059
89549 922407
33063 800374
162654 891043
189557 873566
24529 857214
73790 817114
12954 829773
12944 973109
45875 965555
55510 950564
16947 884154
28331 895008
65468 894503
42935 849317
33759 922182
78494 881423
93541 842909
72598 906992
195242 802070
158300 860721
64145 896592
130367 943698
4935 946404
184111 997225
147053 976465
8442 848978
172833 874211
69262 896568
140206 883340
96224 803821
128234 879547
115097 997723
81674 924939
12894 924561
121667 898509
193899 965780
127496 905666
19477 960265
182733 807724
50734 875114
112088 810429
27449 853502
110479 801933
139157 902616
52411 879294
167642 987242
157366 890989
16276 869562
107474 982806
62177 961623
42035 894834
131530 862364
6008 825674
193575 929323
148222 902959
32153 881409
186666 876805
189453 920926
192954 954184
142317 871628
119133 807768
178772 869438
82086 911718
27532 902844
66123 958740
90061 903215
109444 831885
58221 940229
182824 918286
190069 801492
168760 829937
146957 969908
38693 974707
169990 844749
102041 912837
18092 900960
22339 975922
136310 887285
155342 819523
179844 874507
127816 939629
187506 973701
51069 975448
72649 995032
159400 998746
188315 850375
16051 800047
84649 827442
27288 872367
6146 920049
30876 977487
114252 854311
126113 885119
78809 849673
138398 804682
181840 983542
7666 817965
171222 841575
5871 906980
84737 814989
141912 955765
155922 825194
157185 878434
16853 867399
196692 971428
60123 834132
77780 923412
37080 867699
122888 838307
36363 961424
43971 964858
57536 806974
39135 961207
72207 818188
164892 916972
116530 937839
111953 965722
145381 828138
704 921908
70041 981646
113088 962320
78943 987169
5920 809832
13945 962587
36047 886281
130326 894159
150056 935359
156128 997562
43969 990879
110272 910830
33562 824952
48454 914680
195530 887906
764 921362
74027 917550
162566 924458
53984 854320
104709 936108
7148 877536
174530 858303
198190 806283
67761 875260
32637 867336
78097 926453
155763 875573
13009 992342
49524 934697
78983 958409
4503 863498
77963 811384
18730 911625
37102 805181
135364 915243
7838 991531
184500 807359
83202 965277
106401 857308
59953 926381
92910 829563
132506 921103
122866 949579
107299 877344
75371 843375
134712 979099
128444 940283
54487 854629
138701 962995
49004 963577
164936 893055
70704 805691
29461 922433
9348 965790
199581 967439
100796 925989
20524 828705
96735 916671
82036 891311
87136 986359
88081 989115
14617 861406
105382 910440
146322 822471
36049 849642
81177 922449
51785 825736
16957 897274
12133 892259
113901 937675
181745 831268
98044 849366
139909 971026
163049 828400
148523 915358
19198 954634
160480 838668
192323 931557
151556 908454
4215 851320
197493 923943
178442 966244
167150 858075
138436 860990
134270 979698
136647 885520
1593 953776
192261 912530
117448 866919
128626 927614
29254 916550
84581 860525
142980 994682
129241 857220
51858 885134
137551 944323
98609 952051
133940 912793
173551 905814
199258 993018
165640 878472
1417 916016
126209 839635
68261 939497
180638 809581
82832 914976
2410 896426
149695 811664
188307 876406
62795 920930
102697 802615
123707 832175
106386 892608
196058 994747
121925 888633
81329 807480
144393 976784
104899 991056
28393 923272
42646 816784
129260 932198
95947 918751
174917 822742
95602 833667
167171 835276
158029 997420
105131 836496
15340 940707
99362 868439
164101 897495
64995 999495
62067 994541
177267 807956
21125 901887
188130 959611
137263 813219
44247 869674
97133 841312
8725 835067
158981 940585
55234 942537
61735 972991
152602 983141
49757 845755
148063 823262
156891 965492
183697 932331
153243 949428
35713 994890
129548 848287
174551 984658
38844 889976
38646 954100
20504 870481
177193 983415
154092 957435
6739 956790
126090 956613
119869 988642
186383 887739
147793 988939
160434 842513
419 979222
192142 952582
36467 902417
11267 930796
138141 891069
165605 871307
113622 905770
144791 921295
165270 902952
147248 971943
173847 953614
127653 925823
136373 884334
25856 867878
31942 859853
39785 822284
16697 904413
87670 906890
14482 886057
169102 875269
41198 928391
31047 836841
181821 908233
93974 813501
66682 868336
183376 959469
127568 833588
178569 835194
50173 863969
4302 813041
36284 844518
161217 820754
41288 886766
123109 945995
146225 827055
10785 916785
104208 997840
170185 876668
111409 827716
177249 847438
69743 967089
51588 801365
66929 864733
65660 839466
194576 920221
95696 839225
184274 907955
83216 986145
172095 924133
141234 888585
10048 939957
8837 801527
132670 897520
42915 953025
28369 882677
161965 983700
121484 995380
140380 855083
186074 925300
127504 801434
40609 856975
72794 943873
61284 967519
105356 848549
125038 803748
65462 979133
102487 977559
67857 949079
157300 872581
181190 853471
40530 864878
90285 870106
46882 944094
28760 820373
87363 892667
134428 954470
111677 990003
129537 844197
174374 997829
149124 878033
94490 958041
94663 892993
18562 902032
97429 800872
193599 926975
21440 929543
120874 936156
19521 873878
195999 991477
38661 934431
121541 990146
125140 843683
162410 973111
75348 923772
68781 981868
131161 824213
92870 831867
99124 961058
38042 947047
151521 991120
141950 915648
125415 840688
103767 821975
142138 956116
163917 935909
79358 891636
74267 921378
59469 931751
45679 994464
137603 899279
11628 919764
62853 830283
31350 936587
94581 861729
146010 929768
86586 988093
68053 834391
59946 975589
141988 884809
145383 832139
37763 813271
15347 889962
89853 861162
169554 937737
173012 853625
55590 989853
101555 926689
57474 806371
39182 982897
104454 902852
125670 987856
66823 889839
139124 833336
166518 985287
90269 870608
48252 887762
162418 921888
103173 804873
153959 964182
145723 912302
10981 914138
76954 952189
25487 994495
26111 821052
180706 935994
171280 895800
98707 847813
151784 938770
100732 868044
12162 965807
24759 901952
18093 871156
88076 817413
163863 830635
97462 936156
29684 948538
110647 923873
33914 955933
45626 979660
172504 815800
195143 941195
31846 876546
198224 840380
109170 842300
170091 896422
85058 959535
139789 827758
37134 919779
146583 831831
10729 853338
85889 956633
168565 838495
8417 898420
137514 884730
5466 883194
71142 809103
140196 969301
71720 911711
45905 992797
198231 860967
75803 813656
108442 838611
21639 835656
2792 863147
21270 897292
168067 832508
183516 879315
80675 963437
145983 828030
140310 990756
33811 873911
198628 921201
198553 812073
91390 866164
34954 806281
193437 948555
118984 991300
147694 926334
24841 817974
37362 818035
881 981668
65553 911216
189439 981143
199705 867745
152721 972400
96611 851724
34283 868172
56318 838509
100951 864263
109493 895535
43688 910951
94471 870723
11500 949470
165715 944630
88912 885299
91692 969984
98581 952080
11184 870306
131035 889871
127868 953549
116888 912103
105371 889121
188892 922353
180852 921290
123512 877572
173380 988891
45209 853693
178702 813590
90437 951073
47952 999516
41647 980758
7611 997249
129513 981523
31371 883834
90763 880635
111554 819850
44727 878812
24300 998280
88057 880605
80351 948155
120606 979836
24923 805605
61471 958549
199112 955032
8426 953633
117405 880028
186094 919627
102933 876691
137541 959788
150374 800907
2567 925634
136273 989784
81194 921277
199290 803217
113686 922066
97954 830780
21489 895101
131474 880398
62142 908555
163271 979923
5683 811560
159422 880082
32953 926040
26488 867884
160877 949860
24774 955828
175775 865863
122284 954970
185602 849765
117511 869182
179403 866207
11649 802425
30495 983033
101770 803143
122140 860122
20762 972195
74645 924118
114004 916254
65637 932735
58824 964648
29418 832692
112430 950923
134164 988996
144763 984636
109837 915838
171957 887299
54113 942778
148308 980923
63582 901306
149330 861097
41435 913522
199154 938094
98959 829162
165966 994276
71545 909745
55771 933134
65343 912357
173022 940077
147161 886961
60539 825728
166645 931958
66567 996318
74639 821956
149120 897809
191585 980286
49726 919198
31778 948707
38098 977985
87793 889903
35672 945935
180457 939098
41175 825641
8680 894934
37842 834823
185542 867491
11750 890927
137517 921910
137265 800042
156321 981527
87224 847723
180460 932257
442 974622
46105 860135
8293 827327
184795 976046
137707 933654
83573 956272
137567 886254
4409 961213
106338 933549
14703 866092
51827 943894
45394 994607
101628 977111
143048 847783
121008 815228
71476 969802
116383 854156
193069 837333
9494 891221
102202 875599
172401 837958
153406 834615
172027 822297
39527 829289
126571 833851
92553 846705
46043 900213
138567 831024
132143 973313
159894 911019
33476 951492
30255 988448
1668 810763
138837 873811
25898 886100
47461 995593
164804 962971
51554 967596
60251 821461
2345 809909
74884 917976
84487 818344
141291 957387
42912 996317
146418 855563
24081 979194
159453 915823
14735 931291
118201 947052
92097 895672
106959 858558
175940 889031
4984 852650
20599 841670
103088 944732
76559 976033
25773 980456
51281 838261
96148 927977
147121 941067
186877 864609
167485 811542
102042 948173
177304 890331
83334 987318
35781 842589
177244 832050
41455 856481
117619 897526
8473 935342
82601 891411
40449 810680
65551 832781
162296 901417
150773 825787
143934 980860
87797 926956
3824 818855
119631 864987
82564 919187
8904 962941
151577 847997
62569 805408
59806 972335
3111 969015
171222 890451
6402 838383
80844 874091
132245 972981
51374 863390
153874 874792
124712 854472
168365 810503
65108 876477
158428 825729
176205 823681
52398 884479
149554 918625
177438 850519
47946 809353
76407 860973
40212 828628
159924 984932
66123 889338
68631 834802
50945 944318
95448 894964
12562 948336
145957 849354
184992 952559
90286 954161
129230 907332
52252 825486
184363 832356
108300 845477
184938 937659
177575 981217
184990 899797
87246 875420
186882 969002
59641 974506
158652 926960
174434 929200
38876 888531
110029 804059
168948 950053
14544 952879
174359 809134
9086 892432
52940 998052
185458 837028
181367 849736
51495 933502
59757 941190
157496 914948
127633 810062
147883 900608
150188 966014
127592 811397
163262 922275
64690 828189
173900 879789
32958 892448
89165 933209
161669 994374
73238 884225
35628 801182
42599 899212
151568 956738
194323 916188
80858 804385
172173 907868
141454 956158
99263 971940
19998 920256
47345 919016
158962 858356
88489 833275
75532 831628
29734 805074
77056 879102
182192 828910
126278 891974
5920 972859
76109 999181
159890 815799
40192 954755
85581 834036
80033 864667
68939 812628
42113 959186
177268 998627
190688 864047
176370 800872
63491 823887
143604 826811
683 890842
124286 969162
20293 885182
70393 820015
148850 888298
188969 988563
145815 950017
174785 924091
81412 861550
19627 824547
52479 998681
171287 880535
48857 928545
139683 935384
196669 998520
86863 921191
153202 848582
49756 881414
105208 937947
76302 959545
157708 919195
143128 849578
146990 874621
88065 988012
65472 977383
100352 938265
14454 891275
118947 975225
124342 843238
181817 952002
109925 983991
130281 901184
59850 923179
60155 891694
170639 926416
26184 996612
146345 994108
174980 806910
84161 975735
142286 851094
153140 828815
92092 948042
30118 988132
198370 978028
76304 887887
188578 918136
9896 957585
123380 937989
161082 873282
38717 802647
64255 990222
46886 945371
76215 959215
25724 978517
93029 871264
102523 874689
61060 828832
77041 863342
33125 975743
12766 990429
112514 916764
43356 847196
124503 914131
130163 813511
189198 833577
183864 870247
18774 878678
70840 841605
194281 838029
55040 805615
120804 922105
165840 978302
110128 970899
76110 817300
11989 991164
143226 880402
22065 896616
171559 892421
147087 832602
80218 874207
30986 955086
151796 970796
158630 842923
178666 869238
81992 884732
110492 863602
16852 906806
80485 914644
60289 895905
171892 815615
60033 817786
136227 889873
75695 933860
123441 855208
102535 892791
57618 899872
92051 902654
181131 862152
79774 967610
135797 857220
96215 833226
158465 976878
8153 853445
159951 813067
89269 844067
134865 966912
96201 807164
103423 985840
62530 806032
91044 994478
3688 898448
12013 994489
189744 874925
194939 811651
173475 917771
39347 892279
198629 812506
10086 997767
27169 812526
165953 818460
43582 811110
120755 881383
100654 947760
17428 803414
150409 944375
124755 994670
98996 822090
197377 847272
55901 893203
154939 911307
15647 985426
1818 887363
35905 981273
51439 918963
147882 917701
192119 944415
27624 911295
93973 945080
25067 894673
30030 822062
71624 940103
136682 930092
44737 902914
73198 891466
61010 878621
91031 893474
160896 957859
156962 849218
183020 813297
120520 930587
85987 898078
123661 957752
187869 907687
3280 939411
113264 881666
150871 862145
170516 952220
57013 809752
12662 956510
100378 822805
140708 889618
144804 880382
131637 923152
126941 923409
73444 825729
170246 930421
88600 815851
40476 830240
15315 880813
146319 814790
110457 944706
57645 874474
139676 912282
117957 924143
92312 836449
114839 972865
165214 833320
42724 932895
162639 939463
199077 931935
115524 819193
44880 802358
194817 804397
107743 823409
186573 966739
55517 966231
90039 827434
183891 818773
166376 849641
36169 932898
102141 910736
104252 875550
166764 866349
133245 935849
59784 882146
132065 815481
2592 953480
13938 848371
162151 885041
22490 850128
132703 821218
74953 865324
107416 912724
47369 884846
123240 971841
147321 975375
68455 804705
194537 856142
69278 959348
46235 870588
84210 866105
10025 941530
162864 893824
95548 950481
199433 825448
162865 885254
63486 806647
33584 814518
16118 803928
137787 985917
34645 824782
64938 831841
19209 834286
180166 882945
147761 969579
16512 895396
25133 862170
111658 887035
103373 878427
78863 815705
80543 982020
19329 940999
66680 863243
145524 956405
18153 820885
176670 942010
56246 975085
134490 915196
11408 895368
80360 937080
136464 966487
94146 944883
60687 884226
71011 914468
35534 831673
158709 883659
121378 890349
166729 991426
81967 891265
60032 998389
53547 923310
183793 891329
169051 853162
159535 901977
46174 913736
82690 893713
100491 890144
110756 937013
99890 976058
187052 879817
59547 902430
51172 857758
105953 838836
178793 818361
87407 885639
91052 819940
100910 973224
66980 929664
142016 947143
68749 941935
53345 901295
103008 817719
170594 926708
119442 817011
57277 803701
106697 921367
180393 978276
64048 899743
106228 898453
40433 808705
62642 962218
187844 940789
67333 905181
9475 921180
23118 942411
2582 881627
127812 988601
156055 993404
115178 967243
11893 953180
42232 857443
15615 839458
131338 967019
173551 821617
129719 830600
148682 829775
78738 944313
64353 987724
164728 898055
162503 910427
121211 856564
162880 967639
26012 894940
140782 962555
155130 899255
177908 952934
59455 976171
194321 936924
100832 804413
180647 823674
52390 880202
64915 994182
105370 950625
159738 896563
89720 846581
109203 932649
80505 931323
186994 982306
99699 894363
154729 959978
55618 974338
129475 989121
47967 968952
182047 964391
25675 817433
15183 859383
87754 858449
89864 967389
117302 819684
158043 827817
144584 854466
77703 909097
153624 871390
103100 939836
34947 954401
20816 983440
53862 824587
19426 878138
102299 935370
82113 917051
167445 802313
78224 857910
131774 887223
81673 845612
67343 852622
101696 905537
35848 964658
184376 897631
44806 854579
58554 978958
83643 864461
39879 845091
191899 911433
169549 898363
108571 921813
127283 896082
86012 908459
102584 839500
128298 935070
150339 808052
86723 807519
188274 984139
185652 916901
193948 890848
116677 939248
25329 904275
25127 869006
34675 909220
40216 889753
149881 811973
121083 803316
104442 969285
66823 955788
162629 950855
22823 811624
167941 816162
168720 872297
16572 888908
150793 958348
69161 981758
179644 843556
97180 956618
34820 968242
175907 899977
37649 982638
144937 900737
166020 866001
75757 815138
33078 819277
54838 860092
173127 983341
194507 870809
147562 915362
10930 812859
180009 904388
128506 893767
80031 952733
35715 858367
145461 968819
96595 819805
1218 920071
45090 954852
141249 827046
148877 925360
62857 961657
33580 992683
1244 985315
125285 853564
69759 905201
17112 906398
163430 865565
124992 882870
68579 834256
191723 930735
35306 991017
7312 879832
46460 986105
41654 923986
39222 917095
38868 865122
113229 883688
121697 846884
167818 964572
166804 921108
13241 962745
102695 968610
2964 901734
106178 912371
144479 826660
13810 904879
184259 956865
11077 839285
143894 996216
38035 951231
27839 895430
149716 917731
148909 947571
150159 870321
198547 842658
187775 894615
144187 943153
106270 920477
182269 828125
192303 979252
175171 933699
98998 835668
40409 900500
88462 877205
185324 914718
192484 826103
169785 933123
123952 959662
120361 936181
92077 944791
114145 854980
144894 905327
133889 910289
125517 869627
159691 906767
174662 896022
180079 979110
158831 925348
3595 874345
172387 827002
4902 865658
181469 872490
76263 987965
165160 897236
195502 937965
125251 977124
193575 846200
120009 820656
75328 966968
169896 869066
52353 858118
149428 802513
93144 808928
160959 950823
105105 924977
160356 955976
177833 997940
160111 972527
173121 918961
105541 983573
138030 854340
182662 999896
167449 933621
56581 887014
106562 983540
66116 968964
68799 977422
101595 818686
67057 988843
190360 953405
38511 902148
181758 952496
191368 953486
155008 820643
18296 993460
142678 843305
102695 911917
68509 812328
31467 923006
166389 921175
127073 862065
33872 807536
12490 822774
150602 924398
15990 925416
124221 950148
148370 923487
100896 858172
44179 889860
90750 884289
111070 922473
134903 893163
49728 800276
55704 890379
19642 998931
59529 962640
128189 980074
183708 909153
75565 873146
158241 849373
195603 933532
121150 849111
191185 963086
163658 897277
163450 854836
131037 840267
5945 942969
133400 832237
137314 900665
179079 800238
94269 835504
1281 974015
116152 973346
198084 816526
187920 948662
130388 863719
190469 894523
178167 964705
148544 967036
51017 905703
11354 847507
73955 994947
199040 807282
43138 836205
2383 841182
7651 832816
42696 821946
25074 861966
119092 852618
27777 847463
8431 861866
52236 849763
12878 938047
57249 836287
193555 835508
5756 936640
138042 864479
86006 876816
127856 994479
145063 981847
69885 806226
56415 926434
160388 911977
142587 983606
182820 950088
165182 879134
13955 987120
159792 928339
147072 888900
112051 840868
194339 827428
95383 906796
156118 979085
115541 961228
38775 830111
131113 830427
13052 940742
4587 843527
38224 945107
80616 974456
119232 865788
44207 804157
116370 861912
87880 917842
128975 928437
84677 944239
14067 896885
125850 832941
32434 961794
169164 848987
52567 951184
158868 874381
77266 849757
106799 993359
168700 878165
1273 905933
150905 826151
144349 909423
82402 848849
79676 873472
99393 814841
72120 969673
97495 906507
138029 819720
145595 920580
191660 967952
168983 979528
33562 894848
158761 884609
109132 975440
41864 999218
114355 832253
165933 824416
106182 918212
194295 958375
3273 965395
7484 959269
122950 950257
124695 852476
11609 982187
189620 943534
49864 849785
65424 950004
59113 956242
59584 956584
42748 967433
177380 860917
165140 878524
47062 976630
135236 816111
168571 938723
158178 846902
180955 906209
34225 960010
163556 991781
150525 836350
136645 932032
41828 939734
154841 977262
104420 960521
182835 984092
80534 994712
98861 950668
153759 862166
189188 817237
149286 970154
77444 831601
135883 877800
62199 905001
48185 834275
197380 971247
197565 878278
153790 968959
144320 956007
51533 898733
10367 976066
177162 917810
150515 858175
75338 892884
162089 817145
191621 886285
50661 984019
174437 935778
139497 870977
48686 809433
124984 942776
170862 849377
100334 973455
66160 996947
72128 806996
188455 881670
188787 922878
22266 936949
45376 886485
127523 832492
83228 941860
16023 831845
73235 903725
17994 852316
150210 963335
129610 981108
23032 899426
47367 823928
34886 808655
7906 949091
175285 993426
13072 911375
176831 831102
13562 926255
79514 914301
101081 845258
66286 935281
61605 855065
186438 902523
158476 908373
88100 996532
66010 918804
106416 849433
101489 934362
65459 952167
167864 819506
65346 840227
28170 890694
37031 874200
114214 976626
2612 806049
156658 981839
24062 880643
136563 839701
44281 952303
117790 930622
107522 832507
193710 962828
90408 818558
26530 840020
194541 981058
146290 802826
15543 937980
184948 927828
76603 860209
75707 919187
85899 934070
103252 916575
8833 867229
110474 993376
48889 884324
106096 898275
35121 849732
63519 958468
15400 826354
120612 997084
146534 929169
115285 826989
147465 853672
82726 989457
137416 981894
68879 103316
214239 321356
151067 226598
511359 767036
201047 301568
52995 79490
23919 35876
69743 104612
59267 88898
62183 93272
