7010
125227 830413
54769 930943
196171 964965
153335 846658
157509 924876
10425 846016
2294 838825
89603 848133
33988 851631
15065 939150
78833 864329
82990 994251
177904 810193
154548 893026
103901 964325
187660 807180
59800 859801
31580 891841
17929 999645
68043 986226
174987 846756
155297 802469
6271 805571
97282 943972
106687 912501
75489 870777
114310 822741
112332 862834
130673 939861
25684 988253
46694 878356
125928 874081
184594 983707
61805 871497
111609 807670
173361 927839
153095 944240
107155 927652
104610 909530
182350 882180
136409 801929
27672 888939
76205 969798
33639 872593
99768 995371
8315 935898
40376 955877
92374 896615
37771 848789
47329 804296
57331 988013
86601 913251
184221 841884
179343 864850
115796 820533
123449 877763
80533 988743
173017 985374
7230 849857
26852 823757
93534 867724
44509 867689
116057 838002
64198 943842
42335 915830
81411 937363
7267 960574
40292 887450
166634 954818
46221 876040
165928 996267
10803 965270
7759 893103
47216 885388
125350 957818
106856 967996
145666 988643
151484 971450
32828 916715
124216 852604
23376 850043
72735 887819
25106 980878
168213 923193
72453 933688
161134 958794
103790 809261
159786 967352
158868 991423
81273 949796
50144 881251
63590 959964
158072 882617
67874 841664
38398 952083
147129 858338
40236 893974
194397 865552
179719 854265
169624 801597
23014 967334
115173 926135
9083 955416
17324 810782
192759 996702
77644 889777
66140 966389
104975 974755
160716 943848
147866 861722
71425 821599
132352 969923
184769 995317
148346 980385
14694 865496
88606 827340
177570 821988
191450 937723
150290 834356
5324 937537
80180 999314
190702 907917
89686 817301
31177 912900
59043 885036
106593 881109
73187 970631
117485 803796
16218 834434
27845 844585
8736 904451
50785 811825
57255 998351
34558 879348
10546 905800
117610 932457
163063 948408
9870 946987
51879 925503
33554 870907
76444 976589
64741 858200
129275 819255
28944 929520
36572 912081
154742 881220
122231 938051
186843 904080
41291 896169
47571 904614
168434 967567
182659 850612
92357 894479
45520 934302
72430 980986
165541 918881
138299 878131
74444 817613
170498 859889
54362 911046
108705 850613
192533 918273
7321 993381
39139 947853
40713 809712
8419 974582
73823 821479
173925 869404
143492 859381
134041 800127
15671 907838
65126 922093
31068 946164
169721 999263
22814 817216
126454 873179
137339 872178
86135 840850
121257 939022
81822 914832
14942 936059
50010 859983
101595 985586
120418 970091
163786 964391
102872 801662
121246 829175
158946 931773
10264 925738
175709 899081
163533 839506
126488 831355
178917 901641
55743 939297
55780 971790
100451 853762
98245 928665
183938 999362
68317 863569
165698 805499
178803 891829
71169 831748
103987 803039
55120 826062
89377 995517
23222 895908
135314 811544
120480 870404
131760 974169
76437 929236
134677 837574
2505 802556
146774 957123
123013 997733
102709 823971
47935 986400
72557 895355
43436 955149
93007 894930
153620 963470
156757 917857
164298 968662
75466 951414
86295 854724
52042 909779
165018 845091
23451 951554
103847 987982
74701 934552
62094 899231
101036 936745
164623 910475
93814 977232
62066 929046
169901 909637
136066 951799
69328 901781
92820 805521
133047 905703
163384 905757
57954 963819
186364 852187
125793 881691
41422 913783
165010 986621
190593 803697
21648 880480
120737 929376
3457 994236
164561 908978
124050 964733
168895 924726
109100 880894
190992 936302
5867 802320
136279 954213
179268 896531
80873 897996
57272 820945
31392 959728
108438 934453
186634 932732
71347 859337
130033 928489
60182 896968
103779 905639
36848 982963
140225 883811
19471 824920
65731 826687
62917 973022
147428 856327
144176 813084
113260 884757
117846 959754
27504 824581
7804 843438
166662 991360
75017 959631
24488 808817
94874 954033
93760 955490
77645 882573
170099 976597
92184 903753
46072 851376
11574 928860
191868 843172
198983 939047
93922 845782
19982 998342
138950 812432
60744 903927
111736 801197
42592 820243
154424 851265
89395 878998
160422 970796
157836 999653
96530 820018
177632 884023
195999 802415
177728 847825
8578 888613
48548 922056
7805 895154
153904 852541
163010 969464
129911 959088
185168 809459
149354 838127
58283 848016
77895 921826
198243 855057
166833 924889
43027 917813
180993 918456
107316 837307
128957 911382
185526 821975
69143 846049
151575 997925
175016 905771
82249 948628
149907 871811
11283 996606
34706 863997
143257 834156
159574 956721
182742 862614
49333 861892
84275 936063
102329 820525
137440 935797
80952 972184
32128 821167
115724 974483
37279 968446
160575 977767
3742 816940
179718 897559
80124 848089
10864 885297
7820 814603
117878 924207
55259 811548
55083 901578
160145 908967
76783 910389
91838 875327
4489 935791
93017 932643
171500 896773
141382 924738
152316 920863
46885 950742
123947 928125
166151 850206
30929 861406
152230 961865
75373 879142
134783 954800
101479 989649
45558 974330
124651 843769
171030 802209
45561 923978
87408 943781
74394 939643
62462 802210
140927 962937
125459 849219
155215 992578
5608 946950
179751 874044
11862 990826
35974 870577
52221 817243
168433 845874
176816 919439
144510 903722
133784 808186
168143 827371
186569 923894
27478 875494
27153 885587
68116 909763
95122 965935
34589 940715
126755 843851
40964 915107
163772 986763
85281 932790
93793 928115
17177 809589
99373 837801
193187 933742
53985 955991
91459 957042
133248 855980
178976 978102
60535 945032
188168 960904
66724 820913
71289 941028
45701 978299
159119 927094
116337 802404
170507 811682
26639 839682
150456 854476
62600 803120
132594 821114
143700 938739
103053 924073
48546 853934
45197 941721
159470 954731
149290 866191
72724 892049
113151 931633
170641 825566
24585 871275
100047 958686
67219 829870
20383 899028
172901 802962
168085 836966
39391 962862
66949 960090
198518 875225
48777 909725
157728 863368
2208 879256
145402 875716
47003 832996
116227 818163
21083 970052
15409 990547
96976 968692
79597 977887
152330 902456
44157 956741
175997 813637
182123 962791
115800 893724
88861 866511
194744 847717
146145 978095
95843 913844
102009 849591
102020 872760
4722 918031
75056 911514
95127 823163
93784 924935
13041 818379
98735 986312
65286 877549
34123 925024
4485 947636
177238 830874
69842 892369
199460 936393
142136 868950
141794 857353
39265 936678
168522 970990
48087 843480
168866 984596
41823 866648
172409 861173
181599 803871
100139 807676
92638 955137
19467 916471
111453 991382
27029 890325
122369 954001
77327 800006
102010 888620
43522 855245
162876 817235
185472 925542
57290 987619
100643 834628
58929 829284
53445 885798
17236 851694
162796 981999
80840 925272
39849 951467
146855 940405
122428 997062
68835 893842
191191 967250
23890 990066
182909 818284
176497 817771
40247 846574
118319 966831
163230 866642
51598 886653
182031 910309
77667 842273
147212 959918
49372 939468
105342 882673
188904 927641
108568 873829
19983 968246
162023 968746
150848 893306
46518 869864
191833 818799
35377 950595
8943 921166
104820 834625
56097 815211
101727 873017
51524 827580
129610 827809
39331 808852
80828 985292
101390 800579
122935 871864
118237 801298
16136 931096
190908 828479
149765 946440
139602 924946
21173 921711
21981 897596
91656 875034
107742 890782
31374 824773
126224 960460
157694 851291
150464 868620
36249 865428
139263 951517
74095 862500
28173 811527
21396 974052
124111 865525
55678 859748
198546 874093
173731 878261
8069 958613
151598 993885
112902 885794
47694 985345
33962 888340
17157 967999
193999 827184
39589 889206
102747 961351
102770 881561
95084 855493
116821 896672
141648 983062
126306 971352
95753 975746
86963 988038
63660 829836
187722 890606
136892 810550
62797 904105
38890 941004
168901 906671
46184 832248
60886 947858
20420 978137
57760 906345
56745 907677
130610 964990
76723 958445
74948 903806
39757 982692
123430 822767
172756 942970
18388 932517
22680 831978
6975 847730
182936 917761
192217 884965
44615 911851
141562 800057
192544 981766
49447 894052
5548 829717
148844 917279
174196 957521
66648 912810
144484 952459
80147 886795
168243 816671
135941 934984
88818 850962
138634 855632
106852 977783
74778 864815
52605 910150
188284 959646
81030 819841
123437 921649
122269 844544
19293 809251
150272 801853
141406 815606
131837 859533
6406 881896
71293 968536
165540 883304
188570 836373
8400 851922
106335 815955
199137 909980
107817 814359
69309 921851
15739 875554
110213 817985
132801 896640
31335 929576
19874 818169
144503 998994
2336 985773
6188 863009
64188 955913
6793 978135
80125 818114
27880 855305
118600 854164
159403 899568
123364 829249
34271 984974
28813 971001
35312 856850
94619 865891
96041 822999
159410 893015
146002 939030
87921 866367
131919 941522
138266 834268
94197 806757
196846 880200
130998 845151
195847 935900
191663 891516
56776 998646
128360 984197
127082 942976
89148 848051
63515 998058
46224 837955
63736 893190
141083 883843
169113 985716
187581 961905
99314 975203
170726 875973
23917 822062
129563 950029
88789 877589
153457 843634
34467 973303
91111 945854
25557 885009
7359 808558
73597 824586
193286 812097
179161 860251
32746 846333
164651 948160
118601 896499
12032 933115
108074 875607
17775 982861
157365 857623
59493 892192
120642 857514
94564 851113
21044 956605
168066 879703
90196 803238
80726 858448
159773 924682
120440 953353
193136 876927
84987 831625
129792 938163
95540 913442
188885 855019
83402 925339
29314 825411
142139 901913
134221 888236
152983 843074
114432 960417
22818 917631
63328 950018
135709 927534
23356 928719
40945 896560
175552 857449
161861 943225
182748 830815
60843 935956
121217 894432
44264 880975
62966 879726
42427 982373
23486 947079
187685 802781
59826 979895
56776 960636
154005 943741
194306 995906
140580 807629
31736 895065
25074 909873
175962 917106
165315 954368
157392 811919
11448 823325
151849 844458
109763 930074
60506 967161
2473 811640
18285 966008
196798 984414
48516 820377
174397 906472
10925 975023
108847 980683
72818 835450
48435 813602
185993 951897
142989 891267
89323 912551
197605 914817
196019 923480
63563 973417
85838 961723
50675 860225
166011 818458
173568 857657
151534 968190
191255 826719
190927 803427
141039 847433
169014 814706
57445 969485
155410 840467
19780 898422
59689 988704
139464 828732
125528 827711
36173 841701
68609 887989
78794 886028
73711 914836
163573 902354
147607 824246
137347 877597
138919 969305
158323 949502
43300 886414
125470 990484
10149 891202
114854 834848
155892 827550
71485 989229
43243 815902
191417 826858
51315 852802
29688 875245
196114 938090
198299 878028
180462 982135
116158 852250
83661 974044
83648 810972
133797 846658
144225 966131
66635 871530
62318 904512
44018 870803
13445 990685
14480 842217
121072 913114
1238 815420
43929 956421
39398 806984
24084 931746
68311 801608
66523 823416
156293 955818
91180 863039
186979 990459
40675 832587
47603 801539
17604 952882
181739 915502
166503 891485
105640 912599
58928 818434
73744 815978
151039 810068
71129 894379
12516 850389
24914 846813
42394 888417
25544 871602
143969 851911
190804 936028
192898 976569
32841 847594
51724 814910
18537 840244
113903 873232
75141 923692
36891 971784
103080 834810
188492 823392
191319 848454
6997 989448
145584 882114
72539 853257
146052 911186
122982 940139
1911 882549
184660 964405
174790 968851
166939 875208
152050 963772
183706 880388
136249 868902
171857 836341
104746 841336
138975 913039
4230 846963
162149 958766
196879 937910
197443 921494
133248 908599
184300 955972
61757 916778
60740 852875
47068 985191
7328 937568
61597 884743
98687 857938
30715 924750
152328 885951
132691 961015
59828 886885
56344 994035
124807 984927
44146 884748
109541 979157
171537 872120
89157 920364
6616 878431
57939 855910
191649 817286
165119 802216
178114 972161
50273 831322
58408 867131
172366 873224
145745 832639
120640 805662
68656 943751
166228 828732
134010 922142
185485 875503
96613 906512
187135 997742
24678 896095
98267 877429
105752 831138
137793 841471
47821 857533
131375 983548
157611 925694
193510 847783
27958 883413
2118 910485
194178 967673
90078 948466
61984 862613
144575 911348
65982 889832
179069 933910
99082 865022
178190 999112
101418 921716
51076 875466
128387 872502
99950 898781
145256 810666
66220 889769
68094 984026
83550 976057
50775 830026
27247 821439
81397 807390
20332 818915
112007 969419
71372 931979
114521 976587
189523 951480
52234 824695
142382 978568
115431 957525
109312 883003
162695 915081
92468 822016
113703 948781
132508 929442
118126 813124
38038 827578
187456 980807
158555 966335
72561 882557
188314 945980
20765 844969
109263 952591
53735 871900
153838 972141
190589 948366
180652 894116
3228 902528
45747 944408
126815 861941
108148 907134
50595 957350
47271 922109
7126 984401
166164 868006
52837 804161
186041 841175
149240 946098
72157 962995
66348 979392
176525 852683
2714 972567
153446 968608
115308 805437
158232 967530
141513 975986
195011 949822
74526 855253
51451 990304
32349 907577
95359 828509
147544 934839
92488 978349
136585 992913
168468 849141
185374 827958
145969 987799
166508 803023
125823 850113
108966 976626
153479 922565
33361 832131
42184 858467
64584 883765
72097 829567
16219 879559
60061 812586
122141 817499
13604 833409
177325 929479
63179 890473
157735 866051
2884 939999
134625 908623
180957 890306
28986 900768
196597 857876
56344 886242
130308 974480
16715 906354
95713 888712
47683 930570
119168 904572
144237 935485
93823 839282
58098 958460
156519 934286
82502 928362
186166 815769
67701 913325
39910 950540
68805 823265
114877 982277
76057 887165
155769 928082
82549 864624
197387 831990
76665 804289
92835 881612
123022 954698
102991 999730
53462 985383
93538 959670
56531 937589
90157 947902
198986 870764
12425 879796
193438 973096
46527 903099
109616 975830
52609 847423
197766 856828
140188 967306
71846 985859
113795 829561
142642 876005
105079 837577
130024 884533
190863 916121
111926 948866
73623 809677
132318 988216
113227 825088
72785 905129
125471 855390
49553 963354
116715 921069
114228 814910
178770 880706
106753 989264
145301 800986
132188 922361
33032 891969
102509 808472
133678 827622
45776 877157
144207 908421
194184 802262
142095 951735
85230 891629
90217 879791
116116 825969
109095 832663
30917 845832
123371 944882
63094 848298
43386 868898
49101 804872
121420 837677
37319 970813
41979 816487
183484 814258
134037 932697
131884 816787
126721 936755
14041 981928
114658 899687
101906 989618
82138 901210
112892 835751
78711 866789
184433 993738
37937 884506
39307 892538
172989 978892
89216 840765
150947 936423
131806 968144
177361 846546
158206 929360
33781 857893
100703 866654
3633 948232
130870 964087
30314 968791
199437 868768
67992 806145
159415 948073
181755 972733
70248 891212
78742 844528
64703 961721
143913 987410
193446 893001
169740 825940
170987 962736
34335 969915
162115 835086
187834 911032
91672 912843
152881 938511
5113 893220
62704 995937
111599 979145
178290 854199
141051 825706
91760 882430
158541 954242
132857 901723
184961 990400
165285 880298
162810 977960
64828 879739
146761 833514
42402 891733
18461 979451
60511 890405
179567 843724
183082 966386
89229 871946
93180 848603
185725 881651
196277 916726
93832 899458
90811 893570
135186 819329
6392 810464
31479 909339
180051 887530
44042 991832
180896 973498
53504 930288
66126 957206
63927 949001
100047 883761
172701 940733
13408 818264
60360 853849
15039 873907
128670 955732
130056 815098
121277 849942
96974 909181
152715 914095
62716 859577
106008 847966
42088 876111
177381 820760
100432 856065
74609 831654
70569 807025
190692 866613
138175 997540
78966 892388
89385 906203
146295 848914
16687 802506
81607 879383
179425 842638
28052 949986
67816 885168
135961 972532
195938 803329
145456 837780
182652 816661
96074 966288
169402 824122
169696 879655
17567 859111
33870 883852
185292 934190
137793 845376
99688 977442
117294 902466
144691 894024
149576 978510
144793 954239
155485 867232
148154 963268
198613 834350
150490 960530
194536 808806
96617 963484
24992 838874
174186 882772
49413 861076
63798 968163
89942 967980
22187 914192
33180 890432
78267 956000
105490 840358
31641 887797
101178 827079
55493 927124
5885 974369
199771 972811
177857 845191
140166 833040
160205 944466
61483 828207
108253 801054
17913 823516
37264 899820
32601 957479
152916 981909
54134 835654
188015 844440
44904 871466
21226 939973
59930 824147
170951 910352
161334 895569
119053 858614
110022 931217
110648 842322
194926 991335
194100 807132
121944 875967
29766 902293
167725 902904
2343 911058
108382 882517
118618 928145
172408 900267
96196 992129
165121 940998
39543 866170
58099 889783
102582 829501
131036 974520
106182 870684
12168 849409
133013 884111
88700 894658
182137 959430
176007 946891
51647 914109
4429 860127
33019 997797
147163 939880
173604 822625
83011 830980
98946 900860
113906 802845
137962 914053
193180 937036
125518 893666
141576 824978
119169 980681
46119 803720
144019 828922
114379 937151
62802 806981
25335 898141
85854 982565
40528 934737
53987 837660
167255 843402
34655 890923
134812 817133
86588 895668
184374 831019
128949 842016
120502 838676
131690 831618
53515 926619
107034 944263
17654 937982
199560 856731
131310 982437
146243 976055
102215 849439
12191 968190
133029 941975
177486 869030
75455 824378
34672 803357
121455 960072
198121 876035
187714 806242
78054 841771
92055 824274
157657 844670
112563 856798
87427 862653
31684 890622
78455 982359
120348 898738
104754 943147
187589 872343
9339 916455
17825 868820
79811 830515
119309 914165
73328 904312
80697 851245
63920 981792
104588 928711
153709 970316
177754 967783
146725 885073
60204 808144
15409 832387
187440 918298
119992 992264
159143 878609
141127 921135
199794 898105
115384 883547
144374 948711
146513 945162
117754 969686
96996 873447
195380 813409
88600 836173
166424 992842
2857 955592
59630 904133
111541 837403
55382 841867
124771 866035
88252 983533
98516 893994
27284 834335
115623 919935
14806 814928
74372 936554
149601 928441
46275 815886
84081 805594
66885 870771
197019 808521
142979 976427
13774 990606
99103 950187
83618 864532
97077 911327
130155 852421
98656 928537
57869 986425
70272 968435
137371 868644
32182 969315
98574 896633
35932 931936
185058 893694
35104 876063
26473 902312
95695 886165
84933 918828
166300 804023
110109 981399
110509 935356
115108 923259
87011 984324
160836 846330
163528 995730
3259 825366
83470 993228
88326 857856
75159 809410
1292 951200
91381 989899
179797 992956
164762 910664
84018 835880
75383 892031
37829 889257
126651 817185
15224 922272
1063 949724
126825 969686
98805 958166
42773 906490
99948 873833
151156 959687
111500 859727
66885 821915
195489 976504
136924 943447
152115 976953
49925 848008
144388 850838
68240 838729
158771 945664
117322 909387
162910 812572
198893 813765
20366 815891
137034 977114
148644 910996
150784 823452
110512 972694
81783 921763
58687 873919
129800 897830
61878 965416
90031 868518
132436 862361
100986 898936
18386 861021
173214 923345
176767 915931
157579 843557
77856 918027
179544 951964
71335 805692
199478 936189
126638 845929
153289 994919
114279 827905
98391 808139
52387 851669
170266 927483
87294 832023
184025 966573
112263 916381
163588 921038
11266 836399
88903 951500
95672 897871
188425 928881
171548 867656
40891 964067
85570 895955
21084 892788
103789 936109
97708 851859
177531 893154
181076 970179
161681 807837
196935 904815
28986 843423
193320 969513
100456 875761
123905 956748
197095 946054
76880 836177
34495 922062
87322 913637
58084 988721
172802 918927
59926 839356
54752 818503
99449 991076
74956 931661
169936 902603
37875 959695
134756 901178
186335 888526
150035 888665
178409 932744
59488 974327
86329 971584
173736 893384
99423 800002
66773 986485
44925 850385
81277 826307
141102 933703
91693 820311
59251 840359
81308 841386
129989 888082
98056 947383
141108 886177
47153 897666
100020 813521
156296 951291
100109 967077
77716 956560
189098 893009
82244 916888
121720 933589
167318 812646
193521 885767
189772 896861
63023 836341
17103 871738
97437 839341
8822 988814
14795 888052
27374 956467
71161 901487
184981 801450
73143 951911
20030 822474
196996 961934
137257 862996
152568 943842
156105 948052
53860 808068
190636 860111
123650 983401
146372 897867
116928 830911
85634 808594
132305 982495
161512 987080
53036 926510
52093 927956
15231 863982
179022 897933
55119 840904
118920 980716
32039 906238
34479 988585
65212 820202
126627 841057
66896 852799
73551 800339
133189 977243
81596 831164
180997 826902
188401 956026
28070 930912
128527 961038
48061 952362
8452 924909
184122 817564
20194 947033
6211 829507
126695 941379
89795 854384
54564 814314
13271 813002
81560 814114
185664 924027
8125 877375
105943 826335
85288 874362
43734 935961
77427 885140
141206 901775
70064 961422
56202 909121
48186 808240
42787 856700
162861 846600
147404 939706
143220 974484
191973 816228
180968 903998
175714 945346
172220 845741
150803 915171
154305 877128
186184 801175
113426 988062
19948 869093
37255 861580
71812 898001
198856 913384
98016 854473
170933 926284
19887 980150
3081 830339
23877 832645
31594 927634
36546 952889
25533 982217
80849 865805
142969 868488
136192 885114
112603 967662
163729 924984
198900 804601
179789 929680
66212 883582
26496 858616
184152 967040
110508 884123
105921 826455
57515 945200
50874 906016
146056 955261
71165 879033
93110 825455
13543 950906
166347 902412
72986 819748
191069 971577
71496 871323
7216 864553
59647 814529
123945 800017
190409 887046
188016 819673
85959 957431
90863 959441
48029 893073
137084 815840
44230 836582
146289 999151
86475 911358
111055 898309
77023 916828
35002 968327
70417 972424
153030 883172
46436 872061
138562 905119
6376 949427
12174 875649
71536 870972
179286 810068
181125 879987
164326 848485
61298 834924
80414 921698
164065 922700
185906 956152
80010 865918
23850 819634
45761 968519
21113 967534
82439 963420
39496 946090
183377 856783
91462 947963
69771 932508
126827 835456
172684 865472
114459 938089
70621 910092
140958 941735
160461 821815
18740 884028
860 924253
24116 854268
96103 803729
106735 862588
2096 972635
174781 962299
7885 861790
2644 991621
52735 854002
92682 992935
83642 824414
118442 999395
59029 875497
164912 883248
167596 874590
15543 969552
141204 810665
113988 946060
24972 917049
140747 896195
163868 884191
30331 872432
147859 900757
81037 911796
47719 809743
50831 982386
33317 879928
152751 821792
81476 987296
194152 842051
2917 920211
137057 846235
157187 862358
190171 967317
37678 927178
145018 809119
129298 936591
67549 801033
96603 815740
89768 838257
196592 812880
180167 887623
112979 875839
75447 897818
147861 825244
52434 948116
55456 836545
59369 917912
56571 855140
160548 875549
17451 854474
186866 937248
13742 907199
138948 978199
32141 814659
40621 978174
199776 874599
65005 903382
191747 982158
152872 897432
179700 926358
8266 821592
52230 835902
143019 954474
182238 961717
58527 803163
119566 900262
74993 820484
108144 811309
129130 907930
147514 966473
10424 914032
159242 810337
84137 935807
194057 887932
6120 924137
80630 893425
155141 947557
185802 935385
141164 852244
172351 950077
105792 979645
174451 830315
156682 822885
111697 867656
150841 912235
107613 957331
27694 842134
152246 910384
18412 890157
72629 842390
131703 803274
38765 989101
195266 997672
163388 877336
77507 946548
199554 855728
1916 858369
123619 989405
47437 960278
11908 909313
155252 878662
178910 871674
155626 889528
164024 830550
110288 881814
78432 873978
187611 917116
110875 823932
198865 827242
90352 961121
98240 812616
141880 823810
175350 870148
67597 950270
100943 925947
147705 894303
25208 896285
176129 804797
9536 845577
41733 954944
83547 900227
40853 907466
3522 962973
71544 883961
61147 919548
70910 971172
27767 891295
88808 963969
155866 937105
11361 901133
39567 834988
80260 823305
198379 951375
55611 909660
62552 903695
54144 855872
190817 922821
97692 976745
54163 978799
114670 809303
192635 908297
13895 900262
8345 900240
8298 952456
145016 961580
85039 933636
93761 888447
25102 954186
150911 890914
15411 844227
46659 976214
154877 987287
16076 998665
107938 837204
195810 866407
154871 926199
151505 846029
129754 938106
147612 873233
39966 859000
169441 825235
123944 908428
199093 819826
179805 806728
30675 946758
95637 826584
101952 924131
5804 921069
121586 943512
9825 946945
93123 877038
42250 847863
165213 992908
107788 907491
88458 939051
194708 850869
73623 900231
38335 817769
99016 984782
120196 897612
160248 894558
27313 924487
6711 850411
64414 885121
21394 978391
65639 850981
2347 995951
95087 940086
172003 855598
51507 944220
38055 857641
25837 832805
104636 920049
116724 838691
6129 820254
60448 918965
11068 825375
70512 917087
77801 837131
9310 904127
144792 883576
169652 914009
65073 813762
29886 837434
29264 971970
86949 816508
175925 889184
64516 802677
57300 810196
195771 827138
70820 826140
142923 847201
155713 800664
6457 840213
66936 888389
187316 976124
18828 873684
181746 897388
177245 976033
78596 801632
35071 824359
121057 930300
2942 886087
73558 913425
137649 807960
789 897232
28621 841505
91827 886607
45622 961026
185188 825233
17414 857299
50969 934052
176031 916110
175627 845009
160556 943008
47552 846097
176816 994672
116267 983484
75093 904856
154025 985364
14441 852774
45236 858276
13153 899451
173055 894046
69772 934733
34530 836576
81182 989590
76855 863514
17112 834449
151178 873774
7816 802273
185302 817627
73072 956281
39892 885589
76386 913627
45699 999664
137143 894762
54426 842897
136751 830729
137380 943503
166233 914945
17821 969485
1605 991482
23848 838225
94667 860729
185771 932438
117087 938485
5051 906781
53866 942216
30498 887182
159442 812866
16475 837837
50911 839623
25219 885022
46763 885246
17195 967033
181051 950630
6287 802584
120329 978379
62335 811285
135640 929472
22258 929618
111477 848864
31878 908117
84670 952470
155899 953138
72168 917853
159133 978067
132214 882099
85925 943589
88261 890782
53377 853799
52197 946016
189899 962211
4220 993937
134489 815493
69328 935390
178208 838358
122012 810209
178987 836186
62576 926614
88063 889312
156884 837131
41770 867149
22707 860634
173706 995307
92062 809771
145017 873402
165684 806579
56550 881854
81689 906911
133928 964709
199742 950434
13040 985204
125470 981504
81294 900660
95992 837155
50868 881116
197798 861001
100265 909592
158758 977892
73473 971423
50101 819729
193092 945978
39078 812265
49510 808517
99337 888323
179494 827696
162578 949298
54590 877781
132778 809545
152299 957523
48411 818800
100048 907047
121066 969368
169514 883145
1823 889336
25587 909297
66662 982253
46624 960936
105529 823039
70005 844080
188942 928808
58139 948757
95281 922112
175111 856535
60344 828510
143555 816821
128904 846728
116386 947972
90693 988805
152365 930779
102139 962179
125058 940796
113481 819005
109759 927649
145972 838895
24942 979134
30938 942450
28669 823250
156613 906290
186105 881267
113196 859827
68393 998014
999 834784
51710 831720
189434 984678
139879 972269
47525 894125
39048 803433
47711 841045
158288 916362
29820 835493
65310 853022
120069 847397
144738 985524
94320 989594
33394 978410
3711 960761
28365 957820
89601 941786
30373 874055
48029 901540
1770 814048
24885 914721
15668 823362
105150 884068
176488 907231
181775 823744
187683 923488
63001 881073
75185 806308
114098 930967
81377 927816
147148 844948
140272 946682
48637 851381
134337 919597
175835 905599
159036 856157
125239 870825
132178 884551
126120 924490
110081 956959
24351 963234
143451 845553
158448 963471
90230 974975
179657 816089
59243 908912
122983 957987
185697 903344
86847 800738
114352 806682
117155 842467
78389 964627
102360 864667
43491 810177
29421 866072
26445 927895
192151 923654
159253 948755
109673 807824
28913 849962
163527 840309
101559 892236
68945 920065
34507 884539
90955 835285
29550 992065
67981 972342
27123 942198
94298 836584
49866 855723
49003 964720
41539 912570
31320 870498
169750 834267
168492 932594
164787 954448
76519 947159
80813 967740
161709 934254
38621 943803
62969 992547
145 938748
162317 898989
28788 952915
164059 886598
6615 841065
36972 960103
36140 832828
162928 974540
164576 938221
61501 906243
69659 944911
144329 880235
184973 820367
79203 950329
7704 893230
76482 944745
168735 843925
116252 864386
147379 999415
76531 927294
160498 818763
90475 999303
39502 812914
186421 832146
65293 909621
90681 839609
87681 993970
177669 873283
126691 970334
141067 851855
63674 961283
3533 881402
72471 989950
67260 908852
75908 965244
38648 928895
6628 867714
161817 821372
108739 804129
113070 801792
191572 831446
46063 820905
183925 885694
52036 851096
196572 818683
135297 993637
36366 808878
187714 906071
60049 867409
91395 895050
79208 853128
158200 897616
171932 880505
127980 843221
63574 942604
92020 829039
171638 904585
45795 839516
139048 876398
138373 911608
64499 901014
88070 884224
174064 857894
167834 845962
149254 818262
179465 877750
83322 955991
38422 976482
181518 863928
151202 870836
104284 827437
78173 972139
158629 868464
116973 801015
81685 911740
19076 817447
51044 810387
80845 975461
150101 962849
63916 946320
101881 872632
167456 895405
132814 940042
77934 859654
75918 808598
111998 944648
146959 945401
60543 867941
133871 902804
34414 869412
192260 972450
51125 944123
129160 833648
86898 957812
132959 924188
54668 944632
78814 927891
166110 821193
73964 820123
72809 845098
9841 982429
115873 818007
149145 877053
167201 926140
70635 967273
155145 854857
152610 900738
140981 986219
193113 890429
123890 847935
125776 879106
113782 953574
119049 842706
128382 904317
121469 910819
128166 997740
60413 992260
193277 906994
159697 848841
194224 986518
100014 951311
87350 982839
193489 940224
158555 975849
39125 980429
94863 857625
153600 976736
63166 952452
169470 972217
18176 943003
101107 959246
50541 843048
6148 886886
129844 801045
129660 862140
106082 984776
55578 936058
87857 920973
73371 907920
40111 820619
74699 989603
14579 914333
142965 943380
189777 879023
19410 916539
108117 919342
1244 898758
141222 850072
183874 903658
95861 919655
94724 955122
135389 995609
128453 932905
15083 994235
75907 849362
135994 953105
162420 978613
62513 818058
132289 862781
132190 907605
119348 840307
79344 975890
111124 862503
127146 854519
5365 966043
147060 823424
105899 943904
90248 808117
81747 832458
105823 806723
36938 814489
72198 948999
120123 867235
196926 921403
11539 840961
134129 850563
84784 807214
80977 842591
92377 876403
69668 949926
110819 868522
30530 832486
42044 941066
96504 945079
123614 834162
128593 845052
162918 890473
135969 928259
130695 854941
94061 974225
59099 936885
170903 818855
106567 893216
17124 860974
47317 833539
88588 944628
182311 919457
171670 945537
24135 843395
58859 872456
114028 904961
93189 911342
176517 862563
119571 881271
104607 961208
188678 840038
18170 892069
132703 830485
46528 954308
157373 905714
151107 927256
62130 907051
179670 986190
187732 952515
1465 927847
179895 994904
167479 825050
154960 832788
144558 802169
173946 998451
198508 982969
46785 934515
97134 911380
174969 870938
25715 924015
12297 800060
39627 948092
43731 985300
41774 880857
124284 924425
34573 840118
100715 957633
7210 967208
93769 869094
125514 853842
84692 821648
56404 816245
109978 895306
132493 849617
67893 893908
139760 815203
34719 927131
20838 951932
198041 954911
8549 864825
158279 925743
56055 816873
27696 880749
54442 842578
8196 873670
100136 999431
152520 913590
180946 927667
57966 844477
146198 876005
116615 861763
5579 975308
145412 921802
147523 908121
148234 924909
162042 942688
135484 815531
46651 854204
168476 805192
189349 887889
61774 959666
231 823920
103058 972903
86670 830956
41876 896054
194550 919410
164996 805188
118937 876736
136962 941436
64642 984637
55930 962407
122345 816166
42851 884405
112454 937327
139133 944903
76453 953860
19149 802146
23054 860394
177186 967077
79596 931716
24884 925596
132832 949724
64875 980302
183849 828968
37143 936090
71243 925522
171131 881136
161303 889605
112648 963046
157339 982976
24106 905732
85597 997629
4119 962927
674 826359
10333 907843
177093 877006
65083 835708
67444 947437
36676 813328
109048 848679
194846 933863
158923 855429
171959 997514
139011 914795
68760 878785
150566 832932
123072 829108
148070 808138
75063 957755
33349 937036
90310 846989
168948 866628
95183 854864
126838 889444
55576 980999
105480 905436
108175 877574
123760 934402
171417 997461
104213 883722
143290 872913
26075 816340
60301 918135
83878 976516
78682 812091
23182 993398
95713 928623
155961 936468
19946 898097
20946 971234
115130 809544
61611 846108
182587 962699
13784 854839
138025 901060
37069 919299
109954 840905
76695 846282
18707 830465
27412 975184
36554 893036
177293 821256
14386 807385
104089 943683
175880 848842
128153 922678
187514 846326
101824 890884
182485 959029
71611 997138
145088 889832
12524 888961
107888 806921
72833 808966
152725 958628
92212 917298
112477 897663
137690 890254
104826 855192
64462 837178
94011 950515
191694 914158
16252 829959
118483 866215
107029 894214
45467 940362
100293 849940
61173 954683
67245 866029
164181 981442
24936 894350
122834 812738
157866 918326
98026 861320
154944 914236
66438 936756
171085 985115
103185 944874
3252 873416
34805 933532
154087 809461
24734 991068
193808 802591
7660 890283
63891 953404
90947 877370
16773 910275
75987 831672
9518 835978
53972 855530
120004 816824
141153 833852
144793 837057
59327 914209
32107 830525
130452 894065
79351 936749
4007 925827
170621 950715
189213 889491
157813 868884
29360 888200
160821 870438
29226 845960
16079 971255
139084 885068
14383 838603
140921 946206
191511 935800
81803 983614
108288 811513
29142 858341
83726 914768
62866 998123
67205 921256
174409 804820
161844 936509
76759 942348
84811 915075
136191 903676
23915 865872
51966 837067
70175 992908
23884 835128
162767 967832
83881 808348
188623 988479
112939 870985
103235 909596
99176 844460
165011 871143
39974 861856
142538 801544
18904 967392
85292 898702
131206 873848
71874 957188
23239 943951
138294 945131
39157 969591
14606 879442
33845 824427
21785 948550
132725 976097
38650 994845
2548 978592
60743 942595
141023 907864
199293 958230
116771 885036
46398 969739
171112 948873
56518 843176
154842 863469
194336 847102
84312 858792
195251 899698
198463 833251
28065 997792
33966 973905
16028 920673
117546 841122
82389 829303
131181 969718
95331 823012
175985 873990
47379 881975
10632 996526
39497 903894
127163 933129
99179 918830
149033 841246
174114 820002
45884 813086
62571 809372
183941 823761
72972 861967
183682 938154
116718 837380
138825 910306
36652 931004
77589 940953
53066 843914
185906 965821
14337 963109
109007 973203
88217 915101
34125 862065
196156 968814
169643 810857
155827 913615
48318 870744
15474 867534
62021 841189
54952 847507
164452 829510
170274 939499
67007 846096
102644 920705
105290 963920
112725 876337
150792 972762
72497 982986
12239 807656
130952 856723
134424 812571
43009 982925
30946 960640
157338 829064
69273 849484
120793 878551
129537 976423
128299 888395
98883 835513
194211 833736
118493 939276
108222 814548
14428 807370
184247 947204
117911 857614
46461 926129
100460 866338
174674 891539
67587 881043
148453 936922
26205 950322
5397 913483
124677 968061
34446 848022
85342 999239
163785 920811
163670 903154
12442 993476
534 981970
17579 857861
10362 848461
119062 880719
155901 827048
192497 850861
25260 832653
95893 852983
186094 837814
115366 843315
14846 897751
27816 929889
120659 880416
102429 900579
27061 844538
85448 923315
100815 851711
177990 893479
3926 967605
20080 993993
94217 993993
6602 945640
136426 995399
82412 834810
199737 890598
158954 809523
93342 873589
58727 825671
30694 851190
156164 813520
3690 886409
79124 887619
59557 816786
13023 984741
141489 824254
25793 810722
153524 905712
102830 888195
98370 955309
5618 992646
167015 982194
112864 920535
185708 911228
129681 990624
79355 866510
93084 842940
149798 885803
36798 971437
44934 883478
98574 898119
90323 910923
94160 950033
134020 944216
177640 887833
99889 882657
4865 985329
58923 838049
78284 883617
125304 929689
3929 878203
192835 924446
82243 864148
160208 999638
63519 967895
74202 938719
11523 870007
96910 881385
51657 991639
77227 845613
110040 882286
178466 880014
157559 882628
182074 875527
8719 877648
170743 984067
87408 838150
44909 875626
181772 869239
28160 925976
196118 842290
116395 982669
148031 949515
165324 875423
19545 981518
183208 803761
109918 920379
106165 864082
169723 871680
120698 810660
45620 934013
192252 882117
50600 887640
175069 886948
54420 908559
11610 992965
196307 815241
101571 907052
192077 800306
88580 835304
60834 835227
133415 994411
132986 812111
37003 864282
165529 951781
144477 800858
138859 870377
84707 860014
95475 957355
27191 810364
87821 956213
7067 939150
167618 937503
25033 982172
82489 909334
47282 829220
146950 829030
88017 974441
5833 810998
6643 868260
137634 843334
161270 871847
159956 908639
195136 811157
65984 993570
33900 900259
121525 802924
76086 984483
81800 867055
34069 895354
16780 825348
44250 956010
37436 942867
198528 893510
73934 966344
178901 817739
143609 912008
147293 899956
122248 800075
12320 827466
77463 843966
82506 951439
116763 898106
38007 993842
178516 821444
157319 879223
77344 986337
177121 975389
176921 866504
181718 891333
74313 974072
39509 880683
75910 967630
177175 865099
20422 927222
169482 973909
7497 976490
102368 895842
152620 837682
104822 974504
119946 887772
5436 929850
51495 800449
25646 943047
25212 999604
189370 981041
75447 889193
95647 968681
95877 934417
43895 927721
164582 969177
78570 832212
24453 913354
40827 951545
117326 988211
25936 934134
6254 980064
13459 976814
71560 994892
110461 969558
40237 968556
104485 869054
154491 863295
32984 928803
68730 811028
38417 986875
142548 840027
143076 959271
49083 874185
140477 808935
113567 880564
143040 920150
68789 933693
148608 911176
175120 842401
87587 959572
108372 803566
195414 884914
129853 877104
172199 987941
169346 930312
63621 819520
91256 882401
91513 901357
103455 965909
162024 960567
165774 888911
152374 943648
48082 875048
162823 867754
81002 992652
178290 889712
47645 914860
112389 909747
165125 888819
45224 871188
73376 936185
181335 880933
78763 842480
50739 972914
121522 928487
157931 937208
96532 904934
42094 926466
192077 814504
53425 840734
110018 906887
31560 855209
140765 860464
80094 832372
55983 943089
113176 867145
131697 802196
183608 831816
24936 857506
132669 801509
188651 993743
185703 958662
100503 884988
58409 803212
51143 858702
32317 917077
24696 853757
18896 895904
139491 935810
132097 825149
102216 875967
184586 923122
160327 990539
69135 872374
24632 886565
170960 812053
52194 819674
54702 920086
117241 907985
100042 948269
163790 807394
103123 975260
18748 812746
159255 913876
3335 881982
63151 989066
86199 853511
13434 850845
70108 917518
100129 898324
177917 992539
137125 906531
120787 989164
55666 886465
131009 954236
159497 904039
73152 999737
81580 989090
14739 933697
60436 906927
73422 866437
43319 896329
104724 906756
132220 833614
183995 990920
198252 806545
92649 886525
104893 944717
81647 864950
3993 875585
188060 890881
98434 806821
151240 955855
190974 844927
56612 867138
51859 833506
143162 998962
141121 878298
39632 846251
121393 853051
135560 892790
126254 850327
58995 873968
156039 961362
193609 892613
84355 852284
96156 906225
113358 987539
108055 838706
140347 800012
176963 979955
4460 923881
143517 958893
49658 886241
188182 871277
126483 949953
11160 882944
55494 978313
98411 881671
120860 871487
154025 934341
2178 805157
154551 964321
179028 848102
105207 852143
13350 968626
56236 923573
197827 917540
144295 810303
180445 924435
5278 993069
98240 903637
95065 815346
105388 978512
104166 902738
91098 870784
71595 864124
171904 971978
178040 991460
164948 939710
183030 935437
175392 806314
100428 815644
32693 908633
186990 831414
90318 912173
31548 893300
92396 876733
139634 848827
40397 880241
141015 889493
153615 947847
76508 849515
59260 914225
85844 890275
69611 864791
119671 804706
160123 891281
73218 945825
101813 963232
67444 933565
197825 912538
22132 996064
69233 860499
102604 966323
183636 946048
2294 862829
53822 854825
1494 994068
184887 925850
119257 964805
132687 838863
112227 986506
169617 851321
124066 826024
102923 946699
117552 965631
102302 839029
90723 992976
71281 830191
199932 964727
162933 959347
19391 812833
38280 837052
89976 859883
44811 960040
150933 901184
2070 891742
125444 854523
51029 944487
176621 918140
38740 960887
86890 948236
186034 968039
9160 936733
95591 812972
169123 961670
104568 923501
185675 947637
19099 833094
184319 894344
139874 906845
22203 836757
7663 828944
136256 935048
136496 919332
76873 811026
76802 837019
136318 819519
92152 892020
81167 986439
144559 935016
179500 931788
99605 944359
45701 924764
126109 967473
78276 983138
75635 865585
142152 895683
167627 827387
22974 963993
22941 933865
15472 804124
120195 964269
159413 998415
18808 952198
88789 945608
88602 962411
101767 945771
7825 836107
189805 835112
151585 828016
44048 823500
19771 992256
25642 902115
8332 971740
2331 988274
155800 891913
157845 956899
176154 885995
167234 806010
12771 903581
122113 894134
107118 978749
48717 896062
113655 940570
82675 858816
62123 894206
105454 921298
111472 924851
181827 803723
41404 901833
182874 937873
5229 852835
181805 820044
20832 851664
66125 932975
178955 919735
59915 889404
321 950881
21285 959686
143376 825238
197447 872326
16268 864967
167995 959231
11448 975534
118770 879114
49582 896371
121398 819302
10332 923978
86179 833591
168700 839849
47479 918816
180762 970227
12487 985924
110679 977315
45295 960607
148150 963100
185742 932835
174279 934465
105589 888495
162158 873693
82456 851873
11223 867177
146154 907898
78098 934937
118447 939504
65673 831703
154238 893439
196344 982820
141669 991846
105338 898708
71687 930612
20859 973309
50731 934273
131368 922612
133406 910786
114311 805864
137283 990694
106033 985039
137271 871201
13798 951645
67337 905341
49326 842656
174532 849936
85999 985838
74354 821999
19964 927930
56250 829531
146398 870218
7267 954015
10895 824510
2529 853547
24097 836191
142769 873808
115670 937449
89931 949211
37820 973877
140693 825990
189308 997486
1169 997835
131045 829791
176249 994897
128472 865528
6954 841533
143779 988078
155220 851512
148241 807716
114727 930083
15362 947451
3345 839925
99473 977795
194029 890724
68936 871928
57048 906548
3389 830836
78875 981181
114985 884044
37210 912010
49694 884161
82625 995468
154635 931630
199644 935784
23529 821655
20418 988883
170529 805336
21828 849026
69235 883151
188181 866803
174467 971700
131077 836371
150388 837806
77328 907934
95899 878333
59314 830172
84379 876681
114267 838249
85009 834223
33510 893031
195107 993188
142072 867947
134043 819614
122784 924803
84558 867814
108951 848903
122684 889787
134476 929831
144909 821681
151387 887430
70724 800282
199752 863021
48290 842343
31402 835784
16233 928493
158538 998584
43567 945252
130072 995852
11558 831427
25563 872245
140236 886409
101720 804375
197575 967173
145025 919348
176736 979137
140428 993121
174342 941745
170164 903387
41679 842299
151304 839201
144551 978134
7965 992707
26922 833834
13187 828917
23688 812437
17964 855511
19376 918634
29619 810168
101212 954629
25185 976713
139574 900459
35980 896335
116623 935668
7642 877237
176974 985769
196860 926706
41196 971978
139678 901072
32330 839004
148535 848159
146556 999698
36104 844603
86899 943996
187860 948745
63984 977556
192035 898812
13174 898784
77749 847464
146115 949389
114226 999259
141459 924611
195378 868927
28978 806649
187181 871398
178505 947520
105018 985277
194138 963610
181149 912055
119047 953311
193175 869724
187994 877886
164703 865894
135040 839931
123433 841028
175952 968917
26709 837027
157467 851184
169479 901778
125795 841964
111926 894876
198575 836270
79987 958245
45727 959335
102481 901790
104042 961545
47113 840585
183330 885583
180670 936099
11257 913212
56271 988529
134452 887448
137266 898635
122145 929714
10270 809387
184595 914837
160554 914139
104514 899778
41978 856191
22030 950504
171299 875706
14859 918895
13537 883344
199033 957525
158862 837438
26127 966392
60960 942231
124882 928829
136085 889690
21157 824479
63339 850247
176404 865723
21148 877961
20 813561
95008 961766
125475 957239
130456 874503
59655 979104
103827 868570
165553 995821
13425 806325
22604 895409
190475 992062
5626 865290
91511 940508
118420 821563
160058 801913
167972 833075
6812 808448
36636 856126
31280 945201
130302 816511
174314 945197
178368 844384
124815 969487
174732 938371
116622 951486
191424 866375
52676 911487
163584 943299
11099 927560
59733 977376
102683 903223
150026 916955
186002 833203
101623 970728
91078 806465
165572 896812
58959 956319
92224 845710
51714 837729
183857 877264
149498 936586
55305 995865
113939 840569
46509 849455
189525 813290
85376 815662
8723 808352
28914 937139
12054 889971
26559 863297
116738 894527
185592 949423
22222 968032
141163 885510
7823 941125
31333 835399
160516 952829
181985 963983
139224 804734
178232 883580
180813 831387
64481 811966
104329 989978
66165 893366
122689 894534
14970 948397
135577 861258
52622 919098
70220 913321
146407 959496
68254 899534
137947 843954
150752 994165
80915 976793
154408 831070
186705 978793
110003 982003
54364 912531
127178 814125
60994 846573
194842 910568
92003 804258
82630 983261
7638 912721
44219 985705
151230 839241
139707 966095
198870 997721
109370 804884
143099 858277
67986 836068
152229 958653
174456 810877
3790 985152
76288 824430
107961 957883
146670 944693
104750 811816
182117 950235
79865 828213
96969 805001
167254 922318
194027 899742
94493 957740
103414 871722
124221 883806
15798 883058
166219 892473
29011 831594
83442 887939
182401 880464
60114 979417
131007 941709
108124 800120
179570 982558
149878 953675
36001 927207
67090 837961
144513 893931
6885 879543
175449 977432
75818 856674
122741 880454
102079 933152
80860 846242
112216 892845
58572 851863
158750 989013
56675 953071
192684 980252
15278 848821
20237 819913
177768 829830
9291 983138
109813 995140
193068 880292
56118 965419
136877 934217
115121 820080
111489 921449
28644 886166
70929 818341
55473 849099
39947 944106
19777 868503
193042 919921
88040 857116
28650 912632
116700 831206
186531 909777
133156 937032
185213 859816
91217 838850
51834 991745
194400 986990
14253 852373
165886 830544
31612 830360
122161 894854
18303 954257
91933 930124
16526 830283
162040 897884
27210 945813
98647 878731
87468 919634
56256 842440
93808 907515
181490 916870
166774 963308
153590 895051
122220 883343
24630 988400
125081 915895
163274 845004
183398 879145
26448 815284
101613 937787
169114 988734
27060 995041
4976 842280
61377 889340
59379 863238
127425 895957
142334 929862
192831 821476
36913 803681
68657 864576
171732 857148
130000 998682
57902 967344
86426 891928
74909 997318
48298 832160
129783 874390
37156 984167
61604 804137
50011 956081
60772 964941
89853 996515
154728 991002
32495 863277
7983 989229
178416 961518
166000 913439
50486 971051
136817 986455
56937 822516
163752 925280
182025 895749
173077 949242
48310 855317
23461 814616
166280 872724
100432 995520
9795 953898
81200 966093
76602 931198
84491 915498
45030 987727
194027 946937
188701 960983
102941 974313
43058 934135
94497 855557
9222 892863
65919 802378
53079 892819
52733 954067
38439 839064
30405 945531
167507 969008
102263 859879
191734 854618
96049 927468
159981 859854
34952 939286
75463 918914
110148 809361
180637 809679
67149 928718
65666 812489
110706 989449
78974 819603
167551 890993
32896 973829
4025 857565
12193 818570
110043 812673
121829 921322
60881 959896
73239 943690
105399 901890
12904 889217
41325 967886
94503 858578
89795 936925
134351 984352
47827 985336
85151 871673
120632 996047
107639 972107
69503 912263
130274 967634
58954 851006
13174 800848
48232 948868
159956 979867
67213 990097
195070 859242
57180 803644
117535 824262
62271 907431
87323 818850
106015 998966
185654 995175
6574 946325
69145 902387
150540 918811
64257 910445
154691 984312
186305 878612
93229 966590
119894 901417
21049 828916
93995 937849
33734 939298
30997 887296
176265 992748
78342 808694
39489 983515
2976 837319
137963 969903
109069 968228
18747 810074
7794 879528
147835 945416
197806 905194
75480 980274
194875 873946
72047 809187
77194 818831
51826 842254
104269 960126
38113 820350
105618 863741
59950 945475
111224 867164
96162 967983
73583 811930
110787 895402
132758 845994
127345 990116
88414 990591
69414 838941
81398 895022
83735 962814
26631 847785
157480 861075
28680 839633
149636 826093
186013 910699
4784 988585
23158 965322
66956 949905
160879 904569
65179 833708
119703 914492
30732 813604
104284 980518
88205 814386
137879 916850
44917 893925
133355 888398
148232 966474
93744 891396
133805 908415
141506 918320
109557 911686
12654 807809
191743 912589
134098 901170
48684 908608
137435 872810
23763 803624
169548 822172
119783 941294
144287 916572
105654 800810
5832 963859
176575 970491
100823 902692
169141 959212
109090 937845
14524 817466
125537 984623
43273 914242
101295 923140
159716 841817
196273 873110
107011 922141
77195 881151
27156 822567
72172 916873
154721 896478
155176 873765
3579 871263
102665 826111
165278 947565
143575 958618
125518 807284
196082 892335
105813 960828
112278 909376
108306 898833
148258 856151
96210 913604
97959 944896
51750 828812
8368 864598
172506 832493
193287 813428
38466 804011
103964 914846
193506 818772
152023 910210
116089 836270
193249 989163
122480 932513
98403 836104
179602 862891
123776 857318
12135 837702
44594 842186
169775 947168
107759 868957
197486 803515
20711 812218
105312 831668
117502 804927
114228 905217
86513 939051
198575 981810
154746 900494
144104 886247
72943 999935
173700 950695
111565 841307
130482 832485
198335 967158
122526 869086
160211 996151
139984 839113
33482 970312
23735 994820
167974 901285
2196 860782
96837 981376
110027 896867
116166 981452
163703 930569
173857 975112
15517 941386
112049 922781
141731 926933
141671 896427
83311 854970
154242 981653
151876 962546
158415 845156
27677 979727
28260 988081
163483 902933
68340 843828
192745 930681
155151 886577
35644 936726
40917 802782
135448 812027
27330 842326
68743 915281
25701 961095
83158 936196
12987 972078
106986 929297
151374 827805
106293 805537
76025 970167
173540 885046
161385 940197
153782 926236
828 963615
22676 998514
185679 823646
171609 963054
27698 889388
155197 912217
59645 982596
121744 905894
164830 911900
90354 826559
86208 842770
30855 812923
97780 939524
181907 976763
64380 999395
48773 823700
137202 833287
99229 988978
57852 921646
20928 949523
185156 898072
3589 952405
94739 877384
130628 817731
39835 805316
89373 990749
138584 851577
153620 828076
114621 923919
37068 831511
7121 881736
7902 953896
140403 859245
4957 941136
55591 928728
191822 925649
183892 827097
187764 991066
100271 988773
185886 854668
146391 817143
5318 838440
195614 893012
162459 934225
66296 828372
95396 938400
188785 800074
57137 928552
44237 833469
44223 848433
48404 828445
120954 929742
31946 813609
190416 976979
67142 868587
119079 858880
140761 854133
192577 915838
163198 872846
23296 843921
86934 979344
108209 957390
55867 906456
36699 991177
131231 867303
112980 999711
44879 807985
170004 877161
156871 860287
55359 989977
114871 988516
9718 969260
181597 890212
112595 849530
181684 865878
116635 924054
193281 968610
129114 821587
6811 813691
162187 975120
195894 879042
159290 859058
84393 852594
115804 836067
47206 800995
191720 976169
7662 819592
189127 825952
188600 868429
89195 862000
123305 917184
92032 920669
66168 823816
119528 954306
72245 812453
103853 996138
50284 922722
9071 936452
81701 915774
130435 816232
143539 911062
66980 896072
138400 877305
160450 991257
180421 871084
124117 997260
38976 883739
30528 877242
105440 968929
175956 905200
153514 805189
160733 857969
88675 954654
123590 960314
83543 977591
30160 848424
31042 813869
83266 955437
117787 882564
144815 852421
196960 891772
14653 891588
57261 989477
17878 800336
55494 977709
46619 884367
184376 981491
186744 894500
180197 800700
55696 898779
11275 897419
16827 905770
136868 863999
154789 911733
15545 899105
132031 935633
32933 960527
182611 804236
49177 968566
198186 896801
52611 954679
198020 924904
66646 944417
10789 884045
172390 804836
102855 996991
27674 949509
84100 903422
79724 839323
147248 933511
152441 888197
33525 824036
48508 809793
158184 980026
73255 811133
67677 885825
138086 881984
24980 935410
20581 952663
162952 967321
57644 835847
191517 816182
197959 915369
113460 942362
10162 897944
141384 815186
91296 810798
62141 934434
148870 880073
166843 942903
186975 896753
177090 990483
144631 837594
184101 834914
77862 842233
72301 996815
6905 851659
139381 814505
18206 989285
188438 848786
43222 987800
99363 891576
76377 808334
135904 862770
30386 857810
185448 987212
142637 865911
5545 820200
23579 888364
93705 834196
155582 805937
182821 902642
129364 961057
159064 996337
146871 930408
134114 801721
106393 816752
132128 904451
27071 829367
131224 968932
171272 841332
129108 920059
104157 811003
47682 942909
198073 975073
133695 827417
42052 989483
93383 828430
125662 886802
51964 920969
80195 932964
57353 938966
51378 880388
188707 971948
94449 984535
86063 886208
151765 809302
145146 960081
103700 928867
125626 833555
85545 956648
68659 976517
97533 977879
94035 863272
8325 933476
37531 844270
36101 844743
19601 839000
165465 929627
149748 901230
127728 933009
6729 831029
130144 847041
178702 967930
108613 829472
40779 972529
65807 919857
108834 913199
117403 851956
90713 933172
44931 808819
146800 993408
11329 984523
17924 845803
80727 939589
74212 885343
88278 848298
7716 842931
9781 897691
33436 942591
191129 994900
168599 962862
36824 987409
32139 988958
124856 980090
23702 890018
177835 811416
178952 899080
84003 845820
177301 855794
782 971409
196310 860256
84986 804101
179134 881804
111956 848165
101288 871215
82062 996984
160326 824768
51439 842330
8546 867827
105303 845217
188704 860679
67882 916525
122353 928305
150296 802060
187833 992351
161040 830188
138238 804325
162488 825900
25210 981217
63705 967322
98951 910257
59946 888208
18414 951240
157584 959384
139607 982609
42204 859131
75905 984067
34130 926573
156053 833397
25199 809819
107962 920080
125284 973637
104141 950985
86768 813894
69252 824006
99845 839105
55464 899213
145828 862056
60469 843701
67839 898630
111827 942900
197440 949358
87973 805813
167621 996645
34451 900284
91684 924440
84290 848024
125423 854480
43149 902867
178831 914763
122456 950333
17011 993201
124219 964816
121740 948383
192314 871480
120632 966804
86892 969583
14502 962025
51490 888696
67482 964718
24032 841328
131244 971211
178528 860830
95476 962109
172540 957131
91328 974362
57963 869030
97051 863101
47325 849302
138263 890005
95021 826126
78444 881884
187741 970416
1902 933857
115794 942866
47554 841948
199126 953800
90381 937267
184477 969225
23846 929643
41309 856347
65363 919661
150136 804173
99702 917142
51605 837793
161163 810898
24347 823764
62606 942357
92959 911074
6600 937622
17436 960756
184095 946953
78919 857715
16957 838358
120147 915868
114660 944088
146969 898521
166821 943630
55447 901010
176778 869462
175767 977222
107590 867291
168063 801684
109563 956589
32183 822562
70277 942948
75985 945978
90715 980283
198274 905295
141175 994839
185872 913897
92883 881609
131647 890373
93404 972415
198661 801176
138049 833457
66635 962243
163008 925529
75325 832153
133509 960262
186702 859031
199824 863832
14723 805577
157041 995060
46276 916152
144096 849268
56700 857081
72641 872013
116222 905596
34834 809992
56284 996065
25399 831975
73085 933736
194963 865761
90473 896230
94262 800264
176951 885911
140553 992997
199588 965385
183614 896808
51023 978358
115654 902468
32525 821031
172337 981378
153293 913434
94979 988756
2578 936273
75326 861558
121842 860463
142225 959846
165995 932329
59749 976273
167519 948649
79192 949304
140531 962120
99824 920049
151765 819445
57179 856582
25129 902053
79159 854044
26533 922455
33389 878621
194087 881466
92848 865134
51713 878123
145505 855096
199332 881327
102782 800656
121540 843949
70918 893617
170321 829148
139517 880816
123237 877346
108606 801132
94911 954303
11979 824415
101776 801970
184438 822872
65369 884210
184668 931996
112622 960796
90403 954391
186771 842166
104494 861223
80772 920422
89425 823205
172572 927974
178784 957951
104552 928512
161296 803473
173451 843366
4218 850799
179697 892924
137509 821432
96202 979411
5634 956568
50478 831313
90736 978201
98753 825871
74428 886663
81482 800481
93128 971859
85758 840438
48265 858907
87012 852990
24919 837040
120645 985797
154815 949054
109592 936460
46938 866451
134645 994901
62547 800517
78404 866568
172298 855226
18364 994140
160816 860830
2090 844678
142248 872002
124194 945615
93657 836873
23431 936449
47701 843841
1810 832718
140922 994958
181741 887886
38645 968903
50174 975532
86925 961407
65276 971801
108875 986488
99446 814371
106338 846155
168937 897389
38534 835638
86316 989027
179431 977290
178144 895896
26181 907116
123641 931948
147747 849659
72205 854188
187167 895293
177617 922180
192002 979330
1150 918166
109399 934236
14822 951839
152154 929550
170606 997619
95579 972033
9809 965697
147947 878306
120900 925993
134884 860245
57886 967891
25743 905825
161431 828405
188255 804355
13351 976311
23161 819208
194970 811721
194548 932115
148628 801541
17881 884465
26669 964095
155294 875694
133140 863298
159949 824055
119065 982961
47048 924400
131177 896335
103649 905128
135479 827090
66513 850020
61835 820987
93203 828576
26625 924991
166524 939001
150357 925294
34746 989651
115314 825547
17708 848402
186829 800038
127962 976358
102321 861337
153963 900311
102027 827247
181853 966053
148162 826612
61126 938136
159545 862261
124247 990411
185190 852771
16006 999429
7112 929248
62398 988401
50042 857004
74963 820848
196376 991977
132593 977411
101935 917669
32472 989312
34067 937408
109292 950476
85174 879955
113364 815360
87810 863198
122657 910645
183957 999493
158662 902384
178649 847230
128663 845473
155475 986981
103621 985714
2302 828494
119970 888018
27024 945688
66896 943366
41977 906330
159388 912319
140497 837742
89045 855798
142905 883764
33385 956689
65067 988608
11673 826794
148940 823001
159691 861689
94752 946116
179061 995704
136906 885284
130901 942303
62586 933717
23909 817290
189389 886770
160979 841238
163390 955523
92541 957614
159590 987055
193299 867435
142011 854290
150570 910700
80777 894816
103477 868907
79590 819153
48075 954221
153940 860688
110911 866290
60771 860456
38169 989885
4652 976318
17620 876051
67766 802569
103302 988574
134041 979055
7016 947397
100297 819513
16169 896100
148029 933841
96333 811923
13094 815135
75676 811727
138840 992860
137743 957446
116546 977544
196347 893697
64793 827623
155184 880829
179288 833379
45566 935294
194518 807768
81603 810338
156781 996001
80434 881101
6855 842193
175924 938438
6985 998152
35723 808848
88823 998806
120489 907437
155760 945281
42804 966778
161128 869424
46889 828091
128699 869988
55384 996330
20466 978031
98476 975387
163107 914938
197481 856260
151591 840866
178629 897302
77534 800150
116496 855724
62792 898832
39857 907884
162979 880396
134442 970492
110689 942626
61709 945491
158430 916900
73892 898190
129944 900099
107672 898484
136732 902683
109643 883105
51430 947962
12512 912394
63226 822025
158287 928161
171031 968989
108308 915940
20853 811799
62387 865315
108421 906395
170232 894907
142558 902546
180278 965107
32628 996977
197506 968322
29363 852458
54199 888622
167207 981116
53517 863455
60531 902090
32809 895067
86076 911837
23617 868108
157481 993248
199815 848377
17891 801415
194128 913522
186581 960863
162143 989771
149947 979071
134678 855399
87992 906104
136517 964616
165046 959736
29609 859272
100839 938907
123789 925299
71344 905432
91208 853598
52080 973657
54844 901814
160711 919800
144019 816446
68042 974508
119206 972277
188007 821835
113940 909859
141260 844585
50910 886948
115487 897419
150566 823713
20785 819356
93071 943297
152537 983713
95557 802922
195748 883735
157384 849636
47178 924889
138676 889611
22769 835719
149071 977629
21670 996108
178892 990906
126126 827290
16045 807380
111419 993639
7254 893134
108689 953594
180515 925211
186974 928652
59025 888691
91303 914071
138525 840333
48774 897408
81555 979374
61210 979345
10791 843439
93947 908172
110819 911475
114462 854310
135870 811894
193712 874106
59517 858037
147524 857535
118434 880826
153256 929661
145519 857764
80044 825894
121774 908592
168997 876518
88460 924955
152626 951834
55700 946575
22631 946566
26752 995478
99928 812339
22749 971382
151692 859979
111785 960337
72441 977617
93455 932522
31869 806320
191231 852198
77888 946006
141620 910575
6394 921079
156012 997651
84228 888116
12752 939346
64497 959764
138279 848303
161364 810554
147198 872897
159331 800173
170340 877245
86444 831496
150722 884228
35111 944325
160137 807338
146065 949399
57805 934455
130962 832749
36718 888683
11812 855706
133482 961689
196973 802634
45265 861042
5595 912381
151582 979378
89415 848496
196309 921646
51121 954174
90463 966024
126872 820567
98098 937806
174161 920590
58751 995664
187747 932909
7362 969924
146091 876951
53611 853729
43335 928351
119392 919880
194464 800372
133016 855065
176286 820057
179572 950118
119809 878953
48022 929690
172484 976384
149153 924043
13007 876786
4033 984975
30183 921710
169852 979460
129559 832851
11074 978592
91643 901242
143798 973300
154759 918456
184001 887999
148931 836074
81062 945603
57194 999604
109960 903417
185933 929258
42530 885623
138920 854283
88472 895352
80049 846805
58309 873830
149262 822519
181491 885075
21574 810805
183731 916073
32357 846307
121847 901522
128458 825360
153754 895368
193215 848966
11788 978658
42553 910184
69069 965634
96466 902807
88310 855724
107410 803831
184704 896339
84463 832551
79430 941578
40955 802031
22425 923069
73781 870005
145124 885572
27456 882137
25448 974112
96057 993434
6735 966951
26363 952383
41031 814256
51495 875157
88538 892688
43912 945496
152757 916721
109239 835161
41043 943026
146294 976446
118266 872644
194339 885745
174779 930617
166796 918829
99188 900118
192457 872849
46743 816286
6032 874138
26291 816746
105106 905967
42360 855185
140053 879093
170909 828506
19121 965002
27203 908918
45588 989882
157585 919623
161291 920735
76208 971021
62334 854403
179639 868701
187104 919982
198742 938387
68842 893900
173741 931130
67216 900567
97668 935561
40449 950176
63146 806563
161884 827924
160693 950685
68375 821015
122434 801844
12841 865142
106864 816385
45110 940408
135979 986902
176533 981361
154707 861094
133599 894369
127589 850195
45223 940679
140803 837166
111994 929750
121606 921190
35927 933111
102317 932805
12653 862486
179214 873482
69518 860569
132241 946383
30912 955148
139806 973205
49001 851614
154535 842100
117418 814322
36996 872975
178745 988509
36720 899404
59806 916228
76412 898127
29259 914197
8360 936890
84898 981192
66307 900350
86693 897550
89525 837374
60813 936249
17200 853219
121074 858270
83536 947225
69268 980775
152537 860050
145313 826036
18627 924321
173911 839887
130001 890210
60478 914163
196224 994973
112968 984342
126983 817897
174458 809280
41112 832598
130504 931999
109323 808505
4274 822304
82004 859457
146135 810387
26936 977280
1412 810143
187680 979088
42828 961763
9027 881633
187295 996930
95731 821088
76673 839908
66326 907993
114990 989738
44384 904716
174522 811078
152521 982532
88540 810442
171682 823464
16953 810009
104569 814719
144740 907053
588 947727
70018 956026
119296 857663
25006 821416
80748 926869
180608 909296
120766 882454
14944 943702
41407 895176
88521 907903
88125 991649
161956 961590
62834 866563
178973 844638
20797 812265
97947 916274
78538 869547
70431 801502
24295 899179
184855 899729
896 840245
147749 909164
105625 959477
163396 992582
9628 904738
43611 868939
18879 944968
57795 833025
83937 840977
10899 972696
76526 875930
35532 914615
58106 985496
117562 839003
102697 831670
32171 837357
153610 896486
102888 806015
53966 963670
36802 844636
97747 875186
12379 959250
32684 809980
134276 964295
11750 861451
99880 985678
37819 956082
23780 838560
40880 935238
9759 940308
138257 988429
47801 962191
32042 832830
32270 891016
74109 946663
97438 867585
146513 928273
138897 800595
132315 892344
144603 821328
118285 968465
144787 983914
128613 872722
133553 897966
193069 836802
43854 837958
136510 960090
97305 989385
33596 822644
157154 925718
109554 976015
95697 920565
34988 804734
22522 872834
199272 995969
166996 933786
90370 832158
192868 850896
61338 921466
121205 828456
22728 855996
11460 900386
21147 862375
61664 896334
34156 928082
163984 813616
181618 820609
86450 816862
86859 973159
114192 955373
179631 846817
91160 953339
163150 878312
169627 852502
190500 929043
84467 908004
173265 847362
29408 815215
100905 924789
46236 901339
161595 922891
173821 898528
177368 991384
163657 872952
107819 815455
6430 872185
7993 914446
38913 904648
153452 999981
18717 975533
51425 972207
122856 838116
59204 967345
86146 826913
196238 871856
188871 909981
165196 844217
116972 849068
178056 862935
9159 808666
82053 879633
50309 812947
150600 825713
13461 987829
136452 897796
152537 843323
31925 830734
163902 953442
137150 903161
55170 835366
2253 821596
88096 887624
92795 857525
160764 952486
173915 954592
126615 960185
28126 835315
154950 910768
181918 821612
192624 852368
95814 911041
124739 931564
54422 863826
124191 992911
94962 811216
158097 803396
12902 935031
101656 956862
73512 905461
148444 998500
96528 929920
87997 971168
166953 803926
137826 874102
11659 992416
103404 997873
9847 939835
147659 997550
156426 851711
11022 992132
25944 964362
54922 983564
183525 894816
138345 808764
48584 918203
174901 980420
65963 824381
96897 927731
70498 907130
195028 974781
130853 993340
120423 986638
89045 956316
14882 920648
23496 887233
67444 969467
184856 819447
7725 910237
81311 807190
48945 813098
183930 993540
32981 953831
113504 912252
145223 958852
176210 901790
107492 934808
15914 970770
197084 838899
165054 864431
78775 867380
170109 828094
157823 810046
78003 932067
29606 915637
188295 962143
112716 834135
87218 810046
60475 959859
46351 923799
116900 823614
166456 830261
137711 881166
11469 994141
194876 915679
81202 847060
109858 865070
41887 989072
48509 874263
170308 893059
95946 981924
121501 840219
26836 887292
144469 880511
53895 910031
19089 917529
93503 811539
164916 841471
129920 946065
173634 946164
100033 833059
9831 877973
136863 824279
36376 817566
100401 801664
148247 985110
126440 984887
79465 992720
143635 986520
56717 899331
121234 928561
111685 893855
188888 802272
34122 979424
190011 929879
140170 914085
64477 801423
90703 936102
126979 891066
35967 800415
72916 922538
6440 894089
89736 892111
106144 834805
67192 810691
3416 858929
158834 875886
12623 902293
168300 960477
151322 808027
182520 932511
154192 849526
61179 816312
149197 817396
45704 803292
158269 922681
57420 805235
61364 990553
39467 815879
53541 925200
26635 991123
198802 881244
198057 917196
71936 892649
151826 952698
72049 820957
189608 953966
120196 917983
188591 838344
75506 803363
83793 972131
195740 937849
86695 924448
84574 947047
76943 823044
8844 939927
146008 811875
188961 848050
115278 872391
174342 883144
175042 805870
123418 920227
29241 829710
97626 833478
156218 930321
1440 802631
42879 947240
129022 890240
148108 859136
188910 990929
192466 930717
190594 830691
190976 925352
18163 908738
158258 961116
193475 963432
88140 999442
81193 883375
147081 924464
117815 890430
155979 801872
187229 875986
83879 890558
87542 958551
171676 875943
172828 921635
197815 823690
32441 961216
42150 986472
139359 875543
193672 907963
107319 969799
33160 900377
175991 919024
150764 965940
10473 936331
127546 956288
81316 837731
135530 832095
131977 986179
81497 965150
125805 858258
86387 950451
36727 840260
175358 930986
93285 991838
82516 984690
99540 859146
26895 817885
106743 945141
152844 825858
36467 978415
22639 909591
140629 880863
91651 855944
104781 916123
197189 825396
32728 957690
133128 915916
193839 957350
141245 991230
25861 817932
171330 997085
14856 844150
131384 869365
80697 950539
84431 956835
92474 978314
70995 922293
167013 801831
24475 880933
83468 839312
196315 927548
156805 863923
65172 960827
125582 900399
49073 807321
65292 893550
28142 980040
43202 827478
96919 806258
90085 861528
188044 888140
165923 845930
170800 943798
117327 829711
167520 850730
180493 927191
38696 921076
189224 865278
153866 881110
52442 950646
189156 881785
73661 850274
199197 809627
43226 819620
138809 857342
79024 921599
31091 976078
153463 866366
35292 837153
146751 815556
10156 991625
156569 966787
198526 992860
106730 995244
16039 976442
180093 968147
160821 985904
165604 977968
55786 858112
127933 806956
90644 916221
99476 864485
172893 874074
102789 967159
59259 839809
12077 840416
159102 857336
60950 808532
118759 821283
190542 958170
30205 906928
115123 832123
144881 956238
13942 855969
74353 999445
45701 975580
144466 925525
72291 931470
157757 819250
130013 827375
122735 933338
128518 967819
96891 943245
41382 874979
526 830440
117168 955555
99830 875638
166634 809087
139930 986729
36209 980164
59559 966180
176636 972915
60599 836926
149869 934065
134971 897249
130068 814067
140610 908318
9701 803013
156873 989728
153256 859194
172944 954040
88033 995331
119893 981789
61684 812221
163782 963981
8427 878805
124346 904744
65586 827977
157317 973205
175688 987863
72175 975203
178897 917090
136087 860995
164170 820192
108454 800115
147449 967897
20911 894749
139675 812898
183827 846252
5376 985604
71965 893828
21664 855533
183408 878602
35885 823988
2146 967881
169018 937215
101657 881769
54232 852812
93719 881441
125153 814724
138249 836517
50051 803740
190445 965385
189920 824664
90011 991306
104998 809569
65289 802586
178538 899666
19621 897695
125851 803310
109993 915092
77170 823915
14658 907880
56017 937757
644 980029
88195 857194
8895 946855
41672 897372
99077 855457
192239 957891
125408 810892
172454 811252
189252 927230
76887 897638
84679 922071
148883 976812
37782 895697
35512 891273
43565 879820
145385 949912
87748 832310
16622 927498
30542 957572
48003 890815
23292 882335
54457 974866
191569 960495
125169 822955
67965 813933
189162 994220
167824 927385
119733 946927
94290 968973
118325 806880
126019 855977
151847 999252
42002 807834
62212 958073
72260 856739
43588 911587
7388 912068
39780 915278
195187 923901
78178 831275
100656 978964
136567 937555
150651 866950
138601 931365
89903 819414
194139 958790
168042 808832
126667 856035
168326 993428
195429 816000
147732 965235
43820 828653
77315 940445
132966 983787
31448 830588
28769 844100
61205 883053
165054 888612
199436 916924
3840 879060
66235 833672
157172 977926
80372 932650
172489 837543
99657 998725
134579 950187
69294 923337
126406 806050
94440 961467
120554 868876
73779 953965
98714 834961
152141 897988
129092 905160
158871 894270
68613 842663
57374 815674
49788 986343
88932 924081
157545 930790
57750 991299
149960 841652
30631 946497
10538 852031
48212 828436
187201 967202
153928 893716
171902 962907
80575 811486
167836 966404
81869 839561
91240 801616
121562 980989
42101 834779
1594 980844
81216 837600
28941 951901
3283 839711
197278 951616
180160 944892
79629 953104
179481 804441
122059 865466
10604 965348
132535 942002
2518 943336
176353 888162
81854 864403
79389 930977
66945 887578
177183 851038
154929 867098
161650 959906
104941 817261
126487 902048
154429 993457
74977 993999
11984 822779
129789 833287
171640 973073
68302 806958
2395 869247
95535 899819
191974 862533
185898 949565
111267 855907
23501 902630
131333 965644
92314 866807
56444 954059
176858 834553
131156 818420
68619 912574
44449 888915
27245 950992
23851 833835
167470 816099
1733 814677
37576 974247
111664 818848
141345 858475
80667 839368
36774 918369
88454 831442
192487 935031
198322 823520
149144 900565
185765 911178
143308 968975
85269 892025
112743 830675
27455 862074
100317 874933
53386 896576
128250 851747
192344 931279
68139 976515
106058 879530
177306 980291
145810 874634
98507 836095
105818 845332
85480 905103
122632 849268
183606 876644
83982 846417
93347 945518
34726 926706
42706 818721
188189 910088
106019 992174
114246 981960
105938 904859
49207 987626
104751 986840
188060 917558
75894 965908
55592 908617
149518 814180
140750 981806
102299 819052
45378 840932
187138 834750
132683 864693
108750 994633
35631 805176
3759 938091
158855 803809
70516 911647
151294 821161
19 986511
171352 810824
63750 979916
16025 800807
3690 810513
171026 960035
30318 851613
5932 859482
44479 999951
143267 875967
130675 857666
173579 883351
109328 817509
2906 890914
155465 803755
90887 909949
78929 924820
96983 959723
14065 891705
47676 828687
61653 843466
89388 835837
84048 930565
10333 886641
116718 845674
167064 969870
129395 890622
117685 884767
9340 934341
91447 951896
49059 971686
1830 843402
15689 946501
167664 885075
9806 908899
128821 897668
5670 961110
76476 952187
54487 931328
182087 861538
134319 825647
25980 992602
30206 825142
15785 985823
34818 913504
61015 957910
18556 994389
76860 812258
89520 974467
131595 845891
152730 923263
86224 937091
192629 880518
68151 896707
64385 891464
38720 931673
48931 963554
7102 872005
154318 876849
110667 990522
109074 804617
113356 804745
79263 819049
116156 998373
74929 934818
138152 813135
22739 981978
52094 994748
28430 817906
11820 978127
44909 854405
137071 841594
30717 802142
75903 863325
147161 996238
146532 820176
13201 933545
161576 897890
14640 959131
25350 882191
104236 937616
91899 855803
181119 927749
52926 940474
103326 965284
53411 853975
102240 861350
191529 996780
191257 817967
179402 957273
109514 918838
162867 879159
163741 996961
180923 828416
119960 949417
25391 870257
135117 938804
142285 893597
64609 980059
64132 826468
173051 857600
173796 959168
127512 920275
125768 949480
187283 974061
86438 914673
183737 879858
110608 842967
8556 938436
47863 985490
52313 818678
184778 944873
133525 805443
77469 802339
24829 890400
155704 902977
134524 869886
95172 841098
66775 912523
74114 885429
60708 913220
163734 958488
113978 908684
159140 987784
167221 810261
197482 886119
37109 990696
147791 846665
57066 859768
50136 843466
31448 843170
16455 859506
90046 811756
175310 893559
7960 802903
176570 894513
188231 918666
153827 959967
195698 879838
189533 930554
47897 883429
56147 809276
67872 814187
199930 954828
94898 893415
148344 821683
122789 809133
153011 839255
176602 877999
146638 932000
196920 802274
47529 963697
194864 911050
33371 942700
166576 840951
64373 985191
176827 803186
169274 968992
99676 910800
168343 970264
27825 936439
84875 878947
138752 914375
3919 972908
140061 836855
79864 859218
28317 954010
150630 830101
194140 862521
158005 846800
172040 824309
61495 875764
12103 900085
116632 888054
163047 897955
15595 958172
118769 994921
107792 919610
60661 968988
192804 982203
110442 944247
7449 813184
21637 974288
60396 808484
81005 800149
114717 860751
119503 848435
180088 922438
143337 860169
63135 935867
199824 864920
181869 979548
5172 934381
52907 974668
195285 992564
94711 961514
3678 856082
103632 868765
91211 922940
56402 930064
175757 856648
125611 978956
44991 903340
194551 861802
75321 983356
105521 962966
33867 842036
166429 848993
99453 874118
152053 922836
57442 952340
6601 915646
176787 962985
71041 853046
50024 972408
130337 993879
33211 885251
167776 808085
62354 948410
41072 910396
130832 819959
185506 940797
150149 908142
63024 912119
29352 823853
64373 821201
150306 957114
153753 819808
21839 837194
16816 889654
12374 929065
178775 950035
7196 836529
99783 962970
120383 833577
57087 914257
21497 985043
26188 915616
39228 843903
87485 823027
120626 801018
94431 877395
55597 843134
29428 895349
45985 933040
150486 990904
17743 927508
139338 941287
108826 861856
192020 802228
33527 814858
182180 883488
123124 866544
146021 867932
86146 936400
140296 973150
21114 808199
92139 962407
6317 821224
92400 806293
104862 982794
142458 883221
23866 954004
22369 988167
125335 945526
3559 937313
133844 933564
150424 871209
184410 896694
151704 814626
84695 922958
137085 815056
80004 917634
4930 817356
157320 991384
15935 882610
95684 865961
8756 867310
190292 936230
118789 942796
61766 893844
104521 945774
128884 838008
138102 823932
91161 919389
191321 855411
93481 909481
74805 887767
114736 887461
46114 928473
61977 835390
55408 926148
190421 986432
36924 885881
128219 969688
152040 902974
18088 866712
120277 816156
71007 899186
36218 954218
158207 982798
88572 863875
76262 836217
156250 969417
51498 975957
89989 989199
178508 806682
94579 831567
183160 994042
152655 948536
136965 922694
176745 916944
2644 837452
64615 852483
74323 998641
130756 936462
185356 865561
68042 999987
41381 963329
105106 898161
164031 847018
16135 888401
46518 875869
94729 981565
52401 867685
103523 838264
34461 992128
109476 808914
152433 909043
56176 858078
184330 958138
162689 912420
107002 943706
116766 990775
25894 980446
170337 914580
162222 970951
95814 983137
44558 975523
26449 815432
89029 881674
61955 908316
53360 802203
84757 897721
145738 956991
75610 945299
181839 909238
74600 822076
96387 995164
16024 897253
5210 839253
139189 858440
79879 943153
65572 902373
85668 889065
158051 900119
168279 914070
68692 952431
191424 877828
29397 948370
102552 935444
61491 931735
69378 815714
64393 993507
94706 898501
152521 861473
62851 822319
50564 926372
193023 937095
72640 827897
44632 998437
40031 882499
160603 836957
29760 866503
58239 961862
167719 935301
188193 877950
137574 919024
190727 970218
131253 940950
175035 882758
58172 888027
80863 862575
65141 970320
199361 899702
130598 947198
174891 928327
53998 910898
88401 875156
69001 909260
84936 929244
153327 999279
142324 982854
99264 981075
38415 922973
99650 805275
172166 973644
166177 822321
199534 907539
28520 848965
31113 953284
183575 879364
144428 918536
73347 892754
88794 948295
79141 979561
67632 821960
177113 806142
180525 987900
136847 983950
83253 863932
85670 993584
175412 941949
197988 964062
67338 852668
191382 857117
86587 858228
161350 844645
73215 911300
173422 911874
160449 930915
124456 802074
137493 940394
129318 823250
192628 935216
99197 976170
14037 999239
166717 930960
26364 880805
63737 850267
54669 973795
122593 947867
124240 880361
24987 934863
129540 916943
197819 949596
17350 831237
50304 874245
90369 836522
157965 893113
7146 928819
56534 814302
118311 801757
172541 900866
78098 915970
95045 838005
93598 936447
189235 948528
15406 931086
94166 984807
139872 954407
131847 960136
104833 825919
27895 830858
164359 948010
79126 949056
170778 807789
171196 967215
121740 981425
137080 870832
8311 811278
11875 838475
167553 973678
113840 944838
29347 811454
190184 849550
192465 804606
125400 987290
123651 926754
82820 953766
165480 844247
74793 840182
21836 948730
103105 805980
65099 985275
146785 842697
50241 838862
172647 830086
121839 918840
53654 956118
46831 902515
182351 843730
133757 832724
77225 949245
59003 934677
69356 821209
8130 964174
74239 961463
127252 966019
118332 988975
83920 863113
72360 970010
195218 899870
130594 816742
6882 875661
114079 916643
143816 840256
92101 864787
115368 836733
100547 813747
78441 927093
46593 977409
15127 951729
119387 800763
108507 984163
83565 919068
199180 870231
9857 986380
176186 809309
93967 975695
174624 965378
179294 952996
87940 855278
132178 949327
60468 945391
134211 926492
90501 973867
158509 941713
54502 974314
159445 901930
129432 946711
27308 851189
16241 871091
183713 871428
157835 817760
16066 815713
21989 803731
164799 864475
25194 925874
87444 953573
173943 921934
98246 955089
155768 833875
18095 820913
102140 977192
169501 850575
101407 951714
167118 996732
166049 831807
36647 891262
99779 881974
62107 863697
147583 857734
197843 943940
129514 959867
40581 813212
45732 996574
177795 880245
66477 954552
42260 861071
155739 876510
139564 888138
138128 960053
188066 954696
111100 864005
26327 812187
40041 851345
38526 928723
45132 887591
20857 938041
110525 975876
82852 873427
70687 985485
13287 891832
16312 825187
30430 928313
1649 992210
63957 820402
191180 856536
127204 931884
35136 903297
88774 910968
198365 965601
170408 948788
179711 851350
14189 926164
105566 847907
97001 901610
198781 815059
26232 956492
164109 985824
150147 803018
184237 855116
89320 890425
110590 856946
186872 891581
103991 847987
28322 980486
149279 898860
184284 995118
155144 823299
136971 865971
14125 806336
51161 845549
67865 888739
107124 865797
190685 802854
153770 898750
126452 927903
17109 967802
68274 817921
97127 859875
105072 901167
54293 930583
22560 932826
125206 938979
53240 803548
19651 959140
170174 922397
184743 974420
28111 809301
117574 946179
21042 948993
65208 967850
105724 926346
33665 878929
144228 842383
46936 976329
104111 839296
164355 935424
132967 887060
186507 895906
194521 911194
137930 949493
169738 827826
39111 971530
154471 842669
47911 810034
109434 991947
77419 939537
168575 843840
17379 913470
50269 803999
36623 864908
115152 966524
111394 937454
56476 810242
9705 963386
14097 923202
12555 913558
160487 887691
13877 817643
156550 840364
103377 893578
144593 906612
197613 987850
192500 883937
120823 898599
99624 838340
111493 877038
150424 814729
36112 949063
51548 832735
198402 952773
162392 849173
62290 821200
58311 949215
183206 810977
129435 920664
30802 923986
103505 833540
81749 859103
147084 910224
75953 967004
141077 932444
155432 864811
44006 991148
198196 876719
184126 869149
103914 845271
197780 902416
74320 811767
174050 885143
163708 972148
16262 860889
18529 898248
198472 968702
10536 847030
90057 931179
105746 938562
107657 809420
113714 906837
55226 895297
118482 824992
65870 900622
16439 997278
187587 802018
167940 839002
146990 921888
106649 857504
148587 995723
30186 818458
160145 866916
189764 936491
87773 846886
131589 930074
198078 855057
153526 889539
157896 810012
156254 915675
36256 949712
4299 818540
60052 922192
16666 835397
71341 943154
131409 813859
2811 861545
147718 898190
13793 819015
193579 835466
191095 834725
6390 983483
88838 964167
110173 955705
913 809506
35985 911523
166544 973928
40625 981474
95535 811118
79698 944645
86490 967990
192514 947776
17356 938001
81252 846886
103266 976234
57704 846093
196108 926950
45105 909272
185184 894137
7441 902708
28688 845422
120458 840322
183279 870579
193701 993898
173177 870721
4148 809279
29909 946367
106314 948193
35492 916637
152732 833747
87434 974048
76616 886259
157642 910019
84243 964580
73749 903271
130672 982980
49949 911527
130477 924660
124252 912408
77228 890830
102600 922624
29053 916380
150955 864721
137304 921807
145107 861398
28886 943946
53616 883015
15905 900056
1415 935215
48559 921398
173011 894220
100117 863330
75477 838208
155595 851756
132775 851164
9024 968982
142714 913230
55024 975242
170267 827181
161864 898318
43003 853829
68159 938676
153745 883167
6381 886713
45594 926591
94293 864217
39968 899899
44817 856995
170930 927300
163446 996876
166473 968374
89655 955967
117279 880485
190961 915626
37433 832280
1059 831927
37334 824695
90978 952451
148539 936790
23871 809845
139228 945545
96369 984797
25903 943916
141791 972841
44090 869926
63152 997020
105256 900516
90072 910457
161265 865086
147645 888464
109825 960301
47732 974007
147971 912850
58887 957087
123268 964445
92483 921317
20447 844589
27928 990016
164677 888964
49479 828764
33385 881699
42880 871418
97118 998673
100844 918928
135166 818999
97043 881712
96935 808176
120047 979115
139602 949196
59114 879635
158783 938806
1342 806915
75105 897209
197193 846244
197772 871561
21901 899525
156693 822822
104851 980024
4970 844771
159918 908828
181089 808231
179935 879209
2800 991386
80652 813173
55696 822304
106504 987380
140152 859456
48291 980017
94533 846859
170136 887597
181854 890931
121029 826300
22644 992345
53700 864092
153437 942547
174298 894580
5658 835002
81953 808896
153275 949479
177576 992858
44440 823261
38283 988374
51428 865632
31822 933702
191448 942513
38750 955778
182335 887339
30552 842463
189049 997753
31847 807894
62362 814579
198332 965615
100950 803141
120246 867990
106068 857162
23697 890611
165538 884473
35897 811055
98210 982673
33311 970752
177180 870516
52473 894596
12313 844510
185973 859277
61204 885880
104028 943170
149573 924826
136056 861821
44187 945681
80512 985428
20468 909769
156781 957549
94110 932379
179842 812503
14286 952010
8483 933877
150715 908129
36195 957573
17102 888201
170880 945265
73453 867841
109427 971359
181446 922315
192019 888497
36911 855827
6701 801493
183946 850715
9840 915411
133161 866396
108424 855967
14988 963894
167713 834287
60352 954203
12891 997100
173465 969451
14113 939385
84793 911749
132217 920212
106141 980836
146356 949043
56414 806881
177677 955055
62658 819363
144036 948120
187610 857558
8641 864862
177569 990986
97461 900858
18540 849947
120750 976379
99686 862488
9393 844482
42435 984013
18681 971087
183135 842322
170651 964916
87802 971063
184154 862729
37176 867043
165883 995179
150861 890997
142436 923317
100832 899480
21535 899187
89977 833806
112946 985712
65725 985042
2091 942903
65575 972961
12923 853421
190487 833985
1605 894086
154869 851740
151766 989268
153625 911239
149412 826999
40734 990821
89606 919067
22193 987687
112296 991302
157281 923037
67569 984404
76967 950488
175827 919340
111425 840455
137996 963945
84441 839468
74133 931432
116054 966666
80828 964634
82807 900220
81499 899096
67302 889949
109257 934149
196988 886094
4151 868332
74819 940355
64326 969079
123339 824842
132741 850338
179214 808365
184434 957553
13190 945383
184903 820759
61681 954161
103836 883213
27648 975144
36145 961349
72347 987262
54387 821357
138802 853567
145992 930348
102440 906386
97942 869735
13225 961424
106854 958148
103053 862991
112159 810235
23044 896343
105767 842932
107127 881341
84775 947503
118620 845690
143261 837460
132011 990416
123707 840624
63470 814708
8895 992415
147542 909582
15087 839731
33453 836592
116437 855341
98238 842318
161738 858335
5297 981384
29625 940243
119414 811602
22475 861558
178409 948720
133775 960198
124846 851462
157509 939960
168044 821261
188453 964945
119775 850131
136987 874846
12472 883279
48778 959718
112682 880261
179292 842717
189425 967468
195094 971718
73552 803708
167618 989345
114957 885141
124203 973151
20422 968437
147674 893301
101324 901328
88809 838817
190274 811075
26681 817642
76813 844900
142650 987230
144911 958417
182624 830425
47054 876686
198741 837732
6865 978354
192304 842312
56987 920449
9006 864479
173893 895718
144093 942057
80563 888499
32719 927224
45020 816716
79162 903448
95224 851387
151639 984164
165907 826442
167618 907748
34262 821052
8850 969030
177627 858183
27479 834609
42535 833047
47898 833280
164862 864633
25546 828995
71295 972513
184127 994343
58611 975304
43932 862486
7533 812341
171383 813765
164930 940354
28910 966006
99308 927806
98822 960776
66496 810148
138477 963980
147226 961611
41710 873804
151849 924704
25425 976638
67175 840216
172326 978275
70501 844843
19585 943963
159057 873973
168505 879122
199026 817532
42188 845233
8336 972289
103507 956344
75147 896974
162545 861799
138699 892592
87019 947092
111027 802541
62411 982902
130600 951553
171123 962545
45285 949647
65360 916467
189659 809974
148910 900254
30657 879450
115321 865767
116138 931017
89707 896589
97236 802330
5315 986580
89542 918357
58422 842342
101015 813360
76563 941970
45024 821672
9946 987441
65316 955023
9514 858844
134419 955671
15985 953582
183702 847530
27528 977075
112159 932395
142338 909938
118208 875141
157604 961873
80895 950647
148468 863028
38149 872120
49725 903759
123013 855088
46335 949803
82224 872890
182053 945822
96937 845342
128533 841217
117689 850167
93377 848624
101390 847335
87934 816873
138249 879427
31575 859015
88346 976981
32052 931288
117149 923600
12157 857573
35089 911327
2551 891106
65095 813364
4135 946349
138858 981551
37113 894402
79462 991469
88788 817239
183311 923195
61613 977102
2605 906878
40912 955261
163136 943168
1919 802292
38188 898781
185540 955887
159752 822419
99501 826163
178592 857280
35699 916741
173513 831687
190326 962549
81554 804699
7998 956342
119179 826683
96774 970564
61800 962306
168243 887759
84152 996072
69367 967550
2585 810195
3732 837163
84320 860024
176477 954061
82068 942123
134770 978044
12918 897888
101962 991161
81540 958251
117126 921371
112105 906917
191369 989154
170704 991637
130720 837939
125803 923780
83842 877165
136976 840387
148379 821521
87627 832118
187223 868211
153485 942475
7786 984711
20202 889854
63892 924898
188316 823509
70608 913470
80249 940513
189131 854724
40047 923644
143908 880469
57507 832219
26707 964449
102849 807255
169577 968307
136960 889992
127932 877119
28729 957634
156373 825006
113879 937848
110036 922037
32662 929400
127697 974655
176255 861227
108078 945840
44968 816456
5054 909175
149974 958597
127542 981486
43509 969742
62732 821970
147720 812272
59443 863069
22399 971713
113102 883989
87447 941601
35834 839788
10039 949437
169328 801857
101847 814905
51744 828427
88991 958262
13290 907825
155923 952083
34276 910245
20574 987900
57842 918190
193657 806906
114084 920554
143844 889819
196734 882458
139321 807187
161575 804533
38194 823349
95052 894879
199638 951648
94813 999943
120825 983865
192133 934439
96162 979829
62856 842085
167082 848850
163650 849325
57109 888114
172563 979425
187730 805800
153404 932947
39598 925051
95994 970317
15819 957186
25876 920514
54687 864659
94351 997163
167492 975312
14246 840537
186780 873376
171446 966951
67821 947470
113453 924055
118491 811217
157473 946782
106707 812846
114571 996104
9724 930961
22615 955077
190663 961223
190917 994271
79670 805573
131776 892119
4070 882177
110245 932499
8447 817743
82790 812090
46125 953864
109157 929462
53340 851083
132988 922653
185342 920969
196610 884056
150165 928948
117274 980494
181352 922365
171577 842986
176048 906882
20323 908383
137783 868225
182194 871852
70490 933932
41520 833404
70452 985438
184328 822937
155374 924734
41603 880183
72984 966014
124342 983732
132600 984731
13428 931237
135600 851970
190143 857179
156863 986312
71540 849417
143769 839120
54077 989487
94078 935057
160681 943716
180237 918184
144273 871876
106927 969353
37591 821355
47331 954599
54309 844128
76930 948029
199980 891239
168934 854347
54651 935110
149909 958170
89163 971217
115790 966374
168259 862219
4800 830401
4504 864234
53932 912629
28956 805594
88318 940401
149646 899751
144801 840018
181133 899872
68397 851842
10318 864280
72235 910876
74253 881765
138529 994642
137877 853710
128717 917309
195087 981996
116997 812157
9502 985824
14810 863697
110354 886655
78583 908238
58942 903410
156293 894801
81357 939908
93771 909747
40383 882803
31030 974920
136686 882831
43984 962583
117613 813212
100178 887094
113994 826774
146624 839209
93637 980609
17558 808846
32094 921739
74639 918306
171373 909743
138056 933614
136334 831364
94696 825617
36625 842899
39331 924855
1201 900884
155617 961481
50223 839773
8278 828330
155094 958672
27953 969469
186023 819828
135444 894070
125620 997637
142321 802118
90847 909548
157724 937579
39206 965818
87802 824626
24886 958376
36466 963340
39070 912899
38420 812141
75508 903923
23575 896843
74153 944469
133541 900484
158455 934844
90124 969690
91592 988017
181881 944988
19854 933245
58179 991805
138164 889991
128539 806963
135385 966164
39415 916773
142710 918968
111937 965965
11951 910614
177879 936390
111986 900250
171059 839629
123581 964806
54635 998844
158259 981082
182119 936763
146008 893398
47288 967327
46080 829250
86801 969988
160263 824095
87507 948064
100091 894697
154128 927898
72620 849473
114982 843131
47225 989818
99631 916671
25798 938613
180728 884100
129244 914503
100324 957480
188596 999503
154268 875748
117978 817070
94207 834646
129738 820628
171521 854356
143699 930469
164770 877012
106199 992581
149954 839998
137351 882171
60261 882635
4717 977072
114743 871677
29859 850700
152127 899976
191399 918178
67281 999316
140167 808969
91118 926524
126016 951332
183517 925057
181038 845580
128422 882268
92320 840723
66589 844129
24430 900773
78606 819085
185102 899765
125032 808883
166632 806933
87748 954477
123703 956121
12181 934028
17566 880104
22416 997129
86321 815867
197775 857258
105358 883780
131628 827899
12836 854940
53462 880815
155944 956123
42704 806478
83133 876726
28167 929530
191876 935263
12955 854122
66422 826103
90267 930994
86319 867754
151596 952921
135687 854848
170092 939158
113897 878194
148849 863866
40814 925106
94197 925654
134225 836936
98245 960170
196606 950454
128633 824815
98549 939792
181233 941498
88679 968421
174120 899510
161514 803886
10242 801258
148104 900400
194143 988645
72774 848568
49927 862042
44870 932991
97335 914236
29587 823630
186037 805612
108502 968375
103569 825223
82330 893949
125117 896190
91119 843055
98474 927847
2660 919157
142082 975248
38943 926487
132660 803952
126325 923992
52588 836398
1573 856928
136734 937874
91264 905184
82298 973388
96648 852247
80896 850737
116580 852492
171659 852708
126396 915773
15811 828402
128112 839564
8633 810741
48460 922189
199320 877863
140634 951764
36644 956324
165737 948016
94168 849350
112835 886342
147570 955503
40761 813089
60380 981528
156276 944111
72959 813254
21924 823050
147598 829161
57410 988358
26758 800749
52391 954518
26885 923725
190074 857843
53453 819253
57432 991310
106697 810105
53600 852303
88008 802887
45167 823756
130279 854071
191847 872993
146138 853620
137058 928237
109652 950399
135546 866084
164769 875503
197325 952700
135969 869636
90696 944308
9425 839925
105110 905074
192691 902961
608 949591
111152 874190
89548 826725
127228 807139
141736 986976
194 854645
128811 900978
73271 832462
188725 878133
79466 862024
92269 980685
42031 941584
36768 807830
72555 877327
111801 830503
9380 950867
199589 884736
56223 818086
121767 845667
196115 838397
39672 856004
38750 862861
190237 954689
134305 957334
118738 901649
69230 988740
114207 893815
196120 925244
97579 831145
175551 815349
126191 906168
182035 844133
74493 981157
120828 823806
1568 983608
113345 963369
113765 869515
24103 883068
68282 916176
27721 859393
14925 899370
134224 905978
105379 933759
113795 969231
4327 941570
130141 984919
61247 955351
154216 848645
24152 974902
164155 855696
173284 986898
197369 815951
127809 906366
10206 804283
145837 843680
5868 973989
152310 951268
86328 877922
179242 960947
115768 867622
116102 983608
125802 956040
32121 945773
177996 897057
111599 167396
319623 479432
306743 460112
237347 356018
356963 535442
25275 37910
233159 349736
546647 819968
51047 76568
295295 442940
