100
37 349
16 385
91 948
32 570
50 744
17 117
80 602
24 187
92 461
21 951
12 908
98 460
9 887
84 855
20 856
8 869
36 574
86 386
56 173
99 528
32 206
76 329
6 591
58 557
53 941
75 712
12 289
41 287
17 272
80 850
88 951
83 507
83 506
31 577
54 382
70 625
83 225
24 486
37 110
2 603
27 246
36 261
15 489
41 308
74 649
76 617
49 302
38 332
71 567
45 974
20 728
81 477
58 274
80 154
8 338
57 819
64 519
54 154
51 832
28 630
59 582
52 235
93 372
66 410
75 759
67 841
14 921
57 176
25 144
48 644
71 982
9 709
98 153
60 812
3 334
84 993
32 307
100 558
67 529
74 587
19 394
22 209
40 687
33 915
8 320
80 332
62 923
89 840
45 798
39 377
36 634
4 393
41 121
100 241
96 561
22 589
12 296
48 334
22 793
1 301
