100
24 932
39 220
93 725
75 747
34 818
95 803
53 321
97 903
66 660
1 333
99 844
49 402
83 495
96 513
17 787
69 701
80 238
87 670
59 190
37 383
49 190
94 608
8 179
11 419
84 152
78 596
23 868
63 829
24 976
23 973
39 605
83 146
17 876
64 772
2 864
87 171
29 856
96 399
80 849
17 480
11 988
11 415
28 857
81 778
6 914
98 768
60 171
21 562
86 946
53 402
89 662
21 968
20 599
83 655
96 794
76 445
54 475
72 436
1 868
60 531
32 305
21 770
98 757
36 586
51 929
86 797
100 499
88 603
21 526
83 642
100 202
63 602
37 249
89 293
50 117
71 208
90 169
48 864
25 683
59 199
64 814
12 688
67 132
15 480
73 607
38 643
52 948
70 378
4 783
98 479
63 361
2 193
53 232
48 968
23 171
10 694
57 684
97 358
71 169
18 213
