100
67 981
8 982
81 496
34 1000
1 364
96 441
20 953
31 116
51 730
52 295
99 491
16 754
85 150
83 479
40 359
3 259
1 331
40 495
76 412
51 901
42 255
62 581
8 536
9 224
95 475
72 619
60 560
77 973
31 457
53 258
67 910
88 311
74 914
84 685
60 984
37 710
6 970
80 728
89 732
90 414
3 869
24 104
6 774
51 238
74 500
11 760
98 559
38 906
100 885
12 650
88 620
78 648
67 956
86 524
46 302
60 112
43 565
76 348
52 639
20 825
41 470
53 477
41 584
28 258
66 571
16 952
68 924
16 540
45 904
100 610
83 775
53 323
31 697
9 184
31 917
14 368
13 457
24 951
93 405
86 614
17 993
37 606
56 140
70 769
42 949
59 325
85 434
20 723
68 223
89 187
21 986
12 142
84 919
50 417
28 648
88 536
43 331
30 577
25 691
13 658
