100
16 982
82 466
87 502
62 810
68 958
98 430
56 219
47 346
68 809
45 884
76 631
58 993
86 979
71 729
30 782
67 996
2 222
73 755
41 936
65 820
1 478
35 611
83 297
98 350
60 749
37 845
80 997
41 567
6 479
84 205
11 240
70 999
20 166
84 851
83 613
28 113
83 652
85 208
66 110
61 165
41 582
36 469
33 182
96 531
9 825
10 651
93 179
45 304
11 159
88 860
65 963
35 269
80 104
42 978
22 931
16 490
37 389
72 976
45 203
99 404
21 256
71 691
46 371
65 908
25 106
68 811
24 506
22 259
42 723
92 126
46 298
27 385
30 539
56 970
46 299
43 833
17 413
9 971
28 225
48 216
36 534
28 670
43 895
74 937
4 560
35 221
22 535
43 399
15 467
48 854
43 242
3 131
89 583
84 475
79 227
36 343
32 784
88 485
27 957
58 774
