100
46 764
49 432
78 299
91 280
5 146
61 701
33 398
39 615
45 106
98 143
21 569
16 615
47 831
53 601
58 590
90 592
5 718
4 742
99 586
87 402
94 955
89 975
22 962
27 302
10 539
45 336
28 207
60 992
39 525
74 970
6 311
74 817
64 924
79 490
48 376
28 326
64 276
78 641
76 164
28 414
27 160
32 680
55 444
25 692
11 871
87 467
58 228
59 122
87 522
42 895
73 232
60 173
42 443
56 524
2 814
48 442
20 808
84 778
10 445
82 497
83 542
48 488
82 885
48 538
26 450
41 837
70 620
13 130
9 253
33 234
29 733
18 412
29 879
39 842
81 885
51 448
59 397
58 494
63 219
57 402
14 571
9 662
24 965
35 254
59 597
39 371
31 269
43 945
83 730
23 829
41 974
40 562
28 809
4 794
3 234
55 861
2 723
61 666
98 860
88 787
