4980
??????????????????)?????????????????????????????????????????????????????????????????????????????????????????????????????????????????????????????????????????????????????(??????????????????????????????????????????????????????????????????????????????????????????????????????????????????????????????????????????????????????????????????????????????????????????????????????????????????????????????????????????????????????????????????????????????????????????????????????????????????????????????????????????????????????????????????????????????????????????????????????????????????????????????????????????????????????????????????????????????????????????????????????????????????????????????????????????????????????????????????????????????????????????????????????????????????????????????????????????????????????????????????????????????????????????????????????????????????????????????????????????????????????????????????????????????????????????????????????????????????????????????????????????)????????????????????????????????????????????????????????????????????????????????????????????????????????????????????????????????????????????????????????????????????????????????????????????????????????????????????????????????????????????????????????????????????????????????????????????????????????????????????????????????????????????????????????????????????????????????????????????????????????????????(?????????????????????????????????????????????????????????????)????????????????????????????????????????????????????????(??????????????????????????????????????????????????????????????????????????????????????????????????????????????????????????????????????????????????????)????????????????????????????????????????????????????????????????????????????????????????????????????????????????????????????????????????????????????????????????????(???????????????????????????????????????????????????????????????????????????????)???????????????????????????????????????????????????????????????????????????????????????????????????????????????????????????????????????????????????????????????????????????????????????????????????????????????????????????????????????????????????????????????????????????????????????????????????????????????(?????????????????????????????????????????????????????????????????????????????????????????????????????????????????????????????????????????????????????????????????????????????????(????????????????????????????????????????????????????????????????????????????????????????????????????????????????????????????????????????????????????????????????????????????????????????????????????????????????????????????????)????????????????????????????????????????????????????????????????????????????????????????(????????????????????????????????????????????????????????????????????????????????????????(?????????????????????????????????????????????????????????????????????????????????????????????????????????????????????????????????????????????????????????????????????????????????????????????????????????????????????????????????????????????????????????????????????????????????????????????????????????????????????????????????????????????????????????????????????????????????????????????????????????????????????????????????????????????????????????????????????????????????????????????????????????????????????????????????????????????????????????????????????????????????????????)?????????????????????????????????????????????????????????????????????????????????????????????????????????????????????????????????????????????????????????????????????????????????????????????????????????????????????????????????????????????????????????????????????????????????????????????????????????????????????????????????????????????????????????(???????????(????????????????????????????????????????????????????????????????????????????????????????????????????????????????????????????????????????????????????????????????????????????????????????????????????????????????????????????????????????????????????????????????????????????????????????????????????????????????????????????????????????????????????????????????????????????????????????????????????????????????????????????????????????????????????????????????????????????????????????????????????????????????????????????????????????????????????????????????????????????????????????????????????????????????????????????????????????????????????????????????????????????????????????????????????????????????????????????????????????????????????????????????????????????????????????????????????????????????????????????????????????????????????????????????????????????????????????????????????????????????????????????????????????????????????????????????????????????????????????????????(???????????????????????????????????????????????????????????????????????????????????????????????????????????????????????????????????????????????????????????????????????????????????????????????????????????????????????????????????????????????????????????????????????????????????????????????)??????????????????????
37384 86565
64251 54731
53694 6641
21266 32284
93982 95809
38834 4412
38825 57857
67324 60834
1570 43782
19059 26780
86573 40617
50769 12590
75430 31854
37448 53572
37479 35774
22338 56738
27821 74862
97854 86588
35223 81514
93674 35472
39883 45556
3412 48860
9693 95059
38840 70735
97515 27614
84582 57899
70488 439
48644 35350
88921 62269
14394 86092
42829 42751
33964 36731
39670 70649
52163 31817
67288 74892
20448 45836
11047 23522
18580 23859
10946 20739
64704 73772
48022 24812
25250 49285
986 34861
13481 90246
76337 89906
49008 27875
64605 35517
6166 82971
31140 4275
95518 74680
36867 98427
38301 15965
56176 47914
85004 73232
47003 67121
91932 49708
15344 11376
62588 33533
23778 16330
22587 76069
3943 16466
51983 71595
70917 84899
5525 58148
49179 2056
16835 1043
33359 2397
66662 55135
28366 89534
56654 51666
17725 91721
19448 64937
14822 49420
65749 82036
58104 38599
55065 4688
92634 78398
79648 7047
81546 63550
81958 1525
18919 47076
65824 98792
70278 52277
58163 32486
503 14995
6715 31168
96105 34579
83998 26163
8198 10926
65876 66099
70786 82653
61050 37292
60690 63419
26968 57049
58573 58587
5662 8925
24068 77491
46120 87838
20323 94345
25692 4282
35449 37177
71755 32406
74920 47905
75182 55752
21850 99469
98473 41058
94701 8987
72405 75874
32923 55391
13977 15725
41001 7847
85338 35991
23828 65069
75765 47809
68442 60502
97678 1456
50214 20242
68147 69432
41535 41485
40954 59680
737 79737
88723 55778
31652 11790
67180 61128
76852 64574
72420 97508
49850 17852
99272 74109
38269 90029
50530 75037
92844 6710
26952 48207
33990 59409
894 11450
71129 75525
71613 58199
13976 88218
7 60335
21462 45627
26552 83538
81045 14665
48869 15324
5784 47247
37275 48140
39528 44053
67114 87805
52363 32372
91780 10417
38218 2705
94581 9025
67223 9347
13916 66193
26527 81199
43177 30274
13811 64341
79005 69729
85052 11207
58453 27873
76013 7187
51239 12080
99884 31892
80615 34705
45121 68598
71302 72395
81419 83339
9037 65882
32074 64994
46192 39304
69577 74953
39293 89368
75448 99739
27297 18297
62522 76851
84038 2102
14181 38534
86777 51628
86332 30416
99013 67392
39786 47805
47495 70315
52548 37556
2549 56531
12186 974
75926 65092
70812 81762
97852 15218
33514 46259
39462 25148
27249 96035
50920 23499
91478 41429
71844 37697
21440 77810
41966 87209
73875 77577
15132 89460
62342 26422
43747 34033
15476 74527
72640 19672
34889 86287
48898 70491
11990 84755
97141 4711
44561 39239
97019 64413
18461 36038
30199 85215
72423 39900
17476 72164
61623 62649
5422 48959
99343 23964
98490 49169
68840 14819
17457 71129
57971 20081
4835 82706
87416 69961
25551 1975
66387 31976
84366 22569
24135 84847
41098 14564
86728 96557
75557 58573
7532 48350
72314 80979
30147 6874
38044 87155
74636 98986
19066 55501
54558 32606
18918 40252
42227 58326
90301 44468
83389 24965
26164 91018
5582 7523
20432 67261
42186 92309
57010 95988
76966 66069
72942 29323
32830 7112
22450 27338
99190 7465
56422 57867
98119 53747
12072 91692
36159 56697
98013 18725
9742 19547
43422 40528
7789 15323
23983 63853
76192 66326
32394 80993
26667 53158
76621 21687
49024 59496
83312 99070
73289 48213
18312 56086
47777 71407
44455 30383
65459 287
36186 42467
82995 91553
23227 79607
59811 7135
73460 47210
44554 36002
89159 5853
27539 71220
47068 82132
81201 92915
41127 46731
2816 54489
42247 75790
6173 50592
67231 86701
45520 87983
79535 3416
83022 28514
52000 2762
66323 42832
78833 25459
47663 10876
98447 84344
66475 91553
84467 61866
8597 64027
34868 41946
17735 11412
78356 77114
80167 40259
44594 45586
49001 25686
70551 24128
43241 48374
91205 22550
64360 9563
36790 86389
70732 12022
19926 35237
97102 37206
17585 20745
62690 22050
49814 52452
29565 96776
53387 44521
6458 26083
68120 14332
38459 71810
20183 38670
77571 98052
23966 27739
14127 41930
70303 77108
12344 1211
54768 90229
27325 25797
64199 72352
24803 90014
3141 14012
58532 70720
13154 72879
87210 64989
36798 81274
19943 42021
40072 73332
1070 97514
55795 80389
57496 31548
49110 26098
32678 86191
28340 3878
76229 60002
66367 92538
6549 17384
4455 85859
58738 81432
62772 17608
98881 62299
4319 15921
89252 18824
32689 60742
57483 6673
54572 4835
30932 14978
17521 3682
7559 79961
56314 45860
38397 139
33874 22680
8539 61297
59080 38328
55936 83628
62278 21851
37771 54816
89991 82949
60042 43374
50046 39031
43866 17524
48854 20969
24650 91149
87462 66374
12233 48560
65051 43775
66455 66981
44629 98924
37252 91345
91324 3708
25558 93187
64354 53601
52901 79680
23053 70697
9727 12943
30466 89450
10418 69944
61093 95671
62044 51420
99979 48554
92328 90628
73960 65029
80305 75134
82830 18588
22295 17556
27094 74153
44106 64204
60235 7799
78495 97006
26300 99639
5440 88222
74517 56766
52436 32210
83629 35609
514 30832
21459 99959
81340 9194
679 95419
30358 61644
95551 83509
74013 69005
33208 38996
46794 18118
31476 9795
9433 41641
46214 57775
30892 31225
63434 20730
72691 99680
30511 63414
63372 73204
98749 68321
80091 61063
22706 99428
99288 10449
79453 34608
73603 73300
7770 29012
55158 36749
94741 39245
13371 64591
12167 40954
78035 44263
60294 75600
39013 50725
40281 7156
75476 18736
79799 39029
54808 71919
82367 2504
53464 54095
27395 78171
23534 43418
96518 35164
90760 78692
59634 91258
48563 20482
81096 71800
47399 26598
93674 41389
48544 2763
21498 33954
89335 40372
12290 1296
20152 44142
14589 11008
5530 73615
17032 58335
9850 29063
7754 29902
21159 609
37442 67387
39186 86074
12671 18538
76278 2936
5698 22696
56650 24822
81545 27196
44843 62336
22829 10186
37545 64994
54960 37417
95751 43074
88488 88344
18245 5600
22560 96242
79980 39403
41828 76354
94891 19166
38453 54498
77194 71168
12341 60503
87698 50195
12530 10237
20422 48892
13886 35358
89127 74318
17391 85197
73540 1229
23181 5879
18472 91784
47539 45740
38445 98451
33968 89366
60216 33335
20855 88773
49275 53761
20307 49547
59784 53324
2215 32836
84545 96557
70875 32452
17649 90023
91252 4617
26847 7540
15676 14432
76523 45318
60121 79566
68931 14968
64654 10440
99212 45498
15610 85508
35055 48486
1809 35916
85103 11190
7746 20376
52827 69648
59670 94972
99589 86827
94367 50921
81704 26435
88105 10042
89607 58227
73194 64577
75016 74889
36739 54199
39707 74228
39065 52348
4616 91113
18654 57226
77601 89718
75717 26399
21371 30427
33606 35387
2659 37311
80097 44324
54365 84363
58941 68201
32777 60323
51563 48486
2684 7793
98372 4653
57001 58742
49854 37436
11013 61616
67685 68507
11258 88613
35392 43402
78788 48980
2642 68997
13320 97798
98512 82738
67291 84036
60710 73804
22289 67
24211 12272
16925 24973
83714 38934
92722 90277
68244 49920
34778 3734
92347 35928
79329 62387
27718 44090
13086 74468
88618 30359
29449 42757
43144 3481
77285 96739
13157 3853
32476 99573
40897 53720
92653 65752
72380 40963
7234 1726
5460 56975
92903 58363
20750 14158
58247 88583
79403 64819
95178 87684
46792 84372
87852 40978
37716 89935
10139 81488
97413 50872
4591 58966
41070 54661
95623 13596
15321 13449
70424 19208
77571 37132
51289 79678
84612 14672
79490 25887
29922 80366
81089 91019
31996 76713
82999 68941
66780 86063
36935 9489
68455 64192
35205 57877
87824 9524
39324 30827
66387 3145
56628 9747
5776 43957
74980 7917
50155 6740
87105 54469
45488 80077
73141 68194
53486 93835
79898 56140
65628 36617
17161 33184
7412 50434
59957 52365
83191 95236
14732 99281
25379 65929
9885 71359
95627 47507
54246 84864
55685 45782
42210 57702
42247 17524
11358 15350
71489 12084
48701 7607
57142 53469
3902 65861
18225 64554
76141 80211
95843 17767
83696 7224
94934 37573
1431 9932
11148 90561
52694 55676
29730 66832
707 11255
26604 71976
412 28416
36023 14445
67913 49112
31324 93164
74069 88166
84728 49548
83666 50209
57432 96922
50847 83713
93645 68718
59278 52277
24305 21144
4327 28323
39577 54034
42361 5033
33448 82532
96976 42772
91883 85822
78986 81240
85758 23206
89105 69406
19615 86837
83759 89123
72835 93398
62115 34605
3233 66479
3974 37744
82418 27537
81570 8300
13332 21994
20878 23931
66702 63132
48953 17853
15445 74937
14494 44290
13696 1202
88038 19951
9073 49662
59411 88148
39104 81907
64738 21526
75621 42337
69873 68711
93363 58039
96384 51443
91725 23046
86177 17261
51466 74778
66066 51482
12123 66910
68111 80560
16862 42170
8183 72500
60648 25934
24192 67594
5471 16103
58439 88929
73992 81091
55481 28312
96106 67354
6751 51865
85477 4182
78959 92928
60761 36942
3851 61377
41936 89235
47757 88313
60813 75149
1082 55939
23532 37812
53914 25273
30554 45354
26445 28705
57016 20897
4602 98277
50141 69473
90006 11352
20631 51970
88911 85316
46692 81391
86978 9114
97426 4979
80127 34734
90672 74590
28753 81208
22833 30556
75909 99019
27723 69738
90634 18705
16982 1090
86914 95235
6586 83474
35443 76919
62234 43569
24959 24354
33467 8926
13904 28288
63021 47244
38186 10383
91590 70045
600 66938
82308 30774
511 92860
11565 10030
11119 7496
19082 44898
28371 98032
91302 42020
85588 63814
4519 53536
78813 26898
55186 54337
17932 92716
19450 18206
4602 56117
39407 11040
58165 5201
14413 21714
48096 75028
82523 42329
87226 75566
89950 1605
59976 31948
12113 81251
34786 45563
72460 16631
87319 13598
22666 27645
62203 5251
77719 42115
69506 66804
88357 33477
71543 44023
19050 19121
61449 19638
95203 17924
35880 48674
80621 1504
82755 95855
41417 92734
25716 33892
47490 13877
57873 13035
34637 86507
44973 20075
3231 12355
45832 14479
58501 7939
27059 33726
53363 93902
11825 88507
53532 64917
66421 47705
59911 50504
59589 49175
83066 1328
31556 1657
31043 46907
49765 5780
42207 65679
94385 94738
25568 45437
69727 56568
90293 84068
94321 13137
1643 60007
24924 6145
70201 71526
38381 7696
56870 46464
64143 97970
99626 56287
19546 95698
1477 47020
12698 69310
80399 43683
5471 7082
80002 5966
90033 75197
4685 70294
30301 705
23202 6327
94204 71576
79271 9754
56217 32585
46906 52492
25130 20359
32408 62883
9902 44675
30337 33885
93919 38951
62384 10735
16701 15742
7290 42385
29031 23085
23790 11975
34653 75683
47258 46991
56744 28857
77793 26528
95371 29313
49671 41050
3932 20500
81527 82079
32315 30185
69135 11863
38949 26233
58326 31518
90255 72001
95086 65616
77590 19285
94967 35227
98569 12242
57450 58576
85103 71664
976 35242
92643 96825
17324 66999
49077 96574
43110 98850
27064 97743
40327 12244
60114 82365
54365 98653
64268 50368
69652 65802
1028 41857
70450 80970
39545 15948
3964 27900
79493 40999
37823 4939
88289 72136
85061 55146
70348 53717
51459 28171
40414 13763
96127 91786
90438 16879
67246 50492
32645 71057
29265 53249
34218 33673
65972 99714
43965 73762
31112 69935
91226 23458
11945 68934
40432 79514
33231 97005
41527 10779
24541 84689
92826 98293
15171 37020
87511 99615
87023 82417
35665 20155
70179 16287
32353 86235
76348 52503
22437 76317
16126 7460
76393 13662
9528 28070
41427 16824
43954 42758
43798 82953
81245 68495
5514 52976
68942 12768
95184 9376
45882 55965
72251 47200
33434 32413
84915 4603
97272 26134
33593 23703
53717 13397
41467 9985
43161 63244
22353 99245
82197 87114
71960 82502
51829 79794
92561 93825
19552 20771
93087 4096
67647 81786
14198 65337
86292 17433
43566 15464
55518 83563
13311 77158
3494 9234
88829 54777
70373 63006
66472 27533
26387 52570
48715 54783
64960 94567
31689 57627
61722 84511
82648 24775
6464 29368
63152 13197
28660 92755
92669 6717
226 530
9763 5979
77108 3720
66725 14944
58828 63832
16401 49548
4331 1566
96133 81467
39093 69290
53800 27821
52596 814
46534 52800
65996 75411
84517 9685
32754 11008
11537 77185
99515 32979
53050 37651
52594 92974
56806 36127
85674 27774
29339 89558
87377 90004
59293 41823
69644 26469
43635 29445
98596 38591
14001 6520
32556 64591
75598 98517
92053 65309
14640 87134
24785 7919
17245 67689
3815 93730
37855 90402
96311 5841
12196 67194
25368 83687
10156 71489
17285 11363
49953 53790
76661 15880
96822 80305
95173 9216
74525 72420
59553 3577
11496 5516
73204 689
94419 45092
35493 93371
15563 32273
15818 31803
15490 27758
15598 41186
52548 41997
12138 32882
65113 18853
15509 88798
98013 61935
50706 10682
14258 88889
94404 10258
10947 42105
3548 83960
77330 21717
53989 39040
87195 9244
37001 86159
27344 19036
77384 52599
85480 96243
15095 89521
78318 66945
45231 46956
57637 92682
81571 95936
22545 88246
46703 92326
76285 49843
71559 50250
5642 69966
79209 41900
28058 9188
44575 16210
85160 71753
67995 21958
27830 86991
53935 99442
46397 22499
15180 15517
27804 20385
24982 13102
21780 50349
191 71684
38286 14416
84382 88102
30001 43927
69466 79942
12503 74410
46162 14040
52349 97662
84653 30508
46301 80178
2676 54939
86808 9049
29433 34207
47309 14611
64959 54415
42450 85440
99855 81502
69603 80735
41013 588
80530 15955
90364 10478
40869 9384
23398 52877
83384 93217
89746 24402
95692 46037
55085 92421
42980 82499
97110 870
71636 90288
75727 62068
59921 14085
11172 91933
92521 29523
45477 52184
79014 89402
98785 52192
5068 36234
45803 38534
79287 4804
50840 35548
44321 74979
57477 22276
23145 87300
93939 54586
33006 11132
25217 69665
61597 92926
38801 52740
4923 70469
59870 84277
52821 288
36522 58655
13540 57888
62691 82324
34223 92827
67805 29882
52158 78543
65842 25281
96219 75302
86434 59780
45796 29224
38501 28002
80741 23745
94213 77301
77930 2015
18655 54083
29089 30750
4989 71528
53851 42628
51806 67680
97561 88073
66616 19610
61243 49718
41372 48809
8589 73813
3036 44157
88510 54384
94480 57888
35189 85602
87616 88693
59127 29470
76571 22622
94149 88215
47194 81559
49238 64351
68776 99000
34961 63151
29220 51743
551 96203
86367 70591
31099 9139
79875 89402
63642 19608
5209 90706
79398 15182
44651 9177
48150 38524
43090 21221
2779 42299
6649 90284
89283 68369
31519 75424
27166 40595
53150 60738
47681 44069
69559 39516
45270 78779
14739 49433
56491 8911
24092 36299
61827 35888
90764 68742
6314 9977
52275 33853
40488 9092
93812 75275
67051 46122
86717 25330
2420 10568
54636 39866
79381 66452
45230 24195
89979 24650
33560 76320
12619 46469
98709 74003
59096 90797
773 89472
39676 65409
90853 69399
44674 80164
26285 84664
26346 11724
38643 13001
69218 28765
95216 93279
17473 48599
73248 56797
49469 7451
53920 23160
13514 78439
69235 68980
58451 72610
54370 70008
39406 14478
94641 45222
46238 431
28506 37278
66630 72583
17699 67149
60427 35848
84446 12914
86062 94251
1701 74045
13556 35530
13968 71972
40951 27070
16031 99555
69562 15753
30231 70400
15622 25319
25750 41223
78500 61859
34441 54255
37755 61482
97329 68491
81404 98181
8783 81774
72170 83817
35699 10484
98807 85726
29147 49666
65572 56110
71862 45177
15576 35133
60452 18444
76019 47549
9407 2553
73159 70870
32351 60199
28689 10914
25446 29679
27804 26444
26613 34229
61064 99974
2051 62311
28328 59870
32331 47549
92725 93900
29032 4193
38988 24652
72201 5835
8387 15006
85876 97959
74510 81546
8811 18226
64257 19550
62346 34256
68484 92060
8385 88958
51268 29547
5769 10435
57983 79595
73494 38099
58643 67059
91711 18878
24712 97631
28988 80263
78221 49451
47348 31215
49441 69082
88632 56158
90413 30049
22108 50977
39934 75249
21147 30493
57279 7553
87147 26915
81366 31614
98672 76993
95870 40008
53990 6734
86996 36933
2735 82978
14192 81569
50650 50082
22591 79984
26384 55633
22961 29356
4604 48492
95336 62894
86798 42102
69017 52614
84227 90297
67289 50382
6741 99251
5984 79510
32794 60731
60060 9332
90900 35529
1962 90603
86939 57901
13534 24553
53908 13322
61813 36494
15740 74863
33316 57148
26114 18889
9185 18684
69065 26692
42294 76473
72334 92158
52888 48278
73961 5128
57008 29299
19901 81212
39112 58969
99873 6839
20161 68997
21843 70132
44994 98325
71825 37582
56470 94662
13345 97938
40981 65655
58479 98762
90919 83275
47904 47165
52292 60158
89456 21864
3075 9299
68267 9356
16195 58538
43887 68140
54623 52707
51031 65729
3310 99617
10630 22855
20792 76131
58137 23974
22735 78125
61399 32968
80132 13653
73810 9302
47517 48775
58073 63265
72621 66943
41832 42691
27182 5167
57873 85718
51446 81805
97773 8903
31758 71107
63590 8402
32375 68901
63377 38078
71045 55110
85114 24775
50428 67528
16302 58924
38540 14296
81238 74374
33417 11160
32678 39422
25139 60598
58754 6902
15805 76585
64043 72878
81279 63914
49166 27632
65710 30006
1467 12543
53669 53106
20634 86580
45503 4097
34744 36935
27661 84043
11554 15982
55403 61077
38026 60584
67485 96893
89829 13132
86009 99641
79906 53872
97855 67288
13645 45424
74318 63564
33022 15111
1690 27986
48434 53655
90589 63545
63939 83178
15511 18249
95677 91844
52427 87265
84157 33703
46834 36264
35904 73986
44209 49194
16481 32162
77585 42063
21979 46477
61587 51902
96239 55000
25006 79629
43173 61025
44202 15594
50195 23463
15306 76064
63328 62223
12277 84085
20348 63836
54173 59110
8304 72603
4764 14733
73148 41136
3965 98700
50601 95126
66477 65551
61531 63192
24216 91482
23427 21055
44517 84769
60832 89973
52196 76175
60259 40511
20698 64472
39934 96958
69560 74871
5955 64589
22076 90676
89375 79102
90579 42392
24295 56328
19519 57055
64888 85825
6880 60086
44854 4667
10991 67748
43922 22037
78899 79538
60362 20532
17489 99596
90818 16647
97587 3401
94076 96773
75874 19662
62054 99802
56129 66453
39859 86348
88524 91999
52084 21099
42117 11755
79503 13289
35325 53107
48997 39776
76660 30575
30171 9358
26004 94148
13900 37340
34112 23590
59603 24327
24129 26338
9142 38008
40707 96609
88608 65352
86450 29231
40985 57043
86684 28566
98025 36839
76615 38360
68935 47021
72730 53274
63773 15457
52796 98733
38674 94025
18351 3260
29597 14628
52636 58831
55440 55090
20441 9694
38924 60399
33793 23243
68160 96261
49451 20476
75188 82536
29556 26065
95690 44122
75930 18637
33721 75815
69839 28725
31984 72394
3374 4541
63372 77932
49373 72361
82054 18811
95561 86166
9408 37330
49942 29353
66181 93919
76455 99392
41809 41368
1841 22362
40999 37498
29664 77770
6494 74719
63465 15854
20395 54830
49113 83190
55550 118
35280 98486
84651 53955
91284 30840
76544 10410
4328 57577
56969 42724
443 97134
35848 98777
52626 2283
80052 76846
67916 98642
14495 2898
74079 47732
30921 51241
51358 23191
21676 2822
56777 2989
33828 22678
33087 64412
21989 10372
69447 53767
50900 78957
94085 69890
72172 86747
79944 46710
61703 68576
87825 64212
11943 76198
43790 61903
1445 59216
78389 11500
14488 23121
45798 35165
15929 48316
75039 78885
49003 37917
33225 44485
30726 99902
3001 43661
6722 19250
87825 82944
63507 68425
44622 92001
53903 75450
51017 4763
16262 55347
94819 45757
97274 30750
95417 56969
52205 13202
67470 86807
47643 1207
1108 694
44354 78369
97618 4108
3404 51075
35851 1794
93794 66910
58711 96824
1587 64048
35746 26079
71836 17848
64949 30565
87533 69109
98662 76717
79875 39737
57295 66131
83176 27518
22238 58402
78862 27529
94955 19855
38000 98617
65526 30806
27629 31793
95840 24237
66667 45567
79767 47937
78501 38502
23962 61067
37784 82385
38473 22623
88753 17658
61527 95767
70521 71928
15808 83764
19970 49382
47998 27115
74272 57969
6113 29875
70463 18252
63819 1952
66241 37130
91983 43585
4651 44741
43478 15945
54919 58786
92796 81950
94069 43672
31951 54322
54438 64589
30322 64111
7577 74407
48728 94671
24545 81848
99 54840
73144 95008
48489 80269
40205 39384
84124 40471
72767 44856
19993 43953
25903 27686
87709 12788
83462 36323
911 36011
16473 37899
12305 47584
42254 24049
22248 61032
15872 66798
78157 22347
18967 89015
44750 42997
83468 59172
20379 28873
89178 72586
16623 40371
53159 15080
67754 20683
73046 36620
90870 68664
16247 89518
13567 3174
80558 74852
41649 35814
74512 12781
18147 36158
79154 9831
69002 62896
8120 78973
51559 89380
46102 97297
28728 84533
5216 15612
68583 96481
81496 78261
84130 59452
78978 14094
88945 14048
49862 75887
88667 46946
83103 40725
50555 23165
86060 62256
57581 35908
41639 10531
7828 9139
10023 4093
19704 36555
49388 15238
9850 4639
64090 30883
61329 93980
8027 59419
35305 50273
97218 74240
31317 40323
63487 96672
75280 98223
34131 65898
76429 32860
58350 92121
96213 84256
37162 68372
99962 32269
36907 2901
50136 9811
20142 17348
76767 11464
61736 44521
18760 28423
68746 75306
71977 66428
64651 48584
14482 47256
80115 15133
23605 90910
91517 38464
23188 19818
52086 28678
47931 23149
32959 88992
22691 98066
9529 69453
13973 99457
27880 87616
62921 49084
15512 12977
61560 51250
98505 96514
11646 76041
83302 94972
49787 35250
71419 74818
19848 72974
12474 23504
28847 67778
82195 61785
31237 51538
67346 91723
95690 45209
10644 95225
24553 74963
26212 26155
22668 86113
78505 41068
52391 50665
85915 61807
36624 2178
91503 57333
97189 56471
40600 3977
65761 42387
10276 22794
30868 13349
74909 77622
89198 26558
1520 85552
11707 13751
16215 44083
1502 50726
1391 94719
56525 53893
72422 87305
60989 93149
65971 63924
84252 74529
16916 22923
62068 66364
79712 43543
21164 92936
35845 70972
56524 26714
56816 53716
97798 84582
35307 73030
67748 99299
69543 36697
40353 24273
33773 41964
22240 17694
92222 16095
39017 6491
89207 25489
69032 17437
10372 85270
56242 6547
49612 46216
16283 29117
13698 6427
79456 14080
29730 49004
2053 47204
87828 99273
57588 58757
76450 21600
54046 79827
2670 85024
26864 9415
26851 91876
93497 12247
35146 53574
99789 49738
95206 84757
91184 16071
46502 8903
74259 70639
34194 92583
8207 76311
51419 22021
59972 65795
61973 27869
29244 14018
23432 64642
72869 56107
84706 66634
20207 66366
32455 19851
4607 36347
68769 44013
52915 12142
82781 15270
24204 27173
19835 33326
71699 32411
14557 71254
15474 31670
62039 76529
57523 61069
33527 1822
68455 30391
13108 18232
38082 5013
41359 61915
5927 59041
71182 10127
41748 75193
18718 70314
3640 65952
14714 54904
42509 91690
23359 29270
5798 57982
35402 85398
87219 79672
26415 68929
87160 72026
77038 39522
17788 41594
16986 18397
44875 40066
31611 88167
74833 86623
68926 50328
5231 94824
86513 83639
29260 47740
22073 9871
11620 51409
31081 73827
42755 15191
87216 57495
13368 46266
87859 80605
15353 47508
87573 21196
9363 60228
63202 19183
85862 84195
95370 48479
32117 7445
71536 81882
8104 77728
29136 93608
83786 19724
34914 60216
34062 26540
72806 38481
35437 47430
94937 77016
98212 50790
27369 98861
18044 23926
24472 90570
39048 20257
27701 19841
1722 87516
65243 99236
9196 9825
45900 10730
70946 92981
19521 97165
51997 21359
68788 8678
2045 87434
38223 63724
78937 16608
56885 81943
72512 96980
33588 81356
17548 27911
31778 61289
76876 19269
45446 13372
24101 86071
95404 7697
4862 11398
32757 31276
39953 56858
60643 1544
81620 58349
91309 98865
97159 60556
73887 48193
29549 69670
13932 23826
85114 47096
82717 45709
59080 78342
64412 44514
52210 99533
10930 76167
7442 73423
46633 60038
77934 63746
22095 7275
22492 59553
36460 13403
61595 19650
5672 26698
50523 7495
54591 19603
65312 51989
30330 53659
98172 40743
40275 11093
87260 66733
40156 67557
27594 94701
58447 3140
10414 5527
81431 96893
10295 32905
52555 17890
60939 88241
95736 58226
94180 27814
79802 66678
36688 75843
16586 26483
53927 34859
17943 73212
40768 57538
52239 74450
77589 68362
90240 27037
23929 88003
20907 71671
5912 50575
55167 89813
64390 83203
11016 67254
33931 58570
34412 7169
50003 70618
21828 67349
40561 3929
61467 39771
30572 97680
82393 30057
57093 8161
96163 72633
60655 97373
64299 33421
39586 66566
49768 19465
86719 20327
78896 77135
84303 37001
23971 29660
97008 34305
54586 62150
1920 53920
51600 16052
62460 48844
57004 50344
22976 19552
33276 69518
19290 83630
66548 97574
33390 75227
95554 32667
9802 36460
73461 90801
20460 10456
61113 13783
75932 33820
87739 15698
48101 94204
43047 55690
6034 10560
46463 16402
85919 29009
28991 79738
93663 21560
96787 11890
60908 27052
79864 92340
83140 70709
97517 53324
83458 19952
53771 58629
74326 59389
53592 41509
97199 22426
49337 96638
13039 3232
48592 95799
91888 15309
36869 93934
22175 85550
28953 50007
58698 83083
70143 8816
78491 58189
78140 67659
26287 61948
21337 31910
89771 612
39389 91280
4270 3321
22904 5077
875 33660
48969 87847
81781 92762
94663 2189
68547 20307
3389 39968
65135 27244
85432 73532
57542 43626
21925 79924
11833 83829
792 59613
67245 17955
21275 56533
61609 71514
5173 60530
48377 62484
71597 70493
89033 30157
66815 82612
22579 57579
84822 70204
60087 87713
47690 86606
66529 17628
17808 85967
45579 94713
12668 18600
75132 29175
688 50294
10824 36740
15575 22213
92705 59200
5708 87172
86135 98090
55668 88874
59077 8713
12777 56842
43447 35515
69495 76819
62785 9975
4687 87302
5901 24715
53890 33706
352 97384
50476 70929
93141 27527
3078 66050
69573 2198
287 25137
14010 55707
80771 55954
12795 89439
24953 93548
86718 56241
82567 10799
98101 65854
90568 3606
53663 20353
17737 60809
31738 54014
81540 84564
50613 41230
43427 969
26105 20186
92244 43713
16019 40115
29553 73015
82914 28813
1406 54505
65304 85983
51836 324
3929 79756
108 42403
19564 73944
27957 34196
18759 67653
8882 25849
26817 85724
22261 68661
28725 52922
93036 30856
3870 44743
89908 22588
93444 3135
89117 7665
7988 75099
71206 40952
99707 28269
2212 87666
38213 35622
3274 46520
72368 73324
59047 28507
97167 15537
68458 97659
28514 42244
86986 77845
16784 48736
51870 93245
909 26579
18030 57339
14642 25249
69869 89235
76900 14348
49969 88432
34951 15113
4788 69594
98101 23671
39207 63834
77844 11619
53862 24016
1860 6357
55092 57200
50444 34995
61573 23314
80652 51353
76601 79602
68837 11645
25993 62821
51252 62088
93552 92313
61907 86202
26224 98339
78524 76359
87977 65430
5797 56367
62724 58191
15390 7656
42650 34167
57480 65833
17185 20575
176 54483
66128 10137
72957 85364
63804 8472
784 40560
26762 57355
55694 79042
55400 52985
34767 34217
90584 59729
34271 40563
64571 69659
3825 49660
15492 23572
44146 77657
48491 49029
75517 60674
62389 14618
39441 64826
5385 26192
83547 40225
35618 32146
1483 55592
6160 7370
67098 52601
9515 13095
82753 1368
67379 74085
14009 2930
80586 82870
48250 74506
51531 29076
60046 23767
88592 13920
56463 99486
56062 93976
42474 40009
11952 91680
99049 60308
29260 18112
31206 82498
217 38774
29211 13959
16888 83947
83168 59571
50428 13825
42900 31418
71536 1959
32230 2945
18783 76479
70454 88692
45053 74844
66523 29279
5938 57004
75115 81923
80772 51549
6675 6321
36631 97340
81286 35885
11807 69870
83694 64454
95871 62234
64192 42945
62242 83758
60236 12773
1465 81024
55867 47041
92672 46517
3520 38742
37016 98609
66510 94987
17659 17788
31479 73184
25420 54289
40510 12765
77218 37226
15811 40555
83499 89440
89549 96355
9127 62092
59467 49784
96824 10591
57107 15334
70427 89495
4456 76979
71965 23794
57933 70965
60500 89623
60263 89412
2176 85919
23144 772
41326 95745
1536 55306
51660 41176
3268 91084
40867 60787
71377 62734
94419 54042
43537 44836
21814 81197
4991 64344
51660 10130
99752 62923
68686 12159
98077 76366
77137 87213
82957 37572
92877 34814
92341 844
8279 44537
5323 95608
74694 65497
19539 93051
54238 85464
83013 79427
43770 76051
2532 88003
67277 95429
7587 18635
95000 35963
23175 22015
59586 88488
23301 22484
39679 52462
13350 15642
27601 47958
13454 35024
28075 18646
20462 49344
28770 82312
74715 3474
7828 88891
84319 77246
12233 75104
27418 8257
30271 7232
95720 66945
5780 6208
58670 35372
67365 45458
9767 88371
23395 11318
29963 23221
72564 51469
50132 66776
70249 17686
6576 41198
34796 78076
69532 7247
15503 47028
54259 96949
80245 62126
68333 66330
1702 2376
64186 43354
31725 85418
96735 73952
13524 55119
22939 43050
26177 86088
20125 89422
30620 96426
74501 26700
33946 65415
12442 44032
57333 65801
27926 83052
49382 53929
56305 12610
72316 67435
69204 36842
10793 4040
75510 82291
41692 24317
26756 14800
20573 67868
64293 46880
73579 67544
49310 55146
99177 23877
89677 61751
61155 72861
43142 33954
62915 26888
94322 15798
52639 35230
55621 79877
62167 63431
4099 31130
62281 3858
71726 30854
94085 82854
50397 52370
7515 67664
7892 16059
77809 6692
95904 13920
64225 55315
82202 39045
71194 27139
78721 92875
72752 23832
3615 34341
65471 34918
55128 7713
38567 44103
43308 26853
95574 32651
16666 10057
26115 3089
26132 40909
54828 20275
75590 22035
77432 19052
62543 74143
67018 48625
72457 41263
75603 56121
7390 76071
83783 57425
1528 62517
5721 38701
87704 44835
54891 1295
4383 20721
61630 81005
1280 30514
68900 16457
51861 93221
67363 46331
11308 14403
55665 34380
6852 83764
76186 47619
5044 14242
76758 76320
31373 6571
67757 98831
125 35428
56148 39000
36356 20859
51372 34129
66938 37635
47207 36623
82954 18798
49552 14570
65301 94261
94376 5216
69186 72153
86394 86913
63232 74229
97151 79503
78333 94604
46383 64908
20259 94809
15667 2531
36659 56614
10601 83390
20013 3596
38745 57807
88728 19318
13578 88296
9863 54029
42533 24305
11217 79049
53277 45278
24780 90800
1756 50428
31687 19465
30625 48138
50668 68297
24910 46292
29681 3679
23626 35510
9669 66045
85362 62371
50666 98396
68776 15291
39595 76881
55929 11308
56585 67163
57963 25557
92336 97717
33533 59718
7855 40374
8670 64157
26800 74875
94905 33580
69089 72833
38877 18530
80900 95109
93505 40591
55881 47918
24798 62280
73588 11828
78990 80726
22634 46524
60592 53304
29373 14970
55343 94124
74633 53580
28454 64013
97592 1432
74264 23358
41887 83032
78141 13141
53731 39139
87056 71645
50276 25963
37790 11853
8930 40215
86739 33132
2787 31563
46532 63682
74158 32160
85739 18227
82239 48790
66573 30544
70253 79830
79213 40837
70329 12139
67629 73705
45349 40411
66373 54684
82888 11977
52191 20515
69998 8169
56084 38929
18963 89136
21295 18967
37193 93120
41909 23385
53928 19431
15612 8481
65669 40532
69023 11177
84881 35997
92759 36651
7687 46582
58558 75484
12350 6926
15095 10748
66029 82347
87834 71178
6496 84991
78110 9129
48865 43689
79471 36370
61202 19145
59676 95083
6259 26871
79219 28698
65349 7491
54072 71978
47461 73035
79960 12629
39729 59810
58508 11406
98935 5757
7099 46341
71821 5431
49119 1560
37929 20686
39830 28589
40023 99130
42352 15857
44555 62633
70124 21571
9900 9903
99289 24195
53176 57360
33521 95600
7006 92904
15012 8380
54720 22292
27722 22110
23669 42893
63578 93192
21781 77949
77078 19759
35615 78155
40788 35782
73704 96521
22775 27263
51457 83603
40962 22063
34015 20984
13887 90834
99213 57372
79663 28898
67359 70284
13176 7385
576 91027
68975 93105
12863 38708
16863 62405
14538 64830
61350 74002
1264 88241
71843 477
38891 69072
90056 29156
19989 72905
30276 3942
49192 35553
5836 9939
33675 16550
23929 19012
28468 34250
89310 9255
71659 41331
22512 6172
96525 86196
90788 213
689 97788
66859 62630
8137 39580
28836 73266
93560 44477
80029 59112
85402 42751
75652 2217
37580 19076
69677 99580
8835 66047
23729 75338
81509 96845
99393 46240
62805 94385
92172 90180
69162 63493
19424 75383
48648 77298
21775 48260
23723 42207
1309 18155
20371 9124
44551 76961
92892 57950
23997 30579
5917 18078
14923 47725
10317 3777
98162 30667
37198 73121
52965 6685
98419 22711
9 88741
37000 47067
5625 38135
56289 77074
2549 6934
246 76660
34609 63451
94029 9489
27567 74957
22682 16297
36426 58841
5859 49350
22470 50939
57623 43056
65767 91786
80526 72394
19460 82127
20261 33877
10950 41436
64721 92901
69560 13498
93300 81318
90807 20521
95477 87329
19977 18373
93565 34510
83859 72754
23692 99423
58830 22680
14466 97667
70060 40948
23074 11343
45220 5871
47306 59686
52587 72521
86019 12027
9696 38498
59018 79318
82998 502
35226 70847
21708 19327
92080 45142
44564 21919
44598 15772
29790 19746
60693 75415
3110 99849
5719 119
59804 48329
20849 69376
97754 28742
67240 23219
18889 7450
7951 42609
13455 18238
53916 59529
4670 35163
73433 45996
78119 65586
85331 18030
9797 24260
24108 62375
62493 12906
77586 46178
15553 38649
67390 14786
54357 13307
20756 34629
77238 89597
24186 45058
4586 7044
58558 78102
40449 9256
74841 31990
66372 34919
59178 76523
38897 92520
21777 99637
45814 1390
40038 99362
30499 61366
74672 23779
74760 1207
90803 11779
56837 68349
75392 14989
9442 61422
87029 50302
82291 66242
1160 78221
54743 48662
41181 60337
76325 93640
11381 62957
78670 22138
83503 51418
91548 25521
26727 74527
2657 66307
34655 17530
48870 59493
37267 26399
76700 74663
40904 24295
2516 58990
24004 58415
35103 57258
67249 81536
44493 11427
33564 78629
46398 39514
65034 33418
24296 37946
20604 91761
25642 26953
86445 71611
98009 90863
81877 23711
64358 91060
66401 22780
81194 83225
40482 90404
71940 16296
27722 24083
2711 32784
88649 77637
11054 49109
3406 53683
61795 35350
62302 24009
95619 3788
11002 65098
5161 9979
1038 92878
32009 69518
52742 67439
74194 29554
62201 9575
33657 46133
95268 89922
83910 52720
1828 269
70303 94963
46664 5233
45593 48449
52236 25317
6767 57564
67542 79589
72466 11927
97796 68580
52370 20826
50379 66889
92815 26563
89048 12579
18852 26472
79191 667
935 2761
14075 97370
18954 71237
19685 77091
18759 80898
38461 88272
67860 25525
53803 6003
90934 56677
93854 51598
18486 59655
86217 44232
73162 11301
54124 91616
92283 8365
11125 49666
63387 93217
80806 41552
34994 82340
63237 490
5114 53752
79277 1698
24052 72973
46002 49431
1029 31337
90991 39855
439 35866
63518 93559
85175 73600
81965 33993
10 77457
87025 9441
67344 63396
45735 67830
84672 2337
72441 25324
43373 89785
79109 68069
17499 67424
15112 41462
81317 34879
70745 22454
16012 98107
71706 50614
959 17538
11346 70022
95815 968
64364 14723
82552 63158
81847 10098
51773 83575
89711 54287
22355 95145
78920 85172
26633 56205
91084 94031
32836 24301
22407 61828
28793 65200
82737 10465
96838 29751
30719 94083
8805 92652
72162 11434
21531 7708
7635 70360
40998 73304
84800 13697
98868 63352
19556 63720
74102 41853
82505 10639
88818 6938
72137 21264
31728 33963
80065 71225
81659 44917
53921 27135
38568 6815
14523 42434
12793 60099
49754 38509
52205 53790
33493 50905
14624 67425
25629 69400
96391 88726
12015 8133
29396 1560
35522 84151
55375 77475
22392 15587
42721 53386
60200 76312
18745 81289
57739 74722
29582 47889
1678 23844
74748 98139
65563 35170
4569 5724
10801 7543
15675 959
2519 22815
23317 45071
38897 54392
86330 95043
48428 61288
53951 29051
26691 8628
99701 89047
36935 781
40976 29283
27421 38612
90133 32075
37798 9335
16877 11054
28364 48598
71412 48903
10325 30882
1626 94728
6123 49222
26861 87955
33357 54550
63177 80812
69858 76399
93531 62878
92160 6793
61756 34506
66581 35932
61618 51889
79294 20730
69328 94846
60100 7657
54891 57091
68171 70425
35998 56516
44470 74293
28842 62858
60021 94179
70577 92019
71248 29879
53023 64108
14965 79759
32042 14778
83018 97897
18627 93659
4856 62311
69968 4306
61396 64955
51731 24858
97725 45918
20210 4080
66938 58546
52724 65404
73774 26958
73188 39653
20112 45021
41131 26210
57340 35076
32973 73172
83182 40357
19020 67951
72256 4389
85695 5339
30196 50003
95921 37426
41505 44272
2817 32482
97885 24794
68104 71893
11545 88010
49382 41291
83853 48008
99435 90512
80035 41192
97900 32407
16709 63216
67604 16919
22257 88964
38967 53299
7076 68804
13075 34887
83720 64932
89726 15892
4136 97957
85966 57829
15471 32032
80039 51700
58563 99323
40514 79473
28232 38598
1813 38414
71684 44940
33904 85769
55419 93941
62744 89222
40460 62494
27425 92171
24414 24179
22135 33502
7682 28549
60580 8101
76152 39505
38827 40618
36442 34714
73311 95693
50458 64673
9613 91476
77244 22141
16081 59868
49089 32662
11507 95177
87347 5900
30078 38931
88785 28112
56660 52213
76665 12818
52322 33591
74208 52816
87529 91149
86841 27001
91674 77192
68667 37298
75790 17638
93857 45910
94923 91871
3399 42945
48844 6429
61711 7097
35208 95273
47485 66847
79665 91867
25457 40501
93316 31986
39486 16016
43016 97197
74388 42678
96327 51041
68678 59406
5315 72117
80339 62534
21830 16589
23017 83737
7185 87025
82298 1079
67926 42392
50610 46134
86635 47590
79575 92418
24785 96302
9850 35413
78090 84152
35193 84237
59994 90769
62885 20222
99108 81660
98248 59575
59663 20937
24314 37616
38695 66847
25590 22963
69096 6620
54209 76199
84968 72082
84736 50135
85547 26104
10255 94585
95174 79989
70757 61799
82021 55167
36827 33641
9567 81128
18416 35074
89042 69229
36075 42729
82043 27736
34355 61664
54214 51139
39572 88563
55049 55533
81636 24307
18892 40596
20584 91890
53689 30417
85583 7692
57684 52061
33188 38761
90187 67250
36478 67955
27036 79228
6963 88904
50567 9078
76568 41317
46231 21132
76664 16140
56798 1279
41874 58299
50188 92041
22457 78809
2852 20228
72288 8040
46800 60535
44136 21827
6134 36986
32565 80613
69516 33169
42246 39527
80843 36434
73917 35166
51305 43425
44704 50580
8878 24454
16495 2929
98090 75418
11997 38951
63342 941
77828 637
38815 26494
79831 21963
18928 44948
78116 12396
51922 4795
57581 36714
71879 49117
8893 31497
82077 39535
63988 53596
72877 7306
99075 96834
52137 70966
88258 11072
11708 15478
58323 82437
20752 50522
11822 38154
66901 39679
60825 89937
43002 35174
642 18405
66254 31232
70766 9535
63130 48330
71987 51106
47939 36006
23323 71062
82133 75
31905 27933
10369 10192
77065 90227
44732 31120
70798 88886
78823 27984
63158 47975
66379 38176
69408 63799
73333 48984
13665 56525
7630 52815
5172 85652
56713 71921
88347 28495
56427 55197
81740 20251
26830 83147
14267 58804
47690 87913
15897 1416
49390 42864
81039 79054
59204 32121
81104 66798
23323 32537
1703 94769
80420 47304
19224 6874
51720 53484
25032 7571
44173 24498
7645 6771
65574 71002
75267 21911
23326 13263
56126 91163
86568 72716
21188 53517
20314 45771
94659 2291
97059 59988
23644 96361
19587 93830
47313 42867
66789 87658
12156 88696
95466 27314
14667 19800
58062 77392
7006 89933
81095 97739
86806 79484
33000 67662
13433 7993
10284 69665
46005 24443
37156 7342
17524 69648
28866 56742
44399 81188
69884 12007
39320 56554
92705 81701
59092 53986
60271 67118
64857 66098
45581 41365
25379 51662
59655 94932
80948 55163
79605 69938
93631 26952
12951 16760
89853 11154
8694 41817
70175 34252
7157 78577
60277 9494
79831 16214
83331 19369
1818 56453
97818 48187
16201 63750
58681 39548
94710 75855
62144 39628
82932 74314
7426 55774
83280 95882
54050 97278
47881 91973
86901 24224
50069 71390
87603 47177
82897 46252
2704 87285
51824 84714
48463 16873
56420 68024
60230 23495
79475 51129
41795 22373
94498 62406
74639 65572
79201 94129
2453 28689
69264 27082
14823 89353
52882 35685
98288 18777
6061 35778
36844 991
34216 74236
58611 1658
25153 90635
58116 18840
41212 4627
83384 16262
81833 52062
46190 58022
3062 77385
20818 48643
54347 88678
40714 35640
54416 7228
59358 39001
56343 76829
67416 96201
97858 90558
97545 26027
61218 39362
60340 72012
88273 2430
70843 60075
34449 86457
63841 17032
82026 53862
58891 1011
36650 36373
59952 99604
38604 7418
598 19309
15509 11299
18208 68013
10391 29719
85432 32104
4115 71609
90390 62124
22198 8739
11547 61232
78263 56646
26860 91740
92750 76641
13013 85750
85354 45751
53168 89316
8625 40309
67959 53765
38130 24133
70203 86167
18270 48520
20128 55635
17758 38737
63827 26869
88100 56307
29305 75374
83465 82715
59355 56164
41913 76214
21964 88719
78034 43618
83927 91484
61600 86658
27143 51885
54403 99729
64601 13697
69331 89025
27761 1080
27949 3440
76099 91587
83312 32400
15114 5403
61566 66776
59341 74468
79538 19830
63448 81305
89140 73924
60581 63726
15610 50739
66820 4075
17772 70013
75389 47772
65203 3454
23246 3149
11087 93151
41903 99344
4746 94399
77526 57016
47836 82663
2492 36867
34523 43725
17648 65939
46016 23662
90752 94581
98655 61626
47990 73923
21694 32778
36232 23378
42878 86897
96399 59477
75172 53964
64714 54653
11669 79917
62579 42240
95458 75856
19580 81422
63713 29980
69993 37228
31808 9728
87705 77096
51019 46814
79592 52046
75423 89064
75960 32175
8003 34652
4968 88711
43363 83174
79442 69681
28272 71383
47238 58372
39793 40081
70060 66818
20397 3505
29585 56404
33500 52204
15369 17289
69335 84518
73581 11312
43486 61109
95761 65893
70955 67840
67365 17080
86760 30669
2052 46806
5177 31384
71464 65641
32458 61322
81178 57876
14279 69206
21409 10762
28051 47778
48647 53130
64441 13737
74845 38580
4472 24279
8470 86957
4036 91778
22446 75835
38992 7148
54883 24497
6490 60521
21842 26346
573 55299
24505 3019
30133 14852
78981 45913
15394 74535
88271 43980
82559 79835
4113 63115
66424 3382
95159 12582
4768 86811
93958 17604
58453 43760
4280 48840
91538 64942
20240 42473
61843 92110
6961 44744
7009 91975
66509 2294
46273 22402
18588 71131
50598 45183
48564 22700
51634 17021
3831 43722
77677 56401
16512 14141
62980 36129
17422 20791
79615 70869
62979 54014
15109 41458
49784 86291
4936 22117
60871 32645
3775 67560
12742 79458
18510 54372
71392 61305
21378 86495
42895 91575
5715 99055
51535 75759
12901 85046
55915 85309
39322 92516
50325 35245
21535 54430
92899 108
32752 26471
94030 53769
49578 36527
7250 23124
780 84439
70933 78642
86568 22158
37564 30180
5938 8634
93679 5450
90758 18838
11353 65945
1189 30079
861 61677
78137 39076
81898 10111
80231 27240
80118 92279
15402 29808
14247 87368
82361 16182
54691 85179
15358 68928
77561 92254
97703 37647
56485 87591
69888 4813
51243 84189
62218 87428
26503 68455
78565 40354
83945 24752
17031 58795
88603 64063
51430 32432
64965 19201
20731 33790
19069 19655
11908 52441
90087 96629
571 25963
47127 62923
47112 70458
74238 98369
66824 9329
66034 17092
41844 45388
4183 49978
14040 58874
7657 9137
44689 65469
15610 72622
92276 81771
34211 34678
47658 20536
62850 40650
3572 48229
35038 9976
8344 50683
76363 9275
26367 91519
36907 42396
92374 84562
43435 57441
82929 6413
88234 67443
40064 27617
9387 3843
54873 48692
69227 59950
599 2530
67110 32076
42051 20522
71205 18500
44126 66746
58265 47567
89963 86844
71405 95171
68963 98688
21452 31191
98634 51891
95859 9685
29880 55049
3740 5245
81546 1104
19985 72966
21393 98496
19018 87095
21946 63443
30189 90222
54140 82423
69267 88453
99975 60454
59141 57023
4566 68937
20827 80593
6629 19551
74599 16685
38281 52860
53963 78339
67656 19827
18322 73948
77394 89049
68843 37339
43912 15691
98113 99031
3835 14404
74857 67379
40754 3809
72745 50350
47294 45319
64869 9923
26607 53922
23134 55819
50509 81240
17418 93448
67395 18165
23565 52091
89430 61140
76830 92407
7790 49693
64096 74943
58673 11624
15433 55305
5654 99426
61096 4529
14452 52947
23220 42316
98135 57410
55001 62705
56153 48643
83159 72418
24509 23547
84687 6723
99130 30290
79982 77868
52810 6919
34894 60430
15734 11483
27260 66678
71207 21387
90685 4708
47023 2010
75771 30256
92961 45157
10152 30772
19541 49113
89011 93310
33 44049
90690 73697
67917 15514
38784 87024
47453 20726
48560 73677
56707 79538
17276 92172
96879 27913
46274 7960
54567 60253
5410 38396
69167 47527
96639 15561
25222 5060
65460 85650
75698 25254
57119 56150
43173 59966
80692 95902
85931 6977
86514 45603
54126 42637
86901 20141
44452 67356
27609 49526
87921 99018
46545 33018
64930 57088
78499 59535
61536 90151
31757 43958
107 53586
13551 88875
1129 59631
66607 10594
56197 3411
46047 69472
89612 26674
94030 49299
98824 34063
33081 21638
71007 86744
60183 95977
55511 35936
42438 38681
82639 17047
86984 90546
79421 99097
58728 534
11128 96901
311 25334
11158 83676
10349 62709
12007 769
34832 4378
42367 10830
97573 84264
80240 13373
65660 57756
12788 35750
69148 8098
98643 95426
94523 56131
73017 94415
91315 69602
11287 84144
67819 7977
70685 22444
23213 94519
98897 82691
93520 74396
58659 57615
70988 7445
81552 38898
90999 36647
61096 94339
6117 76499
48981 59739
70505 639
86592 21997
6140 78172
86148 97878
20322 90310
84829 56833
55875 43534
34281 77
57691 49395
73191 92939
48188 28678
81677 54742
49080 39186
15684 42772
2510 55196
72186 81017
3013 89367
67538 75129
73007 9153
15814 70037
26869 93328
53213 642
17070 82744
48490 87493
96783 74761
19790 38032
92773 44970
84155 1466
44238 58204
29752 16191
97207 63099
52465 18289
93418 16571
42075 36354
6391 66424
76103 57889
74882 49611
48706 29315
33159 91952
66712 13547
51578 29941
91262 86501
4319 44350
18906 91768
7958 48556
28006 48657
66945 21516
54439 96823
33176 60362
26785 96513
54401 55918
5529 2887
48553 29283
21234 54234
67781 98063
28003 4297
7149 19358
80060 19264
11032 11467
76374 15317
63973 35341
73209 20732
17554 47269
7631 27647
40511 67081
39351 50767
70006 94912
40546 44879
15464 34910
32973 78131
82427 99596
35306 77327
12943 5927
33746 15365
30681 40326
92018 26471
47202 11005
58273 65226
9224 81107
64540 82255
33022 66087
60998 20242
65120 19379
54288 17895
96025 96935
96531 3612
80939 94803
17081 31836
63552 93881
34206 50826
93649 10584
37940 42575
7801 57202
54661 12564
94819 33376
99462 19200
39441 44192
63570 76811
11057 20912
34198 34209
37821 23433
34587 47080
78915 35111
45343 51668
18845 58818
85753 95900
38474 12493
86047 40044
52608 62626
12354 40707
76258 47426
91617 28167
4978 32050
69313 71538
22098 32386
55819 3510
50590 76270
11380 90405
58424 45856
21026 73074
68973 77269
6113 23130
63174 23799
86424 92159
49217 15781
79558 98777
26944 25474
57523 87526
59063 48273
80658 43187
46697 97512
73782 52828
59585 97286
59493 1513
74587 18008
11628 80518
3648 59911
83709 34093
42603 83173
98953 70133
85261 91820
33645 78510
66035 12204
76828 7520
50706 41449
55312 73838
26665 97402
11039 29093
46958 86249
20609 70532
67401 37896
97806 32236
66328 87400
70572 97867
84351 8931
17102 85876
80737 69611
98167 50746
58265 63123
4571 91346
65183 8971
22724 59883
5327 91848
94448 50115
36998 68636
6531 31408
63644 4398
8150 20689
18555 46323
71605 78721
64597 19257
5219 88706
55804 45333
8456 3385
94731 14068
39390 29378
5612 76265
84464 78466
28580 27291
95926 95264
26671 81929
86326 18809
39497 90314
52989 10827
89548 74403
93659 24593
13299 70496
32180 15229
18614 69102
99521 56987
2717 29696
22312 55263
33728 24680
51970 6776
2039 78659
60587 64248
83056 28709
35375 63264
74091 38904
13306 88363
12955 79990
66837 23316
38544 42605
28058 15368
88707 73509
19556 27579
99193 91423
16102 41868
64995 49272
27930 84424
48671 67033
12093 4868
84483 48078
86981 47467
35829 74925
71266 286
39953 65136
7740 38102
69822 94848
68357 35798
79728 58528
49950 4264
46131 78920
44543 82403
66826 11125
94509 88824
93691 31848
79925 6602
70420 94525
69450 66905
83542 6249
87736 40715
95169 23494
18342 95475
47624 64990
23517 3050
7313 27351
22622 89818
72220 69796
97272 83516
72339 55398
87245 91781
14734 82381
76906 83522
50426 1505
24105 46355
3421 50320
73813 11840
7315 98589
79930 8506
11555 71290
14993 3446
9615 35220
5015 53966
37482 81835
53584 2286
10418 9820
92201 40828
24349 41503
43008 85458
48164 91127
41446 67112
95304 51584
66525 31610
56468 2618
90259 46454
66252 84374
19593 5251
59217 75866
74052 40959
59597 96698
22869 27635
84815 86366
27869 15069
16878 9163
16641 87228
70691 65041
16625 74438
6048 65994
84963 99501
62306 62515
46888 75222
96824 28557
20775 82833
23791 56040
69089 11178
38813 83387
69753 91958
23378 23627
49141 13973
1200 40256
5296 82134
56571 88242
54236 38272
54124 78970
57836 55550
30771 16430
61338 21076
3908 27595
99986 82112
93290 44050
27437 69075
61032 48454
88432 13541
27513 84409
24664 37572
19705 45064
49657 46312
84583 92628
71597 20244
75794 38707
71488 29433
50508 22916
66862 32825
31289 70767
14816 66848
35922 40930
89383 58604
72144 13305
14065 77814
31737 16008
77423 38729
1392 67794
60421 27080
47323 2326
57384 32017
61449 39468
62384 28871
78048 28308
99074 29245
96092 9336
66617 30242
88845 48365
78021 72351
50164 77341
93348 92086
47166 98252
66045 87123
30554 48557
50882 26465
74834 77876
17344 8266
53488 52634
80942 96079
25323 31535
57222 96367
26608 37767
2483 23838
96188 31805
9145 80504
72589 62703
60955 18844
5966 19754
84662 43351
86168 36519
30747 35543
60160 61001
13634 64442
60520 30000
61534 10927
7294 2194
39960 18756
58945 50253
98409 42443
22946 55133
17835 7553
42749 11886
31639 95141
38492 48714
1585 32652
68194 24659
85659 32331
13124 44706
91057 15644
26571 73643
75836 68942
4049 50216
16820 32148
74590 62994
18126 15229
39133 13887
42124 35960
31101 81881
46947 90114
22765 85944
10602 48531
97213 7310
52015 12612
28255 10336
83978 59423
28365 71177
37744 76165
8312 32413
95406 54564
86144 99253
29491 13531
65843 25276
23509 71614
61727 13295
99238 70455
35337 84491
91801 26191
38802 32549
42884 60167
19590 83408
54585 43213
35729 64306
96718 92328
63243 60393
75997 92124
22006 49386
91014 5488
93453 4200
17494 14522
1328 55180
56022 33083
59273 36664
69212 64174
40693 98074
81482 28447
88011 76634
40939 52418
44745 40091
483 37656
46131 7988
73725 92832
98319 84489
88688 64738
79259 91771
63302 22534
55616 96938
33601 35676
99849 14889
29314 19164
63962 40541
17174 27147
79564 68324
8415 58112
12120 40661
65000 25249
18080 74602
59090 38724
3462 32750
40873 47778
70311 99072
96010 4174
56201 42278
57166 45962
65126 56050
12942 2832
29978 29087
13763 30116
4579 25894
66554 22177
63777 33050
7652 31553
86628 98209
30958 66741
30870 6441
5513 88182
8708 17532
59810 17874
63835 64908
20957 33327
52510 28960
74399 50251
96718 82488
24733 88161
26689 17648
50698 7638
55542 6817
5025 74701
57793 42169
48610 52335
40516 5015
22546 54122
88347 49223
30483 98707
48386 52181
81141 67791
18041 895
99734 71891
60051 14758
32406 24466
32103 3091
9907 99455
74155 87644
46165 14932
83618 31947
36961 94774
65247 24133
89708 75859
74565 53593
5773 36542
4332 39302
40197 3265
75155 22373
53482 56282
97100 51557
54647 85887
85341 45554
49550 64554
95837 59495
7794 95714
6839 79454
19938 61106
36964 72085
42029 25997
62538 11529
67182 64153
67418 83222
5594 7378
63660 58924
26833 75427
61314 77111
22664 81479
62384 63006
38853 72213
67926 58220
54025 46646
7751 74764
63200 90315
32663 61067
88947 5228
85733 95201
94774 56128
63506 69502
44777 16719
92145 43517
20627 71609
53088 53458
32816 43290
31855 15471
90043 71668
34665 99780
90896 60419
50733 58767
19833 54095
75675 83396
94948 8779
64907 77759
47260 6073
22791 44764
4632 92036
63645 14935
84745 41610
84899 33084
64906 17560
5579 16753
32885 54948
31719 40243
15361 23780
94226 98803
98550 35194
60324 86252
64010 9849
15921 25230
86345 11269
3305 38711
53646 90976
32585 83301
16384 54742
88653 33836
66940 81289
52589 94231
50825 99824
39955 659
99461 66185
1378 34181
20432 98011
24211 61702
3283 794
12062 40132
78842 89628
96955 31718
15018 48839
3580 29540
79727 47753
45394 8584
2814 46666
62842 97982
98640 53638
36175 19148
69680 14452
28814 53904
15605 6464
7257 53025
93156 35240
41219 19318
67388 88349
37188 38173
84064 98757
46510 57119
65703 80142
26808 91903
6236 84868
54858 6001
25148 4875
35678 91032
44935 11180
17643 64492
17516 76892
12131 24899
60568 10671
99019 53349
7873 27955
26712 52558
9677 8289
88430 73221
81475 91731
76598 31589
53941 87710
8936 31455
38838 95441
6620 44613
9104 83773
60664 24262
49160 26619
53641 89146
58846 9727
54034 52660
21569 66718
75006 80745
70317 47597
39327 79788
27728 68143
55852 32277
80083 81669
77109 81139
25751 18921
2693 83728
7989 51207
77825 79708
68853 73500
99578 47818
477 27698
94415 53611
50707 38397
85994 85773
81912 21023
89165 25320
73948 9639
91307 61368
42506 54031
72951 68415
68494 84609
35815 91995
71702 76482
66333 13639
77808 40554
84603 65911
35873 94636
33033 95369
81141 86580
23954 19026
60697 79404
89043 29471
90838 34645
88675 96701
81468 49696
34304 77977
69971 49961
42795 70118
108 58024
14929 9127
91389 77916
72551 99531
94899 27262
13841 5583
24608 92392
71795 54146
83616 1657
36301 77189
73890 74454
24149 41327
35655 71709
38021 58452
44921 21977
80000 80815
6294 45028
22943 94928
94458 97682
41295 95494
1076 89356
81747 71487
25633 42036
60044 69894
47082 9248
53 96344
54022 37323
9031 40553
15356 6028
28004 47052
44218 60276
5304 24355
19282 50511
64545 28246
40091 30091
35798 22191
93678 57519
15906 17545
87438 35662
61261 75949
88644 50871
88194 77666
18218 59017
65044 13576
76979 49926
10201 93047
17401 21197
88059 31856
76454 53034
83124 68955
91146 16544
90414 18921
52817 1175
53188 6319
82267 56606
7477 14448
92113 87262
46278 12022
41949 26683
76608 11321
20719 18928
40124 3160
35016 38119
7504 44534
13489 11469
44364 6979
25900 20986
38512 34778
57448 95068
51674 91699
6146 56067
43328 75502
3875 14611
41293 89606
17278 45823
64750 17900
37411 37997
92467 21225
82111 72426
246 16323
23301 11951
32936 44610
79387 49200
60620 71447
79497 53186
9252 28645
20498 85642
252 52580
58537 24372
70194 57896
92147 75814
30162 51296
88872 29558
1983 38981
55303 87334
99284 2229
63190 78603
44155 48571
36369 58928
12113 4774
49770 15865
1507 21365
90296 70267
94638 18110
76006 48832
40997 81183
48830 84504
14061 71159
26491 54054
41387 32396
50976 81793
60395 40671
5593 14165
89444 20901
42026 41962
57826 1556
22920 91795
62061 59332
93794 13215
78398 56698
54233 86151
70654 19395
6905 19414
73467 1067
49814 33395
31539 14854
71876 17141
31305 8285
29186 77468
19429 20748
38655 71211
63006 77255
52938 61575
91141 25066
98116 63083
49233 85891
5285 68700
88113 36239
53657 28541
78287 61580
92785 3470
20610 9825
18109 81012
58479 68266
5365 47294
34857 94260
87866 60371
38297 97862
39279 57155
20238 29438
15328 53746
38797 85822
22060 36964
65504 26910
4841 92068
95537 43790
69966 97625
78636 32498
17115 88074
51720 53466
64077 38831
99202 86576
789 51942
25449 37498
83287 40067
10165 45686
31507 14966
51929 48961
92222 69919
78338 33784
77573 97062
11038 73875
22724 63890
51964 6025
59491 56191
95021 3683
90258 39919
91861 10574
48072 91046
47464 17309
79346 47710
62676 73980
22941 27204
13474 14604
48388 15162
28576 91812
82038 42312
6202 39613
45638 4761
77303 74517
78199 21480
61398 88676
99249 84808
92205 53258
86918 63672
11382 39668
13648 82615
9819 74057
88660 52940
84453 23292
15103 53399
12063 13028
52641 13492
34605 34616
9132 14630
36109 11907
582 3682
4841 97506
67116 99831
63502 97045
53064 70385
53000 74883
48939 83063
52354 62818
2461 53951
23701 36807
49834 33916
47407 35763
86730 18826
33455 82011
93918 12213
15894 69563
83421 10851
10681 20734
34130 50536
37272 90535
81769 87194
86608 90271
69440 47060
17362 38962
75768 71901
22168 41062
93177 25601
60779 69574
51585 79906
92119 94233
80148 61854
72704 24364
61450 63568
30455 99737
90271 95579
99124 67726
74349 88391
35450 85732
24693 43788
32040 52811
93873 460
42412 54207
23781 3401
99658 3190
13775 91717
69922 91776
32492 93922
73841 42625
58713 93941
89519 4295
88372 65335
53726 88643
74374 62720
6508 89175
58338 15418
15877 54899
9106 68562
71962 74640
94182 49238
57306 71619
79747 24308
18229 27227
86203 12238
22530 8421
12715 61268
26602 12048
17042 17438
80158 80327
85854 7767
23184 3017
74267 44191
29104 55412
46404 83372
48961 1065
89035 56937
81244 22618
66196 85133
97370 15824
24244 52399
30018 36251
64651 53310
70747 56619
36946 81692
5811 67256
86624 39151
99693 28994
758 60891
60614 28796
46212 63513
20449 9575
48544 35246
20379 1692
17515 14740
83490 34100
70351 41758
95067 13507
70125 35001
33044 82165
49421 23422
78924 38854
84200 52396
13286 78616
7411 1309
64821 73900
99826 53622
5220 85269
86960 48369
79460 25598
76049 20826
78935 62949
76455 62751
97751 74001
72517 62932
86353 47147
86000 38289
90685 65277
60244 86551
87859 3970
94221 67655
37628 69031
54299 10398
75119 42847
84796 57610
78435 54578
17527 77197
39947 57369
47721 10333
73264 54050
1196 36590
74878 75969
57597 3547
6450 65562
85884 17840
1846 94308
63339 96456
6854 55826
98672 33989
7951 81972
36549 99820
77016 86385
60106 70427
97112 33314
87363 24178
77119 70375
62695 4910
8457 51997
33910 20291
54483 31258
41917 36145
32601 72680
28505 5255
55596 55806
54129 43529
43348 63546
66282 90677
77456 36715
70028 42739
83269 74567
61293 73743
78652 60387
28735 23988
60630 3460
34717 62645
15141 15112
87792 76634
98240 47741
19898 32648
76176 70187
33732 74026
81055 35875
72589 16366
59104 58510
49428 58969
49063 42372
19111 27072
51059 44066
47526 47845
10489 28041
43152 98594
91579 41982
89722 47295
79943 6171
92709 25972
99997 72470
8345 26441
59158 81051
55912 97285
56253 34613
76985 5339
32411 21667
65733 12447
60291 99821
27861 29610
44555 87132
29113 87365
51011 52486
75008 35186
61157 47305
19775 67716
10508 61154
42204 44471
41755 69665
4278 14468
19806 14360
36026 97614
10060 68568
84741 18110
47719 70350
73833 28953
32669 92274
61111 2945
38131 83680
47336 36118
3833 99287
60440 83462
27932 14341
357 18996
33463 69687
84046 20986
18599 69620
54540 36423
54533 45010
15360 39280
68232 2251
10876 89192
8489 17253
932 88338
24455 46619
45905 64619
48081 44640
75332 22697
41692 76012
62050 75688
96674 91506
61125 62447
98870 31624
76634 32016
71295 53402
72004 8345
13888 55879
73131 99232
87569 22376
85346 90414
55032 12024
73015 47603
70299 3112
95476 48346
40385 28342
36199 57525
19972 53410
85034 97323
29339 35193
88594 78019
2715 16985
89215 76949
76180 16602
55330 78697
69110 63749
92124 40675
88277 40494
59957 81490
29835 74927
3268 55432
29309 70219
23629 39466
53141 65632
824 25014
19384 98831
32167 5769
99069 22098
38699 21382
16430 75249
55349 10380
67407 85540
26033 63824
45313 72035
46962 2341
57773 75147
61717 66581
6047 3433
85416 1697
43062 75539
90721 2591
24711 62445
84542 22887
60620 23779
99027 39593
66324 77050
78941 70727
34550 33730
5765 21325
23665 79862
71360 52726
19306 97789
17573 33077
51125 41704
33594 2988
21930 94187
56631 24314
63553 46640
70419 57525
97117 40524
17573 85797
56524 63440
13522 12865
34189 91073
87287 19286
88363 57854
71994 58646
8074 24020
65724 89567
92554 59199
53385 15669
39983 30836
77475 26367
83891 19887
60410 47893
50042 97359
77151 94335
7199 6565
13989 90672
26309 57740
31945 1275
76273 14671
38690 3938
93504 84346
59896 20765
36434 2410
49597 29632
55999 92768
12654 27071
91316 56241
69952 89415
101 41357
47921 47102
54125 23652
81391 61909
79536 80433
11455 29687
33624 55808
56505 50144
87261 43480
62241 16401
62384 23694
32813 11837
55259 18382
90975 61818
51232 46574
87930 77278
40731 67685
91336 52202
14111 94855
91639 72726
18764 9998
82157 19445
85940 52387
12218 38661
71413 73200
13245 90810
2646 33797
68530 46057
7874 57905
4478 75856
53133 75458
43142 8760
60961 93863
5069 34477
23554 91423
1420 13059
32503 42317
11055 83576
38589 18443
7994 23273
14082 26353
60149 21239
67295 33080
7336 45031
20886 91521
66978 28165
36924 90371
84233 10119
44595 97885
89307 5654
18712 84500
26816 7079
7006 67567
86009 37870
77494 45594
88299 10354
31592 7928
41007 48447
93477 98887
90407 48342
76506 30715
21085 73736
83854 29782
27666 21669
27322 44800
29299 33324
56754 62386
29952 56114
10335 63760
25705 32312
42665 87829
95756 14003
78802 74257
89495 53114
1455 88630
19344 96253
69988 94312
40445 56780
78449 53841
98640 84462
17786 22122
84507 27938
403 90891
54650 14458
46769 10737
14917 96707
27061 89434
80042 10672
63785 5862
10844 85888
82140 81591
92255 30187
3319 52127
22319 32699
17161 81767
3888 37310
81599 51298
42188 88395
19204 98353
9089 13190
26248 82325
71758 40358
51029 53308
75522 68151
54038 31166
29108 86365
32903 36177
4655 37714
86765 36221
17987 43325
96986 3925
71574 38227
42973 78584
76936 30113
59654 62176
44500 2376
42733 85901
55561 32609
17111 10114
57631 31082
17446 71148
23676 3090
40804 50348
86569 44682
4358 27568
47844 20907
75485 1343
96278 19417
65881 18457
96985 89565
91941 25535
27787 41484
90445 51025
77490 83347
14428 7555
95055 35120
38210 48225
14925 18730
79764 95365
22932 17845
38751 84121
85464 70775
6543 30588
49044 81741
71306 72423