4856
?????????????????????????????????????????????????????????????????????????????????????????????????????????????????????????)????????????????(????????(???????????????????????????????????????????????????????????????????????????????????????)???????????????????????????????????????????????????????????????????????????????????????????????????????????????????????????????????????????????????????????????????????????????????????????????????????????????????????????(???????????????????????????????????????????????????????????????????????????????????????????????????????????????????????????????????????????????????????????????????????????????????????????????????????????????(???????????????????????????????????????????(???????????????????????????????????????????????????????????????????????????????????????????????????????????????????????????????????????????????????????????????????????????????????????????????????????????????????????????????????????????????????????????????????????????????????????????????????????????????????????????????????????????????????????????????????????????????????????????????????????????????????????????????)???????????????????????????????????)????????????????????????????????????????????(??????????????????????????????????????????????????????????????????????????????????????????????????????????????????????????????????????????????????????????????????????????????????????????????????????????????????????????????????(??(?????????(????????????????????????????????????????????????????????????????????????????????????????????????????????????????????????????????????????????????????????????????????????????????????????????????????????????????????????????(????????????????????????????????????????(??????????????????????????????????????????????????????????????????????????????????????????????????????????????????????????????????????????????????????????????????????????????????(???????????????????????????????????????????????????????????????????????)???????????????????????????????????????????????????????????????????????????????????????????????????????????????????????????????????????????????????????????????????????????????????????????????????????????????????????????????????????????????????????????????????????????????????????????????????????????)??????????????????????????????????????????????????????????????????????????????????????????????????????????????????????????????????????????????????????????????????????????????????????????????????????????????????????????????????????????????????????????????????????????????????????????????????????)??????????????????????????????????????????????????????????????????????????????????????????????????????????????????????????????????????????????????????????????????????????????????????????????????????????????????????????????(??????????????????????????????????????????????????????????????????????????????????????????????????????????????????????????????????????????????????????????????????????????????(???????????????????)?????????????????????????????????????????????????????????????????????????????????????????????????????????????????????????????????????????????????????????????????????????????????????????????????????????????????????????????????????????????????????????????????????????????????????????????????????(??????????????????????????????????????????????????????????????????????????????????????(??????????????????????????????????????????)?????????????????????????????????????????????????????????????????????????????????????????)?)???????????????????????????????????????????????????????????????????????????????????)?????)???????????????????????????????????????????????????????????????????????????????????????????????????????????????????????????????????????????????????????????????????????)?????????????????????????????????????????????????????????????????????????????????????????????????????????????????????????????????????????????????????????????????????????????????????????????????????????????????????????????????????????????????????????????????????????????????????????????????????????)???????????????????????????????????????????????????????????????(???????????????????????????????????????????????????????????????????????????????????????????????????????????????????????????????????????????????????????????????????????????????????????????????????(???????????????????????????????)???????????????????????????????????????????????????????????(????????????????????????????????????????????????????????)??????????????????????)?????????????????????????????????????????????????????????????????????????????????????????????????????????????????????????????????????????????????????????????????????????????????????????????????????????????????????????????????????????????????????????????????????????????????????????????????????????????????????????????)???????????????????????????????????????????????????????????????
19758 18044
36599 55832
73464 53373
42726 38835
57564 54673
41956 36883
11509 86602
58599 64492
85620 78505
73431 82654
40617 94264
98710 65823
89412 12326
82866 45640
59389 94368
28763 25866
98049 95498
48870 65361
4196 87864
42536 91596
28478 78111
64712 84491
48982 39986
34843 23310
22315 50953
61568 8273
90448 62932
91609 60277
5917 96211
90578 74474
16691 81657
77155 19341
1053 14739
18954 26024
17619 5248
83359 61489
62331 62448
18786 64422
87732 11312
78616 53628
78252 10046
89329 40184
16812 85051
81262 80937
55411 39080
20737 88191
23883 88453
19544 97891
23914 24936
46535 38497
99986 57885
20332 46245
10667 62316
89980 39117
92744 14750
24795 68595
25130 87348
72398 30476
11412 41942
81021 53659
58202 83174
71627 1757
99647 82084
7019 91170
46018 39913
97797 69906
16150 46003
24671 34480
73597 43168
57917 14650
99596 82692
70039 99064
29539 24726
83019 42437
12447 57302
40476 64039
82148 70648
69084 28454
35975 98146
54410 76102
62359 81992
44347 52206
86686 94861
38028 69017
18 76634
59325 95945
95008 15965
57042 45716
4504 24546
81847 40060
20451 16950
3950 38674
83479 18950
17095 73033
65486 35805
17797 71505
40062 27845
39057 78495
47511 43099
19732 77084
89380 63880
79844 95409
41124 84387
25284 36886
93297 45627
78928 23483
78508 13747
32696 99229
72261 78339
14143 66143
53999 54099
98295 48291
26785 94060
37159 37351
14434 90647
54526 73242
68650 3814
4552 50722
87607 26125
71751 46188
69670 80903
11002 67031
66259 64529
42867 60049
26191 54872
8970 57010
5300 96541
90601 23616
60966 48437
39083 44111
17352 91751
11916 9961
60682 86002
12126 32820
79007 64640
61894 229
83611 65028
29556 72895
49296 66221
21092 88775
45784 91838
88379 46413
86380 67435
32223 78979
39441 47345
55448 71306
97618 56792
59145 67363
182 58299
39290 87623
4203 95540
60567 1183
90430 87813
54033 6475
95249 39725
31562 91477
54241 57384
41170 36292
31622 40621
4317 73393
61050 71062
44206 76116
43479 58667
33317 3350
90972 60012
71904 72606
90140 95174
99338 48822
55296 80569
36645 69723
77551 66896
24279 84559
20850 31791
88763 81801
55193 52472
39885 9432
85547 16242
91260 84090
87440 45377
21741 40928
29885 94763
6289 93644
42465 20024
16945 5626
75348 14113
97360 53589
38147 69250
1041 21639
19791 75349
44172 6155
15586 74983
7576 84056
68146 17485
62861 15187
56114 71937
83051 953
10948 2350
22373 89339
11317 53413
83877 55669
9258 3016
72266 81236
19226 63756
39104 89658
95812 39016
30350 83275
67331 27750
61586 37925
69463 51828
40116 24446
41751 25576
44277 23166
28857 52698
22462 66650
22318 56525
59540 6338
3926 47927
11683 48157
37814 39503
78519 50786
50413 49978
77727 25220
63145 34095
85922 39312
80109 48959
74535 42389
81906 38211
90909 35163
18164 27114
83638 13370
36060 40482
4760 43178
7686 56337
95839 32794
99932 45500
95477 90709
15929 50344
84438 89555
45218 79073
44383 86711
45451 41678
79889 35269
70432 27356
54470 70797
518 88595
45428 54459
13988 36577
92913 50188
82981 21674
67173 88752
79460 82912
49607 62649
68555 11740
90812 34044
37106 13772
55449 51547
86815 82556
26264 35337
22485 57246
45841 80733
35191 23003
59579 91268
57807 49179
70852 68844
73947 40788
40051 54376
33376 69758
81498 89658
23701 1930
15701 88661
40207 77159
59714 87501
22838 27022
84267 85977
83061 61674
84676 30107
37727 34604
134 60607
29450 95533
52672 87337
41712 19748
89505 92723
82380 75087
93368 87354
76015 22432
99590 25420
12920 16221
59594 75656
77984 52109
13783 43861
90319 61045
12000 98458
75416 44397
39930 12133
15821 4865
24612 92601
1675 57532
48970 30469
17822 84054
6486 58689
84108 10188
26409 22427
98082 13379
81840 2354
62566 92418
53462 95622
10431 69237
13633 81813
10297 85847
7063 69914
62515 26117
100000 48027
78495 64189
64595 65321
24009 12668
22856 87432
9858 24468
37846 65616
67969 24292
16709 19685
31658 46887
16123 86522
68334 42089
44287 29755
99669 94982
21098 51349
99375 78535
59075 21097
86417 94221
23241 23669
11100 26777
51244 46096
28063 20958
61601 89089
25126 12383
59269 78309
81182 56783
15223 75391
21498 65867
60848 59509
10858 21166
99700 81945
19393 26584
37157 58774
98795 22161
48937 60397
22844 9894
47203 16532
5620 67258
79640 25155
3463 47097
3880 38909
30651 996
66862 35454
94963 52148
89665 27709
26005 22172
65107 89364
64490 45397
67557 2263
79011 79636
89529 32845
49376 18206
85463 53084
78238 71348
18444 65103
20363 98053
99048 38675
90481 67365
19513 82262
9970 85443
23966 9177
14893 52327
97723 5424
24039 95734
75369 81632
30828 3049
37607 81249
34332 80204
67903 23069
4523 28922
26974 2698
57725 24885
92250 42373
24634 48205
49999 28114
53642 50956
3282 73964
79387 84886
80619 17356
98987 3425
22826 72339
69940 29815
26370 60432
99852 20623
49544 94272
96969 4375
29259 92869
35242 54693
2897 37860
82325 76227
27182 52895
43210 52319
37204 30463
47819 38949
58725 34175
6513 63157
9323 97902
58333 76452
97075 35692
29963 58185
62559 62970
55839 43284
97976 8169
62381 7432
83658 17225
86471 61057
13375 10840
57654 46033
84981 50579
84753 21824
1333 60057
57959 7617
421 10655
46347 16291
90827 13847
76816 92661
35944 69737
94258 49006
56437 50272
67496 72990
34046 40095
67286 53966
99998 47421
14351 41291
79467 1330
61387 15455
39423 80799
7805 19345
51987 39843
70041 54151
63164 59166
28902 46857
95862 99107
49378 23159
12500 68651
8745 33225
3543 46546
10318 92382
50024 3540
21222 41020
56474 29490
26640 98960
34656 12248
52091 34445
4947 86642
45807 22131
85339 68110
83569 91061
30571 97553
66203 32946
82523 43071
89616 91299
83680 86065
5956 16285
73656 33703
79545 27177
42488 30129
42376 6184
40628 77143
63785 10818
49301 45575
30036 25943
17003 34639
32191 13604
62902 47574
90644 14745
6043 45424
31488 96611
29247 6074
56129 37443
80972 2902
49382 35673
41856 23459
602 8109
18927 98836
60762 80738
6680 84579
19217 90797
4401 23683
87608 67760
82504 83654
29077 94603
91213 4899
10972 76916
30710 20459
39712 83452
19124 11681
51492 89093
13553 77332
76167 68445
49182 32479
33409 53280
44076 72213
12247 52626
36737 64828
48481 99854
94456 19240
40490 93909
70824 2020
38830 51462
34913 1534
29566 78541
83985 70389
47720 81057
49501 97538
46368 40238
9869 15034
87247 79777
48754 53944
18772 99493
15699 85490
21081 83604
77513 10154
28526 61571
13032 48336
66221 67355
62248 64296
34684 95787
76843 46232
43769 98755
55344 42696
57729 6489
86265 65212
35508 61327
60820 35018
36859 70631
54234 76518
3023 57939
19509 48098
96434 31548
98903 48892
29540 79006
74792 61150
23733 64223
79330 67987
10682 83854
90342 34673
16237 84762
46089 92958
27975 51744
22374 23260
16129 81185
39123 92959
41057 19151
50699 74984
23875 53842
32847 65953
43454 53414
33989 7639
91977 67186
51039 29670
80694 19010
3771 41380
34337 96930
65025 66211
89470 78663
76199 87398
80357 5598
41101 15322
6657 37765
91606 8151
74103 46883
16649 24452
48442 33908
1093 50637
96658 40418
75779 68484
26215 77351
90633 79550
62112 76904
71918 55657
59407 67934
89883 48117
79790 39763
93879 30983
39133 86446
33328 85484
26287 29587
63494 66328
33316 74729
31498 80939
49422 29973
7324 7277
3178 91988
68891 97956
69964 81641
49574 40809
88925 29370
85484 39457
86791 85066
71511 79362
81197 42276
71862 21190
3870 7484
98564 51708
48998 37185
67158 46413
70041 14771
6758 90833
5140 73218
71211 75649
32809 75103
20825 20784
76592 38085
23150 6308
85670 79735
22010 11012
48553 66866
90701 10223
61930 52422
89607 89264
35677 10927
25697 73116
63948 5717
95287 48807
24455 85439
60541 66497
3632 73615
11699 81365
4025 96576
76310 51200
62211 6046
89263 98319
8541 27115
79537 79964
85579 86823
14101 85495
58610 21255
43324 56150
4956 38909
24347 54962
21458 45762
35728 1239
82604 41441
38016 47426
98625 2980
9025 14325
12643 77187
20653 98287
94602 37536
40710 189
2035 80181
1435 54810
27311 60644
99552 61110
16071 48618
10731 40250
41489 53880
95321 46458
93883 40444
43423 33336
47661 8859
2397 52447
67085 76655
30542 23050
39590 61687
41867 71251
42413 41625
18620 59653
37115 69723
34693 34524
74773 53185
7065 45423
91881 16261
73056 18737
52072 2115
27326 16478
85276 16084
9091 29722
69123 52361
30399 39632
27235 8713
66689 88617
48269 85999
55721 85308
19831 85383
54920 6765
52188 10956
43568 78336
97072 44068
62534 16624
33101 65495
97931 89859
35933 18377
87089 7021
63004 5055
30119 17487
6103 6590
92588 96807
98467 70723
72458 64661
71425 34649
45604 43729
22064 39964
383 89172
5795 19135
981 62917
52775 55247
89975 98911
22283 88707
10114 77063
10901 1639
24580 56584
69743 33355
4078 17168
98180 68209
2857 92887
36615 85956
25920 64813
53984 58678
94164 26302
89218 76130
31376 11496
10407 58345
63403 21351
14765 49041
67031 89868
46452 42018
75372 91611
25130 16194
84402 95801
88687 23309
9264 3610
68422 41653
330 35183
77837 38757
14886 10845
22341 67054
41750 62614
316 49099
14491 5153
95020 15080
57097 81522
89484 57823
74016 48821
44621 14613
54273 74769
94731 49660
91312 63536
15071 63152
18261 7994
18838 92907
76312 33146
95759 57530
22980 18062
39566 12426
27506 53823
51696 34585
8760 954
49774 41179
55791 82775
73896 10747
60406 10063
89950 68626
48129 51717
59710 5020
14278 66389
15887 94900
52429 90590
8651 27997
40423 91761
45583 48216
99152 84280
85233 97278
38456 7911
7038 51359
62105 10598
37012 80933
65910 22510
74226 43313
48333 14038
96779 50288
45187 62610
69551 12665
57013 13967
5727 78201
42768 97435
81714 67661
64938 58272
82534 83299
34657 19745
46694 89571
86855 13113
51974 57
43370 52764
83154 42551
92838 8054
70663 96284
25300 38024
68343 56566
34766 82312
79747 90421
58082 93886
68509 77812
61110 39371
75468 51042
40613 12118
41582 22161
38570 43819
12935 93555
36106 81939
89992 12440
8723 28943
83319 77006
33571 34022
16333 68013
58433 84689
94926 12431
6595 16514
55885 63434
14475 84056
96174 47704
69864 71439
15258 54107
47662 24785
6723 28192
40631 83767
29061 96714
90072 65705
99726 28731
96743 39994
24682 32410
44841 71528
88041 19607
99392 51435
35490 60277
7980 13867
85305 48015
2122 94196
18980 16914
45105 66135
66253 42055
55120 2087
67791 11665
56748 45191
85185 83868
16278 69842
41369 26218
62177 77470
45256 29410
6038 61568
75434 97097
61464 30370
24565 77091
94004 79937
46071 59896
18302 55461
73899 28675
40339 73422
34964 58042
41909 97086
66928 20148
62718 74538
68359 8296
54057 24894
86461 29966
27063 76447
6816 61895
38985 4878
84814 47732
23979 49340
4800 47236
92262 42281
15702 78699
36740 32600
46038 50665
87165 95000
69538 29317
53964 49882
74775 54248
84214 24373
819 61235
39481 11276
32505 7634
71717 94817
44157 17318
80905 95695
37975 65308
60358 73166
22117 53676
20693 97097
8449 68154
13822 7857
74090 77986
48585 67786
92158 48864
26450 32798
60425 9328
16961 82283
93451 92929
26598 88677
723 53959
19267 23854
97019 38698
8725 79624
93073 19136
3641 29417
53625 1521
95858 33815
1600 27714
92929 44442
77240 10109
19436 35731
18013 54016
46945 52748
57776 11463
81774 89894
13748 58498
97195 1040
97015 27118
62605 22272
51688 90087
7959 82598
16412 21665
49378 3816
64610 34363
44471 58659
94389 58201
12216 80258
49357 28753
56567 75512
81758 23484
81981 38340
55731 95505
38974 95528
17799 52746
59184 1579
84176 85838
7502 83495
3662 587
34949 73232
48242 68271
42823 95771
92380 58982
87734 71391
46902 58088
81571 60652
15344 45011
40515 79903
91782 71074
40171 79489
97419 25932
11770 15707
99201 81594
98532 35623
25206 19214
87485 49832
45602 73447
32428 46659
18049 54333
28772 36513
13517 64951
9961 10342
6596 28860
16285 66828
62668 98378
24309 72808
88514 60086
58031 52430
4405 4066
23279 56562
6393 29610
19409 27115
73774 68346
39030 68188
21053 91822
73124 67801
78142 34569
79780 99437
82616 84737
99466 96064
85223 45283
21720 23775
92556 73736
94153 79750
52663 96960
42922 17432
60898 59055
43752 78682
63221 34671
42845 82781
50581 84273
35193 15968
31756 45074
46162 31324
43740 14371
76005 45628
85754 28962
19050 97724
93825 78309
91621 13202
46985 46487
5541 50894
45927 24235
58905 49292
48424 9147
9772 18101
50421 99004
44077 61316
92640 82176
12899 6591
52218 52731
81692 88903
2979 37971
32631 741
30295 96803
43290 40603
91496 77279
1513 65182
30826 37422
62921 76770
11222 79249
94605 72692
50359 61642
60170 55033
61623 59350
12080 73068
78322 30192
68162 93772
10864 81300
78103 17145
57747 41158
34789 37744
19277 65595
19368 52653
45774 66454
62055 82288
71331 56996
34989 73011
28043 38042
97391 11510
929 89666
36209 9471
19594 79251
60550 20723
37867 30457
87967 55004
9099 11965
77559 39107
91759 44728
11181 13279
11918 53885
27232 89587
62597 83249
37642 78572
90082 90640
96657 35032
60854 91010
86612 32865
53587 80447
10904 63514
18517 7805
36122 15222
54328 43968
88695 13680
43310 62438
16322 16227
22166 55228
54828 59905
38477 84762
91753 92469
43852 28558
35919 4761
53978 4706
85152 22531
86044 23916
31721 12407
27628 20912
81231 67842
97873 98307
60745 86277
18856 57535
12762 77066
36971 41021
42134 83941
76409 91799
20356 33887
54999 20260
41317 72626
11508 8976
32892 26469
38875 97551
34815 80964
65157 82855
81161 16045
2322 79381
36915 41905
35323 21177
78549 66028
49968 88645
96795 20682
54568 42728
79340 33502
6127 9567
34894 20656
47124 17635
31537 84137
65100 2351
1557 66351
98748 46608
25989 82717
40974 17421
38597 79255
45283 92648
97644 33497
54178 95250
54330 94438
27939 25098
51016 33669
54324 50417
68051 85909
70046 17800
36502 15940
82290 51497
98105 38058
37126 97389
14809 24093
3347 78099
87098 69757
3253 64981
76583 84741
95530 57431
98880 30912
64580 23468
73885 49895
35803 35255
69406 58287
74226 22200
73697 5907
43964 72868
70256 71801
12245 81090
75540 85065
54821 31943
96924 78990
80082 58074
31856 73506
20769 75612
15431 30735
80629 85348
36954 5667
63954 32783
71335 6360
12266 54531
27398 45031
33183 72582
70023 14006
99070 61779
93721 61914
40903 70242
44667 6996
96853 20985
96596 92874
23608 17621
19320 12026
34045 20588
69723 72626
78985 14350
68880 41057
2439 7602
80183 12630
26635 35621
13751 50205
12119 42056
28649 23823
47171 69373
90357 89668
82541 44023
77996 3304
31682 22501
43088 13667
2644 65726
80075 29162
70218 81628
89230 65306
77935 72656
24628 85764
52321 20921
79328 54730
78553 80791
50163 24329
13996 25723
86097 56872
60175 96536
19036 80444
10463 91856
57581 78476
7637 13106
94734 54007
19313 77855
66862 315
2430 13599
50872 7842
78923 54750
51892 30199
54527 57475
99549 18407
75278 84874
81410 1998
82441 35452
43660 445
95272 92903
22361 17592
71599 2909
97115 17094
33760 7263
37213 80328
4521 52541
23643 88084
18283 83444
40918 75534
93940 89161
74035 56819
58816 69217
21021 71796
88592 41256
50511 81032
98623 83864
86772 72871
6316 86573
10187 238
80565 56427
8967 47400
35483 85086
68529 32609
24495 70117
75630 25798
98968 18434
4003 66016
37811 57783
15391 41375
22406 42754
26617 82253
71475 37380
40305 29740
46329 94142
50568 50491
97890 26894
28331 75886
24847 49725
36193 13211
55360 49341
84126 11822
77837 54328
28462 88128
29502 31999
74753 60204
42456 68259
5639 17721
63813 30282
24423 45943
12785 10141
53386 91342
67228 27027
76751 81716
94926 92074
57766 29295
41117 66638
37317 41891
30019 35305
67304 65778
25982 75872
60483 58408
76128 84789
15071 66121
28415 39940
66433 55845
47187 57551
84577 19818
1534 14414
22839 77679
6974 12811
95800 80604
38846 48090
99746 33116
98894 85216
61088 67049
25456 41227
26015 21570
4042 17936
74227 57437
13282 48808
6358 40659
60477 60468
91233 90935
84965 78362
7524 30423
27378 91938
56379 3324
36439 66223
51439 56125
39525 35332
92910 28878
66799 81333
99268 18925
92713 70840
35999 89846
30505 5994
82813 42356
49642 90981
85694 74045
20819 34607
42896 93217
96540 48196
14419 15627
88103 32979
84662 82209
11086 43979
25311 77572
12848 77884
65075 40930
30776 5560
27906 1073
59780 61280
68612 10718
1115 9422
60380 70657
63873 21933
70129 19627
51605 60413
9743 899
83107 39707
83686 10756
88327 10544
4779 8996
66278 17526
23086 69853
87277 97053
74684 67343
78060 47056
72829 59647
30303 79174
17459 49560
85539 94175
70939 87587
4837 37143
76850 97033
7789 87943
98486 76887
2234 12467
29993 19616
89468 68511
81915 69430
36772 93096
56503 56598
16244 31183
26709 45684
95243 46546
40721 44167
31753 80781
17924 28011
25044 36589
40883 11125
88011 49184
61650 55720
75335 90244
75107 7994
77423 81154
90601 57021
13619 30546
61729 47103
92786 46214
92760 88437
32603 4381
1513 49832
77842 80707
33647 35788
46912 19237
68420 90881
46600 51274
57870 30070
38063 38286
35791 32976
6348 31838
78735 26391
73493 19966
66180 56815
45251 82631
87011 75291
25122 94205
91263 4875
40663 19315
38552 41261
32141 3926
71552 6971
53392 95092
49729 29421
78748 7807
39644 85519
11909 85095
21413 34730
91545 85402
84384 3944
79234 53147
47352 87746
92620 20707
40021 54966
96227 49634
53560 94924
1895 44719
56163 25111
70883 55286
79444 5891
91410 49630
34724 35439
70169 3318
5071 72488
76431 61713
14859 89454
77199 55664
76370 78562
49880 86171
35804 32743
27666 46106
7176 5715
30825 45912
17550 63338
69229 18059
67688 96993
32432 60638
80307 18764
91251 18952
80664 85378
91183 67682
39697 11874
6788 84734
87256 32419
65161 56667
19124 23059
28774 9178
55090 26299
5989 75950
94009 72639
85983 75217
52206 78048
96811 18414
53717 32512
34241 4414
72095 34380
62606 41776
42861 28143
60561 69393
42411 30116
69526 25721
34899 61534
4184 14651
90601 6340
95330 10172
1740 961
79008 81312
16078 70297
2809 92171
96584 69794
20526 53401
11528 85030
13172 83131
68875 54388
855 73733
15805 27637
5522 70381
85031 50703
57042 9705
36229 91983
92943 68723
50035 54320
24617 88303
80473 66112
52257 43777
13529 93408
78437 72782
72264 25057
95796 7960
81692 41138
85126 96651
83383 97497
64551 90647
16704 68413
76748 37945
6667 52932
23603 69690
74344 56701
39164 48219
91995 54816
64575 7773
80554 5524
46932 43011
67323 52818
10307 42727
55729 49014
62862 95433
2431 39111
23876 27413
81709 19134
88417 623
86664 88375
61428 12020
60238 61008
32175 16943
24715 68585
90460 96750
56112 5269
74438 53743
96469 23434
88800 1096
12880 68550
24012 51661
95425 15311
34444 47887
64861 77133
81860 22861
51232 51525
12532 43287
60229 11469
96405 61058
74159 84944
6564 3216
56958 30271
70056 97353
98448 69779
38328 75207
43220 27680
42990 62339
26578 38644
32129 93785
32997 91438
42962 13988
73626 84228
12049 71845
32903 50206
35149 24805
28021 23413
53683 58064
55416 84978
54756 40091
15297 70216
97895 9435
71774 58516
13512 40884
51020 14703
6140 61992
92331 369
84596 49102
37298 65956
32513 12996
37801 86552
9965 67662
42077 65821
50798 79999
20089 97493
84060 21906
31340 51738
26605 81954
39189 19465
34167 56468
18459 90208
90576 56659
5760 27141
93096 91524
4519 59409
45961 25609
9622 58671
24491 55925
35923 68050
81894 91641
13546 72364
24101 65953
47906 61237
97054 67057
23525 87094
93654 47572
4230 58335
85476 581
92104 9989
85750 94923
36883 12975
71645 31710
3986 62856
30906 12488
4128 39908
28623 29151
95104 34025
95261 69075
36132 43009
46455 8666
56238 76008
34342 56460
57040 60467
86808 36169
47444 65496
94822 72557
4266 84326
47182 66466
95305 8251
64510 94439
23589 99432
49808 93133
62207 18692
78053 45069
70086 14690
7049 40859
97318 26323
86790 57743
93911 70709
36204 73597
62505 41354
42032 31025
13843 66770
91372 89213
3 25499
24931 72233
81717 39943
58635 74738
36158 60276
74965 53039
10249 6244
48918 82014
39756 7566
78274 35707
25655 50018
91372 30830
78206 88159
71280 33403
38967 8400
33899 79003
51236 55321
95263 75181
49918 32952
93227 70249
23287 2428
25023 84544
82909 49887
57452 73940
25999 22664
89033 52078
99259 51653
56164 80404
30158 77464
85864 27443
22798 85476
40796 36114
11294 74033
23336 36059
6307 77563
79990 32915
33810 45946
95832 21364
95304 16718
55733 69636
38065 37654
89306 44765
41521 37323
14786 61821
5616 71678
73506 17001
53114 28413
18797 14301
66711 64407
41970 58484
7750 89370
51667 38311
59675 41559
58276 47498
33485 71330
8983 14008
58773 71549
8871 14640
92813 16645
88322 40009
73361 98428
43192 78179
92480 26475
7233 61988
36823 75542
64911 65554
3865 44573
86131 16577
80427 79891
67572 60759
91118 30263
1812 92906
23897 49890
66534 27034
83394 16709
31488 71208
65738 56755
83229 74679
53018 58217
50111 6813
72367 6193
50765 15021
47950 92583
72473 53247
14005 44728
74990 56396
49301 5123
71364 93153
36539 89549
22610 54250
41809 19932
93038 54097
45128 7546
82115 92618
99431 98145
20689 32225
63597 71797
64379 71453
24700 27898
72625 53203
25950 55056
60178 63967
57119 91602
81150 47894
2143 93657
29941 3759
57856 60303
67848 22978
15596 19335
33831 66314
98538 31378
19526 54520
25972 78487
6384 256
53458 67023
22079 79009
42975 95759
87360 98608
62853 16445
26454 68509
72268 81347
41649 72746
95723 46475
65809 25849
92162 27670
75399 99639
54158 90700
69186 94924
95179 96482
63504 91921
70929 64988
60746 1934
16894 30255
63052 48105
32966 79746
61093 89505
62250 21585
84411 19093
44941 74324
18346 66571
82561 37103
44154 10096
5020 53071
49552 29691
21611 198
81538 29407
47693 8892
55498 42283
6740 64586
60683 18549
24405 56057
93993 38127
57220 3006
93682 78403
44973 18512
55614 12027
22122 27533
80603 16119
45809 43493
60043 46506
92265 83772
92663 41580
214 39957
20894 48160
83061 23305
95713 97928
36055 7465
10471 89705
68107 9626
44489 20504
48882 29431
73316 16455
32573 71003
30848 53918
16776 94734
78505 90890
48821 9040
48996 71167
35678 49034
88691 86241
84168 35090
42555 84403
74108 36574
46199 69377
89880 42214
87997 7040
23494 38761
26115 61312
31581 56066
50799 73314
64203 48356
57395 45655
33173 13023
78409 22742
25334 68851
3940 67099
51501 9502
46075 62846
48574 25608
84174 8626
15665 54805
9917 72170
33481 39158
11575 36032
9345 65061
13417 78726
24380 89900
2922 87163
26257 57553
42755 97682
64780 51590
77443 63046
25892 16281
41888 23518
48495 90817
45622 26061
98230 64159
19668 55538
7921 31710
13123 47594
26319 33618
23517 26539
30053 50699
8251 42790
40472 72661
24251 67357
30402 5251
37883 1693
41562 72645
63462 79771
22183 90056
70566 25435
97324 36765
68474 6585
54179 5245
38862 81596
24486 80497
31195 78730
21519 70891
43551 55797
23153 78342
99945 84153
2198 69907
42551 37827
17597 43759
50167 22364
47798 56132
92896 20732
27317 45122
66718 77721
75669 97847
78343 21931
660 16506
87396 25890
98038 38530
16872 47299
31451 37543
7449 16816
54642 33648
77407 66351
88715 88591
61074 43925
64656 52864
14337 53969
31689 8324
6170 81054
2984 23709
40215 865
26754 3643
58525 43962
91260 24791
62333 75396
8563 22711
72710 69781
52484 63204
68146 66468
10392 41198
10413 45571
99539 75048
99723 24750
5803 47580
71288 5893
23109 25139
45133 27854
71816 49862
74652 3657
79052 63075
2137 53337
39469 87614
67170 74847
41314 91952
49501 51667
97238 51706
43105 59914
84663 13128
77059 42827
65071 6817
31955 64699
92552 88179
54392 93440
97096 80719
43794 45396
98732 92500
96465 62282
37128 54552
46504 79986
48005 94794
46499 12356
72269 45242
74721 5955
65133 56931
80100 51780
16478 30204
34734 28406
21845 25381
6100 89126
34521 35293
27792 66245
28526 49604
4155 24256
20594 65654
76799 67010
79366 68598
13839 23297
45603 67986
41269 4911
56690 10735
57290 21368
49773 89519
14900 92024
97501 87970
23262 37351
3595 48373
14328 51053
91660 32120
14125 34834
1844 12253
80850 90923
30571 97561
81898 11040
32303 76173
3260 23166
60885 5344
94863 60549
52572 27010
14979 26114
79816 66424
14796 38240
5644 83410
31881 29123
63957 13655
25908 62358
53280 82152
96064 23109
50501 203
92727 77961
17479 82803
4498 95986
56535 78363
5372 99360
41825 25458
91882 20350
74941 21640
21401 23029
68504 96936
10591 53282
15639 48812
30963 52850
92310 85270
1824 43378
21338 42810
41964 94551
6888 55168
33531 62814
62173 79774
5232 38902
75604 20350
58341 13465
52845 66896
63832 79742
49375 21348
70159 74422
27271 81365
66634 17473
60850 19580
78742 68458
79360 98540
53707 37057
99870 86247
66021 87237
42491 78395
15096 87604
17420 34446
1341 73436
53177 70264
7964 65172
39593 18903
267 94474
11947 83215
19147 66901
51710 89148
87687 14240
67648 47421
50019 57746
61334 67518
62264 32391
19994 3824
54621 77359
50794 53765
40381 55962
37485 20323
39225 48344
59169 77078
76644 39492
22744 87467
76615 12142
26381 90805
54577 64301
38398 94029
77898 4595
36986 99732
19907 40161
33871 73331
27096 74528
46841 1016
21338 83828
48523 84325
77754 76915
32758 7691
95158 54398
66539 71853
79009 71772
52424 9272
3300 33585
54531 90822
6905 97549
37709 7868
81199 26811
1338 87931
88946 24646
24825 48178
32503 26636
3550 73347
81037 26608
81005 52659
24511 76194
64317 63896
73167 3519
53455 33093
40266 92818
90366 7985
15853 47170
73980 44426
32356 13403
54400 91670
56199 21301
47936 79224
52570 5053
31661 67837
36847 49958
42504 29017
92912 61357
81227 6820
56264 82430
75247 34681
59018 96529
43698 65612
10037 91222
20976 34030
42051 42392
80045 75375
54598 98249
19654 44332
28521 23519
73476 51314
96682 65367
43076 15979
39151 89594
72023 24302
75335 95414
91943 63622
29233 50704
58277 51992
2373 55622
14365 79252
54626 44423
59024 94409
55093 9223
49093 95029
62694 83613
65331 22568
38547 59375
65320 8406
49060 77697
89462 37343
964 40746
7801 81404
49748 46548
2169 66077
45328 52120
12895 16534
27294 99953
25527 88270
83298 98738
98702 74619
97186 62343
21717 64033
88790 52084
46132 87037
40731 54201
94946 35594
33349 58046
4593 19098
85174 83096
51568 23114
55999 30501
30453 64462
69083 99644
98382 72331
63301 68732
31074 97083
77467 60487
28922 52790
56178 66257
36809 91406
26999 96908
71305 48107
67204 60347
59795 75898
15363 52378
82878 11362
92175 71361
71004 29683
18365 77609
46340 85737
82820 81666
58504 77413
46554 76638
42894 87425
78830 19084
32343 96055
44161 22180
82527 3648
95897 11364
63741 58673
70034 11259
98971 62971
9005 78560
56168 86326
72063 27369
25386 2507
96271 71234
47871 83889
87666 59176
78259 7117
3171 66495
5027 10602
30601 47331
75046 3905
62577 26497
54107 55139
18109 32610
27521 69429
72106 43465
87185 83688
2546 60520
31753 12571
96459 98816
57991 95976
19444 84124
66971 52602
63203 38966
2648 71997
75901 10155
36651 77693
32831 54829
3790 7109
92889 67291
10755 31310
14997 64994
25514 97940
26862 33894
32709 73618
69593 23320
23796 7051
59652 5388
44353 90766
79114 39206
49360 47000
24693 71366
26194 2362
25822 73875
41166 29983
77644 18710
83704 68272
82563 8992
42885 25569
99186 9424
32744 91945
98995 85131
90518 56539
63656 74999
14204 34871
81870 59121
30486 79916
98629 22914
13141 73031
19365 24451
59512 54306
38929 97008
5999 43215
68783 21492
30915 65235
57179 84321
69451 80010
52900 56173
31171 59968
11190 32907
92027 61727
41642 9412
32325 22512
95542 56622
81072 45465
16122 14906
28265 40584
150 55051
92894 50615
15849 85285
69605 23808
20170 89379
61904 55407
15374 73069
22328 93074
71152 42916
52327 14354
36866 29145
85767 1003
62820 48759
80017 83190
40125 78941
50343 8281
58896 40275
41911 59588
83396 91096
80475 27867
83273 19917
9337 42378
51803 14998
74265 31664
46018 22955
68451 26591
27594 99235
47993 54217
53759 90413
85705 28009
36290 93883
50509 52400
11987 11537
2632 92419
36637 11734
31650 83106
25483 36261
67611 57339
89002 77286
16592 41875
68466 51371
50605 85042
55611 12411
19175 14950
42958 9369
3251 21231
73630 95599
7135 53760
62530 1969
13702 26119
9224 15519
51779 61704
35394 51059
44696 19389
77616 24395
92118 77639
79032 62433
74843 42722
57671 34642
60362 94017
15247 16981
28931 79965
50076 5229
7197 36066
78536 12605
44475 37250
15305 4111
55169 96254
31994 50698
91445 16216
93854 9609
72041 99914
58987 72886
23879 63235
73603 33010
49990 84241
64205 88850
10430 78920
31337 30632
59588 33978
87579 26224
30335 4063
16668 19236
86285 1855
18071 48661
74622 94081
93994 28276
1161 63014
26249 52981
85990 41392
25632 16203
5052 52331
47602 6188
36819 31833
65810 95291
21514 96406
16820 69741
88976 51848
53703 33487
82148 75260
69341 88125
16400 73121
36134 63334
16314 33913
75304 78734
94937 18655
87337 17287
23474 16340
64525 34939
30229 76644
89401 30334
74 68094
36294 6221
39707 89049
80661 6348
94472 38206
27678 50001
13334 27223
61135 80164
75249 46000
81006 36438
53724 70185
2877 68343
3281 93549
86544 67401
14086 49861
17954 75945
98517 30512
35912 54247
60594 54575
9133 16572
66572 71417
98640 36810
33325 96258
42257 59774
12564 8574
78758 39614
7956 66287
76188 97986
81738 11236
77448 62731
55027 95824
42687 95402
66000 69895
40822 78598
11522 42946
14362 49954
3115 78093
74350 13001
89127 36440
45013 32958
72572 1690
84328 40122
54460 96879
24467 76867
55950 36197
48372 1914
13667 10976
97223 7410
86008 79667
22612 54396
20701 97529
91973 53325
66326 23815
76606 82675
15632 71804
73493 37970
94444 4555
1434 74172
51039 48903
1451 25900
44165 6988
34315 66175
73584 57832
37498 31537
85932 75943
89823 76461
29785 6632
46799 81796
64470 12462
84265 39756
77726 96453
17360 74109
48281 88521
53775 35145
77396 99319
22658 71577
37751 21560
79391 56972
4861 27687
3629 33240
26052 7144
13776 93452
91599 72189
1002 76926
33033 72420
68872 1619
75727 10758
15630 2583
37727 40359
56029 69404
40981 15122
53034 78686
52010 95083
22769 48776
82016 56870
64013 42750
36201 24419
96607 94140
71065 44151
16570 13961
15579 4098
31207 85441
88024 7657
48016 63189
32592 42102
57224 20396
15434 89924
85007 10257
75384 67443
24312 24127
66876 73751
98170 88324
98816 19428
63578 11128
25088 86232
90329 80147
81940 40666
64675 37888
17428 86315
28416 12690
49437 50019
56295 1991
28599 64870
32312 57653
81779 3983
77733 56623
61299 65007
84434 92254
19734 60114
46345 64364
44510 44821
1839 53026
7265 42801
45467 66513
95554 24692
91062 90235
8577 44990
9860 63708
21360 37176
57510 42171
15146 19491
84497 51594
43848 92796
69261 68930
33293 79933
24753 31957
1334 94155
53307 42943
9455 8598
49641 98774
89008 5008
66350 57055
20762 97584
51111 76209
34731 42122
61612 24972
76566 66228
59023 46108
31389 36765
16697 28283
60240 81034
75188 57801
744 77925
86523 44846
43619 26550
47910 52515
9569 48978
62914 14259
6819 30331
88804 30376
55348 41549
7777 66767
29226 48265
85029 83151
11434 60614
41647 18077
75877 88025
65949 33186
78032 92972
19522 68823
37690 38002
86980 83783
98041 47258
93940 66245
96620 21211
62759 82743
65861 51967
231 86887
70038 95086
55700 1611
36039 97823
2199 13698
46884 28268
21239 84499
53322 41267
79268 57112
40894 91011
54620 82599
65195 55286
76496 48560
47654 61815
30133 55607
42493 13515
24952 46716
48326 28882
43056 80651
10701 717
28984 45254
29753 73936
15202 66574
23686 99426
90436 10821
9772 80931
36217 61407
9966 74966
36780 29064
84670 73972
3838 83265
29980 43515
88748 28789
25792 94657
95373 31804
93409 36492
10427 24356
90930 23161
22586 41980
52800 30967
11897 29373
7132 62571
53889 64465
93529 33449
7420 90668
73932 94550
54416 27609
56398 20263
14920 43164
74967 98541
35032 10292
51000 68375
7888 61810
3789 58281
89247 46825
92550 72940
51863 17495
98312 99681
33129 5751
96418 8192
2741 56901
84509 86702
23316 57157
16672 40906
39446 38235
64879 91638
76364 90829
52638 15878
90510 603
47428 72778
45718 79756
13602 39977
56009 97580
3330 11913
20104 89137
46037 16099
19152 39197
12705 30546
87803 42468
97054 29376
37365 43601
50781 61932
94161 13728
14331 19771
92548 84670
64425 78110
34438 54617
52196 94379
6291 90446
95934 71877
4328 42747
98295 58323
88868 39831
82298 10999
40374 93022
52974 95704
57635 77738
7817 3755
23525 51796
36465 38499
32960 32424
87041 17242
27972 67397
74194 39236
27465 50614
93360 70128
28450 31792
71622 91654
19004 33669
43042 70272
82327 59377
53466 96016
16122 39961
8108 77635
16133 39646
88421 60925
94518 49093
32841 75461
31049 22489
73102 7035
93514 58513
6656 82814
90819 38315
88335 94629
81252 9823
85551 31376
43743 63578
19891 55369
33003 59864
15861 27998
88922 49135
14579 4282
79742 99791
22279 47420
70806 27142
85654 11733
10898 80671
18985 8661
19642 1716
27890 7319
55046 893
64471 29793
85161 98789
58652 84361
28710 34515
83649 90865
11498 33984
33774 14580
78351 7591
34733 56053
84137 49156
29826 36738
45399 95034
13101 65162
88832 65040
82284 40991
87135 43877
42665 63106
63818 88647
23161 17669
24885 92528
26511 23161
37740 36382
43972 60284
32688 16090
81597 78704
15442 16824
28209 27774
92935 77192
58583 41310
98652 81766
41995 57218
20324 85786
90784 1011
35031 84141
93020 13944
37104 59915
96296 35882
96166 74844
7285 56620
35323 45205
78381 88882
16655 67116
60659 6589
64250 9590
7707 35593
92811 62901
65038 49701
50712 29486
13626 55821
69764 85742
62009 22998
58879 23220
14415 58304
31275 71396
16601 21699
10580 66598
50065 11333
17921 43587
53176 27076
62668 82171
61423 77234
26935 71830
1315 26461
98633 93998
96091 31293
54290 84749
7968 58099
16403 29520
916 22382
44080 47677
30626 33868
61552 71012
14598 97043
24118 79472
77994 84125
61358 3137
74967 39417
82229 4644
14993 92633
23925 80861
81961 11084
69182 94566
24086 89928
28661 1936
65965 41353
91572 89093
60104 12942
26336 53123
48946 91053
91529 66805
69942 43292
82708 69238
90234 61260
70244 81288
78500 5226
32661 94169
5086 60461
66740 1843
20130 45523
86875 11753
845 2446
31740 94798
64272 77300
84704 58075
24880 13218
56509 76232
45469 11173
88784 55568
53207 35702
57280 59027
69547 31706
8518 89940
8134 74633
20155 91610
3362 44616
47061 23382
18179 20558
14209 78800
53227 82451
12020 98912
91495 78106
5630 68528
40447 53315
5369 94413
53439 93653
41710 62648
68939 22986
97618 50228
58189 93425
38040 34124
57505 61550
98459 1452
96604 75684
74486 12667
27930 49830
27935 86505
71384 19424
72738 33564
44328 11830
5482 94458
57105 97766
37103 47191
13770 42396
35820 34720
85196 71958
49859 73859
75310 42700
34735 64669
93687 71913
21742 9220
12076 21616
57391 66028
15943 83459
11640 46481
40938 60270
74388 17121
80664 14395
56790 11490
62562 10785
82743 92609
82819 47757
90456 48953
13622 58128
46393 41543
67114 7308
45276 84486
66866 79190
79000 2666
49146 82808
59430 90640
24112 6436
20830 50169
61658 4775
15560 77619
86579 40571
88327 14654
63606 69397
43876 95135
36677 93579
17239 90268
91106 3790
99331 62514
65179 57971
57130 78331
85322 30677
53464 16559
83079 9433
14208 74293
68263 44737
85307 46119
60772 71193
40589 89986
1472 40729
34308 816
7436 54500
58289 67898
30411 98541
56511 73972
68654 11941
58969 29992
62903 53975
63407 12432
3076 45981
90717 93966
56436 87690
58882 92376
98713 17207
74288 15822
16638 184
54683 24947
92844 24073
38965 29323
19646 23254
51546 11827
41818 88299
58625 10515
39298 4720
50701 22032
32349 58726
46415 57769
66496 88785
22343 5297
37470 65208
81743 96630
21576 70459
94531 52777
82100 30771
70376 49847
61673 1745
6396 21922
48788 3491
8210 65020
3403 4437
63162 75262
49383 35752
40888 9577
31225 15878
97438 63230
76212 68694
55505 79180
31957 14139
44910 50035
16234 30408
48504 31637
69910 77906
97748 54899
36271 18697
39486 22310
97571 39673
91776 2647
28575 46953
79183 49015
12245 59799
44845 76620
72151 4808
18946 349
66735 20459
50866 80207
11844 99320
77226 15722
86972 81753
16802 74973
97282 23242
79267 56287
75285 11205
58157 87394
36409 3860
80010 37339
30310 48653
53460 41206
57906 2461
22919 88757
68964 40993
40312 90137
22210 97159
78911 17537
8862 9181
48775 12064
68350 6143
33699 28041
15434 59987
63846 91856
45546 51842
16846 60207
17765 92208
11020 86657
75414 75670
33014 50290
40426 60729
57887 73326
7214 78987
88168 36797
48861 32427
54922 36942
81334 33562
93548 88620
80475 96767
64961 73745
50304 42373
34580 81806
68463 68068
60089 45599
95888 60228
20956 93103
82780 52666
31652 78842
31990 6345
38772 36171
89464 80850
30764 93693
82312 70797
83916 24311
14408 79139
37863 48876
30681 81063
49130 88794
50744 15495
75722 25570
18672 62983
15648 13029
91870 17803
24148 63652
16174 23860
21061 79271
89315 5638
76434 51824
92487 71626
67116 60349
25576 23246
4308 4978
10123 56257
88103 53437
79006 60866
23849 80177
93205 14030
48184 55848
35851 1427
41638 88683
67953 52025
57662 62698
30874 57267
45245 50447
27148 23360
46605 12360
33690 52723
25331 67264
37052 43812
4678 13434
9962 32409
46438 44878
725 19518
20944 10974
99656 36576
4952 62581
41631 67609
41227 62613
29411 72504
95863 86471
15183 56558
9281 58819
26082 48872
9035 50963
80748 63133
11893 30064
74941 90709
10227 58331
85656 75666
28593 47522
26455 85311
69271 33544
12508 68085
56940 10498
96968 41918
14828 69154
44324 28502
93725 40460
91422 86757
66241 2760
32823 72170
79230 78133
36463 7764
99781 5808
69682 38470
23781 28373
78268 96136
80572 93051
3548 90775
49044 37511
23016 16868
61721 80223
20682 67339
54095 55446
58205 28456
16977 20335
98467 91027
15142 12558
18366 51282
89751 14922
59646 88047
534 13531
22934 37913
45039 81105
34967 42833
76052 94083
90657 57982
41672 37773
93218 11339
56146 95766
16100 51422
58800 89474
2031 30918
82199 73942
5215 20396
24794 88302
18184 81213
19125 25327
22783 41117
83950 64164
74598 57749
32082 60001
97773 81606
9296 73753
85870 7342
58763 65441
54914 1969
49239 33915
24208 56945
93692 47789
36090 29422
10634 18486
43812 54274
11742 46111
26626 66595
40695 12043
88396 17575
99180 72777
62881 2520
9862 8476
90268 48751
67071 84976
18890 45182
18478 16309
80450 43097
88871 28521
47006 16539
87164 15856
78318 7170
73764 15258
27300 21295
38869 30810
19938 15695
18215 54401
79228 82819
47921 28076
29403 69495
31028 14991
47652 48293
7741 65857
94378 28101
60991 12963
45171 41383
64904 64507
79764 39840
61135 38667
85829 7063
39110 16355
70755 5766
4936 57324
1751 49982
19477 52856
84199 31153
95797 66856
32713 31850
76302 19890
49204 27090
84824 37292
1798 94374
34214 49728
4746 97913
4976 95348
11702 6926
12692 44085
17760 98809
48790 17627
70483 35862
83366 84618
67826 54681
2882 95515
15404 538
43979 79183
32826 64607
75333 45154
94881 50976
48888 25898
21245 15979
22904 70215
30651 49298
64458 51947
69574 48410
623 29600
30569 56408
27440 83989
79503 98394
98931 30321
25855 11258
92216 59261
4415 75032
26007 67548
93445 15647
47977 91247
61461 31041
96691 87233
39179 92112
56873 61148
90747 8752
81511 73848
57836 21316
36061 8950
55622 53690
64947 34992
10604 97828
72860 73514
41062 15018
47017 15218
6464 50858
81899 94993
82225 67925
76388 94941
72440 21404
46507 33260
7107 63187
854 44370
69671 81294
51335 53266
88257 25293
39472 32633
6147 15213
30230 12331
43901 47208
14417 93598
88591 50364
18288 12667
7607 87167
8570 11027
44287 80047
59585 71429
15798 67745
65391 76790
30055 85468
27112 16725
49358 34664
49876 82936
11618 71856
35415 96457
90055 55518
5882 49831
62498 94997
82163 40521
51548 70104
66502 7085
78513 12186
96282 26086
2875 10662
12481 61672
94749 49282
83945 55945
38880 44106
15961 33820
46628 50497
22367 51375
17557 36682
48030 28248
85120 80054
66510 30193
37277 36667
65204 33011
75449 32141
42802 61486
23157 94675
43956 55282
27578 17905
78362 44252
94423 66457
33306 10674
78400 41051
94084 55672
271 95957
92362 42114
72306 85390
38409 75223
8234 25934
58074 3612
65097 34
94708 875
72508 4606
38862 55016
99267 86
66542 33576
60601 10042
51092 16199
71870 39001
51309 61527
3640 72140
73882 60022
35245 92297
18230 12290
15901 59830
59863 76303
93529 97350
18307 70922
25937 66037
66122 57168
7095 41556
51597 49015
65214 67696
6696 19040
80566 53435
41927 74356
34377 558
92854 15808
44449 69621
29450 11084
87386 76701
74050 5664
76586 80915
63303 8708
65876 18874
76781 45776
94790 89322
57017 44729
63768 76355
46142 80064
54419 60686
61243 88068
20227 5148
91120 54096
81531 64675
41375 36922
42585 85269
66183 31777
40484 35522
54396 45837
91612 22711
12033 47528
92257 2753
95460 69049
49113 72376
33061 41601
46020 19883
25030 10655
64751 66246
47272 32502
69423 46281
31549 4998
36774 28359
63881 14083
76271 93610
16320 34628
82155 67882
70635 28352
13753 74411
63139 66094
24046 79217
99099 12551
23206 70065
52662 40481
72982 87956
50588 16285
21282 58756
87114 98489
28923 58056
51665 50994
85621 5194
89427 84336
29040 84128
74890 76413
58858 42792
22008 38028
50579 82903
69319 37458
77938 73784
78091 38332
54616 67271
26026 45030
59870 75898
50305 13140
64133 88793
10338 18321
2656 66106
50233 99764
76177 48047
90838 25122
79502 35034
34289 29197
66655 46432
20215 3607
41939 60944
28215 14657
59686 12906
88803 54240
67379 35908
24700 55459
73779 47864
30321 51389
67504 92787
40833 80553
22026 60032
11418 48023
77219 17879
64310 45706
65664 60225
21169 876
15532 23954
36860 49383
19974 91570
27477 42014
97473 87353
51568 68528
36268 87603
80389 81888
78792 3771
80155 37574
1948 17169
35048 91572
53629 95518
55743 99357
16585 35644
59598 93263
42645 32116
40037 12809
54822 78970
66322 67513
52392 68646
56249 34241
16128 88659
92430 52989
6914 94919
28440 72584
80507 8861
4379 63487
79195 34135
69778 76473
69735 95779
44247 45727
58535 12379
91348 84283
68148 29709
98354 74022
8262 20539
9198 70954
40295 40742
52012 17979
6914 47208
56069 80451
60289 87420
37906 76799
53271 55836
51614 24035
86114 23005
51735 12212
96495 44648
90708 59434
33455 64642
1532 5414
76367 58069
15162 10729
45059 16661
80221 83525
63976 51972
55743 52641
29439 40616
96451 10000
34035 82709
22065 64417
76628 20148
81147 73799
33232 89474
70467 88207
93620 83039
57459 71999
82727 86338
19351 72620
56144 27786
96109 99571
52211 36471
77087 68204
78203 81649
80709 89889
54305 28589
65088 2773
92923 30933
36758 62587
50793 26154
25544 7225
79223 60764
47101 83002
71973 61949
6086 66451
82373 28117
80939 18547
86750 34583
32583 58025
47914 64952
9893 29643
48767 18570
49502 74980
37566 41689
84195 2612
9836 4710
65473 9738
92740 89058
51006 28926
95376 64712
9180 73444
91990 94101
45035 90119
64495 78739
60042 77618
23612 28760
47330 69934
44914 72379
14067 13183
15794 98831
3541 98261
24351 25629
14686 69013
97938 17090
98153 82044
71839 9666
20118 7333
13803 63828
58918 65152
42769 94649
23409 18959
88893 66381
55111 87090
16624 33806
48988 69177
83790 48770
90750 52528
37893 8140
41581 5436
3831 52182
61847 39733
63417 92021
55848 98316
63468 93571
88220 14765
33723 6236
88968 27980
31421 38967
72772 44078
29607 48044
96813 21760
90639 29748
37887 87563
9350 28531
80713 95819
51903 29532
21552 58911
57227 15320
25242 93751
8515 20694
43281 13461
57792 58589
97556 48601
9030 89212
53608 86679
24790 54988
84735 66772
70686 31781
60311 38973
51143 80035
25918 57375
32638 3046
18365 63821
57571 6216
43261 59958
73419 82437
57378 2893
67845 47562
36774 71285
74315 76875
48214 6733
73504 99105
30885 49301
4625 44190
40576 7547
81274 55768
58813 66494
30314 30263
36478 93529
53486 4237
3025 96090
98982 43256
90818 60402
31686 66827
60053 43943
50675 6001
21457 8266
73918 24178
68367 68693
92591 78543
34310 8943
91788 73864
4126 93122
86650 22101
42689 56955
53044 56487
99743 45714
6115 68378
51556 90560
34502 54153
60153 11608
36225 85176
9353 97961
66653 10143
88685 94072
3014 59243
49459 39346
32467 94801
33253 53584
26891 35468
8306 92294
38007 96286
64663 8048
14959 60473
14625 16218
44177 49460
50987 91129
89089 96754
6896 76692
70763 55741
31336 11932
51277 90128
84928 80794
50729 95
51914 34532
26825 77619
73905 60219
84619 64831
25304 54919
87489 99577
65389 56280
63761 31665
44770 16375
93066 52849
24942 68017
79948 80180
70307 56277
53422 47576
64022 55234
6118 4150
98121 32287
8858 32942
14125 72025
43295 93476
93052 55780
12059 30783
78800 74792
91167 75819
45020 23569
91586 584
80764 69961
42589 87885
51813 67422
39008 12362
16511 32186
64473 45125
78066 14631
3007 73330
83157 92190
47969 46302
93436 92560
67352 76380
68550 88587
28508 74870
75453 13569
99881 20093
24329 72568
56342 58821
71182 92493
24679 95349
40473 4045
18675 89151
78832 34890
43432 38034
687 61988
54547 7752
84131 94122
99061 38250
13119 69033
82601 27568
64012 4924
77491 82482
57654 4692
97185 50184
45532 28836
32880 21863
27365 2356
37246 67906
5939 6196
84535 97029
4780 6625
17099 39081
93683 5263
74295 16159
60078 6801
11724 73247
72080 24089
28780 5567
55750 29734
74921 25964
64178 1282
19989 24152
92057 91542
14089 73586
70614 14348
20972 98623
54056 91746
13360 54422
86932 47738
54538 87654
77252 47009
87449 82614
88180 49332
79065 16229
58544 60281
61562 70337
94488 39074
30615 97903
71488 86544
891 44704
43326 42102
50199 38215
92636 97381
61470 63558
67563 95920
42928 16008
14973 44814
10497 46729
62957 3152
63432 89561
76249 37852
76925 41346
55600 70736
57280 23892
68595 27087
85540 74522
12736 28272
42005 35738
15647 21724
17643 3474
35833 99561
44375 76922
23650 50805
70308 71223
60784 2958
57162 50092
91437 37032
24120 50438
74329 47036
90474 81399
72272 59275
87547 76014
28103 85008
23083 29551
49376 43750
59662 57077
50350 85209
36013 4036
75259 74000
93309 22673
72764 52394
5777 66822
17260 80552
27587 46248
27646 91588
50863 34412
10425 99918
1277 38409
84311 54880
98629 40711
97787 33686
35246 58290
78678 64488
38487 87611
10283 70288
39033 48148
14969 83046
63597 61161
7409 32228
40168 7535
41946 51406
67675 91030
45790 68723
23602 85303
26013 46452
96489 38582
13223 40151
4639 31735
19345 8252
94891 59477
23976 45979
29024 33923
11436 38945
87524 8972
16506 35196
86601 27691
35072 74803
43525 70628
55930 97213
43664 83478
22059 98295
54797 40153
71887 35282
43533 59435
35264 7583
53561 38424
88698 59239
14535 98936
7907 16485
51680 2059
46101 40764
15566 54633
41612 81173
78385 75443
58920 13893
12187 38401
78553 80979
32612 66984
42770 66791
90725 92496
47271 78033
53624 44285
43220 35969
68805 68158
70216 67478
8241 36837
91469 16317
13841 40158
15600 49432
63324 8577
46977 90872
88202 75511
58846 41881
25023 20813
13308 17967
12352 15747
60031 76931
29251 65975
34132 19602
3431 98055
34891 20700
53368 11671
68181 42711
8494 67208
92136 83780
91003 71818
63680 39113
97345 79204
16368 22525
56843 22368
38114 46028
22958 69194
35168 14497
50450 52208
66614 85652
6351 53881
81903 1505
60567 59718
43277 50083
50215 69061
57230 35412
90876 57569
36773 20909
59785 88221
26940 53140
15519 16627
2173 81405
95901 38476
90683 37340
22991 62703
32935 57297
75153 45693
5410 31189
97624 52071
37483 48686
450 47838
21758 94712
31972 91325
95897 58530
28022 91756
24735 22836
4241 43540
98368 26907
64246 16493
79195 89050
62698 3589
65633 28481
59670 54202
22625 71043
36080 57293
21482 76459
71171 36529
27854 43239
18121 3142
11250 23750
62938 46142
6033 35984
62890 83530
22 4400
9802 43487
63427 95569
24049 88851
59405 29060
102 83718
41010 98381
74839 52533
89062 62491
22082 62361
65503 33267
73368 40202
2695 93104
29087 36305
19834 25079
45831 8328
51814 36208
48128 55632
60834 15241
60652 72176
72246 36590
34970 77105
29637 29607
8450 9809
72169 18698
51964 30531
70732 54023
47126 41684
77988 89778
14856 92564
891 14174
66733 60686
32669 52705
84297 14860
87035 9855
46444 44948
38404 75632
5239 81414
7574 68040
3090 13688
44218 96094
50117 71405
13088 31301
21078 13594
6158 7428
21601 52285
12971 7048
76104 88333
19544 45639
71845 76752
38051 6578
98562 18289
16054 76454
44494 3800
33839 23627
19720 47583
35339 78056
25708 86188
16134 48427
55854 63137
15421 22291
45690 93806
98490 28391
90382 38146
14897 18033
40962 62226
96866 69300
45753 39523
59674 12919
52897 6598
54180 93512
87919 88969
75156 5871
54297 13626
76762 91289
29931 26502
20307 8535
53277 91973
46470 35148
53180 43658
22236 77718
47017 10493
66368 35453
48372 9122
15719 26041
19553 1268
90236 86251
92121 7471
37449 81744
89384 46417
89270 30562
39096 35667
43991 25928
61075 92373
52382 6812
84529 30606
41098 90969
26422 47898
57019 7465
49858 91145
8764 72737
58987 69410
93232 99000
97095 51107
13875 47032
77594 2830
38496 19496
45423 33041
41765 98838
5649 6497
53454 10499
17819 90178
54427 94552
18368 60592
51736 11445
84181 68225
53986 60500
75851 59520
26978 47218
10601 72945
92126 40853
60348 4546
37587 30622
45811 22123
28619 95703
22553 51460
57989 82073
92976 40372
17315 12415
23859 11343
95920 69051
45902 24391
83910 49905
13474 21752
11048 10888
68092 24075
28620 3173
50146 44791
66913 82558
78261 95957
47416 11884
10308 17165
73888 5404
34170 3283
30977 91203
60253 58028
98770 26896
93153 6154
44257 99032
26271 6626
30700 55304
74828 94362
55504 59320
41877 24974
20930 22417
50652 36489
53654 84697
6452 60959
80593 27541
35095 40621
15000 11569
54817 95347
17852 13769
12800 47969
54594 78460
33763 55422
49783 85294
60965 8591
49916 21639
44055 2841
39330 70845
55541 11058
72016 92983
36875 61992
18964 52608
80528 71970
83668 33963
64083 35344
99664 17872
96331 93235
48656 54258
55903 46446
71388 14791
36429 16867
19707 21303
8499 96835
7892 75388
84722 80391
58734 96259
48866 37949
9918 77697
28011 45745
81089 9937
27808 92093
1679 97104
51361 40491
3288 50335
65125 23615
40481 74675
12329 1553
14739 76540
68279 37179
17569 22630
18888 53001
90949 76302
70350 84105
29849 17218
27154 98360
6804 27289
24393 71314
11804 8483
75169 92105
15720 15091
6117 40293
58197 72552
49091 34797
71975 72935
11916 17370
86722 89543
82196 47155
31259 77670
94887 52545
67256 61107
88396 38392
9705 90411
15245 29140
21244 37860
52950 90413
47057 36963
25867 75418
10214 5253
94539 74957
8678 82188
88082 22806
69960 95399
89420 70277
39173 1218
78677 658
39050 22780
13191 83424
12563 65106
2966 28435
35200 50158
3473 72267
64037 82256
3861 29339
20647 74250
72790 98399
37557 29325
41075 77223
47500 7516
25086 30495
47504 3024
42156 3762
3537 2905
84363 71698
132 32451
82608 87328
75946 35331
33939 86080
15418 39982
30584 37799
52549 52417
81741 19725
96947 90105
13973 39167
86013 60798
80174 39058
59171 33517
52773 22329
94026 62707
95157 37135
24462 10509
62192 94116
80196 16760
73093 96130
33928 11965
64381 20028
39752 86476
92933 62473
1640 36699
13848 6905
45962 87652
37520 94021
16349 21484
542 90293
27427 26726
37235 95698
6165 68241
85000 99426
95555 2712
31029 74444
94472 45834
48661 11761
74234 34223
87273 41593
48497 92225
79876 17473
11493 10810
32293 17396
24040 44194
70919 32834
44883 51466
19706 24505
23930 51048
70111 21057
95501 35836
98021 1139
12900 89972
40546 46682
88274 87133
79357 44171
77995 53123
63932 75584
9331 89487
50032 96225
45410 33370
84836 37303
61807 6645
57692 20893
41950 2089
54276 27802
28941 37450
43773 52297
15330 58192
45324 670
61192 19955
73077 41032
32967 39186
45025 53361
65937 58650
92019 95056
48710 11346
17990 93206
14099 26869
28957 92033
36187 72400
26201 99584
68232 81479
39670 69973
86994 99913
19868 1345
58728 48186
87371 9296
62656 91694
50343 48747
60155 28592
39938 58714
68271 8864
35732 74279
66312 82369
71120 81040
96976 2498
328 97320
83644 65207
65120 39997
41341 70638
35175 1339
10634 68
8113 38897
87644 73290
1881 58456
33521 47798
56661 58170
32449 1791
512 8745
6136 98760
17609 71631
68951 3111
84670 17936
74284 68946
39583 49789
51127 15624
32043 91109
30006 61760
51401 40155
14962 17649
65446 53282
11451 48482
66625 38458
63554 43899
59010 67136
38766 86042
89152 92970
27257 24068
9366 73821
39961 1540
33515 65300
56409 7439
85551 65557
22064 86414
20414 36951
90232 37025
1859 2211
57020 18035
61933 84835
51970 20574
6615 37295
46616 7087
47507 12118
2291 73873
91764 56872
22171 42251
66042 25279
7187 94931
81344 51592
88542 29250
82627 1757
20319 78774
96808 837
85671 77339
97912 75092
28738 53992
61078 20878
49347 75354
65578 24936
98159 51637
10240 57341
82619 20330
15260 76281
27872 89806
35407 12956
31064 16413
11538 18033
18869 51383
28721 24697
16141 20891
74882 42984
80213 61230
36583 52312
77247 29559
81196 2160
75853 75406
12087 7787
84067 58471
64628 43698
73005 28290
61054 35
34419 4069
71803 88944
13640 69640
90530 523
59858 46132
7362 81764
34075 40070
85980 60296
78808 27673
3078 83527
91313 54660
29482 31516
75214 91731
20020 10462
26848 64570
68638 81074
70017 61266
47257 40440
57314 8
62492 54139
35902 33523
73592 69853
46500 86328
14000 59572
43098 25307
96318 33430
64945 34411
26141 25800
52613 56510
21080 62513
43586 79460
57077 6069
46509 29954
29961 4334
58472 20174
53697 92452
78656 10725
97052 43640
3211 25156
66814 11051
44480 62661
13423 63132
5283 9425
82286 55915
18427 57895
37354 3365
9434 78364
8317 94430
15115 72294
8819 54630
63433 73586
662 78867
22507 58441
83596 97713
8764 42069
21081 66761
29892 69595
95371 34503
6770 35174
93068 77657
81021 25196
19912 46773
41203 6806
95451 28228
99209 72669
62607 4270
83136 62642
37434 63268
60981 5642
64063 21029
4141 86096
55690 85143
35998 34033
85558 51061
45069 42767
84314 78626
25398 42441
49247 4225
48805 82952
55621 44697
65318 48013
27006 18227
81494 48454
70447 64439
1819 58826
44921 50861
36004 5960
56344 16963
84375 72001
31119 41901
20526 29443
71883 15432
19657 62276
61579 37481
98530 68461
32825 33551
51777 63847
12300 76183
40621 49623
24800 99099
49959 58792
64751 69721
3035 2314
90666 37446
79346 87409
16851 21784
37216 99872
78499 5085
42566 73224
58036 40077
89980 41095
4941 90860
67042 58108
7730 33593
49043 24015
82806 48882
18602 99001
1315 63908
1353 37988
25396 91980
30116 97050
13273 42246
63682 83683
56906 91771
48200 6247
63693 14941
22152 38179
96286 84986
18578 5546
29560 20368
69249 67620
82972 28717
8976 4202
42189 638
92618 26680
23729 83936
42533 39085
22767 37002
45124 6214
12461 96024
27316 93323
47853 92505
77490 49467
71364 60491
80858 96067
80038 17275
62343 66458
87011 63010
63647 71318
14349 45551
29486 72616
28052 38078
91431 72018
78231 50818
46841 36554
46229 7043
99548 90508
39975 94081
70923 77037
89456 27690
44965 68132
34589 85845
48854 7307
94977 37951
83501 28853
17820 9325
63754 29338
17707 62224
29393 55184
8090 95938
19332 92586
83093 70670
81102 35231
12268 39419
67109 52025
20156 18075
3919 12073
35731 71097
9047 69125
14329 30707
56384 8900
54589 48500
10723 20137
91673 72296
68233 40116
32701 16114
86783 3916
39147 15793
55212 67884
36260 67766
85840 22320
50744 56416
43864 89758
58882 2826
33533 52910
78161 89562
38062 6268
26404 32750
5045 48784
5251 34428
66893 89629
93544 37951
70096 53675
37911 49042
16807 25307
63978 74170
46937 2646
8756 31073
33898 90800
60062 83989
73551 83782
90049 38222
87323 11612
76747 32805
83584 92367
98347 81998
36300 50477
20503 8243
57284 6395
48053 58413
32583 74091
93088 28382
59454 95871
86671 1843
2184 9704
9837 46732
84953 92086
3697 99886
49042 88628
80994 96795
95144 32625
99453 95693
3935 31444
54190 19956
78368 61218
51660 18595
46976 27302
23173 61100
79294 22782
32485 9843
56574 81477
73562 58673
74910 57878
46505 93610
6757 23951
72928 43851
39543 1900
49695 72380
92335 59829
37398 20237
38831 70703
14356 89058
50157 85806
24939 53880
63722 45802
27279 73775
32448 36647
10877 17192
10802 7357
31308 73733
33935 17558
35809 4235
92966 89829
49657 1856
22092 85301
72355 87055
92464 77274
79431 86710
40590 58972
4773 4370
78144 20663
73662 32051
65595 10591
17948 890
74622 76396
10305 65607
86193 8557
98385 62465
80672 79158
64458 64394
67800 2763
96388 36812
39874 60263
19234 75819
80188 96815
33829 40358
72409 58331
85274 7490
8379 54355
47102 19573
85179 99353
7909 57406
36222 71371
66880 22645
3390 16894
36008 31338
84501 71189
31451 32396
8214 40726
53892 67036
7394 4753
79435 87721
95210 96154
50508 64708
84280 19941
19293 97609
71366 85810
73532 43553
82549 7587
40832 40412
88101 85939
57127 76840
25587 72601
29679 88578
71965 50152
54904 83570
71290 79358
75511 50690
15398 82852
2792 26018
39978 16029
18191 38436
81988 11343
35282 91722
32133 64536
50474 92465
85656 20233
9186 7601
12530 11242
77745 38864
38785 84494
63852 32648
99690 10075
92926 55714
98084 31439
63819 12069
50504 38061
65756 82009
73731 32491
13378 17389
9853 22215
58800 63852
87804 95509
6750 84337
23200 333
1178 84495
33494 78336
88410 81381
37095 49535
80973 97687
26107 35178
89590 44792
26800 76610
25452 71697
89085 16882
39097 38830
19033 98938
94446 14248
98584 6836
23520 17547
18393 38135
16470 24697
6078 68239
17773 21232
35270 59524
11053 98746
43537 61377
54338 642
72339 86688
3570 79790
34971 77775
76712 59018
89617 54003
77190 87509
5056 88200
26334 709
25405 39800
8038 59155
80386 47834
7357 42163
40908 32008
93384 18409
35403 796
87483 47721
43862 24093
1867 7404
82773 78832
49186 78579
82439 72389
76940 26375
43435 3846
43646 19625
78780 68840
33025 68035
10197 75517
7524 40382
75142 51104
68251 907
64980 10544
50988 72086
95841 8841
4025 52855
47785 78614
67354 69562
95937 30223
34069 44294
80270 39371
24562 77714
62100 59049
34566 73939
30672 72297
39752 58441
59348 5813
32709 8003
80088 40679
65871 83696
36550 92280
70893 69895
55809 84334
30909 54599
15244 51745
7467 64977
59042 95513
70914 48381
22319 21141
93437 5479
63919 52990
75154 49541
57543 39618
80296 24214
7910 53982
46261 46167
32413 60811
61497 33506
4456 88221
56317 92405
73733 19699
31563 80136
44868 32774
70266 2476
24306 83538
36527 80055
29595 88225
44194 28032
52246 87137
57470 40842
3360 76507
53669 3730
53587 52124
40345 15165
23921 58042
77740 13013
93148 14005
46778 25655
28130 54367
37904 33396
13450 52436
57012 90782
18814 43044
46532 17557
58398 71059
63917 4001
24082 78109
30233 17585
32750 77669
52062 70577
99941 73022
87027 46154
71808 9441
63807 50156
99903 99937
68724 1711
92492 13352
72747 25735
43292 11305
98715 19278
39630 18041
96150 62631
80216 80064
74084 26382
13310 29317
18690 26145
72298 13250
22690 22068
88576 60457
76746 2849