964
(((())()))(()(()))()(((())(()())))()((())(())(()())())()((()()()(()(((()(())()()))()(())(())()))(()()((()(((()((()())()()(((()))()((((?()())((())(())((()))()))()()()))(()(())()())))(()(())))()()))))()()(())()(()()((()(()((((((((()()))()()))()((()())))((()))())(()()))())()()()))))(())))((()((()(()((()())))((()((()((())))((()))))())())((())()())?)(()(())?)(()())((((())())(())))(((()(((())(())))(((())()))))((()))(()))))(())(())()()((()))()?)(())()((()()())())(())()((())()(())()(()(((()(((()())())(()()))())))()))(())(((()(()(?((()()(())(()(()()))??)(())()())()))))(())()(())(()((()(()?()()())(()(()((((())(()()((((())(())()(((()()())(())))(()))(()(((((((()))))))))(()()(((((()()()()()())))()(()()))()()())))()(()()))(()()))(()(())((()(()()()(((((()))))))(())))((()()()(((()))(())))))))))())(()?((()((())()(()(()(()(()()())))()())(()()()()))()())))())))()()()(()()()(()()))(())()()((())(()(())))(()((()()))()())(())((()())()(()((())(()))))(()(()(())((((()()))))))
43853 28351
60907 15658
58352 29476
19782 94718
47822 51345
5816 31334
90056 26494
6736 49269
32599 60117