100
4 0
9 0
10 0
16 0
21 0
22 0
24 0
31 0
32 0
33 0
39 0
40 0
43 0
44 0
55 0
56 0
58 0
59 0
60 0
64 0
66 0
67 0
76 0
78 0
79 0
81 0
87 0
95 0
97 0
98 0
100 0
104 0
105 0
106 0
116 0
117 0
118 0
120 0
125 0
126 4
131 0
132 0
133 0
142 0
146 0
147 0
148 0
150 0
151 0
152 4
156 0
157 0
172 0
174 0
177 0
182 4
183 0
187 0
188 0
193 0
194 0
196 0
198 0
199 0
202 0
210 0
212 0
213 0
223 0
226 0
228 0
233 0
236 0
237 0
240 0
246 0
247 0
248 0
249 0
250 0
256 0
257 0
262 0
264 0
265 4
267 0
272 0
273 0
274 0
275 0
279 0
281 0
283 0
288 0
289 0
290 0
291 0
292 0
293 0
294 0
