100
4 4
9 0
10 0
16 0
21 0
22 4
24 0
31 4
32 0
33 0
39 4
40 4
43 0
44 0
55 0
56 4
58 0
59 4
60 4
64 0
66 4
67 4
76 4
78 4
79 0
81 0
87 0
95 0
97 0
98 4
100 4
104 4
105 4
106 0
116 4
117 4
118 4
120 4
125 0
126 0
131 0
132 4
133 0
142 4
146 0
147 4
148 4
150 4
151 0
152 4
156 0
157 0
172 0
174 0
177 4
182 4
183 0
187 0
188 0
193 4
194 0
196 0
198 4
199 0
202 4
210 4
212 0
213 0
223 4
226 0
228 0
233 4
236 0
237 4
240 0
246 0
247 0
248 0
249 0
250 4
256 0
257 4
262 0
264 0
265 4
267 0
272 0
273 0
274 0
275 0
279 4
281 0
283 4
288 0
289 0
290 0
291 4
292 4
293 4
294 4
