700 100
604
1568
3498
3565
3631
3809
4464
4550
4783
4853
5471
6648
6769
12007
12850
13172
14459
14939
15952
15953
17787
17975
18755
19138
19326
19342
19775
21089
21370
22573
23297
24656
25551
30510
30800
31815
33110
33221
33759
36070
36149
36422
36444
36602
40696
40961
42109
42290
43606
44595
45212
49376
51685
52735
53657
53659
54062
54147
55121
58524
61754
62944
63187
64022
65891
66810
67274
68292
69457
72539
72669
73394
73940
74768
76401
77043
77526
77907
78431
80425
80482
81000
82540
83539
85249
85349
87894
91117
91532
91770
92181
94676
96192
96272
97873
98247
98396
99288
99610
99780
