31000 993
91
498
588
640
646
655
709
799
815
859
865
933
956
993
1045
1151
1313
1431
1522
1549
1605
1628
1715
1766
1785
1891
1920
1934
2222
2332
2345
2405
2479
2510
2520
2530
2561
2619
3375
3691
3735
3806
3824
3858
3901
3946
4067
4404
4490
4770
4905
4950
5111
5197
5243
5434
5456
5589
5593
6145
6360
6438
6516
6606
6801
6972
7005
7184
7224
7284
7314
7367
7441
7548
7571
7580
7626
7682
7736
7834
7859
7897
7931
7933
7959
8020
8505
8600
8699
8709
8889
9045
9094
9105
9200
9275
9360
9423
9462
9604
9655
9773
9901
9904
9985
10226
10642
10970
11186
11280
11290
11569
11597
11624
11731
11908
11912
11927
12004
12046
12049
12145
12330
12391
12404
12778
12819
12869
12958
13018
13114
13176
13270
13350
13491
13585
13591
13760
13878
13885
13894
14147
14207
14512
14513
14543
14675
14836
14838
14861
14874
14973
15073
15229
15239
15306
15338
15392
15487
15501
15503
15534
15554
15785
15921
15924
15997
16112
16255
16318
16322
16351
16762
16771
16841
17070
17152
17176
17253
17304
17406
17463
17489
17530
17538
17760
17798
17949
17979
18072
18087
18124
18216
18289
18424
18567
18587
18828
18871
18946
19015
19128
19168
19206
19225
19323
19363
19384
19403
19429
19461
19479
19744
19805
19873
19970
20008
20092
20294
20347
20514
20712
20727
20936
21106
21248
21379
21437
21555
21563
21665
21761
22007
22406
22476
22497
22576
22807
22839
22948
23193
23237
23254
23337
23662
23768
23811
23978
24228
24294
24365
24548
24773
24789
24962
24968
24986
24999
25000
25012
25064
25325
25502
25626
25627
25725
25771
25795
25887
26084
26502
26553
26886
26895
26919
26989
27130
27227
27364
27437
27444
27582
27664
27707
27810
27834
27858
28042
28167
28258
28354
28363
28395
28606
28611
28731
28774
28854
29037
29077
29083
29090
29143
29289
29796
29931
29940
30232
30261
30474
30659
30663
30681
30712
30973
31208
31230
31247
31433
31497
31976
31988
32059
32096
32233
32295
32362
32412
32505
32595
32682
32813
32825
32929
32990
33096
33172
33191
33250
33523
33530
33575
33765
33777
33810
33811
33812
33924
33970
34068
34124
34133
34222
34337
34390
34530
34562
34655
34866
34873
34941
35279
35394
35497
35621
35646
35774
35862
35909
36096
36111
36362
36435
36457
36460
36658
36869
37040
37302
37586
37734
37807
37987
38000
38128
38144
38229
38429
38485
38562
38571
38781
38827
39024
39080
39330
39380
39388
39820
39839
40269
40298
40364
40462
40465
40566
40628
40859
40861
41369
41393
41401
41421
41445
41451
41558
41572
41610
41734
41858
41869
41913
42098
42150
42300
42484
42576
42623
42663
42827
42909
42993
43140
43144
43363
43567
43706
43735
43793
43847
43861
43915
44045
44087
44177
44600
44652
44671
45046
45346
45386
45428
45447
45462
45480
45510
45584
45647
45650
45654
45667
45751
45856
45901
45925
45958
46046
46276
46449
46662
46680
46909
47052
47217
47301
47358
47490
47559
47744
47767
47964
48008
48018
48137
48392
48593
48621
48686
48712
48730
48769
49104
49265
49325
49409
49457
49466
49480
49779
49784
49908
50025
50040
50101
50179
50268
50310
50325
50347
50573
50708
51028
51169
51272
51302
51442
51495
51554
51626
51697
51737
51748
52019
52568
52655
52757
52886
52914
52920
52980
53010
53039
53144
53377
53476
53493
53550
53668
53769
53964
53973
53983
54014
54242
54252
54287
54335
54362
54458
54528
54606
54613
54660
54726
54769
54780
55022
55063
55408
55423
55481
55526
55568
55936
55949
55954
56088
56445
56509
56541
56667
56693
56886
57016
57109
57197
57369
57527
57540
57646
57721
57825
57988
57999
58096
58274
58331
58521
58642
58686
58709
58789
58798
58872
59267
59372
59441
59994
60019
60023
60054
60111
60220
60236
60300
60686
60701
60732
60798
60914
60949
61296
61310
61369
61381
61535
61635
61638
61680
61877
61967
62050
62102
62221
62545
62592
62709
62735
62739
62823
62856
63178
63236
63255
63260
63269
63298
63487
63628
63854
64030
64197
64252
64296
64343
64399
64438
64446
64447
64479
64519
64650
64949
64962
65067
65193
65203
65435
65437
65454
65600
66179
66449
66518
66547
66659
66965
67072
67084
67091
67187
67311
67346
67459
67466
67503
67509
67785
67910
67995
68119
68258
68283
68413
68424
68481
68535
68572
68660
68710
68759
68822
68826
68867
68872
68886
68976
69331
69790
69843
69992
70011
70066
70077
70093
70130
70419
70461
70591
70679
70683
70946
70947
70988
71004
71184
71431
71463
71511
71608
71796
71911
71985
72006
72025
72058
72222
72275
72284
72419
72443
72687
72765
72808
72974
73035
73135
73309
73331
73444
73566
73576
73581
73633
73674
73827
73863
73900
73947
74319
74372
74528
74723
74840
75012
75624
76085
76106
76164
76265
76554
76600
77257
77274
77427
77485
77500
77665
77751
77764
77767
77842
77898
78062
78107
78112
78227
78259
78353
78379
78773
78785
78874
78979
79017
79099
79218
79460
79534
79546
79723
79927
79965
80079
80305
80395
80412
80467
80549
80621
80733
80851
81039
81144
81187
81191
81578
81855
82102
82200
82219
82383
82459
82492
82664
82803
82840
82845
82851
83327
83357
83360
83390
83476
83511
83587
83617
83945
84045
84080
84119
84154
84170
84185
84244
84293
84353
84420
84439
84443
84504
84550
84564
84745
84884
84898
84918
85036
85237
85327
85491
85589
85795
85812
85954
86111
86222
86388
86462
86518
86613
86759
87169
87324
87385
87453
87614
87660
87672
87784
87897
87928
88107
88129
88172
88351
88558
88738
88826
89171
89221
89309
89350
89624
89900
90040
90047
90073
90139
90212
90239
90241
90282
90341
90442
90504
90574
90580
90775
90896
90912
90935
91215
91327
91376
91379
91399
91472
91525
91840
92087
92121
92204
92207
92280
92295
92321
92332
92370
92410
92455
92595
92604
92615
92788
92963
93001
93075
93138
93156
93500
93544
93573
93846
93972
94129
94150
94270
94319
94410
94592
94726
94769
94783
94845
94866
94918
94934
95209
95293
95320
95363
95441
95460
95544
95554
95567
95623
95697
95710
95801
95878
95971
96242
96271
96305
96409
96532
96597
96711
96749
96853
97027
97137
97174
97196
97208
97219
97517
97545
97674
97908
97979
98011
98096
98133
98146
98245
98658
98742
99090
99303
99571
