2563 996
238
240
373
425
485
721
893
1001
1180
1195
1197
1233
1246
1428
1512
1550
1652
1792
1959
2187
2321
2348
2411
2536
2759
2830
3038
3092
3124
3132
3192
3486
3574
3624
3635
3694
3776
3975
4037
4051
4199
4233
4263
4358
4447
4499
4590
4617
4669
4814
4859
4871
4920
4994
5173
5191
5223
5275
5319
5371
5734
5745
5826
5877
5928
5947
5975
6188
6516
6609
6628
6665
6672
6790
6921
6948
7044
7216
7293
7523
7580
7672
7677
7701
7751
7766
8216
8283
8354
8415
8460
8579
8808
8887
8925
8987
9029
9156
9306
9322
9369
9397
9440
9498
9614
9690
9828
10017
10096
10571
10585
10881
10899
11279
11497
11618
11620
11700
11716
11774
11813
11878
12043
12091
12134
12145
12218
12309
12353
12372
12415
12559
12608
12676
12772
12864
13096
13137
13662
13666
13684
13693
13778
14030
14230
14240
14281
14395
14754
14812
14877
14894
15035
15060
15174
15303
15309
15333
15368
15501
15537
15566
15599
15625
15694
15781
15920
16105
16116
16149
16190
16212
16260
16276
16326
16409
16574
16841
16874
16947
17051
17250
17251
17277
17435
17458
17546
17559
17594
17739
17804
18011
18063
18092
18145
18237
18262
18544
18668
18676
18823
19175
19263
19395
19449
19450
19531
19562
19630
19662
19804
19885
20400
20410
20476
20501
20544
20857
20879
20951
21135
21178
21198
21279
21401
21460
21649
21654
21673
21809
21910
21934
22234
22238
22418
22479
22534
22668
22784
22892
22895
23097
23108
23258
23374
23402
23452
23514
23548
23562
23625
23671
24004
24100
24165
24196
24498
24546
24709
24721
24810
24867
24987
25627
25740
25864
26125
26136
26322
26470
26526
26697
26741
26769
26784
26795
26806
26847
27250
27259
27297
27560
27609
27617
28136
28511
28552
28598
28760
28765
28771
28787
29469
29530
29672
29811
30019
30526
30673
30762
30807
31026
31202
31247
31351
31386
31657
31671
31765
31781
31845
31866
31899
31904
31910
32079
32216
32245
32300
32606
32718
32803
32888
32923
32943
32958
32965
33128
33454
33663
33697
33719
33773
33926
34114
34135
34306
34332
34461
34528
34792
35026
35171
35256
35304
35480
35615
35667
35746
35756
35823
36029
36090
36322
36359
36366
36445
36685
36754
36797
36817
36830
36990
37091
37370
37493
37506
37777
37817
37832
38048
38083
38178
38187
38200
38608
38784
38936
39095
39118
39172
39210
39338
39520
39828
39842
39924
39925
39949
40019
40262
40281
40371
40376
40377
40543
40755
40782
40906
40979
41087
41202
41337
41401
41451
41572
41731
41897
41944
41965
42008
42042
42160
42279
42635
42976
43087
43321
43355
43433
43486
43637
43768
43787
43832
43836
43960
44024
44249
44380
44519
44538
44578
44695
44799
44804
44882
44900
45171
45214
45363
45455
45478
45615
45746
45925
45928
45937
46002
46146
46344
46467
46485
46666
46860
47075
47093
47136
47262
47316
47336
47499
47613
47834
47863
47987
48073
48119
48138
48170
48181
48195
48260
48268
48432
48435
48467
48612
48746
49065
49107
49380
49560
49625
49640
49684
49768
49818
49829
49943
49983
50077
50119
50197
50485
50586
50732
50854
50863
50881
51334
51525
51542
51615
51813
51823
51852
51994
52295
52585
52725
52847
52964
52970
53192
53208
53440
53487
53506
53542
53715
53727
53793
53839
53885
54169
54703
54846
54962
54972
55139
55308
55311
55385
55502
55506
55566
55681
55757
55955
56018
56165
56214
56435
56604
56827
56842
56926
57121
57231
57311
57504
57511
57545
57604
57628
58008
58050
58084
58128
58414
58438
58446
58556
58802
59018
59031
59214
59350
59464
59472
59508
59577
59579
60395
60575
60605
60634
60810
60935
60951
60966
61109
61333
61343
61372
61723
61744
61799
61937
61953
61962
62051
62134
62145
62231
62391
62674
62707
63001
63127
63209
63260
63574
63767
63955
63983
63987
64147
64292
64332
64357
64616
64636
64707
64715
64931
64991
65020
65055
65311
65342
65343
65498
65663
65693
65818
65904
65914
65944
65978
66106
66403
66427
66505
66733
66766
66871
66905
66906
66977
67034
67045
67052
67124
67142
67274
67348
67432
67463
67529
67551
67638
67796
67891
68263
68381
68406
68432
68435
68518
68612
68640
68920
69437
69438
69440
69463
69492
69498
69544
69547
69653
69760
69810
70027
70088
70157
70216
70300
70323
70325
70519
70596
70691
70706
70766
70777
70785
70952
71030
71323
71326
71369
71592
71665
71719
71771
71808
71935
72128
72218
72436
72990
73042
73061
73073
73199
73542
73563
73586
73629
73853
74133
74408
74444
74497
74673
74696
74921
74922
74939
75214
75225
75248
75459
75488
75501
75757
76019
76099
76115
76186
76332
76391
76462
76536
76817
76969
77072
77117
77148
77162
77320
77377
77515
77725
77992
78175
78341
78401
78523
78683
78710
78728
78760
78799
78806
78815
78974
79098
79109
79292
79532
79568
79869
79923
80002
80114
80139
80269
80296
80638
80777
81034
81035
81079
81144
81307
81362
81619
81695
81749
81767
81875
81897
82238
82405
82471
82476
82496
82715
82784
82894
82902
83005
83030
83069
83231
83728
83811
83819
83843
83872
83896
84049
84264
84297
84300
84449
84458
84478
84526
84559
84617
84654
84698
84765
84898
84985
85129
85256
85499
85543
85544
85568
85597
85609
85718
85897
85922
86070
86165
86316
86373
86421
86431
86436
86507
86508
86536
86574
86592
86628
86690
86757
86830
87027
87090
87489
87557
87562
87581
87767
87795
87913
88021
88033
88058
88088
88149
88154
88163
88190
88322
88447
88450
88455
88611
88715
88932
88946
89096
89100
89131
89210
89296
89297
89389
89414
89566
89626
89667
89694
89793
89847
89860
89869
89883
89903
90001
90005
90321
90608
90701
91191
91196
91209
91276
91290
91299
91364
91842
91899
91927
92078
92156
92222
92254
92259
92296
92457
92461
92492
92497
92536
92554
92590
92718
92804
92815
92896
92956
92962
92964
93156
93159
93169
93297
93394
93462
93517
93538
93545
93692
93709
93787
93815
93993
94039
94069
94132
94142
94145
94186
94297
94473
94538
94868
94886
95106
95187
95188
95321
95324
95415
95478
95575
95647
96250
96258
96281
96387
96464
96879
96925
97168
97352
97368
97507
97677
97918
97924
98018
98178
98258
98305
98329
98368
98370
98460
98524
98771
98852
98903
98917
98997
99088
99195
99518
99580
99680
99718
99740
99783
99981
