5002 7772
2011
2027
2029
2063
2083
2087
2099
2111
2129
2131
2141
2143
2179
2213
2239
2251
2273
2281
2287
2309
2339
2341
2351
2381
2383
2393
2399
2417
2437
2531
2539
2549
2551
2557
2591
2593
2609
2617
2621
2633
2647
2657
2693
2699
2711
2753
2803
2833
2851
2861
2879
2887
2897
2903
2917
2927
2939
2953
3001
3041
3061
3067
3109
3121
3163
3191
3229
3251
3257
3313
3329
3331
3347
3371
3389
3391
3461
3463
3467
3469
3511
3517
3529
3541
3557
3559
3583
3593
3617
3623
3637
3643
3659
3671
3673
3677
3697
3719
3727
3733
3739
3767
3797
3803
3851
3881
3917
3919
3931
3947
3967
3989
4001
4007
4034
4057
4058
4079
4129
4133
4139
4153
4159
4166
4178
4211
4217
4222
4231
4241
4258
4259
4262
4271
4274
4282
4283
4327
4337
4339
4349
4357
4373
4406
4451
4463
4481
4502
4513
4519
4534
4538
4549
4561
4574
4583
4586
4591
4594
4618
4622
4679
4691
4694
4702
4703
4721
4751
4754
4766
4778
4787
4798
4799
4813
4822
4831
4834
4903
4909
4918
4919
4931
4934
4937
4943
4946
4954
4957
4967
4969
5003
5006
5009
5021
5023
5062
5077
5078
5081
5098
5119
5158
5167
5171
5182
5186
5197
5209
5218
5227
5261
5266
5273
5294
5297
5309
5314
5326
5342
5354
5386
5387
5398
5419
5422
5426
5431
5449
5482
5501
5519
5563
5569
5573
5582
5602
5651
5659
5689
5693
5701
5702
5714
5717
5722
5741
5743
5783
5791
5794
5821
5834
5839
5843
5854
5867
5869
5878
5879
5903
5953
5981
5998
6007
6009
6022
6047
6067
6074
6081
6082
6087
6091
6101
6113
6151
6166
6178
6189
6197
6211
6221
6229
6243
6261
6271
6274
6297
6299
6311
6323
6326
6329
6333
6334
6337
6338
6362
6373
6379
6382
6387
6411
6427
6429
6442
6451
6481
6483
6502
6506
6514
6537
6542
6553
6563
6569
6577
6607
6609
6621
6637
6646
6653
6659
6686
6689
6694
6701
6717
6753
6778
6779
6782
6801
6803
6814
6819
6826
6833
6869
6871
6891
6898
6907
6971
6982
6999
7013
7017
7023
7041
7054
7057
7071
7079
7113
7121
7129
7143
7162
7167
7177
7179
7186
7207
7213
7214
7219
7237
7251
7253
7262
7283
7311
7333
7354
7377
7394
7402
7417
7419
7431
7438
7451
7454
7459
7477
7481
7489
7507
7517
7534
7537
7559
7561
7573
7586
7591
7594
7603
7617
7639
7643
7647
7649
7653
7666
7673
7681
7687
7702
7703
7717
7737
7741
7754
7757
7759
7778
7789
7814
7817
7822
7827
7841
7851
7853
7862
7867
7894
7907
7927
7933
7934
7937
7941
7949
7951
7963
7977
7989
8006
8009
8012
8026
8031
8042
8049
8054
8061
8069
8079
8089
8097
8111
8114
8117
8121
8139
8146
8167
8171
8179
8182
8186
8187
8191
8212
8221
8231
8237
8254
8259
8266
8273
8276
8278
8297
8306
8311
8317
8318
8329
8332
8348
8353
8363
8373
8396
8423
8444
8447
8452
8458
8462
8467
8482
8486
8506
8516
8521
8529
8553
8566
8572
8573
8581
8654
8663
8677
8681
8693
8707
8719
8727
8731
8746
8747
8751
8779
8781
8782
8783
8803
8817
8818
8821
8828
8842
8846
8849
8852
8859
8861
8902
8907
8913
8923
8926
8929
8933
8956
8963
8966
8972
9001
9003
9004
9007
9013
9014
9033
9034
9041
9046
9049
9057
9067
9098
9109
9111
9122
9123
9147
9148
9157
9173
9181
9194
9201
9221
9249
9257
9283
9311
9314
9319
9323
9327
9332
9337
9349
9357
9403
9406
9413
9419
9428
9437
9458
9461
9466
9491
9497
9501
9508
9518
9521
9533
9543
9566
9573
9586
9587
9609
9619
9626
9629
9634
9661
9662
9663
9668
9687
9692
9697
9719
9721
9733
9742
9743
9754
9759
9777
9778
9788
9806
9813
9817
9833
9851
9859
9868
9883
9886
9887
9892
9897
9901
9902
9903
9914
9923
9931
9938
9939
9941
9949
9986
9993
9998
10006
10012
10022
10055
10077
10084
10085
10135
10156
10162
10167
10204
10228
10238
10306
10315
10372
10383
10394
10401
10435
10462
10495
10497
10522
10532
10546
10555
10558
10562
10565
10594
10623
10636
10641
10652
10671
10684
10702
10708
10756
10762
10765
10774
10798
10814
10828
10838
10839
10851
10869
10882
10886
10893
10895
10924
10954
10958
10964
10966
10977
11012
11015
11042
11054
11065
11073
11091
11103
11108
11114
11126
11138
11162
11185
11188
11195
11199
11217
11276
11278
11283
11302
11307
11314
11318
11337
11338
11345
11348
11365
11372
11379
11391
11405
11409
11422
11435
11463
11469
11516
11541
11545
11553
11566
11582
11588
11602
11614
11626
11631
11665
11668
11695
11714
11721
11735
11751
11755
11756
11758
11794
11806
11828
11841
11846
11878
11901
11905
11915
11945
11996
12003
12018
12039
12055
12081
12085
12094
12106
12115
12147
12153
12162
12171
12178
12185
12219
12226
12234
12235
12242
12266
12268
12286
12302
12316
12333
12346
12356
12365
12378
12387
12394
12398
12399
12406
12414
12417
12422
12434
12436
12458
12471
12514
12531
12548
12598
12603
12605
12633
12634
12651
12674
12686
12693
12718
12724
12729
12734
12759
12777
12813
12822
12836
12895
12902
12916
12918
12966
12982
13047
13071
13085
13089
13102
13138
13191
13196
13198
13214
13228
13274
13278
13292
13318
13324
13326
13341
13353
13355
13358
13389
13415
13434
13436
13443
13458
13465
13474
13484
13492
13526
13555
13557
13562
13564
13569
13602
13646
13647
13654
13682
13683
13705
13726
13745
13749
13766
13791
13822
13828
13834
13868
13876
13894
13898
13911
13929
13934
13947
13953
13954
13966
13971
13982
13985
13989
13994
13998
14002
14019
14021
14026
14037
14038
14054
14073
14108
14109
14116
14119
14138
14142
14156
14158
14164
14165
14199
14206
14218
14226
14236
14255
14284
14285
14332
14354
14374
14395
14397
14414
14422
14438
14451
14458
14474
14483
14485
14502
14506
14515
14538
14566
14572
14581
14613
14623
14635
14636
14684
14693
14698
14702
14727
14738
14764
14788
14791
14811
14834
14838
14853
14855
14866
14901
14903
14908
14919
14932
14954
14956
14959
14962
14974
14979
14995
14997
14998
15001
15005
15027
15033
15034
15044
15046
15055
15071
15076
15082
15098
15117
15118
15122
15126
15127
15154
15188
15231
15278
15303
15305
15332
15335
15339
15362
15388
15395
15415
15441
15445
15446
15449
15454
15459
15501
15508
15513
15514
15518
15537
15556
15558
15567
15586
15591
15605
15646
15658
15668
15673
15681
15693
15699
15706
15711
15716
15724
15746
15757
15758
15766
15772
15802
15845
15882
15883
15927
15935
15942
15956
15967
15999
16012
16015
16022
16024
16026
16034
16051
16062
16076
16079
16084
16088
16105
16106
16122
16134
16136
16163
16177
16178
16202
16216
16239
16255
16257
16294
16329
16342
16347
16373
16386
16431
16438
16446
16457
16466
16474
16486
16503
16504
16505
16518
16521
16532
16546
16557
16565
16581
16593
16602
16634
16636
16648
16655
16658
16664
16667
16681
16696
16715
16738
16751
16754
16773
16774
16795
16806
16838
16868
16869
16877
16888
16894
16914
16916
16922
16934
16941
16959
16961
16971
16977
16998
17002
17007
17042
17044
17048
17054
17058
17059
17065
17078
17079
17084
17087
17096
17128
17132
17162
17165
17194
17223
17246
17247
17254
17258
17282
17285
17294
17308
17322
17354
17382
17386
17396
17403
17418
17439
17452
17454
17455
17463
17481
17494
17517
17529
17562
17571
17583
17607
17614
17624
17634
17636
17637
17642
17645
17662
17665
17674
17684
17692
17698
17704
17735
17773
17778
17781
17785
17786
17795
17804
17814
17817
17828
17852
17882
17902
17912
17915
17924
17932
17938
17942
17944
18006
18026
18028
18035
18066
18076
18082
18085
18086
18098
18111
18114
18118
18129
18137
18153
18182
18184
18185
18188
18196
18201
18215
18218
18237
18244
18246
18248
18261
18274
18295
18302
18322
18332
18346
18362
18364
18365
18398
18402
18418
18442
18455
18472
18477
18478
18484
18519
18529
18545
18556
18562
18567
18572
18609
18621
18633
18641
18654
18664
18665
18686
18692
18695
18712
18714
18728
18739
18771
18781
18794
18805
18807
18808
18813
18831
18842
18861
18866
18892
18893
18922
18933
18951
18965
18977
18985
19004
19011
19015
19016
19022
19042
19059
19077
19094
19103
19122
19146
19148
19156
19167
19172
19187
19196
19202
19204
19233
19235
19238
19258
19263
19265
19269
19271
19281
19288
19322
19324
19326
19336
19354
19358
19377
19384
19385
19405
19419
19438
19439
19443
19445
19466
19478
19484
19508
19528
19534
19542
19555
19556
19595
19606
19611
19621
19626
19636
19653
19658
19678
19713
19714
19724
19731
19732
19733
19748
19766
19774
19797
19804
19816
19827
19831
19835
19842
19859
19863
19868
19898
19914
19934
19946
19948
19972
19977
19983
19986
19996
19999
20027
20035
20036
20037
20058
20065
20084
20103
20151
20153
20154
20157
20170
20204
20211
20226
20238
20259
20270
20290
20308
20321
20324
20344
20348
20395
20403
20409
20421
20428
20442
20452
20455
20456
20469
20478
20487
20529
20530
20583
20588
20589
20598
20607
20632
20665
20668
20690
20694
20695
20697
20728
20741
20742
20765
20783
20802
20836
20841
20883
20885
20931
20936
20949
20973
21005
21007
21044
21077
21081
21092
21095
21123
21145
21161
21198
21205
21212
21215
21236
21237
21246
21265
21282
21287
21290
21292
21304
21305
21309
21327
21332
21339
21354
21365
21381
21387
21388
21393
21404
21410
21426
21427
21429
21430
21464
21469
21477
21485
21496
21498
21530
21531
21572
21596
21610
21642
21652
21656
21668
21676
21688
21702
21704
21711
21724
21729
21738
21752
21759
21785
21790
21822
21847
21849
21865
21891
21908
21916
21928
21954
21963
21969
21993
21999
22004
22023
22026
22030
22033
22038
22047
22053
22062
22070
22084
22121
22146
22169
22179
22183
22187
22206
22216
22235
22252
22267
22299
22309
22319
22324
22328
22364
22370
22371
22376
22377
22390
22398
22421
22424
22461
22465
22467
22492
22497
22519
22521
22535
22552
22565
22583
22585
22595
22602
22603
22611
22623
22636
22647
22664
22670
22676
22693
22730
22735
22758
22759
22767
22772
22805
22808
22821
22844
22851
22863
22870
22887
22888
22891
22913
22915
22926
22929
22948
22955
22959
22964
22970
22998
23015
23043
23082
23089
23093
23106
23118
23176
23178
23191
23211
23215
23223
23228
23243
23255
23259
23271
23285
23286
23319
23337
23356
23395
23404
23428
23441
23442
23451
23455
23468
23470
23481
23507
23510
23512
23524
23538
23551
23553
23570
23574
23586
23588
23601
23605
23615
23619
23624
23645
23649
23656
23658
23665
23692
23708
23710
23721
23752
23755
23756
23770
23781
23795
23802
23811
23830
23847
23849
23853
23890
23891
23913
23931
23934
23935
23948
23965
23979
23990
23992
23995
24006
24008
24018
24027
24033
24036
24065
24085
24088
24093
24110
24114
24116
24117
24147
24159
24162
24170
24184
24188
24199
24204
24207
24212
24237
24243
24267
24268
24269
24277
24283
24294
24303
24316
24328
24333
24348
24356
24364
24369
24370
24399
24431
24437
24470
24471
24484
24493
24513
24515
24532
24537
24561
24573
24579
24607
24627
24629
24655
24666
24669
24670
24673
24689
24693
24729
24770
24773
24777
24785
24789
24796
24812
24828
24834
24835
24845
24873
24903
24916
24933
24937
24951
24972
24987
24988
24993
25028
25084
25089
25105
25115
25119
25131
25157
25173
25195
25204
25210
25223
25255
25266
25268
25269
25310
25314
25329
25332
25336
25341
25374
25385
25399
25405
25412
25436
25446
25468
25501
25505
25528
25539
25554
25556
25565
25570
25572
25581
25587
25595
25611
25624
25629
25659
25672
25692
25697
25698
25711
25713
25719
25734
25739
25743
25751
25765
25768
25791
25796
25817
25827
25832
25835
25836
25837
25855
25861
25879
25887
25892
25910
25924
25927
25930
25945
25962
25964
26024
26039
26043
26056
26067
26072
26073
26079
26081
26094
26131
26142
26143
26155
26157
26185
26188
26191
26204
26211
26238
26279
26284
26305
26323
26327
26337
26346
26351
26369
26383
26392
26405
26436
26456
26463
26470
26476
26484
26485
26493
26515
26521
26538
26556
26583
26589
26621
26630
26648
26653
26665
26667
26679
26689
26710
26721
26744
26769
26776
26804
26823
26836
26853
26868
26870
26872
26886
26890
26897
26898
26929
26935
26948
26965
26968
26990
26991
26995
27003
27009
27033
27035
27049
27052
27053
27070
27078
27079
27095
27102
27110
27116
27129
27131
27137
27138
27157
27167
27185
27207
27212
27223
27245
27247
27276
27282
27290
27304
27308
27332
27333
27366
27369
27381
27385
27402
27411
27419
27443
27453
27464
27469
27471
27476
27483
27498
27503
27517
27530
27532
27549
27561
27564
27582
27595
27596
27618
27656
27670
27677
27717
27731
27785
27788
27801
27815
27831
27833
27841
27845
27865
27884
27894
27932
27933
27942
27957
27964
27970
27973
27978
27981
27989
28004
28010
28021
28023
28029
28030
28038
28039
28042
28061
28068
28091
28092
28093
28113
28136
28146
28147
28154
28172
28173
28190
28205
28212
28216
28218
28228
28233
28239
28255
28264
28276
28311
28312
28357
28369
28374
28376
28378
28383
28389
28398
28399
28415
28452
28456
28465
28467
28472
28473
28484
28503
28505
28508
28521
28524
28553
28568
28572
28596
28699
28722
28772
28777
28788
28794
28856
28869
28876
28881
28887
28889
28895
28902
28903
28948
28953
28963
28970
28989
29004
29035
29037
29048
29065
29067
29076
29081
29090
29096
29105
29107
29113
29135
29163
29166
29228
29244
29270
29272
29277
29285
29301
29307
29331
29332
29373
29390
29395
29405
29407
29409
29433
29451
29454
29476
29487
29508
29514
29553
29572
29577
29582
29604
29608
29623
29630
29644
29653
29687
29689
29691
29695
29721
29731
29732
29752
29765
29769
29777
29787
29802
29806
29809
29814
29817
29834
29843
29847
29907
29908
29911
29922
29924
29935
29948
29961
29974
29996
30017
30018
30035
30045
30054
30068
30087
30116
30136
30138
30142
30145
30151
30152
30165
30215
30230
30231
30232
30235
30244
30252
30254
30265
30283
30289
30308
30329
30339
30356
30395
30405
30407
30410
30437
30443
30455
30484
30490
30501
30505
30506
30516
30519
30541
30568
30572
30584
30585
30596
30605
30606
30610
30611
30664
30665
30670
30676
30678
30679
30692
30714
30717
30737
30755
30776
30779
30790
30795
30796
30812
30830
30842
30863
30865
30882
30897
30945
30948
30985
30995
31002
31012
31015
31016
31028
31055
31085
31094
31109
31116
31129
31149
31156
31157
31167
31172
31199
31210
31221
31254
31285
31308
31343
31361
31362
31367
31381
31384
31386
31402
31427
31435
31448
31471
31485
31505
31508
31544
31549
31576
31591
31596
31599
31615
31619
31630
31633
31676
31690
31695
31732
31733
31736
31738
31761
31796
31810
31851
31854
31865
31870
31912
31927
31933
31938
31956
31965
31998
31999
32008
32013
32030
32031
32052
32056
32081
32087
32104
32105
32106
32115
32139
32149
32152
32168
32170
32179
32196
32197
32201
32210
32212
32221
32229
32245
32255
32268
32272
32290
32322
32324
32329
32365
32392
32405
32415
32444
32455
32464
32468
32501
32510
32514
32530
32532
32539
32543
32556
32557
32570
32586
32588
32605
32607
32622
32641
32644
32645
32646
32679
32681
32684
32710
32711
32744
32748
32753
32773
32774
32845
32855
32885
32888
32905
32921
32931
32932
32948
32972
32988
32989
33007
33008
33011
33042
33045
33047
33052
33057
33059
33061
33064
33076
33093
33095
33104
33105
33131
33137
33148
33162
33163
33164
33186
33204
33224
33241
33256
33257
33265
33268
33272
33278
33295
33310
33313
33316
33362
33392
33407
33412
33414
33416
33430
33455
33470
33471
33505
33509
33539
33543
33546
33548
33555
33564
33584
33585
33593
33608
33612
33636
33651
33683
33685
33691
33692
33709
33716
33730
33737
33738
33776
33805
33817
33846
33849
33869
33882
33890
33906
33917
33942
33979
33996
34005
34024
34027
34044
34051
34070
34084
34088
34095
34096
34098
34115
34130
34134
34139
34145
34165
34172
34173
34192
34199
34212
34215
34223
34227
34256
34264
34266
34285
34305
34312
34321
34331
34332
34345
34363
34376
34395
34415
34422
34458
34459
34492
34493
34494
34495
34507
34508
34538
34576
34585
34601
34610
34616
34622
34635
34644
34663
34674
34678
34690
34696
34724
34735
34745
34746
34764
34772
34805
34811
34856
34878
34885
34901
34904
34909
34910
34948
34984
34985
34991
35004
35009
35012
35034
35044
35057
35058
35071
35087
35095
35106
35110
35115
35124
35132
35147
35166
35176
35199
35212
35233
35265
35271
35272
35286
35290
35294
35345
35347
35356
35377
35382
35395
35408
35410
35411
35431
35477
35479
35484
35513
35515
35523
35538
35539
35562
35565
35570
35576
35590
35609
35628
35633
35645
35656
35683
35693
35703
35732
35737
35745
35761
35764
35789
35798
35810
35830
35833
35848
35864
35876
35884
35888
35895
35921
35935
35944
36009
36027
36035
36042
36054
36066
36070
36101
36136
36145
36169
36174
36184
36185
36189
36193
36230
36235
36236
36253
36276
36304
36306
36318
36364
36368
36370
36376
36379
36412
36413
36430
36459
36486
36488
36496
36509
36526
36545
36546
36588
36589
36590
36592
36601
36604
36606
36617
36619
36628
36641
36655
36657
36659
36664
36678
36694
36702
36711
36726
36728
36732
36745
36748
36755
36776
36798
36817
36824
36829
36837
36862
36885
36908
36956
36959
36967
36996
37005
37028
37038
37055
37079
37081
37096
37103
37108
37112
37121
37134
37141
37143
37163
37165
37192
37193
37198
37208
37226
37255
37256
37266
37270
37282
37304
37308
37326
37328
37330
37372
37384
37394
37405
37413
37424
37431
37432
37445
37452
37456
37458
37562
37593
37602
37610
37612
37615
37618
37621
37624
37646
37661
37662
37670
37690
37702
37705
37712
37735
37745
37768
37786
37790
37793
37805
37806
37809
37849
37864
37865
37866
37892
37902
37915
37921
37936
37939
37945
37953
37954
37955
37964
37971
37974
38004
38017
38022
38027
38032
38034
38035
38044
38058
38059
38066
38072
38084
38085
38087
38105
38118
38131
38137
38156
38159
38172
38187
38188
38195
38204
38209
38235
38244
38245
38264
38274
38277
38288
38292
38296
38297
38312
38323
38331
38339
38345
38348
38349
38353
38355
38358
38365
38401
38404
38408
38435
38436
38441
38455
38470
38495
38504
38507
38508
38510
38516
38519
38538
38539
38547
38562
38573
38574
38604
38615
38621
38630
38633
38635
38648
38652
38673
38685
38689
38706
38708
38716
38741
38748
38756
38765
38768
38770
38777
38797
38863
38876
38888
38890
38895
38898
38899
38932
38945
38946
38951
38983
38992
39011
39012
39017
39033
39056
39074
39085
39126
39127
39135
39141
39143
39145
39149
39152
39158
39170
39212
39213
39214
39222
39230
39244
39247
39252
39253
39267
39272
39281
39287
39290
39306
39310
39315
39378
39385
39391
39395
39404
39413
39415
39428
39430
39464
39466
39484
39487
39519
39532
39535
39557
39568
39571
39573
39608
39632
39635
39654
39656
39662
39677
39684
39691
39705
39714
39726
39743
39752
39756
39793
39796
39797
39802
39807
39815
39822
39834
39855
39871
39881
39885
39892
39896
39899
39907
39918
39941
39948
40010
40019
40023
40024
40030
40045
40060
40065
40072
40074
40109
40130
40134
40147
40155
40164
40184
40195
40201
40206
40220
40249
40254
40266
40270
40302
40307
40312
40314
40329
40332
40340
40374
40381
40395
40405
40408
40417
40418
40422
40437
40445
40453
40472
40476
40477
40485
40489
40490
40518
40540
40547
40570
40578
40585
40601
40605
40613
40616
40617
40648
40649
40668
40671
40679
40691
40692
40707
40717
40730
40747
40758
40781
40783
40789
40799
40873
40904
40910
40912
40923
40930
40938
40956
40957
40962
40965
40978
40987
40990
41027
41045
41049
41058
41059
41063
41089
41095
41103
41105
41115
41153
41166
41171
41178
41191
41215
41224
41235
41247
41260
41290
41295
41319
41330
41336
41342
41365
41368
41373
41401
41432
41435
41437
41455
41459
41461
41482
41485
41489
41512
41532
41566
41569
41585
41590
41594
41604
41620
41628
41639
41671
41672
41717
41740
41751
41770
41780
41803
41815
41826
41835
41845
41859
41864
41865
41867
41933
41939
41955
41980
42014
42041
42045
42049
42057
42063
42078
42095
42102
42111
42115
42128
42132
42145
42155
42162
42199
42203
42204
42220
42232
42234
42235
42246
42266
42290
42301
42305
42310
42318
42341
42348
42357
42361
42367
42472
42474
42489
42495
42503
42505
42523
42544
42551
42553
42561
42564
42567
42574
42584
42590
42597
42617
42623
42645
42654
42664
42678
42685
42686
42691
42710
42726
42730
42759
42765
42769
42779
42815
42819
42831
42847
42852
42858
42860
42865
42894
42913
42915
42985
42996
43002
43021
43024
43045
43057
43073
43074
43083
43087
43088
43115
43122
43141
43144
43145
43158
43162
43163
43191
43205
43209
43211
43219
43220
43235
43277
43303
43317
43323
43339
43345
43352
43356
43367
43374
43376
43393
43398
43404
43405
43422
43445
43458
43459
43465
43469
43477
43479
43482
43490
43495
43496
43506
43518
43519
43526
43535
43545
43567
43595
43614
43635
43637
43655
43664
43666
43667
43694
43696
43716
43729
43730
43735
43749
43755
43805
43816
43827
43841
43842
43879
43883
43897
43910
43918
43926
43938
43939
43984
43986
44015
44035
44047
44052
44083
44105
44143
44155
44168
44177
44181
44209
44210
44214
44219
44242
44248
44261
44262
44291
44292
44295
44303
44335
44338
44364
44369
44379
44401
44412
44432
44445
44470
44489
44502
44504
44527
44534
44539
44559
44561
44565
44569
44570
44586
44618
44628
44638
44653
44705
44706
44709
44751
44761
44779
44780
44816
44842
44845
44858
44869
44886
44930
44937
44941
44947
44961
45019
45027
45038
45042
45054
45081
45094
45099
45102
45104
45128
45130
45138
45145
45165
45170
45174
45176
45189
45206
45208
45222
45230
45245
45271
45285
45295
45340
45367
45378
45386
45392
45438
45455
45463
45467
45470
45490
45509
45512
45516
45518
45542
45544
45546
45555
45558
45581
45626
45635
45636
45643
45647
45665
45685
45702
45712
45713
45721
45729
45755
45759
45776
45783
45794
45830
45857
45877
45882
45891
45905
45914
45915
45923
45928
45947
45958
45963
45983
45992
45997
46005
46019
46030
46033
46039
46067
46087
46135
46164
46180
46185
46192
46194
46195
46211
46218
46223
46236
46241
46253
46264
46267
46285
46302
46321
46328
46335
46338
46352
46356
46362
46377
46382
46409
46422
46442
46456
46465
46486
46518
46522
46541
46544
46553
46568
46572
46595
46606
46611
46613
46615
46616
46621
46638
46641
46660
46667
46668
46673
46674
46685
46701
46705
46709
46721
46730
46733
46734
46753
46780
46783
46790
46808
46815
46820
46832
46855
46858
46884
46888
46907
46910
46921
46936
46938
46955
46969
46974
46981
47003
47004
47015
47021
47024
47028
47030
47043
47048
47055
47102
47105
47106
47113
47133
47146
47148
47155
47159
47195
47202
47203
47209
47219
47267
47281
47290
47305
47315
47327
47330
47359
47384
47406
47416
47446
47447
47453
47504
47511
47529
47535
47567
47605
47607
47646
47651
47665
47694
47706
47723
47727
47729
47733
47735
47749
47755
47782
47801
47805
47862
47863
47865
47887
47890
47896
47901
47907
47909
47923
47927
47934
47935
47958
47980
47990
47993
48001
48010
48016
48041
48045
48061
48062
48066
48078
48083
48088
48115
48145
48156
48176
48181
48217
48220
48232
48237
48252
48255
48264
48293
48296
48324
48331
48347
48349
48354
48367
48376
48385
48395
48402
48408
48419
48424
48429
48431
48435
48469
48474
48483
48489
48522
48534
48536
48537
48553
48558
48599
48612
48631
48663
48665
48684
48710
48715
48717
48728
48745
48765
48770
48808
48834
48835
48839
48845
48874
48876
48885
48904
48905
48933
48937
48942
48948
48955
48979
48987
48993
49007
49041
49055
49064
49090
49092
49122
49133
49158
49161
49188
49208
49229
49238
49239
49254
49264
49267
49272
49287
49293
49310
49313
49314
49328
49330
49338
49346
49370
49371
49398
49415
49423
49424
49430
49435
49453
49458
49460
49485
49505
49509
49512
49519
49535
49546
49548
49578
49592
49615
49638
49655
49656
49658
49670
49671
49689
49699
49703
49705
49721
49723
49744
49782
49798
49829
49836
49874
49903
49908
49918
49930
49935
49974
49976
49990
50006
50013
50057
50075
50088
50090
50110
50121
50134
50157
50168
50169
50182
50201
50214
50216
50219
50230
50238
50253
50269
50309
50314
50371
50379
50412
50413
50453
50477
50483
50510
50514
50521
50533
50534
50567
50574
50608
50620
50628
50638
50658
50664
50669
50672
50696
50701
50712
50725
50748
50751
50757
50766
50769
50770
50772
50802
50810
50859
50860
50863
50865
50870
50921
50931
50947
50975
50977
50980
50981
50994
50999
51002
51006
51010
51017
51021
51029
51053
51077
51078
51083
51091
51103
51132
51139
51149
51167
51187
51201
51222
51226
51234
51247
51248
51258
51261
51276
51288
51309
51368
51391
51399
51403
51422
51426
51438
51458
51468
51495
51497
51502
51594
51601
51633
51639
51669
51674
51722
51741
51751
51752
51758
51762
51814
51822
51833
51854
51864
51924
51928
51931
51978
52011
52013
52014
52017
52025
52047
52068
52079
52090
52091
52112
52139
52141
52144
52157
52158
52168
52175
52178
52194
52209
52254
52262
52273
52279
52286
52294
52296
52307
52314
52317
52330
52336
52340
52349
52362
52376
52389
52409
52424
52482
52485
52493
52504
52552
52601
52613
52646
52654
52657
52660
52661
52663
52674
52730
52738
52739
52741
52749
52759
52763
52764
52775
52778
52789
52792
52810
52816
52818
52821
52825
52829
52831
52843
52853
52856
52872
52906
52911
52913
52943
52949
52970
52995
53011
53022
53027
53030
53034
53052
53057
53073
53096
53102
53104
53107
53115
53154
53158
53178
53180
53202
53205
53209
53221
53249
53257
53288
53296
53319
53334
53343
53355
53378
53412
53443
53451
53470
53473
53484
53488
53494
53501
53522
53528
53561
53571
53574
53577
53608
53638
53646
53647
53660
53662
53688
53702
53706
53729
53736
53740
53744
53745
53771
53778
53794
53796
53825
53826
53829
53834
53837
53839
53860
53893
53895
53916
53933
53942
53968
53981
53999
54018
54024
54025
54061
54063
54066
54067
54078
54082
54084
54088
54089
54098
54099
54105
54109
54159
54169
54179
54187
54211
54228
54241
54246
54247
54261
54263
54271
54274
54278
54294
54301
54313
54314
54328
54344
54354
54370
54373
54387
54402
54410
54411
54414
54424
54453
54456
54459
54461
54477
54494
54512
54551
54553
54574
54584
54588
54608
54613
54632
54637
54657
54698
54710
54719
54738
54743
54762
54770
54801
54819
54822
54838
54847
54856
54887
54906
54909
54942
54980
54989
55006
55017
55034
55066
55069
55075
55086
55089
55092
55095
55098
55111
55122
55133
55153
55157
55177
55181
55184
55190
55194
55197
55236
55258
55267
55287
55293
55301
55310
55359
55376
55416
55423
55429
55452
55453
55464
55489
55494
55504
55515
55523
55540
55557
55559
55562
55570
55576
55602
55607
55635
55643
55679
55682
55690
55718
55729
55757
55768
55780
55785
55791
55810
55816
55839
55847
55856
55861
55863
55864
55884
55910
55925
55953
55956
55962
55976
55984
55989
55992
56046
56051
56060
56061
56084
56089
56091
56094
56104
56107
56111
56117
56136
56143
56148
56152
56178
56182
56183
56186
56187
56217
56223
56226
56251
56254
56262
56273
56281
56313
56343
56344
56367
56381
56382
56407
56411
56427
56432
56469
56470
56476
56483
56491
56493
56505
56514
56526
56528
56537
56553
56557
56568
56609
56623
56632
56641
56652
56660
56676
56679
56683
56686
56690
56691
56714
56719
56725
56740
56748
56798
56831
56838
56849
56860
56944
56961
56968
56982
57020
57029
57033
57042
57045
57046
57083
57099
57103
57108
57126
57140
57144
57161
57170
57175
57197
57208
57209
57220
57231
57234
57258
57274
57278
57299
57306
57307
57328
57336
57337
57357
57361
57366
57382
57410
57411
57425
57430
57438
57444
57463
57483
57490
57496
57497
57522
57533
57544
57561
57563
57569
57580
57588
57607
57617
57647
57662
57678
57688
57699
57701
57704
57705
57714
57733
57746
57774
57775
57779
57790
57804
57807
57808
57861
57862
57872
57896
57911
57926
57932
57940
57941
57945
57946
57976
58003
58009
58019
58024
58060
58062
58069
58074
58091
58134
58162
58192
58210
58219
58253
58264
58267
58303
58314
58319
58329
58398
58434
58454
58456
58475
58489
58492
58494
58501
58510
58525
58526
58540
58541
58570
58577
58584
58586
58605
58611
58614
58675
58686
58689
58691
58722
58723
58728
58746
58761
58762
58768
58772
58780
58810
58811
58818
58821
58832
58837
58908
58933
58935
58942
58952
58954
58965
58970
59003
59016
59017
59026
59034
59038
59066
59101
59111
59142
59154
59196
59227
59230
59246
59257
59260
59261
59288
59293
59316
59317
59347
59352
59371
59374
59380
59390
59391
59402
59442
59448
59462
59464
59477
59526
59537
59538
59574
59577
59591
59603
59608
59612
59626
59628
59634
59639
59646
59668
59672
59687
59703
59733
59759
59801
59802
59810
59824
59827
59835
59844
59848
59870
59912
59922
59939
59959
59980
59988
60034
60045
60046
60061
60070
60081
60082
60090
60097
60108
60110
60111
60163
60176
60191
60195
60197
60211
60219
60220
60246
60252
60272
60276
60281
60283
60299
60327
60359
60361
60376
60380
60381
60392
60403
60430
60460
60462
60464
60468
60488
60503
60511
60523
60530
60533
60541
60575
60612
60619
60627
60629
60641
60664
60683
60688
60708
60709
60714
60718
60749
60777
60797
60810
60823
60824
60827
60837
60848
60849
60866
60870
60871
60881
60886
60893
60911
60925
60936
60972
60980
61002
61010
61011
61029
61032
61033
61044
61082
61094
61111
61112
61119
61123
61126
61127
61130
61136
61137
61170
61176
61192
61193
61209
61222
61224
61257
61271
61277
61282
61284
61326
61327
61328
61340
61351
61352
61365
61373
61384
61407
61421
61428
61430
61443
61448
61461
61467
61474
61475
61477
61485
61489
61496
61529
61558
61569
61571
61587
61590
61592
61616
61624
61649
61660
61666
61684
61709
61713
61719
61727
61741
61749
61763
61764
61769
61780
61794
61801
61817
61825
61829
61836
61847
61867
61896
61905
61911
61931
61935
61943
62013
62027
62030
62051
62070
62077
62093
62097
62110
62114
62117
62149
62180
62188
62209
62218
62223
62226
62227
62232
62251
62253
62258
62295
62312
62314
62326
62334
62349
62353
62364
62385
62397
62399
62406
62420
62430
62441
62442
62490
62503
62508
62512
62527
62531
62546
62569
62570
62579
62616
62621
62631
62655
62669
62670
62672
62692
62703
62711
62722
62724
62728
62739
62741
62762
62767
62796
62803
62824
62854
62864
62896
62902
62947
62979
63009
63015
63098
63117
63132
63137
63170
63171
63198
63208
63209
63227
63230
63239
63243
63255
63256
63260
63275
63289
63319
63322
63343
63352
63359
63372
63380
63387
63401
63430
63465
63469
63472
63476
63483
63496
63557
63564
63569
63575
63592
63594
63613
63641
63643
63658
63701
63704
63708
63711
63721
63730
63777
63790
63795
63821
63846
63861
63871
63876
63889
63937
63953
63981
64017
64031
64048
64049
64072
64087
64088
64095
64103
64104
64112
64142
64164
64193
64204
64210
64243
64245
64248
64259
64273
64274
64278
64290
64298
64304
64309
64336
64339
64340
64341
64352
64392
64394
64409
64420
64421
64423
64424
64429
64431
64432
64441
64463
64469
64471
64472
64511
64544
64549
64559
64571
64572
64611
64644
64649
64652
64659
64673
64674
64690
64696
64708
64716
64733
64743
64744
64775
64776
64784
64825
64884
64905
64912
64917
64918
64926
64928
64933
64939
64956
64966
64967
64968
64984
65002
65004
65020
65039
65055
65060
65064
65078
65086
65161
65172
65177
65210
65233
65235
65244
65248
65251
65259
65261
65264
65273
65277
65282
65289
65359
65370
65388
65401
65421
65422
65432
65441
65467
65470
65483
65492
65496
65506
65525
65531
65541
65546
65547
65548
65595
65630
65639
65652
65663
65673
65674
65683
65696
65711
65716
65737
65748
65752
65759
65768
65770
65776
65779
65781
65797
65801
65803
65842
65848
65862
65873
65877
65889
65891
65896
65907
65911
65933
65944
65947
65976
65978
65990
65999
66014
66016
66017
66020
66022
66053
66061
66070
66073
66078
66099
66113
66114
66118
66121
66122
66128
66141
66149
66175
66186
66224
66228
66269
66274
66287
66296
66313
66323
66328
66344
66345
66353
66370
66371
66376
66380
66388
66393
66407
66408
66419
66423
66433
66448
66514
66517
66530
66549
66556
66575
66580
66583
66589
66592
66618
66632
66648
66656
66668
66691
66724
66737
66756
66784
66790
66793
66801
66827
66829
66832
66857
66860
66869
66876
66879
66890
66904
66907
66927
66940
66957
66984
66989
66991
67010
67011
67016
67018
67030
67046
67051
67054
67059
67075
67099
67113
67127
67168
67171
67180
67186
67190
67224
67225
67243
67263
67279
67333
67376
67384
67395
67403
67420
67432
67474
67476
67544
67549
67552
67557
67563
67576
67581
67583
67621
67630
67664
67676
67695
67707
67717
67738
67761
67764
67775
67780
67790
67823
67825
67831
67834
67836
67842
67844
67849
67884
67889
67908
67910
67919
67930
67951
67992
68010
68011
68028
68039
68048
68054
68077
68079
68104
68140
68144
68157
68167
68168
68189
68192
68196
68201
68205
68216
68233
68235
68260
68270
68278
68301
68312
68313
68323
68337
68353
68368
68384
68397
68398
68412
68439
68504
68516
68519
68537
68568
68570
68618
68624
68630
68647
68653
68673
68691
68710
68723
68739
68776
68790
68792
68830
68851
68872
68877
68896
68916
68933
68937
68969
68990
69013
69016
69032
69034
69070
69076
69107
69110
69118
69134
69152
69183
69202
69209
69217
69220
69238
69241
69260
69270
69279
69289
69304
69314
69315
69318
69343
69347
69348
69349
69354
69380
69392
69396
69397
69409
69416
69487
69507
69512
69517
69528
69529
69547
69571
69581
69585
69586
69587
69592
69602
69610
69612
69619
69633
69672
69674
69684
69710
69718
69729
69756
69758
69765
69769
69770
69775
69781
69783
69786
69813
69816
69820
69831
69852
69855
69887
69909
69919
69928
69943
69945
69949
69951
69953
69968
70011
70018
70024
70037
70042
70075
70084
70093
70095
70101
70127
70137
70154
70159
70169
70174
70185
70187
70202
70212
70230
70232
70243
70248
70264
70267
70277
70279
70284
70346
70352
70353
70421
70424
70428
70461
70466
70475
70538
70539
70540
70545
70569
70572
70581
70595
70598
70603
70631
70659
70660
70690
70694
70696
70703
70711
70764
70767
70774
70789
70803
70813
70817
70822
70826
70837
70862
70872
70904
70927
70936
70963
70974
70995
71015
71030
71041
71049
71056
71078
71090
71134
71152
71201
71210
71227
71265
71270
71290
71304
71311
71313
71343
71365
71384
71408
71417
71420
71425
71430
71432
71459
71474
71490
71510
71528
71539
71559
71566
71587
71596
71620
71641
71654
71667
71673
71696
71704
71728
71731
71745
71747
71752
71768
71770
71774
71776
71790
71793
71802
71855
71895
71901
71907
71930
71962
71976
71985
72017
72018
72024
72054
72056
72061
72081
72083
72099
72104
72110
72112
72117
72126
72142
72195
72202
72212
72232
72234
72257
72259
72272
72290
72301
72304
72323
72338
72342
72344
72347
72348
72368
72370
72378
72391
72394
72396
72403
72415
72425
72430
72437
72441
72465
72470
72506
72509
72510
72514
72516
72530
72564
72575
72578
72604
72607
72612
72620
72622
72637
72646
72658
72683
72723
72729
72784
72794
72830
72835
72837
72872
72873
72878
72881
72886
72887
72905
72909
72913
72915
72925
72926
72972
72992
73045
73049
73065
73089
73090
73092
73093
73099
73110
73155
73163
73175
73184
73207
73234
73251
73256
73271
73282
73294
73301
73311
73314
73318
73333
73356
73384
73393
73397
73404
73420
73422
73448
73463
73464
73465
73503
73510
73539
73546
73579
73592
73601
73608
73624
73631
73634
73648
73654
73674
73683
73697
73737
73768
73770
73782
73785
73799
73811
73816
73820
73873
73879
73887
73898
73906
73909
73930
73933
73934
73952
73956
73957
73965
73992
73995
74009
74010
74019
74020
74055
74056
74059
74079
74083
74126
74136
74187
74193
74224
74225
74233
74243
74248
74265
74267
74275
74282
74286
74309
74326
74330
74341
74344
74361
74364
74369
74380
74386
74416
74423
74436
74484
74487
74488
74505
74512
74552
74584
74585
74595
74619
74629
74656
74660
74697
74709
74728
74741
74754
74770
74773
74780
74788
74792
74795
74799
74811
74856
74858
74864
74877
74890
74895
74911
74914
74917
74954
74957
74961
74979
74993
74999
75005
75009
75016
75025
75090
75097
75124
75128
75139
75157
75163
75179
75197
75201
75224
75230
75232
75233
75236
75243
75273
75283
75288
75322
75324
75370
75410
75413
75418
75443
75448
75453
75470
75471
75491
75493
75497
75514
75519
75547
75564
75568
75569
75586
75588
75590
75599
75610
75612
75634
75661
75673
75681
75704
75713
75728
75730
75732
75736
75747
75771
75782
75791
75807
75830
75838
75842
75876
75878
75885
75910
75925
75928
75930
75942
75964
75996
76009
76016
76019
76025
76056
76058
76064
76068
76070
76113
76116
76126
76132
76133
76141
76149
76158
76170
76177
76186
76202
76203
76247
76262
76271
76274
76286
76290
76331
76344
76357
76404
76417
76420
76427
76439
76448
76470
76476
76477
76509
76513
76515
76528
76530
76534
76553
76567
76592
76644
76661
76663
76668
76675
76681
76688
76696
76706
76739
76743
76764
76768
76785
76789
76808
76813
76833
76851
76870
76872
76882
76887
76889
76891
76901
76904
76910
76931
76940
76967
76969
76972
76975
76977
76981
77008
77014
77020
77038
77042
77060
77071
77072
77075
77078
77091
77102
77124
77133
77144
77152
77157
77170
77187
77192
77205
77208
77225
77229
77247
77266
77295
77303
77346
77373
77389
77391
77410
77412
77432
77455
77481
77508
77511
77536
77540
77565
77583
77620
77628
77633
77637
77661
77685
77726
77729
77733
77753
77756
77768
77772
77781
77796
77807
77835
77858
77881
77882
77886
77889
77892
77912
77923
77930
77962
77974
77981
77984
78014
78021
78024
78026
78032
78066
78099
78102
78112
78117
78134
78135
78136
78140
78143
78148
78149
78151
78152
78170
78216
78220
78254
78270
78295
78331
78361
78377
78380
78381
78410
78419
78424
78426
78441
78444
78448
78451
78465
78471
78481
78499
78504
78506
78519
78527
78543
78559
78562
78573
78580
78598
78620
78622
78630
78632
78636
78641
78664
78670
78677
78688
78689
78712
78714
78730
78759
78770
78777
78826
78830
78847
78849
78860
78863
78915
78928
78931
78932
78940
78944
78947
78949
78968
78969
78972
78992
79021
79038
79046
79053
79058
79069
79078
79088
79096
79123
79149
79154
79185
79217
79226
79227
79256
79263
79264
79267
79271
79277
79291
79306
79308
79312
79330
79340
79343
79353
79359
79366
79368
79370
79371
79382
79409
79415
79428
79432
79436
79441
79469
79489
79504
79510
79511
79512
79519
79525
79551
79573
79574
79578
79604
79635
79644
79656
79661
79673
79717
79729
79737
79741
79749
79761
79767
79770
79780
79783
79784
79787
79798
79803
79836
79837
79863
79908
79944
79963
79983
79984
80001
80038
80060
80075
80076
80090
80108
80113
80119
80120
80138
80140
80161
80163
80170
80176
80205
80217
80225
80232
80249
80268
80283
80291
80294
80310
80314
80321
80328
80334
80351
80368
80393
80412
80421
80440
80457
80461
80490
80498
80525
80531
80533
80553
80559
80561
80579
80587
80590
80610
80612
80614
80616
80617
80664
80670
80739
80743
80748
80751
80753
80796
80806
80807
80816
80818
80836
80870
80871
80873
80874
80881
80890
80891
80895
80930
80954
80962
80970
80978
80980
80992
81009
81020
81022
81027
81036
81059
81063
81080
81099
81113
81116
81121
81127
81132
81140
81156
81160
81167
81202
81210
81226
81229
81230
81232
81234
81237
81261
81284
81285
81287
81296
81306
81311
81323
81325
81330
81336
81341
81348
81362
81369
81376
81379
81384
81387
81393
81397
81413
81419
81434
81443
81470
81492
81501
81516
81560
81568
81570
81583
81587
81598
81610
81612
81616
81621
81623
81632
81655
81659
81669
81670
81710
81712
81746
81751
81763
81775
81802
81808
81814
81819
81821
81828
81857
81870
81881
81882
81912
81924
81948
81956
81980
81981
81994
81998
82043
82047
82057
82065
82090
82098
82107
82120
82131
82133
82155
82157
82185
82197
82213
82233
82247
82273
82277
82284
82291
82292
82299
82310
82330
82332
82342
82352
82359
82363
82367
82370
82381
82383
82392
82403
82407
82409
82429
82448
82449
82451
82459
82475
82509
82520
82589
82629
82630
82638
82639
82660
82667
82683
82687
82692
82697
82791
82796
82803
82807
82827
82853
82858
82870
82874
82897
82905
82909
82912
82930
82965
82966
82969
82970
82976
82987
82991
82994
83004
83031
83060
83075
83107
83113
83124
83132
83133
83140
83146
83152
83170
83173
83178
83180
83188
83193
83196
83198
83225
83240
83275
83287
83303
83310
83320
83347
83355
83364
83388
83403
83466
83473
83480
83483
83491
83502
83529
83535
83547
83599
83604
83606
83615
83623
83632
83651
83652
83675
83677
83690
83718
83724
83730
83734
83746
83784
83787
83792
83796
83818
83826
83837
83865
83890
83934
83943
83953
83972
83976
83999
84013
84028
84029
84031
84063
84082
84087
84098
84101
84106
84117
84141
84187
84213
84222
84228
84230
84253
84267
84269
84289
84290
84308
84310
84325
84326
84359
84379
84398
84406
84433
84439
84441
84470
84473
84491
84492
84516
84518
84520
84532
84570
84580
84595
84601
84619
84636
84670
84704
84705
84725
84734
84752
84828
84829
84841
84848
84852
84855
84860
84881
84883
84885
84933
84936
84944
84951
84971
84978
84983
84989
85014
85022
85031
85035
85036
85060
85071
85088
85106
85122
85128
85151
85167
85175
85219
85245
85246
85257
85274
85290
85294
85308
85311
85328
85335
85349
85368
85390
85414
85416
85420
85452
85472
85473
85503
85515
85553
85558
85567
85630
85633
85637
85660
85679
85704
85720
85730
85753
85755
85787
85812
85823
85826
85834
85856
85862
85876
85891
85908
85953
85954
85982
85990
86002
86003
86004
86047
86054
86065
86073
86090
86094
86101
86120
86124
86145
86157
86192
86202
86212
86218
86222
86230
86235
86244
86270
86274
86282
86290
86306
86307
86309
86321
86345
86364
86370
86377
86382
86383
86393
86422
86425
86431
86438
86470
86473
86484
86493
86554
86555
86568
86575
86606
86607
86619
86634
86641
86646
86647
86659
86661
86690
86707
86709
86713
86746
86749
86752
86758
86780
86796
86819
86827
86841
86842
86859
86896
86898
86906
86916
86918
86919
86921
86938
86952
86954
86971
86990
87008
87022
87029
87090
87093
87105
87109
87130
87134
87160
87183
87184
87190
87197
87206
87217
87239
87243
87260
87263
87273
87307
87315
87331
87371
87388
87389
87396
87410
87439
87457
87461
87471
87475
87477
87486
87489
87510
87530
87536
87564
87597
87598
87610
87654
87667
87678
87682
87684
87686
87687
87717
87738
87742
87765
87777
87786
87789
87810
87816
87818
87820
87836
87839
87878
87883
87893
87903
87907
87915
87929
87968
87972
87993
87996
88002
88016
88092
88096
88099
88103
88104
88119
88133
88153
88154
88158
88162
88186
88187
88188
88189
88190
88212
88214
88283
88286
88299
88304
88310
88317
88349
88354
88362
88381
88390
88413
88420
88421
88432
88455
88460
88462
88481
88484
88496
88520
88539
88545
88551
88582
88590
88597
88619
88630
88649
88654
88659
88670
88671
88675
88709
88713
88716
88728
88731
88732
88737
88758
88769
88777
88809
88812
88840
88849
88851
88859
88864
88865
88869
88882
88890
88901
88927
88930
88933
88942
88959
88961
88979
89004
89005
89008
89020
89023
89026
89054
89067
89073
89078
89085
89103
89109
89111
89122
89127
89171
89188
89196
89207
89219
89221
89263
89295
89307
89330
89338
89361
89379
89406
89412
89418
89427
89439
89442
89446
89456
89469
89495
89497
89504
89510
89525
89529
89541
89558
89560
89569
89581
89606
89620
89630
89632
89641
89651
89687
89691
89710
89720
89724
89733
89736
89754
89791
89805
89807
89825
89827
89843
89860
89881
89882
89883
89894
89921
89969
89982
89988
89990
89998
90002
90010
90040
90054
90069
90101
90108
90135
90137
90142
90161
90165
90179
90188
90198
90224
90229
90253
90261
90264
90265
90290
90299
90311
90330
90332
90337
90340
90378
90409
90410
90416
90425
90427
90444
90448
90460
90490
90491
90492
90493
90509
90539
90542
90544
90563
90566
90571
90575
90588
90622
90623
90645
90661
90670
90690
90696
90701
90702
90734
90737
90747
90755
90756
90760
90766
90772
90773
90775
90779
90782
90784
90867
90877
90920
90925
90928
90934
90940
90959
90961
90976
91024
91030
91036
91061
91067
91068
91071
91109
91110
91116
91157
91169
91181
91185
91196
91201
91215
91216
91219
91221
91230
91240
91252
91267
91272
91279
91286
91294
91299
91305
91330
91335
91351
91370
91376
91406
91421
91426
91454
91470
91477
91487
91498
91501
91503
91507
91510
91543
91547
91557
91559
91564
91566
91570
91588
91595
91610
91641
91649
91681
91689
91727
91730
91735
91752
91755
91764
91766
91782
91783
91792
91810
91828
91843
91846
91856
91858
91882
91883
91888
91891
91916
91963
91965
91966
91992
92021
92027
92030
92037
92052
92063
92074
92076
92078
92089
92090
92103
92134
92145
92147
92155
92161
92172
92210
92211
92222
92242
92265
92270
92279
92328
92339
92360
92372
92384
92386
92388
92390
92423
92424
92433
92437
92464
92472
92482
92483
92490
92497
92525
92526
92549
92570
92573
92579
92595
92596
92604
92606
92611
92642
92653
92663
92666
92670
92676
92677
92691
92694
92704
92712
92725
92740
92754
92764
92770
92780
92816
92818
92841
92846
92854
92859
92860
92873
92884
92891
92932
92946
92947
92955
92969
92972
93006
93008
93020
93031
93036
93038
93048
93065
93084
93105
93106
93108
93110
93127
93157
93173
93193
93212
93260
93268
93270
93271
93276
93277
93302
93320
93327
93346
93402
93409
93424
93431
93435
93489
93490
93511
93521
93546
93551
93560
93566
93609
93616
93621
93630
93645
93647
93674
93679
93697
93698
93710
93713
93716
93727
93731
93735
93762
93767
93770
93782
93794
93797
93803
93817
93819
93823
93847
93855
93857
93864
93872
93876
93904
93907
93910
93915
93917
93924
93929
93938
94005
94027
94030
94035
94040
94042
94048
94065
94066
94086
94092
94108
94130
94139
94143
94158
94177
94183
94193
94198
94210
94255
94257
94266
94280
94281
94289
94310
94313
94318
94344
94352
94353
94370
94388
94411
94413
94420
94444
94455
94465
94476
94485
94487
94542
94548
94553
94610
94632
94654
94660
94670
94718
94732
94745
94773
94788
94799
94812
94825
94826
94853
94861
94877
94890
94906
94919
94925
94935
94955
94959
94967
94970
95007
95008
95010
95017
95024
95043
95047
95055
95058
95080
95102
95117
95180
95194
95196
95199
95208
95209
95210
95214
95234
95244
95271
95292
95302
95329
95359
95385
95396
95430
95437
95449
95458
95487
95491
95498
95503
95510
95525
95529
95556
95562
95564
95585
95591
95601
95606
95607
95652
95657
95678
95720
95724
95729
95736
95740
95777
95781
95799
95818
95835
95843
95846
95860
95897
95899
95955
95960
95968
95980
95981
95986
96002
96024
96041
96054
96072
96077
96101
96108
96109
96124
96130
96144
96151
96156
96166
96168
96169
96176
96190
96194
96204
96206
96215
96230
96251
96260
96270
96283
96290
96312
96315
96318
96343
96345
96362
96367
96373
96421
96430
96434
96435
96447
96458
96463
96474
96482
96490
96504
96528
96554
96569
96592
96602
96603
96608
96611
96613
96629
96636
96648
96689
96694
96708
96741
96752
96754
96765
96770
96781
96796
96804
96838
96845
96870
96877
96917
96920
96925
96934
96941
96948
96961
96964
96977
96987
96991
96998
97031
97035
97037
97041
97044
97087
97106
97108
97132
97147
97164
97166
97176
97195
97198
97207
97211
97224
97229
97245
97261
97262
97267
97312
97330
97357
97372
97389
97420
97424
97430
97454
97469
97480
97481
97487
97529
97540
97542
97567
97568
97590
97596
97597
97621
97629
97631
97670
97675
97690
97703
97721
97752
97764
97770
97775
97779
97799
97810
97823
97870
97872
97874
97880
97895
97922
97923
97932
97952
97972
97977
97986
98003
98026
98033
98037
98052
98053
98054
98083
98128
98130
98133
98158
98170
98182
98199
98205
98219
98232
98263
98267
98275
98281
98293
98302
98308
98311
98316
98319
98339
98351
98378
98383
98401
98428
98461
98498
98510
98516
98534
98544
98546
98574
98575
98578
98586
98591
98593
98608
98611
98617
98622
98626
98628
98653
98655
98656
98659
98664
98675
98683
98709
98715
98719
98722
98740
98742
98743
98763
98768
98771
98793
98796
98798
98830
98831
98839
98846
98848
98860
98906
98964
98967
98977
98985
99018
99024
99038
99048
99049
99054
99070
99097
99105
99106
99108
99126
99148
99155
99192
99210
99230
99248
99276
99285
99286
99307
99313
99319
99323
99340
99343
99363
99376
99390
99393
99419
99446
99460
99473
99488
99489
99492
99521
99526
99539
99557
99569
99570
99582
99627
99637
99641
99649
99652
99657
99670
99672
99730
99737
99739
99748
99749
99759
99771
99773
99785
99795
99797
99860
99870
99872
99888
99917
99926
99927
99945
99948
99977
99980
99983
99988
99995
