8929 118
10201
10609
11449
11881
12769
16129
17161
18769
19321
20402
21218
22201
22801
22898
23762
24649
25538
26569
27889
29929
30603
31827
32041
32258
32761
34322
34347
35643
36481
37249
37538
38307
38642
38809
39601
40804
42436
44402
44521
45602
45796
47524
48387
49298
49729
51005
51076
51483
51529
52441
53045
53138
54289
55778
56307
57121
57245
57963
58081
59405
59858
61206
63001
63654
63845
64082
64516
65522
66049
66603
68403
68644
68694
69169
71286
71407
72361
72962
73441
73947
74263
74498
75076
76614
76729
77284
77618
78961
79202
79707
80089
80143
80645
81608
83167
83667
84872
85805
85849
88804
89042
89383
89787
91204
91592
91809
93845
94249
95048
95481
96123
96605
96721
96774
97969
98283
98596
99458
