9211 15745
12
16
25
32
36
44
45
48
49
54
60
80
92
99
108
117
125
126
132
135
136
147
150
156
164
172
188
189
198
200
208
212
228
236
242
243
248
270
272
275
276
279
288
292
300
306
316
333
338
340
344
351
360
361
368
380
384
387
388
408
412
420
423
424
425
440
450
452
472
480
486
495
513
516
532
536
540
548
558
560
568
572
576
605
616
620
624
625
630
637
644
650
657
660
666
668
672
675
680
693
702
704
708
711
712
720
735
736
738
747
748
765
768
772
775
788
796
820
832
836
837
841
844
847
848
850
867
873
875
876
880
888
891
892
908
912
916
920
924
925
932
944
950
952
954
960
961
976
984
988
992
1004
1017
1025
1035
1052
1062
1068
1075
1076
1083
1089
1096
1125
1132
1136
1152
1156
1170
1172
1176
1183
1184
1208
1215
1220
1224
1225
1240
1242
1269
1272
1278
1284
1300
1304
1305
1308
1320
1323
1331
1340
1341
1344
1350
1356
1359
1360
1375
1377
1384
1396
1408
1412
1422
1424
1428
1432
1448
1449
1456
1468
1476
1488
1500
1504
1525
1530
1539
1540
1544
1548
1552
1568
1573
1575
1580
1584
1587
1600
1624
1629
1648
1652
1656
1660
1664
1666
1668
1672
1680
1701
1708
1710
1712
1716
1719
1732
1734
1740
1750
1752
1756
1773
1775
1776
1788
1800
1809
1813
1818
1825
1827
1828
1832
1836
1849
1856
1860
1862
1863
1875
1876
1880
1884
1890
1892
1900
1908
1916
1917
1922
1925
1926
1935
1936
1944
1952
1956
1960
1971
1975
1976
1980
1989
2004
2008
2016
2020
2023
2028
2036
2040
2043
2050
2052
2058
2061
2070
2084
2096
2097
2104
2106
2125
2132
2136
2142
2152
2164
2172
2175
2184
2200
2208
2212
2216
2220
2224
2240
2241
2250
2252
2254
2259
2264
2268
2275
2284
2286
2296
2299
2303
2324
2328
2331
2332
2350
2356
2358
2364
2366
2368
2384
2392
2394
2400
2401
2403
2421
2428
2430
2439
2440
2456
2457
2480
2484
2493
2500
2508
2511
2520
2527
2528
2536
2547
2548
2550
2552
2556
2560
2564
2565
2574
2580
2601
2604
2610
2612
2616
2619
2624
2632
2637
2648
2652
2655
2662
2668
2675
2680
2696
2700
2708
2712
2716
2718
2724
2725
2728
2732
2736
2740
2744
2745
2760
2764
2768
2775
2776
2780
2788
2790
2796
2804
2808
2817
2825
2840
2842
2864
2868
2871
2875
2884
2889
2891
2892
2896
2898
2900
2904
2907
2912
2916
2924
2925
2934
2936
2960
2961
2970
2976
2996
3000
3012
3015
3024
3025
3033
3036
3060
3069
3072
3084
3088
3092
3096
3100
3125
3132
3136
3148
3150
3152
3160
3175
3176
3179
3180
3186
3200
3211
3212
3213
3216
3220
3222
3236
3244
3250
3258
3272
3280
3284
3285
3303
3304
3308
3312
3316
3328
3357
3360
3366
3368
3372
3381
3392
3393
3400
3402
3404
3411
3412
3416
3420
3428
3432
3436
3438
3440
3447
3448
3456
3472
3476
3479
3483
3496
3501
3508
3516
3519
3520
3532
3536
3537
3544
3546
3548
3550
3555
3568
3575
3577
3580
3588
3591
3592
3600
3609
3616
3618
3626
3628
3630
3644
3648
3660
3663
3675
3680
3688
3690
3699
3712
3717
3718
3728
3732
3736
3751
3756
3764
3771
3776
3784
3788
3789
3796
3800
3807
3808
3820
3828
3832
3843
3868
3872
3897
3912
3915
3916
3932
3936
3940
3942
3944
3948
3950
3956
3964
3968
3971
3975
3993
4014
4016
4020
4024
4041
4044
4046
4052
4068
4072
4076
4080
4095
4096
4100
4104
4107
4108
4113
4122
4125
4128
4149
4150
4152
4168
4172
4196
4200
4205
4208
4212
4214
4216
4228
4236
4248
4250
4252
4256
4263
4266
4268
4276
4280
4284
4293
4302
4304
4312
4325
4338
4344
4347
4350
4352
4356
4360
4368
4372
4383
4388
4400
4401
4408
4410
4412
4416
4419
4420
4436
4440
4444
4446
4459
4468
4472
4477
4489
4491
4492
4518
4520
4524
4536
4540
4544
4564
4572
4580
4584
4590
4592
4596
4604
4612
4617
4624
4632
4636
4652
4655
4664
4672
4675
4684
4693
4698
4712
4716
4734
4736
4744
4748
4750
4752
4764
4775
4780
4797
4800
4805
4815
4824
4844
4850
4851
4856
4860
4864
4872
4875
4876
4884
4887
4892
4901
4904
4908
4916
4920
4924
4936
4941
4944
4949
4952
4959
4960
4961
4968
4972
4975
4984
4995
4998
5004
5012
5016
5022
5024
5025
5028
5040
5044
5052
5054
5060
5064
5067
5070
5080
5084
5100
5112
5116
5120
5124
5125
5128
5132
5139
5140
5145
5150
5160
5164
5166
5168
5175
5192
5194
5196
5211
5216
5220
5236
5240
5244
5250
5252
5260
5264
5268
5272
5276
5284
5288
5296
5300
5301
5304
5310
5312
5324
5336
5341
5344
5348
5350
5352
5355
5356
5364
5368
5375
5382
5384
5391
5392
5396
5400
5404
5408
5409
5418
5425
5432
5436
5448
5450
5452
5463
5468
5472
5475
5476
5481
5484
5490
5491
5504
5516
5524
5525
5535
5544
5571
5575
5576
5584
5588
5589
5592
5600
5607
5616
5618
5628
5634
5640
5652
5656
5660
5664
5670
5672
5675
5687
5688
5697
5708
5712
5715
5716
5736
5742
5744
5746
5750
5756
5768
5772
5778
5787
5788
5805
5814
5819
5828
5831
5840
5841
5850
5860
5872
5895
5896
5908
5912
5920
5922
5925
5929
5931
5932
5936
5944
5948
5949
5950
5952
5967
5985
5988
6004
6024
6027
6030
6044
6050
6056
6066
6072
6096
6102
6104
6111
6128
6132
6138
6144
6150
6152
6160
6172
6174
6176
6184
6196
6201
6224
6225
6228
6232
6237
6240
6250
6252
6256
6260
6288
6291
6296
6304
6309
6316
6320
6321
6328
6332
6336
6344
6348
6352
6354
6356
6358
6363
6364
6375
6380
6381
6384
6396
6399
6400
6412
6417
6424
6426
6428
6432
6436
6452
6453
6460
6462
6471
6472
6475
6480
6484
6492
6504
6508
6520
6528
6532
6536
6540
6543
6548
6556
6561
6568
6591
6592
6596
6604
6606
6608
6616
6620
6627
6636
6642
6644
6647
6650
6652
6655
6664
6669
6676
6678
6684
6688
6696
6714
6723
6725
6728
6750
6752
6762
6764
6775
6776
6777
6786
6795
6796
6811
6828
6831
6844
6845
6848
6850
6867
6876
6885
6889
6892
6896
6897
6909
6920
6929
6930
6944
6948
6950
6960
6964
6968
6975
6988
6992
7002
7007
7008
7018
7020
7028
7029
7036
7038
7040
7044
7048
7050
7072
7074
7083
7098
7100
7108
7112
7140
7148
7150
7156
7164
7172
7173
7176
7180
7182
7184
7188
7191
7192
7196
7212
7220
7232
7250
7254
7267
7272
7280
7281
7290
7300
7301
7316
7317
7320
7335
7344
7348
7364
7371
7375
7376
7380
7388
7392
7396
7420
7424
7436
7452
7460
7461
7480
7488
7497
7500
7508
7512
7528
7533
7536
7542
7556
7560
7569
7575
7578
7580
7592
7596
7608
7612
7614
7623
7624
7628
7632
7636
7640
7641
7648
7652
7659
7668
7675
7677
7686
7693
7695
7700
7712
7713
7716
7722
7724
7725
7728
7731
7732
7736
7740
7744
7752
7756
7767
7780
7784
7792
7794
7796
7803
7808
7812
7816
7821
7825
7830
7840
7850
7856
7864
7865
7868
7872
7884
7888
7900
7902
7911
7912
7920
7924
7925
7935
7938
7943
7944
7965
7972
7976
7984
7996
8000
8010
8019
8024
8028
8032
8036
8048
8052
8055
8056
8076
8096
8104
8118
8124
8132
8140
8144
8154
8163
8168
8172
8175
8181
8183
8184
8199
8200
8204
8212
8220
8226
8228
8232
8248
8252
8256
8264
8268
8272
8276
8281
8288
8289
8296
8300
8308
8324
8325
8328
8340
8343
8344
8349
8352
8356
8360
8364
8370
8375
8376
8379
8384
8392
8404
8410
8416
8420
8425
8432
8436
8440
8448
8470
8477
8480
8484
8487
8505
8525
8532
8550
8552
8559
8560
8568
8576
8586
8592
8596
8600
8604
8620
8622
8624
8628
8632
8644
8648
8652
8656
8664
8667
8670
8675
8692
8704
8716
8721
8739
8740
8744
8757
8764
8766
8768
8772
8775
8793
8802
8808
8816
8824
8847
8852
8860
8876
8888
8904
8920
8924
8925
8928
8932
8940
8964
8968
8972
8973
8975
8978
8980
8982
8984
8991
8992
8996
9000
9004
9009
9012
9018
9027
9032
9036
9048
9060
9065
9068
9072
9075
9076
9084
9099
9114
9120
9124
9125
9126
9128
9132
9136
9140
9144
9150
9152
9162
9168
9171
9175
9176
9184
9189
9196
9198
9200
9204
9212
9220
9224
9225
9245
9250
9268
9272
9275
9280
9300
9310
9312
9316
9320
9325
9340
9344
9356
9359
9364
9372
9380
9387
9396
9400
9404
9416
9428
9432
9440
9457
9459
9468
9475
9480
9492
9495
9496
9506
9512
9513
9516
9520
9522
9524
9531
9537
9548
9552
9556
9560
9564
9568
9575
9584
9592
9594
9596
9600
9603
9616
9630
9633
9639
9644
9648
9650
9653
9666
9680
9688
9693
9700
9704
9708
9712
9716
9720
9724
9725
9728
9732
9738
9744
9750
9752
9756
9768
9776
9780
9783
9788
9792
9800
9801
9804
9808
9810
9812
9816
9825
9832
9836
9844
9850
9864
9876
9882
9884
9891
9896
9900
9904
9920
9924
9932
9940
9944
9950
9952
9954
9972
9975
9980
9988
9992
9999
10008
10012
10016
10017
10024
10026
10028
10035
10044
10045
10050
10051
10052
10053
10060
10075
10080
10098
10100
10104
10107
10116
10120
10128
10132
10136
10140
10148
10152
10160
10161
10164
10168
10172
10184
10192
10197
10206
10212
10216
10224
10225
10232
10236
10241
10250
10251
10256
10268
10269
10272
10275
10276
10278
10288
10292
10296
10304
10312
10316
10344
10348
10356
10359
10360
10372
10377
10384
10404
10428
10436
10437
10440
10458
10464
10468
10476
10478
10485
10486
10488
10492
10503
10504
10508
10520
10521
10524
10525
10528
10539
10544
10548
10550
10552
10556
10571
10575
10596
10602
10604
10608
10609
10628
10629
10644
10647
10656
10658
10665
10675
10688
10700
10704
10710
10712
10716
10719
10732
10736
10737
10744
10746
10769
10775
10776
10812
10820
10824
10825
10827
10828
10829
10830
10840
10848
10864
10868
10872
10875
10888
10896
10900
10904
10925
10926
10927
10928
10932
10933
10935
10968
10980
10988
10996
11000
11011
11025
11032
11034
11044
11048
11056
11060
11061
11064
11070
11072
11076
11080
11084
11088
11092
11094
11106
11109
11115
11116
11120
11125
11128
11132
11144
11148
11150
11152
11160
11172
11178
11180
11188
11191
11200
11220
11221
11223
11228
11232
11236
11248
11253
11259
11270
11271
11277
11280
11300
11308
11323
11324
11325
11328
11348
11350
11352
11364
11376
11388
11403
11404
11417
11421
11424
11432
11440
11444
11448
11449
11450
11456
11457
11460
11464
11466
11475
11480
11492
11504
11515
11516
11524
11529
11547
11552
11568
11583
11588
11601
11604
11608
11610
11613
11624
11646
11650
11664
11668
11672
11680
11688
11692
11708
11711
11716
11718
11725
11727
11728
11745
11750
11764
11768
11780
11788
11792
11796
11804
11809
11812
11828
11832
11835
11836
11840
11848
11868
11872
11876
11880
11884
11889
11898
11904
11907
11908
11913
11916
11924
11928
11934
11936
11943
11944
11964
11970
11988
11996
11997
11999
12004
12006
12015
12020
12025
12028
12033
12036
12040
12044
12056
12078
12100
12103
12116
12120
12123
12128
12138
12144
12148
12152
12159
12175
12176
12188
12196
12204
12212
12213
12225
12228
12231
12232
12249
12252
12264
12267
12268
12274
12275
12288
12294
12296
12304
12328
12330
12332
12340
12344
12357
12360
12364
12393
12402
12408
12420
12424
12425
12436
12440
12447
12450
12452
12456
12463
12465
12468
12474
12480
12488
12493
12500
12508
12510
12520
12524
12548
12550
12556
12564
12568
12575
12580
12582
12584
12591
12604
12609
12624
12627
12628
12632
12642
12644
12650
12652
12660
12663
12668
12680
12691
12692
12708
12712
12717
12720
12726
12732
12736
12740
12744
12752
12769
12792
12796
12798
12807
12812
12816
12826
12838
12840
12848
12856
12861
12868
12875
12880
12887
12892
12906
12915
12916
12924
12928
12940
12943
12944
12947
12948
12950
12972
12976
12978
12988
12992
13005
13012
13013
13014
13016
13023
13024
13025
13028
13034
13040
13052
13059
13072
13075
13080
13084
13088
13095
13096
13104
13112
13116
13122
13125
13136
13140
13144
13172
13182
13184
13192
13203
13204
13216
13221
13224
13225
13228
13236
13240
13250
13252
13256
13266
13268
13280
13284
13288
13292
13310
13320
13324
13325
13328
13336
13340
13348
13357
13364
13375
13412
13416
13419
13425
13426
13428
13440
13450
13452
13454
13464
13467
13472
13473
13476
13480
13482
13484
13491
13492
13496
13512
13516
13518
13525
13527
13544
13560
13564
13568
13572
13576
13580
13584
13592
13608
13612
13620
13622
13625
13632
13662
13676
13690
13692
13696
13700
13712
13718
13724
13732
13736
13740
13752
13754
13756
13764
13768
13770
13775
13779
13780
13784
13788
13792
13800
13818
13848
13850
13851
13852
13856
13860
13867
13868
13884
13887
13900
13908
13912
13916
13923
13925
13940
13944
13956
13959
13960
13964
13968
13995
14004
14012
14014
14016
14020
14024
14025
14040
14045
14058
14063
14064
14075
14076
14084
14085
14094
14096
14100
14103
14104
14121
14130
14132
14150
14180
14184
14188
14200
14202
14208
14236
14238
14240
14247
14250
14259
14272
14278
14296
14301
14304
14312
14319
14324
14325
14332
14337
14346
14348
14356
14357
14360
14364
14365
14368
14372
14373
14380
14388
14399
14408
14416
14428
14448
14460
14481
14488
14499
14500
14504
14535
14540
14544
14548
14550
14553
14564
14571
14576
14592
14596
14607
14608
14612
14624
14632
14641
14652
14668
14675
14676
14680
14684
14692
14703
14706
14715
14716
14739
14742
14748
14750
14751
14764
14768
14769
14776
14784
14796
14800
14801
14812
14814
14824
14836
14847
14850
14856
14859
14864
14868
14875
14880
14883
14884
14888
14892
14895
14896
14908
14922
14928
14931
14944
14949
14956
14958
14960
14967
14972
14975
14988
14992
15004
15008
15012
15021
15028
15030
15032
15044
15048
15059
15072
15084
15088
15092
15100
15104
15111
15112
15116
15124
15125
15132
15136
15138
15148
15160
15162
15174
15180
15183
15190
15196
15200
15201
15204
15210
15212
15216
15220
15236
15239
15246
15268
15275
15308
15309
15320
15327
15328
15332
15340
15344
15345
15348
15360
15364
15367
15376
15381
15404
15417
15424
15436
15440
15444
15448
15460
15462
15464
15471
15475
15476
15480
15498
15504
15508
15512
15516
15520
15524
15525
15528
15534
15536
15540
15544
15575
15576
15582
15584
15592
15597
15600
15606
15609
15612
15616
15620
15624
15625
15644
15648
15650
15652
15676
15680
15687
15696
15704
15708
15716
15723
15724
15729
15730
15752
15760
15776
15778
15780
15795
15804
15808
15813
15824
15825
15832
15842
15844
15848
15851
15856
15864
15867
15875
15880
15885
15894
15895
15896
15900
15908
15924
15936
15939
15948
15972
15974
15976
15979
15980
15992
16002
16004
16011
16012
16024
16044
16048
16052
16060
16068
16075
16076
16080
16083
16092
16093
16104
16116
16146
16152
16155
16164
16170
16191
16196
16212
16218
16232
16252
16256
16263
16284
16288
16292
16320
16324
16326
16340
16348
16352
16353
16366
16368
16371
16372
16375
16380
16392
16393
16398
16399
16400
16407
16408
16412
16425
16443
16448
16450
16456
16461
16464
16470
16475
16479
16484
16488
16492
16496
16497
16504
16506
16515
16516
16532
16540
16550
16560
16564
16568
16572
16575
16576
16577
16588
16605
16611
16614
16623
16624
16625
16628
16640
16641
16652
16656
16659
16672
16684
16688
16696
16700
16704
16709
16712
16713
16716
16728
16732
16740
16750
16760
16762
16767
16772
16784
16800
16803
16808
16820
16836
16839
16840
16848
16850
16852
16857
16860
16875
16880
16888
16892
16896
16902
16911
16928
16938
16940
16944
16948
16956
16965
16967
16972
16976
16980
16983
16984
17003
17010
17016
17020
17028
17032
17036
17037
17040
17044
17046
17048
17050
17052
17055
17064
17068
17075
17104
17108
17109
17112
17116
17120
17124
17144
17148
17150
17152
17154
17160
17163
17175
17180
17188
17190
17192
17196
17200
17204
17208
17212
17225
17232
17235
17236
17248
17256
17260
17262
17264
17275
17276
17280
17284
17288
17289
17296
17298
17303
17304
17308
17312
17316
17320
17324
17332
17340
17344
17348
17360
17370
17375
17376
17384
17388
17397
17404
17405
17415
17416
17420
17425
17442
17448
17451
17452
17464
17469
17472
17475
17484
17487
17488
17493
17525
17536
17541
17544
17545
17550
17556
17559
17564
17568
17572
17576
17577
17588
17591
17596
17608
17613
17620
17629
17631
17648
17649
17650
17656
17668
17675
17676
17680
17685
17688
17694
17696
17700
17704
17712
17716
17724
17728
17730
17732
17745
17752
17757
17766
17768
17772
17776
17784
17787
17800
17804
17808
17811
17825
17850
17860
17864
17868
17874
17875
17876
17880
17884
17888
17900
17901
17910
17912
17916
17919
17920
17925
17928
17932
17934
17937
17940
17944
17948
17950
17972
17973
17975
17976
17982
17983
17984
17986
17988
17991
17996
18008
18016
18025
18027
18044
18050
18056
18063
18064
18083
18092
18096
18099
18108
18128
18130
18132
18135
18140
18144
18150
18156
18162
18168
18171
18184
18200
18204
18220
18228
18232
18234
18250
18261
18270
18271
18272
18275
18276
18292
18308
18312
18316
18320
18325
18326
18342
18348
18350
18351
18360
18369
18372
18376
18380
18387
18396
18400
18414
18420
18421
18423
18424
18436
18441
18459
18468
18472
18484
18486
18496
18512
18515
18516
18532
18540
18544
18550
18556
18558
18572
18576
18584
18588
18592
18596
18603
18612
18621
18624
18625
18632
18639
18648
18650
18652
18656
18666
18668
18680
18684
18688
18692
18708
18711
18712
18728
18729
18736
18744
18747
18748
18750
18759
18764
18768
18774
18776
18783
18788
18800
18816
18820
18825
18837
18844
18846
18860
18865
18868
18872
18875
18880
18884
18891
18900
18904
18909
18924
18925
18927
18928
18936
18945
18963
18990
18992
18996
19016
19026
19028
19032
19035
19040
19044
19048
19050
19056
19062
19075
19089
19100
19125
19133
19144
19148
19152
19164
19166
19168
19170
19176
19179
19180
19184
19188
19197
19206
19212
19216
19220
19232
19239
19248
19250
19257
19260
19264
19268
19269
19272
19275
19276
19278
19280
19296
19300
19305
19316
19320
19323
19325
19332
19336
19340
19341
19344
19355
19359
19360
19375
19380
19386
19388
19395
19400
19416
19420
19428
19432
19435
19436
19440
19444
19448
19450
19452
19453
19460
19468
19472
19476
19480
19481
19485
19488
19494
19502
19512
19520
19521
19539
19550
19552
19556
19557
19566
19573
19575
19580
19588
19600
19604
19608
19611
19616
19620
19629
19632
19640
19649
19650
19660
19672
19688
19698
19700
19712
19723
19725
19732
19744
19746
19748
19750
19752
19768
19772
19775
19791
19804
19809
19812
19816
19832
19848
19850
19855
19860
19864
19880
19888
19890
19892
19896
19900
19904
19924
19932
19936
19940
19944
19953
19960
19962
19968
19972
19988
19996
19998
20007
20024
20025
20028
20032
20040
20060
20068
20084
20086
20090
20092
20097
20100
20106
20108
20111
20116
20133
20136
20150
20151
20156
20184
20200
20207
20214
20224
20232
20241
20250
20280
20284
20286
20295
20308
20312
20322
20331
20332
20335
20339
20340
20344
20360
20364
20367
20368
20372
20375
20380
20385
20388
20400
20402
20416
20420
20421
20425
20428
20430
20432
20439
20452
20456
20482
20488
20500
20504
20516
20519
20524
20529
20532
20536
20538
20544
20547
20548
20550
20565
20570
20574
20575
20577
20583
20584
20592
20596
20600
20610
20612
20618
20620
20628
20637
20650
20672
20678
20680
20709
20716
20725
20732
20736
20740
20744
20745
20752
20754
20756
20764
20775
20781
20784
20796
20800
20804
20808
20826
20848
20853
20868
20875
20888
20889
20892
20896
20900
20907
20908
20920
20923
20924
20932
20943
20944
20950
20960
20961
20968
20970
20976
20979
20984
20992
20997
21000
21004
21006
21021
21032
21050
21052
21064
21069
21078
21087
21092
21104
21112
21114
21119
21136
21141
21144
21150
21156
21159
21164
21177
21180
21186
21188
21195
21196
21213
21222
21231
21236
21240
21250
21252
21266
21268
21275
21280
21284
21285
21294
21296
21300
21303
21324
21328
21332
21336
21339
21348
21352
21356
21366
21376
21384
21386
21396
21402
21404
21420
21424
21425
21428
21432
21438
21440
21444
21448
21450
21452
21460
21462
21464
21475
21476
21483
21484
21488
21500
21504
21508
21524
21525
21537
21540
21546
21548
21552
21555
21560
21576
21580
21584
21588
21591
21592
21596
21600
21608
21609
21612
21625
21628
21640
21644
21645
21648
21652
21654
21658
21664
21681
21690
21696
21700
21707
21712
21717
21720
21724
21726
21732
21740
21748
21750
21753
21768
21775
21776
21784
21788
21789
21796
21800
21801
21804
21807
21816
21825
21832
21834
21848
21850
21852
21854
21861
21872
21876
21880
21897
21900
21901
21906
21916
21920
21932
21933
21942
21944
21948
21950
21952
21969
21972
21975
21978
21984
21987
21992
21996
22000
22001
22005
22014
22016
22020
22024
22032
22041
22044
22050
22056
22060
22076
22080
22086
22090
22092
22100
22108
22112
22113
22116
22120
22128
22139
22140
22143
22152
22167
22172
22184
22185
22188
22194
22196
22197
22200
22201
22203
22204
22208
22218
22220
22228
22230
22232
22239
22250
22252
22266
22284
22292
22295
22300
22316
22324
22332
22338
22344
22350
22356
22360
22364
22365
22372
22374
22380
22383
22384
22396
22400
22404
22416
22419
22424
22425
22428
22432
22436
22437
22442
22445
22446
22455
22456
22460
22468
22473
22482
22484
22491
22492
22496
22508
22516
22520
22525
22536
22548
22552
22572
22581
22588
22592
22596
22599
22604
22620
22632
22635
22638
22644
22648
22650
22652
22656
22664
22668
22684
22687
22688
22689
22696
22698
22716
22720
22724
22725
22734
22736
22740
22748
22752
22756
22760
22772
22775
22779
22780
22784
22788
22820
22824
22825
22828
22831
22833
22836
22842
22851
22852
22864
22875
22878
22898
22923
22924
22928
22936
22952
22960
22968
22984
22992
22995
23016
23020
23031
23032
23048
23056
23068
23076
23079
23084
23088
23092
23104
23111
23116
23120
23121
23132
23136
23157
23168
23180
23184
23192
23193
23200
23202
23211
23216
23225
23226
23228
23236
23238
23248
23272
23274
23275
23283
23288
23296
23300
23301
23304
23310
23312
23322
23328
23337
23346
23350
23352
23364
23372
23375
23392
23404
23408
23416
23418
23420
23422
23424
23427
23436
23444
23454
23456
23460
23472
23484
23504
23508
23517
23534
23535
23540
23544
23548
23560
23562
23569
23571
23576
23580
23588
23592
23596
23598
23600
23607
23616
23628
23634
23656
23672
23675
23676
23679
23688
23696
23698
23700
23706
23712
23715
23716
23720
23742
23744
23756
23776
23778
23780
23784
23788
23796
23805
23808
23812
23823
23825
23832
23837
23840
23841
23844
23850
23864
23895
23896
23900
23904
23908
23912
23920
23922
23924
23931
23932
23948
23950
23952
23960
23964
23972
23975
23988
23992
23996
24000
24003
24010
24012
24016
24020
24021
24032
24059
24066
24075
24080
24084
24088
24092
24093
24108
24116
24124
24129
24136
24144
24147
24150
24152
24160
24164
24174
24176
24180
24183
24187
24204
24206
24208
24210
24212
24219
24225
24237
24240
24244
24250
24256
24272
24273
24280
24282
24291
24292
24299
24308
24320
24321
24327
24334
24336
24344
24345
24350
24352
24376
24380
24384
24388
24392
24396
24408
24412
24416
24425
24426
24440
24442
24453
24471
24472
24475
24480
24488
24492
24500
24504
24505
24520
24525
24532
24534
24540
24544
24548
24550
24552
24560
24561
24564
24565
24568
24570
24572
24584
24588
24597
24606
24608
24612
24615
24616
24632
24636
24640
24644
24649
24651
24652
24664
24668
24672
24674
24675
24678
24688
24708
24714
24723
24724
24736
24740
24744
24760
24772
24775
24776
24788
24794
24795
24796
24804
24805
24808
24824
24825
24840
24843
24848
24854
24860
24863
24864
24875
24876
24885
24900
24908
24909
24920
24924
24926
24932
24936
24940
24944
24948
24950
24952
24957
24960
24968
24972
24976
24980
24984
24988
24990
24992
24996
25000
25012
25016
25036
25039
25047
25052
25056
25060
25064
25065
25074
25076
25083
25084
25100
25101
25104
25108
25112
25132
25140
25143
25146
25148
25150
25152
25155
25156
25160
25168
25172
25173
25175
25181
25182
25188
25191
25200
25209
25212
25215
25216
25218
25220
25224
25225
25230
25240
25244
25245
25250
25254
25264
25272
25275
25288
25292
25299
25308
25317
25324
25328
25333
25340
25356
25360
25364
25372
25376
25382
25389
25392
25396
25400
25408
25412
25420
25425
25434
25448
25450
25464
25484
25488
25492
25500
25512
25516
25520
25524
25531
25532
25536
25542
25550
25551
25568
25569
25572
25575
25576
25578
25580
25587
25588
25592
25596
25604
25605
25608
25614
25627
25640
25644
25675
25676
25684
25695
25696
25704
25721
25725
25728
25740
25748
25750
25752
25756
25764
25776
25785
25788
25796
25804
25816
25820
25821
25823
25825
25828
25836
25840
25844
25852
25856
25860
25872
25875
25880
25886
25888
25894
25900
25902
25908
25916
25921
25928
25932
25944
25952
25965
25974
25975
25976
25980
25984
25992
26010
26015
26020
26025
26026
26040
26064
26071
26075
26076
26108
26109
26118
26120
26127
26132
26140
26148
26154
26156
26168
26176
26181
26184
26190
26192
26195
26196
26204
26212
26215
26224
26225
26226
26256
26257
26268
26271
26276
26280
26288
26300
26308
26313
26328
26332
26334
26336
26340
26348
26350
26352
26353
26364
26368
26370
26372
26376
26380
26392
26396
26406
26415
26433
26440
26444
26460
26475
26480
26484
26487
26499
26508
26512
26523
26524
26525
26532
26536
26552
26556
26564
26576
26592
26595
26600
26616
26624
26628
26640
26644
26648
26649
26650
26664
26675
26692
26694
26720
26724
26728
26732
26748
26754
26756
26757
26772
26796
26800
26812
26820
26825
26829
26832
26836
26838
26840
26844
26848
26864
26874
26900
26901
26910
26916
26920
26936
26968
26975
26979
26980
26983
26984
27000
27004
27012
27018
27020
27027
27040
27048
27060
27075
27076
27097
27100
27104
27108
27112
27116
27124
27132
27136
27140
27146
27148
27150
27152
27153
27156
27160
27162
27164
27171
27176
27180
27189
27196
27198
27208
27209
27225
27232
27244
27248
27256
27260
27270
27272
27276
27293
27296
27304
27306
27316
27320
27325
27333
27336
27342
27344
27346
27350
27364
27369
27372
27387
27388
27392
27400
27412
27414
27420
27423
27424
27436
27440
27444
27448
27459
27464
27472
27484
27488
27495
27496
27508
27516
27520
27522
27524
27528
27531
27532
27538
27547
27548
27550
27558
27560
27568
27575
27576
27580
27585
27587
27596
27612
27624
27628
27632
27657
27666
27680
27684
27685
27696
27712
27729
27734
27740
27744
27747
27756
27765
27772
27774
27775
27784
27792
27800
27804
27819
27820
27824
27830
27832
27840
27848
27868
27869
27872
27873
27881
27884
27885
27888
27889
27891
27896
27908
27909
27930
27936
27945
27951
27952
27975
27979
27981
27984
27988
27990
28004
28012
28035
28036
28037
28044
28048
28050
28054
28056
28060
28062
28064
28068
28077
28084
28089
28092
28098
28100
28104
28112
28120
28124
28128
28136
28140
28143
28144
28148
28152
28156
28158
28161
28168
28175
28176
28184
28193
28196
28200
28208
28215
28220
28223
28227
28228
28240
28250
28252
28272
28278
28284
28300
28323
28324
28325
28332
28340
28341
28344
28348
28352
28360
28368
28372
28380
28386
28388
28392
28395
28396
28400
28404
28408
28420
28424
28431
28435
28436
28444
28448
28450
28452
28467
28469
28476
28484
28500
28503
28516
28518
28520
28524
28528
28530
28536
28544
28552
28556
28560
28561
28566
28568
28584
28596
28602
28604
28612
28624
28629
28647
28648
28650
28656
28668
28675
28683
28688
28692
28700
28704
28710
28714
28717
28719
28728
28732
28736
28749
28750
28755
28763
28773
28776
28780
28788
28792
28798
28800
28808
28816
28818
28824
28830
28836
28840
28852
28854
28856
28863
28875
28880
28881
28884
28890
28932
28935
28936
28948
28952
28968
28972
28976
28988
28989
29000
29007
29008
29016
29028
29036
29052
29056
29060
29061
29072
29075
29076
29088
29144
29156
29160
29161
29168
29172
29196
29200
29205
29216
29223
29228
29236
29237
29241
29244
29253
29256
29259
29264
29268
29272
29275
29288
29296
29302
29304
29316
29324
29332
29349
29360
29375
29384
29396
29400
29403
29404
29406
29408
29428
29430
29432
29444
29456
29464
29480
29484
29488
29492
29493
29500
29508
29511
29516
29520
29525
29528
29538
29544
29547
29564
29565
29572
29575
29588
29592
29596
29600
29601
29602
29608
29610
29612
29616
29620
29628
29632
29636
29644
29652
29660
29664
29680
29688
29691
29700
29704
29712
29716
29725
29727
29732
29740
29743
29744
29763
29764
29767
29772
29775
29776
29784
29791
29799
29812
29820
29824
29826
29828
29844
29848
29850
29852
29853
29860
29868
29871
29876
29880
29887
29889
29890
29892
29898
29900
29908
29912
29924
29929
29944
29948
29968
29970
29976
29979
29988
29992
29996
30000
30006
30008
30016
30020
30025
30028
30032
30036
30050
30060
30068
30072
30082
30087
30096
30104
30105
30108
30116
30118
30123
30128
30140
30144
30152
30168
30172
30176
30192
30196
30208
30216
30222
30228
30231
30233
30236
30249
30252
30256
30275
30292
30294
30303
30304
30316
30321
30325
30328
30332
30336
30339
30340
30350
30352
30357
30366
30376
30384
30388
30393
30404
30411
30412
30432
30438
30440
30447
30448
30452
30460
30464
30483
30492
30496
30500
30512
30525
30528
30532
30536
30540
30546
30548
30573
30575
30580
30584
30589
30591
30592
30600
30609
30613
30616
30618
30625
30627
30632
30640
30645
30648
30650
30654
30664
30676
30685
30692
30696
30699
30704
30716
30717
30724
30725
30728
30732
30734
30735
30740
30744
30758
30768
30775
30784
30788
30808
30821
30832
30834
30836
30844
30848
30864
30868
30875
30876
30880
30892
30900
30906
30908
30912
30924
30933
30942
30950
30960
30964
30984
30987
31004
31014
31016
31023
31024
31040
31041
31044
31048
31059
31072
31075
31076
31086
31095
31108
31117
31128
31132
31150
31156
31164
31172
31180
31185
31188
31205
31208
31211
31213
31232
31239
31248
31260
31266
31280
31284
31288
31293
31296
31300
31304
31312
31325
31328
31340
31347
31350
31352
31364
31375
31380
31383
31388
31400
31404
31408
31409
31416
31420
31423
31425
31432
31433
31437
31450
31452
31464
31472
31482
31484
31492
31500
31504
31512
31532
31540
31544
31548
31550
31554
31572
31575
31576
31588
31590
31596
31599
31603
31608
31616
31620
31632
31653
31654
31660
31662
31664
31668
31671
31672
31680
31684
31688
31692
31702
31704
31728
31734
31736
31750
31768
31770
31775
31779
31788
31790
31797
31801
31806
31808
31816
31823
31824
31825
31836
31851
31852
31856
31869
31878
31880
31884
31888
31900
31905
31914
31924
31932
31936
31940
31941
31956
31958
31964
31986
31995
31997
32004
32013
32022
32036
32044
32049
32052
32064
32065
32075
32084
32088
32094
32095
32096
32103
32112
32130
32132
32140
32144
32148
32160
32164
32175
32184
32192
32200
32208
32211
32220
32228
32236
32238
32242
32258
32264
32265
32269
32272
32276
32279
32288
32292
32320
32344
32346
32352
32355
32368
32372
32376
32380
32382
32384
32388
32391
32400
32404
32409
32412
32418
32420
32424
32427
32428
32440
32448
32456
32464
32472
32476
32480
32499
32504
32508
32524
32525
32532
32535
32536
32544
32550
32552
32564
32572
32580
32584
32585
32600
32607
32616
32617
32620
32625
32652
32657
32660
32674
32679
32680
32684
32688
32692
32696
32697
32706
32715
32716
32732
32740
32744
32748
32751
32756
32769
32775
32778
32784
32787
32792
32798
32799
32814
32816
32820
32823
32830
32844
32848
32852
32859
32868
32880
32900
32913
32922
32928
32932
32940
32946
32949
32955
32958
32964
32967
32976
32977
32980
32992
32994
33003
33004
33012
33021
33033
33048
33050
33056
33057
33064
33066
33068
33075
33080
33088
33100
33104
33108
33124
33135
33140
33144
33147
33150
33156
33160
33172
33174
33176
33180
33183
33188
33200
33201
33210
33216
33225
33228
33235
33237
33246
33248
33250
33255
33264
33268
33272
33275
33280
33282
33292
33304
33312
33318
33324
33325
33328
33336
33340
33344
33348
33350
33352
33354
33364
33390
33396
33399
33408
33412
33416
33428
33435
33444
33464
33484
33488
33492
33504
33507
33508
33512
33516
33524
33534
33543
33544
33550
33556
33564
33570
33572
33573
33576
33580
33588
33592
33596
33604
33608
33612
33614
33616
33631
33633
33635
33638
33640
33644
33648
33652
33656
33668
33669
33672
33676
33678
33680
33687
33692
33712
33716
33720
33723
33744
33748
33750
33761
33764
33768
33775
33776
33784
33788
33796
33816
33822
33828
33831
33840
33848
33849
33850
33859
33864
33875
33876
33884
33885
33896
33912
33920
33924
33925
33940
33950
33969
33976
33980
33984
33988
33992
33993
33996
34000
34002
34006
34012
34020
34024
34032
34036
34038
34040
34047
34052
34056
34072
34074
34084
34096
34110
34112
34116
34132
34137
34138
34140
34152
34153
34155
34160
34173
34175
34180
34184
34192
34208
34212
34216
34220
34224
34225
34227
34228
34240
34245
34248
34250
34251
34254
34256
34268
34272
34275
34284
34290
34304
34307
34316
34320
34322
34324
34328
34347
34352
34364
34368
34375
34380
34385
34389
34396
34407
34408
34416
34425
34428
34440
34445
34450
34456
34464
34468
34472
34479
34481
34506
34508
34515
34569
34576
34578
34580
34584
34606
34608
34612
34614
34616
34625
34645
34650
34660
34664
34677
34692
34700
34725
34727
34731
34749
34750
34752
34756
34758
34760
34764
34776
34785
34788
34790
34796
34800
34803
34808
34821
34825
34828
34836
34840
34864
34866
34876
34880
34884
34888
34892
34893
34900
34902
34908
34911
34924
34928
34929
34932
34936
34948
34952
34964
34972
34986
34992
35001
35004
35008
35010
35012
35016
35017
35020
35028
35050
35055
35075
35076
35080
35082
35090
35092
35100
35104
35120
35124
35125
35128
35131
35144
35150
35156
35164
35168
35176
35180
35196
35199
35208
35211
35212
35220
35224
35225
35226
35231
35240
35250
35252
35271
35275
35280
35284
35287
35288
35289
35292
35300
35308
35312
35322
35324
35328
35340
35343
35356
35370
35375
35400
35404
35406
35408
35420
35424
35436
35440
35444
35448
35464
35468
35469
35480
35487
35490
35504
35505
35514
35516
35520
35524
35525
35528
35541
35544
35550
35557
35564
35572
35575
35577
35584
35604
35620
35623
35625
35631
35636
35643
35649
35652
35656
35664
35672
35675
35676
35680
35684
35685
35688
35700
35703
35704
35716
35720
35721
35725
35732
35739
35750
35757
35760
35764
35768
35772
35776
35784
35792
35793
35800
35804
35808
35811
35820
35824
35828
35836
35844
35848
35868
35876
35883
35884
35888
35892
35896
35904
35912
35917
35925
35932
35937
35944
35950
35964
35968
35973
35975
35976
35982
35988
35992
35997
36004
36015
36020
36027
36044
36045
36050
36054
36058
36060
36076
36081
36084
36090
36092
36096
36104
36112
36113
36128
36132
36135
36140
36148
36152
36153
36164
36168
36172
36175
36180
36184
36196
36198
36212
36216
36224
36228
36236
36240
36256
36260
36261
36264
36268
36270
36292
36309
36312
36320
36335
36336
36344
36350
36360
36368
36372
36378
36380
36387
36400
36408
36414
36416
36428
36440
36444
36452
36456
36460
36464
36481
36486
36488
36495
36496
36501
36513
36517
36536
36544
36548
36549
36550
36556
36567
36572
36596
36600
36603
36612
36636
36644
36650
36657
36660
36666
36673
36676
36692
36704
36708
36711
36724
36728
36732
36736
36738
36744
36748
36752
36756
36764
36765
36772
36775
36776
36783
36784
36788
36792
36799
36800
36808
36820
36824
36825
36828
36846
36848
36855
36864
36880
36882
36884
36896
36900
36904
36905
36908
36920
36924
36925
36927
36928
36932
36954
36956
36963
36964
36975
36976
36980
37000
37017
37020
37040
37052
37053
37060
37071
37075
37076
37084
37098
37100
37104
37112
37120
37124
37128
37132
37136
37140
37142
37144
37152
37161
37170
37176
37179
37191
37192
37212
37224
37232
37242
37244
37248
37249
37250
37251
37252
37260
37268
37272
37275
37276
37278
37284
37292
37303
37305
37323
37324
37328
37340
37341
37348
37349
37356
37360
37368
37375
37386
37396
37412
37425
37436
37446
37448
37458
37464
37480
37492
37494
37503
37510
37512
37525
37536
37538
37540
37548
37550
37556
37560
37568
37570
37575
37576
37588
37596
37600
37602
37604
37608
37611
37616
37624
37628
37629
37638
37640
37644
37652
37665
37668
37683
37687
37692
37696
37704
37710
37724
37725
37730
37732
37737
37755
37756
37772
37773
37779
37784
37791
37796
37804
37808
37816
37827
37828
37832
37836
37840
37844
37850
37856
37860
37863
37864
37873
37876
37877
37881
37899
37935
37952
37953
37956
37960
37962
37964
37968
37972
37980
37984
38016
38025
38032
38043
38044
38048
38050
38056
38070
38072
38079
38088
38092
38097
38100
38104
38120
38122
38124
38133
38136
38140
38152
38156
38164
38168
38180
38184
38187
38196
38200
38208
38214
38220
38225
38228
38232
38244
38248
38252
38256
38259
38266
38272
38276
38288
38296
38308
38312
38322
38332
38336
38344
38350
38356
38372
38375
38376
38384
38403
38416
38420
38421
38425
38430
38448
38450
38452
38456
38472
38476
38478
38493
38504
38511
38514
38516
38524
38528
38536
38544
38556
38564
38568
38572
38588
38599
38601
38604
38608
38610
38612
38619
38620
38624
38625
38632
38644
38650
38652
38663
38664
38668
38672
38675
38680
38682
38684
38688
38696
38701
38708
38710
38716
38724
38725
38728
38732
38740
38744
38745
38748
38756
38763
38764
38775
38780
38781
38784
38800
38804
38820
38832
38835
38836
38852
38860
38862
38868
38870
38871
38875
38888
38889
38892
38896
38900
38916
38924
38932
38934
38955
38964
38968
38976
38979
38980
38984
38992
38997
39000
39004
39006
39016
39024
39025
39032
39042
39044
39048
39050
39051
39053
39064
39069
39072
39080
39084
39092
39100
39102
39114
39125
39132
39141
39144
39146
39152
39156
39159
39160
39164
39168
39180
39186
39192
39212
39222
39224
39232
39236
39240
39252
39260
39267
39275
39284
39288
39292
39294
39296
39303
39304
39312
39321
39326
39348
39349
39350
39352
39364
39366
39372
39377
39393
39400
39401
39402
39412
39425
39429
39432
39436
39438
39444
39445
39447
39450
39452
39456
39460
39474
39484
39496
39501
39508
39520
39524
39525
39528
39532
39543
39550
39582
39584
39593
39596
39600
39601
39605
39625
39640
39645
39654
39660
39672
39688
39692
39696
39701
39708
39710
39716
39720
39740
39750
39753
39760
39771
39772
39784
39788
39789
39796
39798
39800
39804
39807
39816
39820
39824
39825
39832
39834
39836
39837
39848
39852
39856
39879
39880
39886
39896
39897
39900
39912
39916
39928
39933
39936
39940
39944
39948
39950
39951
39952
39964
39969
39972
39978
39988
40008
40014
40020
40033
40036
40040
40041
40048
40050
40052
40053
40064
40068
40071
40072
40076
40082
40104
40108
40112
40116
40120
40124
40148
40156
40160
40167
40196
40204
40212
40220
40221
40224
40230
40240
40248
40252
40257
40260
40266
40275
40293
40296
40324
40327
40328
40329
40332
40338
40352
40362
40364
40365
40376
40384
40404
40408
40410
40437
40452
40455
40472
40473
40492
40500
40508
40509
40516
40524
40525
40527
40528
40535
40544
40554
40584
40588
40590
40599
40604
40616
40617
40620
40621
40624
40626
40628
40635
40644
40650
40662
40668
40670
40671
40675
40689
40696
40698
40704
40716
40720
40724
40728
40732
40748
40752
40756
40761
40768
40780
40784
40796
40820
40828
40833
40844
40851
40856
40864
40866
40872
40875
40876
40880
40887
40888
40904
40912
40915
40924
40925
40928
40932
40956
40975
40980
40996
41004
41008
41016
41020
41022
41025
41032
41036
41038
41040
41044
41048
41060
41062
41064
41068
41072
41076
41085
41096
41100
41103
41104
41111
41116
41136
41144
41148
41175
41200
41208
41209
41212
41220
41225
41228
41229
41232
41244
41252
41256
41261
41262
41264
41265
41268
41283
41284
41292
41307
41308
41312
41316
41324
41327
41332
41334
41346
41348
41355
41364
41372
41375
41382
41392
41405
41412
41418
41428
41432
41444
41448
41450
41454
41456
41460
41463
41464
41475
41480
41490
41492
41496
41499
41512
41524
41525
41552
41553
41560
41572
41574
41576
41584
41598
41600
41601
41607
41625
41632
41634
41636
41656
41660
41664
41670
41675
41692
41696
41700
41706
41708
41728
41732
41733
41740
41742
41744
41751
41756
41760
41764
41775
41778
41787
41791
41804
41828
41832
41841
41844
41846
41852
41864
41868
41872
41875
41884
41896
41908
41913
41920
41924
41936
41949
41952
41956
41958
41968
41971
41972
41976
41980
41988
41993
42000
42003
42008
42012
42016
42025
42030
42036
42039
42048
42056
42064
42068
42076
42088
42102
42104
42108
42111
42120
42129
42132
42136
42144
42147
42148
42150
42156
42172
42176
42180
42183
42184
42192
42201
42208
42210
42219
42237
42238
42244
42250
42255
42256
42275
42291
42292
42308
42309
42312
42316
42325
42336
42345
42350
42352
42356
42363
42364
42368
42372
42375
42376
42385
42392
42404
42416
42417
42419
42424
42425
42426
42435
42444
42452
42453
42462
42468
42475
42480
42489
42507
42512
42516
42520
42524
42528
42534
42536
42540
42543
42548
42552
42564
42572
42576
42580
42598
42612
42615
42616
42624
42630
42632
42636
42640
42644
42648
42651
42660
42669
42678
42679
42680
42687
42688
42692
42713
42714
42716
42725
42728
42732
42740
42741
42748
42750
42756
42757
42759
42772
42777
42784
42786
42795
42800
42804
42813
42824
42825
42828
42836
42848
42852
42858
42860
42864
42867
42872
42876
42884
42888
42896
42900
42904
42912
42920
42921
42924
42928
42930
42939
42957
42960
42964
42968
42972
42975
42984
42988
43002
43028
43044
43050
43061
43071
43074
43076
43080
43083
43084
43088
43095
43108
43110
43112
43116
43124
43128
43132
43137
43144
43146
43148
43152
43156
43168
43172
43180
43184
43192
43197
43200
43204
43212
43218
43224
43232
43240
43245
43252
43256
43260
43264
43268
43272
43284
43292
43296
43304
43308
43312
43317
43318
43325
43340
43344
43348
43353
43356
43364
43371
43378
43384
43388
43396
43400
43404
43428
43432
43436
43439
43440
43443
43448
43452
43456
43468
43472
43475
43476
43479
43492
43496
43508
43512
43516
43528
43533
43536
43542
43548
43560
43561
43564
43568
43572
43578
43580
43587
43588
43592
43596
43602
43604
43608
43610
43614
43623
43624
43625
43639
43644
43648
43668
43676
43680
43706
43708
43748
43749
43750
43758
43767
43776
43780
43792
43794
43796
43802
43803
43808
43821
43839
43840
43852
43860
43868
43880
43892
43893
43907
43924
43932
43936
43944
43952
43956
43960
43974
43980
43984
43992
43996
44002
44008
44010
44019
44024
44036
44037
44042
44044
44048
44056
44060
44064
44073
44076
44082
44091
44118
44124
44132
44140
44149
44152
44156
44164
44165
44168
44180
44188
44192
44196
44198
44199
44204
44208
44216
44217
44224
44225
44226
44228
44235
44244
44250
44264
44268
44271
44272
44288
44292
44298
44304
44308
44334
44343
44345
44379
44384
44388
44397
44403
44412
44415
44416
44436
44440
44442
44443
44448
44450
44452
44460
44468
44472
44484
44487
44492
44496
44500
44504
44506
44508
44512
44514
44524
44528
44536
44540
44544
44550
44556
44564
44572
44575
44584
44586
44590
44596
44608
44616
44620
44622
44628
44632
44636
44639
44640
44644
44648
44649
44652
44656
44658
44675
44680
44684
44696
44703
44708
44712
44716
44720
44721
44724
44728
44730
44732
44757
44768
44788
44800
44808
44825
44829
44840
44848
44860
44864
44865
44868
44872
44874
44876
44880
44884
44888
44891
44900
44901
44904
44912
44920
44928
44940
44952
44956
44965
44973
45000
45009
45018
45024
45032
45044
45045
45050
45052
45060
45063
45080
45090
45096
45099
45100
45104
45108
45116
45120
45126
45129
45132
45135
45136
45148
45152
45167
45168
45172
45177
45192
45198
45200
45208
45220
45224
45225
45227
45232
45248
45250
45256
45260
45268
45270
45272
45275
45279
45280
45292
45300
45312
45324
45333
45342
45348
45351
45374
45376
45378
45380
45384
45387
45392
45420
45436
45440
45450
45492
45495
45496
45504
45512
45528
45531
45536
45548
45549
45550
45556
45558
45560
45564
45567
45570
45572
45575
45584
45585
45608
45616
45617
45621
45632
45639
45640
45652
45656
45657
45660
45664
45676
45684
45693
45700
45702
45708
45711
45720
45728
45729
45740
45744
45747
45760
45766
45788
45796
45799
45800
45804
45825
45836
45846
45847
45850
45856
45859
45864
45868
45880
45884
45888
45891
45892
45908
45909
45913
45920
45925
45932
45940
45945
45962
45972
45976
45984
45990
45992
45999
46004
46008
46012
46020
46024
46026
46036
46040
46050
46053
46064
46075
46076
46080
46084
46088
46089
46092
46101
46108
46112
46124
46134
46136
46140
46143
46150
46152
46156
46160
46161
46164
46168
46172
46175
46176
46188
46197
46212
46216
46220
46225
46233
46240
46242
46248
46252
46260
46264
46276
46287
46292
46300
46314
46320
46323
46340
46343
46344
46354
46356
46364
46368
46375
46376
46377
46384
46386
46392
46395
46412
46449
46450
46456
46472
46484
46485
46496
46503
46504
46512
46516
46521
46525
46529
46539
46540
46546
46548
46550
46557
46569
46575
46588
46599
46600
46602
46611
46612
46624
46628
46636
46640
46652
46660
46664
46665
46668
46672
46674
46696
46697
46701
46704
46708
46744
46746
46752
46755
46760
46776
46780
46782
46784
46795
46800
46804
46812
46813
46824
46827
46832
46845
46850
46854
46863
46875
46880
46881
46888
46899
46900
46912
46916
46925
46928
46942
46950
46952
46971
46975
46982
46984
46988
46991
46998
47000
47007
47012
47016
47024
47025
47036
47043
47050
47056
47061
47070
47081
47089
47092
47096
47097
47107
47116
47120
47125
47128
47138
47140
47142
47144
47150
47151
47160
47168
47169
47175
47180
47187
47190
47204
47205
47212
47223
47232
47240
47277
47285
47291
47292
47295
47296
47308
47313
47316
47325
47344
47352
47356
47358
47367
47372
47375
47376
47392
47396
47400
47404
47412
47416
47420
47428
47444
47448
47450
47456
47460
47466
47472
47475
47480
47484
47488
47496
47502
47508
47511
47520
47529
47532
47544
47548
47550
47552
47553
47560
47564
47568
47572
47579
47583
47584
47588
47600
47608
47610
47625
47632
47637
47646
47648
47652
47656
47658
47677
47682
47688
47708
47727
47732
47744
47745
47750
47754
47760
47763
47764
47781
47788
47792
47795
47796
47800
47812
47816
47824
47828
47832
47835
47844
47850
47862
47864
47871
47873
47884
47896
47900
47904
47908
47916
47920
47924
47934
47937
47964
47968
47970
47971
47974
47976
47997
48004
48008
48020
48024
48036
48040
48044
48048
48051
48052
48064
48072
48076
48080
48092
48096
48104
48118
48123
48125
48128
48136
48141
48150
48156
48159
48160
48164
48165
48168
48180
48184
48195
48196
48216
48240
48248
48250
48252
48256
48260
48263
48267
48272
48276
48280
48284
48294
48296
48308
48312
48314
48316
48320
48324
48328
48330
48334
48339
48357
48366
48368
48375
48376
48380
48384
48387
48388
48402
48408
48411
48424
48429
48432
48438
48440
48448
48450
48452
48456
48460
48461
48472
48474
48475
48476
48492
48496
48500
48501
48503
48504
48508
48512
48520
48521
48524
48532
48537
48548
48564
48568
48575
48576
48582
48588
48591
48604
48609
48612
48618
48625
48627
48632
48640
48645
48650
48652
48654
48660
48664
48672
48676
48684
48690
48696
48717
48720
48734
48735
48748
48768
48776
48778
48784
48789
48798
48804
48807
48808
48820
48828
48832
48834
48840
48844
48852
48864
48872
48879
48888
48897
48902
48908
48912
48915
48916
48928
48932
48936
48940
48951
48964
48972
48976
48978
48980
48988
48992
49005
49012
49014
49016
49023
49024
49044
49048
49049
49052
49059
49060
49064
49076
49077
49080
49088
49092
49095
49096
49104
49124
49131
49140
49144
49152
49156
49158
49167
49172
49179
49180
49188
49192
49197
49200
49212
49221
49228
49244
49245
49248
49252
49266
49268
49272
49284
49294
49300
49302
49320
49328
49329
49332
49336
49338
49340
49343
49344
49348
49360
49364
49372
49374
49379
49380
49388
49400
49412
49416
49419
49424
49436
49440
49441
49446
49452
49457
49460
49464
49468
49473
49475
49480
49484
49490
49491
49496
49500
49516
49517
49528
49532
49539
49545
49548
49550
49552
49554
49556
49560
49584
49596
49600
49608
49620
49632
49640
49660
49662
49664
49675
49688
49696
49707
49716
49725
49726
49731
49732
49734
49735
49736
49744
49750
49756
49760
49761
49772
49776
49784
49788
49796
49797
49808
49818
49820
49824
49825
49836
49840
49844
49855
49856
49884
49888
49896
49908
49916
49925
49931
49932
49941
49944
49959
49964
49976
49977
49980
49984
49988
49997
50012
50013
50020
50022
50025
50031
50036
50048
50050
50060
50067
50068
50104
50108
50124
50125
50127
50132
50136
50144
50148
50152
50156
50157
50164
50166
50172
50176
50179
50180
50200
50204
50212
50216
50220
50228
50238
50244
50256
50272
50274
50275
50286
50292
50296
50301
50304
50319
50320
50323
50332
50336
50337
50340
50344
50346
50350
50356
50362
50376
50382
50400
50404
50408
50409
50428
50432
50440
50448
50452
50460
50476
50480
50488
50490
50492
50508
50512
50519
50525
50540
50550
50564
50568
50576
50580
50589
50598
50607
50612
50616
50617
50625
50628
50632
50634
50652
50664
50666
50672
50675
50676
50699
50706
50725
50733
50742
50744
50748
50751
50764
50768
50769
50772
50775
50787
50800
50808
50812
50813
50816
50820
50824
50828
50852
50860
50862
50868
50872
50875
50880
50886
50892
50895
50896
50900
50911
50920
50924
50928
50931
50940
50944
50950
50967
50975
50984
50985
50988
50992
51000
51003
51004
51008
51020
51030
51032
51036
51038
51039
51040
51052
51072
51084
51088
51107
51108
51111
51116
51120
51124
51125
51128
51138
51147
51148
51156
51164
51165
51168
51176
51180
51192
51207
51216
51240
51246
51248
51252
51256
51260
51268
51272
51280
51282
51284
51288
51292
51296
51308
51312
51313
51316
51320
51324
51328
51332
51336
51344
51345
51352
51360
51364
51375
51376
51392
51396
51399
51401
51404
51412
51425
51432
51440
51442
51448
51462
51464
51468
51472
51476
51480
51484
51488
51489
51498
51499
51500
51504
51507
51516
51520
51524
51525
51528
51532
51540
51543
51546
51552
51560
51570
51576
51584
51588
51604
51606
51608
51612
51615
51624
51625
51640
51642
51650
51656
51660
51667
51669
51672
51678
51695
51696
51704
51714
51716
51720
51723
51724
51732
51736
51740
51764
51768
51776
51788
51795
51804
51812
51828
51831
51832
51844
51852
51867
51868
51872
51876
51885
51891
51903
51904
51912
51916
51924
51925
51930
51952
51956
51964
51966
51988
51992
52000
52004
52011
52012
52022
52029
52044
52047
52050
52065
52068
52074
52076
52080
52083
52087
52096
52100
52108
52112
52120
52128
52137
52146
52148
52150
52160
52168
52172
52176
52182
52184
52188
52192
52196
52209
52221
52227
52234
52245
52252
52254
52256
52260
52263
52275
52284
52290
52296
52299
52304
52308
52309
52324
52325
52328
52332
52335
52336
52340
52344
52352
52356
52360
52364
52371
52384
52393
52396
52398
52407
52412
52420
52424
52425
52428
52432
52434
52440
52441
52452
52456
52460
52461
52468
52480
52488
52492
52497
52500
52504
52512
52520
52524
52525
52536
52550
52551
52559
52560
52564
52572
52576
52577
52578
52598
52604
52612
52614
52616
52623
52626
52628
52632
52640
52641
52644
52650
52656
52659
52660
52672
52675
52677
52680
52686
52692
52708
52712
52713
52716
52722
52724
52725
52728
52731
52740
52744
52748
52758
52767
52772
52773
52775
52794
52796
52808
52812
52816
52820
52821
52825
52828
52830
52840
52848
52850
52852
52855
52856
52860
52864
52866
52868
52871
52875
52877
52880
52884
52888
52900
52902
52904
52924
52925
52929
52932
52936
52938
52950
52960
52965
52968
52980
52992
52996
53008
53018
53024
53040
53055
53056
53067
53072
53073
53075
53082
53084
53091
53092
53108
53109
53112
53119
53124
53125
53127
53138
53150
53168
53172
53184
53196
53199
53208
53216
53217
53225
53235
53240
53253
53256
53275
53288
53289
53292
53300
53332
53334
53336
53340
53343
53348
53356
53370
53371
53375
53376
53396
53400
53408
53410
53415
53416
53420
53424
53425
53429
53432
53433
53436
53444
53448
53450
53451
53459
53464
53465
53475
53476
53482
53488
53496
53508
53524
53528
53557
53559
53568
53575
53577
53580
53588
53596
53600
53603
53608
53616
53636
53640
53644
53656
53675
53680
53685
53692
53694
53700
53703
53712
53716
53720
53721
53724
53728
53742
53744
53752
53757
53768
53772
53780
53784
53788
53789
53796
53802
53808
53820
53828
53832
53836
53844
53845
53872
53876
53880
53883
53892
53896
53900
53904
53908
53910
53916
53925
53932
53937
53944
53946
53950
53952
53955
53956
53960
53966
53975
53982
53998
54024
54025
54032
54043
54044
54052
54056
54068
54072
54075
54076
54080
54084
54087
54092
54099
54104
54117
54124
54125
54126
54128
54132
54135
54150
54152
54156
54168
54172
54184
54188
54189
54192
54198
54207
54208
54212
54220
54232
54236
54243
54244
54252
54256
54260
54276
54279
54280
54288
54300
54306
54312
54328
54333
54336
54342
54348
54356
54364
54372
54376
54380
54384
54387
54388
54392
54396
54405
54408
54412
54414
54416
54420
54440
54441
54448
54452
54460
54477
54486
54487
54488
54496
54500
54516
54532
54537
54540
54544
54548
54549
54552
54567
54572
54584
54585
54586
54594
54596
54603
54621
54625
54630
54632
54640
54652
54657
54665
54668
54672
54688
54693
54708
54712
54738
54752
54756
54768
54772
54774
54776
54777
54782
54784
54792
54808
54810
54816
54819
54820
54825
54832
54836
54840
54852
54855
54856
54860
54872
54875
54876
54892
54900
54909
54912
54934
54944
54950
54952
54963
54968
54975
54978
54984
54988
54992
54996
54999
55024
55027
55028
55056
55062
55071
55080
55084
55088
55094
55120
55124
55125
55128
55136
55140
55143
55144
55156
55176
55179
55188
55196
55197
55206
55215
55216
55220
55228
55248
55256
55260
55264
55276
55278
55296
55304
55305
55314
55321
55323
55350
55359
55364
55368
55375
55376
55386
55404
55413
55416
55419
55420
55431
55444
55447
55456
55458
55464
55467
55472
55480
55484
55492
55494
55500
55503
55508
55520
55524
55528
55532
55540
55545
55548
55550
55552
55556
55566
55568
55575
55576
55580
55584
55592
55593
55600
55601
55602
55611
55612
55615
55620
55624
55625
55640
55644
55648
55652
55656
55674
55688
55692
55700
55708
55710
55713
55716
55720
55728
55732
55736
55737
55762
55768
55780
55788
55791
55796
55800
55809
55816
55818
55824
55828
55845
55854
55880
55881
55884
55890
55896
55902
55904
55912
55924
55925
55928
55932
55936
55940
55950
55955
55956
55964
55976
55980
55988
55998
56000
56012
56023
56034
56040
56043
56056
56064
56066
56068
56075
56088
56092
56097
56104
56112
56116
56124
56140
56142
56144
56148
56151
56154
56156
56168
56172
56175
56178
56184
56187
56188
56200
56203
56204
56214
56224
56236
56241
56248
56250
56252
56256
56259
56264
56276
56280
56295
56300
56301
56304
56307
56316
56325
56332
56340
56352
56356
56358
56368
56372
56376
56385
56388
56392
56396
56399
56400
56408
56420
56421
56424
56428
56440
56456
56468
56475
56492
56496
56512
56516
56524
56525
56528
56550
56556
56560
56564
56576
56583
56601
56620
56624
56625
56646
56650
56655
56660
56668
56673
56680
56682
56684
56688
56693
56699
56700
56708
56720
56724
56725
56728
56742
56745
56748
56750
56756
56760
56763
56768
56775
56776
56781
56788
56796
56799
56800
56816
56820
56824
56826
56828
56835
56856
56871
56888
56896
56898
56912
56916
56925
56928
56933
56936
56940
56943
56960
56961
56968
56972
56979
56984
56987
56988
56996
56997
57000
57006
57015
57025
57028
57036
57042
57044
57048
57051
57052
57060
57064
57068
57076
57084
57087
57092
57100
57104
57112
57120
57123
57125
57134
57140
57144
57152
57154
57159
57168
57172
57175
57177
57180
57186
57220
57225
57233
57248
57249
57252
57256
57258
57260
57268
57276
57288
57291
57292
57308
57319
57321
57328
57336
57340
57344
57352
57356
57360
57366
57384
57396
57412
57416
57428
57432
57434
57440
57444
57447
57460
57464
57465
57472
57474
57480
57483
57496
57500
57501
57504
57528
57536
57537
57544
57548
57564
57568
57596
57600
57620
57627
57640
57645
57654
57656
57663
57668
57673
57681
57690
57692
57696
57699
57712
57720
57722
57724
57725
57736
57750
57753
57764
57772
57784
57788
57798
57804
57816
57825
57828
57836
57843
57850
57860
57864
57868
57876
57888
57896
57906
57916
57920
57948
57959
57967
57975
57976
57980
57992
58004
58005
58014
58024
58028
58032
58036
58040
58044
58052
58059
58060
58065
58072
58075
58084
58088
58095
58096
58100
58108
58120
58124
58140
58144
58158
58160
58163
58164
58175
58180
58184
58185
58188
58190
58192
58200
58203
58220
58221
58232
58236
58244
58248
58250
58257
58280
58284
58288
58292
58296
58302
58311
58316
58322
58329
58332
58336
58340
58344
58347
58348
58352
58357
58374
58378
58392
58420
58440
58448
58450
58474
58482
58488
58496
58504
58509
58512
58516
58520
58525
58527
58532
58550
58556
58560
58563
58568
58572
58590
58596
58599
58600
58616
58617
58620
58624
58625
58626
58628
58636
58643
58644
58660
58662
58672
58685
58692
58704
58716
58719
58720
58725
58732
58740
58744
58751
58760
58764
58779
58784
58796
58800
58804
58806
58812
58816
58820
58833
58848
58851
58856
58860
58864
58880
58884
58887
58896
58900
58908
58916
58920
58928
58932
58936
58941
58944
58950
58959
58968
58975
58976
58986
58988
58995
59004
59013
59016
59020
59022
59031
59044
59056
59058
59060
59080
59084
59088
59092
59096
59100
59103
59104
59120
59121
59124
59132
59136
59139
59144
59148
59160
59177
59180
59184
59188
59192
59193
59196
59200
59204
59225
59228
59240
59244
59245
59252
59256
59260
59264
59265
59272
59274
59275
59283
59284
59288
59290
59304
59308
59324
59340
59364
59373
59376
59382
59384
59388
59391
59392
59396
59408
59412
59418
59425
59432
59436
59440
59444
59463
59468
59475
59476
59484
59486
59496
59499
59500
59504
59508
59512
59520
59524
59525
59526
59528
59535
59536
59540
59544
59548
59550
59553
59560
59564
59568
59575
59589
59596
59598
59608
59625
59633
59634
59650
59653
59656
59660
59672
59680
59682
59684
59692
59696
59697
59704
59716
59728
59731
59733
59744
59748
59752
59760
59775
59778
59780
59788
59814
59823
59828
59829
59841
59848
59859
59872
59875
59876
59878
59888
59896
59900
59916
59924
59926
59936
59940
59948
59956
59958
59964
59967
59976
59992
59995
60000
60003
60004
60012
60016
60020
60025
60030
60036
60039
60040
60050
60066
60072
60074
60084
60088
60096
60100
60108
60120
60123
60124
60125
60129
60138
60140
60150
60152
60172
60175
60180
60183
60188
60201
60208
60212
60216
60225
60228
60236
60237
60240
60248
60250
60255
60256
60258
60270
60272
60282
60288
60300
60304
60318
60319
60320
60328
60333
60344
60348
60352
60360
60363
60364
60376
60380
60388
60390
60392
60400
60412
60417
60426
60432
60436
60448
60452
60456
60462
60466
60468
60471
60472
60480
60488
60500
60508
60516
60525
60528
60534
60550
60556
60561
60564
60580
60584
60588
60592
60597
60600
60606
60613
60616
60620
60624
60656
60662
60669
60671
60672
60680
60684
60687
60692
60696
60708
60711
60716
60720
60736
60740
60742
60748
60750
60752
60756
60759
60768
60777
60784
60788
60796
60804
60809
60812
60816
60820
60822
60825
60831
60832
60835
60840
60844
60848
60852
60856
60863
60867
60875
60876
60885
60888
60892
60900
60903
60904
60907
60908
60912
60916
60921
60925
60928
60930
60939
60944
60950
60968
60972
60976
60979
60984
60988
60992
61000
61002
61004
61009
61012
61016
61028
61029
61047
61052
61054
61056
61060
61065
61072
61080
61088
61096
61100
61101
61124
61125
61128
61136
61137
61146
61168
61172
61180
61188
61192
61200
61201
61216
61218
61226
61227
61232
61236
61248
61250
61263
61268
61276
61280
61284
61288
61292
61296
61299
61300
61304
61317
61320
61324
61325
61335
61336
61340
61352
61364
61368
61372
61389
61396
61397
61398
61400
61408
61420
61424
61425
61432
61440
61468
61472
61475
61476
61479
61480
61484
61488
61492
61495
61496
61497
61512
61515
61520
61528
61544
61548
61551
61552
61557
61569
61580
61584
61587
61588
61604
61612
61616
61623
61624
61625
61628
61640
61641
61644
61650
61652
61656
61659
61664
61675
61680
61684
61685
61688
61691
61695
61708
61712
61716
61722
61725
61728
61732
61748
61750
61756
61760
61764
61780
61796
61800
61804
61825
61830
61832
61838
61839
61848
61850
61852
61854
61857
61860
61887
61892
61908
61912
61920
61925
61928
61940
61944
61947
61952
61972
61976
61980
61983
61984
61985
61988
62000
62012
62016
62019
62023
62025
62050
62052
62068
62076
62082
62091
62100
62104
62109
62112
62116
62124
62128
62145
62150
62160
62163
62164
62168
62176
62180
62194
62199
62208
62212
62216
62217
62224
62226
62230
62232
62235
62250
62252
62253
62264
62275
62280
62292
62296
62304
62316
62325
62332
62334
62336
62344
62350
62360
62368
62372
62375
62377
62396
62397
62426
62440
62442
62450
62452
62464
62468
62469
62475
62480
62484
62514
62516
62524
62525
62528
62532
62544
62559
62560
62564
62568
62572
62575
62576
62577
62608
62613
62620
62625
62636
62644
62656
62658
62664
62667
62671
62678
62685
62688
62694
62704
62708
62712
62720
62725
62730
62732
62739
62740
62748
62752
62756
62772
62775
62784
62793
62799
62802
62812
62814
62824
62825
62829
62840
62844
62847
62848
62852
62856
62865
62867
62868
62876
62880
62888
62892
62910
62919
62920
62928
62932
62937
62940
62946
62956
62964
62965
62972
62973
62976
62988
62992
63001
63004
63008
63009
63012
63014
63016
63018
63032
63037
63040
63050
63052
63056
63060
63063
63076
63080
63081
63084
63088
63099
63108
63120
63124
63126
63128
63132
63135
63136
63144
63148
63150
63162
63188
63196
63200
63204
63207
63208
63212
63216
63224
63232
63236
63243
63244
63252
63256
63257
63259
63260
63261
63268
63272
63275
63283
63284
63288
63304
63306
63312
63336
63342
63351
63368
63369
63376
63388
63392
63400
63405
63406
63420
63428
63444
63448
63450
63452
63456
63459
63464
63472
63484
63486
63516
63524
63536
63544
63549
63552
63553
63556
63558
63560
63564
63585
63594
63602
63604
63612
63620
63621
63624
63628
63630
63632
63636
63644
63650
63651
63652
63654
63657
63660
63668
63672
63676
63688
63713
63720
63729
63752
63756
63774
63775
63788
63798
63801
63804
63812
63825
63828
63832
63836
63845
63846
63855
63864
63868
63873
63882
63884
63897
63918
63924
63925
63936
63940
63948
63950
63952
63954
63960
63968
63981
63994
63996
64000
64004
64009
64026
64028
64032
64040
64050
64051
64056
64071
64072
64075
64080
64082
64089
64096
64104
64112
64132
64140
64143
64150
64152
64164
64168
64172
64175
64176
64184
64216
64220
64225
64239
64244
64252
64258
64268
64269
64272
64276
64288
64292
64296
64305
64320
64323
64341
64344
64350
64352
64380
64384
64395
64400
64412
64413
64420
64425
64428
64435
64447
64460
64485
64488
64492
64500
64520
64521
64524
64525
64532
64548
64550
64560
64564
64566
64580
64584
64592
64614
64619
64632
64656
64668
64672
64674
64676
64696
64704
64708
64710
64715
64719
64720
64724
64725
64727
64737
64744
64748
64755
64756
64764
64768
64772
64773
64775
64776
64778
64791
64800
64804
64808
64809
64818
64820
64825
64836
64852
64863
64868
64875
64888
64890
64892
64900
64904
64908
64917
64926
64928
64935
64936
64956
64972
64977
64980
64984
64988
64989
64998
65004
65007
65008
65020
65024
65032
65043
65050
65052
65061
65065
65067
65070
65080
65084
65108
65120
65128
65132
65136
65140
65144
65148
65150
65151
65160
65170
65172
65176
65187
65188
65192
65205
65214
65216
65220
65228
65232
65241
65248
65250
65272
65276
65277
65288
65292
65296
65322
65324
65325
65340
65344
65348
65358
65366
65375
65392
65403
65404
65412
65421
65436
65439
65440
65444
65448
65452
65456
65457
65460
65461
65464
65466
65472
65475
65484
65488
65492
65493
65504
65508
65516
65528
65532
65533
65536
65540
65550
65552
65560
65562
65576
65582
65596
65604
65610
65620
65628
65637
65644
65646
65650
65660
65664
65668
65675
65680
65682
65684
65691
65708
65712
65718
65725
65727
65728
65741
65752
65756
65758
65760
65764
65772
65790
65796
65807
65812
65817
65824
65825
65828
65848
65850
65856
65862
65863
65871
65888
65889
65892
65896
65898
65908
65910
65912
65916
65920
65928
65934
65940
65944
65945
65948
65952
65956
65960
65964
65970
65972
65980
65984
65992
65997
66004
66012
66016
66020
66025
66033
66042
66044
66052
66060
66064
66066
66068
66080
66084
66088
66092
66100
66101
66104
66105
66116
66120
66124
66132
66141
66144
66159
66164
66168
66177
66180
66181
66186
66187
66204
66225
66228
66231
66240
66244
66249
66252
66258
66264
66268
66284
66292
66294
66304
66309
66316
66324
66325
66328
66330
66332
66336
66339
66346
66348
66360
66368
66375
66388
66395
66408
66416
66424
66436
66444
66447
66450
66452
66464
66465
66470
66472
66474
66480
66484
66492
66496
66508
66519
66536
66544
66548
66552
66560
66564
66568
66572
66573
66580
66592
66600
66604
66608
66612
66620
66624
66628
66644
66654
66660
66672
66680
66692
66700
66716
66726
66738
66748
66750
66760
66762
66764
66768
66771
66775
66788
66798
66816
66836
66844
66860
66861
66870
66872
66879
66880
66888
66896
66900
66904
66906
66924
66932
66933
66934
66951
66975
66983
66992
66996
67012
67014
67016
67024
67032
67034
67036
67056
67060
67064
67080
67088
67092
67093
67096
67100
67104
67116
67132
67140
67146
67148
67149
67150
67152
67164
67172
67175
67176
67184
67185
67192
67204
67212
67224
67228
67232
67236
67252
67266
67276
67280
67292
67308
67312
67329
67337
67338
67340
67350
67360
67374
67383
67392
67396
67404
67408
67424
67425
67428
67432
67436
67437
67444
67460
67480
67482
67484
67488
67496
67509
67516
67518
67527
67532
67545
67576
67580
67584
67588
67592
67608
67616
67617
67620
67632
67635
67636
67640
67648
67653
67656
67664
67671
67680
67692
67700
67725
67736
67740
67743
67744
67750
67760
67761
67764
67767
67780
67784
67808
67828
67833
67842
67844
67856
67869
67876
67881
67887
67892
67900
67904
67914
67924
67925
67932
67938
67944
67952
67959
67964
67968
67975
67984
67995
67996
68000
68002
68020
68024
68025
68028
68032
68036
68050
68052
68058
68060
68067
68068
68072
68075
68076
68085
68088
68092
68094
68108
68112
68121
68123
68125
68128
68130
68136
68140
68144
68156
68159
68160
68164
68168
68172
68176
68184
68192
68196
68200
68204
68216
68220
68225
68229
68231
68240
68244
68247
68252
68274
68275
68276
68284
68288
68308
68310
68312
68316
68319
68320
68325
68328
68337
68348
68352
68355
68360
68375
68388
68392
68408
68409
68412
68413
68418
68425
68427
68428
68444
68445
68448
68454
68456
68460
68463
68464
68468
68472
68476
68481
68484
68488
68504
68516
68517
68525
68526
68535
68540
68548
68550
68553
68560
68575
68596
68604
68607
68620
68624
68636
68640
68643
68650
68651
68652
68672
68675
68679
68680
68684
68688
68696
68698
68704
68712
68720
68724
68736
68747
68750
68751
68752
68756
68768
68769
68776
68782
68784
68788
68800
68804
68805
68812
68823
68824
68832
68845
68848
68850
68856
68859
68860
68864
68868
68875
68876
68890
68892
68900
68904
68908
68921
68922
68932
68936
68943
68944
68951
68958
68960
68964
68968
68972
68975
68984
68992
68994
69003
69004
69008
69012
69016
69025
69030
69032
69040
69056
69064
69066
69068
69071
69076
69080
69102
69104
69111
69120
69124
69125
69128
69129
69136
69140
69144
69147
69148
69152
69156
69168
69172
69174
69180
69196
69201
69204
69232
69240
69246
69248
69252
69255
69268
69272
69273
69275
69284
69288
69296
69304
69309
69316
69320
69324
69325
69327
69332
69333
69340
69344
69348
69360
69368
69375
69376
69380
69384
69392
69396
69399
69400
69412
69416
69417
69425
69428
69432
69433
69435
69450
69456
69462
69464
69471
69482
69484
69488
69496
69507
69508
69524
69534
69536
69543
69548
69564
69568
69570
69575
69576
69579
69580
69592
69596
69597
69600
69604
69606
69615
69628
69644
69648
69650
69652
69664
69669
69687
69696
69708
69712
69716
69720
69723
69724
69725
69727
69736
69748
69750
69752
69756
69759
69760
69772
69775
69777
69780
69784
69788
69796
69797
69800
69803
69804
69812
69817
69819
69828
69831
69848
69850
69856
69864
69867
69875
69876
69894
69896
69903
69904
69912
69920
69932
69936
69940
69948
69952
69972
69976
69984
69993
70008
70011
70016
70021
70024
70032
70036
70040
70056
70059
70074
70075
70084
70088
70101
70104
70110
70116
70120
70124
70128
70135
70144
70146
70153
70155
70156
70168
70175
70188
70191
70200
70204
70208
70212
70218
70225
70244
70254
70262
70263
70266
70272
70275
70276
70280
70284
70288
70290
70299
70316
70317
70320
70332
70335
70336
70340
70348
70352
70360
70362
70371
70372
70388
70392
70408
70412
70413
70422
70428
70434
70448
70461
70462
70468
70470
70472
70473
70476
70479
70484
70497
70504
70506
70511
70512
70540
70544
70548
70556
70564
70569
70572
70574
70575
70576
70580
70587
70592
70596
70602
70608
70616
70632
70642
70644
70648
70652
70658
70660
70677
70684
70686
70688
70692
70696
70700
70704
70707
70720
70725
70731
70732
70736
70740
70752
70758
70772
70775
70780
70784
70792
70794
70805
70812
70821
70828
70839
70840
70844
70850
70852
70856
70860
70864
70868
70884
70886
70888
70892
70908
70928
70932
70938
70944
70947
70956
70960
70964
70968
70974
70975
70976
70980
70983
70996
71001
71008
71010
71016
71019
71020
71025
71027
71036
71040
71044
71046
71068
71072
71080
71084
71091
71112
71116
71117
71125
71127
71132
71136
71144
71149
71160
71184
71204
71212
71217
71220
71224
71232
71252
71253
71264
71275
71276
71286
71292
71296
71298
71308
71316
71318
71320
71332
71336
71344
71356
71361
71372
71376
71390
71396
71404
71408
71412
71420
71444
71450
71451
71452
71460
71464
71475
71476
71478
71484
71488
71492
71496
71500
71504
71505
71508
71511
71516
71536
71541
71568
71575
71577
71580
71584
71586
71589
71595
71600
71604
71608
71613
71620
71622
71625
71640
71644
71648
71649
71658
71667
71675
71685
71687
71688
71694
71703
71708
71730
71732
71740
71748
71750
71753
71757
71764
71766
71775
71776
71785
71788
71792
71793
71796
71802
71811
71820
71824
71825
71834
71836
71838
71844
71848
71856
71864
71865
71874
71880
71884
71892
71900
71901
71904
71912
71924
71925
71932
71940
71948
71952
71956
71968
71972
71981
71984
71995
71996
72000
72004
72008
72012
72016
72020
72024
72027
72040
72045
72048
72052
72054
72060
72068
72081
72084
72090
72092
72104
72111
72116
72120
72132
72136
72140
72152
72160
72162
72163
72168
72172
72177
72184
72189
72198
72207
72216
72220
72232
72236
72244
72252
72256
72264
72270
72275
72279
72283
72284
72288
72297
72304
72306
72308
72315
72320
72325
72328
72333
72344
72352
72356
72360
72368
72376
72378
72384
72387
72392
72400
72404
72408
72412
72422
72424
72432
72436
72441
72450
72456
72459
72460
72464
72468
72472
72473
72492
72495
72496
72500
72512
72516
72522
72525
72528
72531
72532
72549
72557
72560
72561
72585
72588
72596
72600
72603
72604
72612
72618
72624
72625
72636
72640
72644
72650
72652
72656
72667
72670
72675
72676
72692
72696
72700
72708
72725
72728
72729
72744
72748
72750
72756
72765
72768
72775
72780
72808
72824
72825
72832
72840
72842
72846
72863
72864
72888
72904
72909
72922
72927
72932
72936
72954
72956
72960
72961
72962
72963
72964
72968
72980
72981
72988
73004
73010
73017
73025
73026
73032
73035
73048
73056
73062
73068
73071
73072
73075
73076
73084
73088
73104
73116
73117
73124
73128
73150
73157
73167
73170
73179
73184
73205
73206
73212
73225
73228
73240
73248
73250
73251
73252
73269
73272
73283
73284
73292
73296
73314
73316
73323
73332
73336
73340
73341
73346
73353
73356
73372
73388
73395
73396
73400
73402
73416
73436
73444
73447
73456
73458
73460
73475
73476
73480
73492
73520
73521
73531
73540
73564
73566
73568
73576
73592
73596
73608
73611
73616
73629
73638
73640
73644
73647
73648
73650
73652
73660
73672
73674
73684
73689
73692
73695
73700
73701
73710
73719
73740
73745
73750
73756
73772
73773
73780
73788
73792
73804
73820
73825
73836
73844
73845
73848
73854
73872
73876
73888
73896
73916
73920
73924
73925
73932
73935
73947
73950
73952
73956
73960
73964
73975
73976
73980
73984
73996
73997
73998
74020
74022
74036
74039
74040
74043
74048
74061
74068
74070
74075
74080
74096
74100
74104
74108
74116
74128
74136
74137
74144
74151
74152
74160
74164
74168
74169
74172
74175
74180
74184
74192
74204
74205
74208
74220
74235
74241
74244
74248
74250
74259
74272
74275
74276
74277
74284
74294
74296
74300
74312
74313
74322
74328
74332
74333
74336
74349
74352
74358
74366
74367
74372
74375
74380
74382
74384
74392
74396
74412
74415
74416
74420
74440
74452
74456
74475
74476
74488
74492
74493
74496
74500
74502
74511
74516
74528
74529
74532
74538
74544
74548
74564
74565
74572
74575
74578
74583
74584
74588
74596
74601
74610
74616
74619
74620
74624
74627
74628
74632
74636
74648
74650
74652
74655
74660
74668
74672
74676
74696
74718
74728
74736
74744
74748
74750
74752
74760
74764
74768
74781
74784
74792
74800
74812
74817
74824
74826
74840
74844
74848
74850
74853
74862
74867
74868
74875
74889
74904
74912
74921
74928
74936
74940
74943
74948
74960
74964
74968
74975
74979
74980
74984
74992
75000
75004
75008
75012
75016
75019
75028
75036
75040
75042
75056
75068
75084
75087
75088
75092
75116
75118
75123
75124
75125
75128
75132
75136
75140
75144
75156
75176
75184
75186
75200
75213
75216
75222
75224
75225
75228
75232
75236
75258
75262
75280
75284
75295
75296
75304
75308
75324
75328
75350
75352
75362
75364
75366
75374
75376
75393
75396
75404
75411
75416
75420
75444
75447
75448
75449
75450
75452
75460
75468
75472
75474
75475
75483
75484
75488
75500
75508
75512
75516
75525
75540
75543
75548
75550
75556
75560
75564
75572
75575
75582
75591
75596
75608
75612
75616
75624
75656
75681
75684
75688
75696
75699
75712
75725
75735
75736
75756
75760
75764
75771
75775
75780
75788
75789
75792
75804
75807
75808
75810
75828
75832
75836
75840
75843
75850
75852
75856
75868
75875
75879
75884
75904
75912
75916
75928
75936
75956
75969
75972
75975
75978
75987
75988
76000
76012
76023
76024
76025
76032
76036
76041
76052
76059
76060
76064
76072
76076
76092
76095
76096
76097
76109
76112
76120
76124
76136
76144
76148
76149
76158
76167
76171
76172
76180
76188
76194
76200
76203
76208
76212
76216
76219
76220
76221
76224
76228
76232
76236
76239
76244
76257
76275
76276
76284
76288
76296
76300
76304
76311
76313
76316
76320
76328
76329
76332
76336
76344
76347
76348
76352
76356
76372
76391
76410
76412
76416
76437
76444
76446
76450
76455
76456
76472
76473
76476
76484
76489
76491
76492
76525
76528
76536
76545
76548
76554
76557
76575
76576
76581
76582
76585
76588
76592
76617
76620
76632
76635
76636
76640
76644
76650
76652
76653
76656
76668
76671
76672
76676
76680
76684
76696
76698
76705
76707
76708
76714
76728
76734
76736
76740
76748
76760
76779
76783
76792
76797
76804
76806
76824
76832
76840
76844
76852
76860
76868
76869
76872
76876
76880
76881
76892
76893
76895
76905
76916
76923
76928
76930
76936
76940
76944
76948
76952
76972
76977
76986
77000
77008
77012
77013
77020
77024
77031
77044
77048
77052
77058
77060
77067
77088
77100
77103
77108
77112
77116
77121
77124
77128
77136
77139
77140
77144
77152
77157
77164
77166
77168
77192
77193
77204
77212
77224
77236
77240
77244
77254
77256
77264
77272
77276
77284
77288
77312
77319
77325
77355
77360
77364
77373
77376
77380
77391
77400
77402
77424
77425
77427
77440
77444
77450
77454
77456
77468
77469
77472
77484
77492
77508
77516
77517
77525
77528
77535
77544
77550
77560
77562
77567
77568
77572
77576
77584
77588
77596
77604
77607
77612
77615
77616
77624
77628
77634
77640
77658
77660
77664
77665
77668
77679
77682
77684
77692
77706
77712
77716
77720
77724
77728
77732
77733
77748
77750
77751
77752
77769
77772
77775
77780
77814
77816
77825
77836
77840
77852
77868
77876
77877
77880
77884
77900
77904
77908
77909
77910
77912
77913
77922
77925
77940
77950
77952
77956
77958
77968
77975
77976
77985
77996
78004
78008
78012
78020
78024
78030
78033
78048
78056
78057
78064
78068
78076
78084
78093
78100
78112
78125
78138
78144
78147
78148
78152
78168
78174
78176
78183
78213
78224
78225
78240
78246
78247
78248
78250
78252
78255
78264
78275
78280
78282
78288
78296
78300
78302
78304
78309
78312
78318
78328
78332
78336
78337
78350
78351
78354
78356
78363
78372
78390
78399
78404
78417
78424
78425
78426
78432
78440
78444
78449
78452
78475
78476
78484
78489
78496
78500
78524
78525
78529
78532
78536
78547
78548
78552
78560
78588
78592
78597
78608
78612
78620
78632
78633
78636
78640
78645
78650
78664
78672
78675
78680
78688
78708
78712
78732
78740
78750
78776
78780
78784
78786
78804
78808
78812
78816
78820
78822
78824
78831
78840
78841
78850
78868
78872
78880
78885
78908
78912
78916
78920
78924
78925
78928
78930
78932
78936
78940
78948
78950
78952
78957
78966
78972
78975
78988
78992
79002
79004
79007
79008
79011
79012
79024
79032
79036
79040
79044
79048
79050
79056
79064
79068
79072
79075
79076
79083
79084
79088
79092
79096
79100
79104
79108
79119
79120
79124
79125
79135
79136
79148
79152
79155
79160
79164
79168
79175
79182
79184
79191
79192
79202
79216
79224
79227
79236
79240
79245
79252
79254
79261
79263
79272
79280
79281
79282
79299
79304
79312
79324
79325
79326
79331
79332
79335
79344
79353
79356
79372
79376
79380
79388
79392
79396
79400
79402
79404
79416
79429
79432
79440
79444
79450
79452
79456
79460
79461
79464
79468
79472
79475
79476
79479
79480
79500
79508
79515
79524
79542
79551
79560
79569
79576
79580
79588
79592
79596
79600
79604
79605
79612
79616
79618
79620
79628
79632
79652
79656
79659
79675
79676
79677
79688
79692
79695
79704
79712
79713
79720
79722
79723
79724
79725
79731
79736
79739
79758
79760
79764
79768
79772
79775
79776
79785
79788
79792
79800
79832
79836
79839
79840
79844
79848
79850
79870
79872
79880
79888
79896
79904
79916
79919
79924
79925
79929
79937
79944
79947
79964
79972
79974
79975
79976
79984
79988
80004
80017
80019
80040
80046
80052
80053
80060
80063
80064
80075
80080
80082
80084
80088
80091
80106
80109
80116
80118
80124
80132
80136
80156
80163
80176
80190
80199
80212
80213
80217
80220
80232
80252
80256
80264
80271
80272
80275
80276
80280
80296
80300
80308
80312
80316
80324
80328
80336
80340
80342
80343
80344
80350
80352
80356
80372
80376
80392
80396
80406
80416
80424
80425
80432
80448
80451
80452
80456
80458
80460
80465
80469
80476
80480
80484
80505
80507
80508
80520
80523
80541
80550
80552
80556
80560
80564
80575
80576
80577
80588
80592
80595
80596
80608
80612
80613
80620
80632
80636
80640
80644
80649
80650
80652
80675
80685
80688
80694
80700
80707
80708
80716
80732
80744
80748
80766
80768
80771
80772
80776
80780
80782
80793
80802
80804
80808
80811
80828
80832
80840
80847
80848
80852
80865
80868
80872
80874
80880
80888
80892
80899
80900
80916
80936
80937
80940
80951
80955
80964
80975
80980
80996
81004
81009
81025
81027
81036
81044
81046
81050
81054
81068
81072
81076
81081
81096
81104
81112
81117
81124
81128
81135
81136
81152
81176
81191
81192
81193
81204
81207
81220
81224
81225
81228
81236
81240
81244
81248
81250
81260
81270
81272
81291
81304
81320
81328
81336
81340
81342
81344
81348
81351
81356
81360
81364
81369
81375
81384
81389
81392
81400
81405
81412
81414
81425
81432
81436
81444
81448
81450
81452
81460
81464
81466
81468
81480
81487
81488
81492
81496
81500
81504
81512
81516
81528
81532
81540
81549
81556
81575
81576
81584
81585
81588
81600
81603
81634
81650
81664
81680
81692
81693
81704
81728
81736
81744
81747
81750
81756
81765
81768
81774
81780
81784
81801
81804
81816
81832
81844
81846
81850
81860
81872
81873
81875
81900
81904
81920
81924
81932
81940
81944
81945
81954
81963
81964
81965
81975
81976
81984
81995
81999
82012
82017
82024
82028
82036
82050
82052
82068
82072
82080
82092
82104
82116
82124
82140
82143
82144
82152
82156
82172
82176
82179
82206
82212
82215
82216
82225
82240
82248
82251
82256
82268
82275
82292
82296
82305
82308
82312
82314
82328
82336
82341
82348
82352
82356
82360
82364
82365
82369
82386
82395
82396
82401
82416
82422
82424
82431
82444
82456
82464
82467
82468
82472
82475
82480
82500
82508
82512
82521
82522
82525
82532
82539
82540
82550
82556
82572
82575
82576
82580
82588
82592
82602
82612
82614
82616
82624
82625
82632
82636
82638
82644
82648
82652
82654
82660
82668
82674
82683
82684
82696
82700
82716
82737
82748
82752
82756
82760
82764
82773
82775
82776
82788
82809
82818
82825
82844
82863
82872
82880
82890
82896
82899
82912
82926
82928
82943
82953
82964
82968
82975
82976
82979
83006
83008
83016
83025
83030
83032
83034
83040
83050
83055
83056
83061
83064
83068
83072
83075
83079
83080
83088
83096
83097
83104
83115
83148
83151
83152
83164
83168
83169
83176
83180
83188
83192
83200
83204
83205
83208
83223
83228
83236
83240
83248
83251
83260
83272
83276
83277
83286
83295
83312
83320
83322
83324
83331
83332
83348
83349
83360
83372
83380
83384
83388
83391
83392
83400
83412
83416
83420
83421
83424
83440
83464
83466
83468
83484
83488
83490
83509
83516
83520
83521
83525
83528
83529
83548
83552
83560
83568
83572
83580
83582
83583
83596
83600
83607
83608
83610
83612
83619
83637
83643
83648
83650
83652
83655
83672
83673
83680
83688
83691
83696
83700
83727
83728
83745
83748
83750
83752
83754
83756
83760
83764
83768
83772
83781
83788
83796
83804
83817
83820
83824
83828
83832
83836
83848
83850
83856
83868
83871
83875
83884
83888
83889
83900
83904
83908
83916
83936
83940
83944
83970
83984
83986
83992
83996
83997
84000
84004
84006
84012
84016
84024
84028
84035
84036
84040
84042
84044
84048
84051
84060
84069
84075
84076
84078
84084
84087
84096
84100
84108
84114
84128
84133
84136
84148
84150
84156
84160
84162
84172
84177
84182
84196
84208
84212
84225
84236
84250
84252
84260
84270
84272
84284
84285
84296
84300
84308
84320
84321
84324
84325
84336
84340
84344
84348
84350
84356
84357
84366
84375
84396
84400
84408
84411
84412
84425
84427
84429
84438
84440
84450
84458
84465
84468
84472
84488
84492
84501
84512
84519
84540
84544
84548
84550
84552
84573
84576
84582
84588
84591
84592
84596
84604
84609
84612
84616
84620
84623
84628
84632
84636
84640
84648
84650
84654
84656
84660
84663
84669
84672
84677
84680
84684
84696
84700
84712
84716
84721
84724
84726
84744
84750
84760
84762
84770
84771
84776
84796
84804
84807
84812
84816
84819
84821
84825
84838
84840
84843
84844
84861
84864
84875
84878
84880
84888
84892
84896
84897
84900
84904
84915
84920
84925
84932
84933
84940
84942
84950
84951
84956
84966
84969
84975
84984
84988
84992
84996
85004
85007
85014
85016
85025
85028
85040
85059
85060
85063
85068
85075
85077
85080
85084
85088
85096
85100
85120
85122
85124
85128
85132
85140
85144
85152
85156
85160
85167
85169
85175
85180
85184
85185
85188
85194
85196
85200
85203
85204
85216
85225
85236
85239
85240
85244
85252
85255
85264
85275
85276
85291
85302
85308
85316
85320
85325
85328
85329
85336
85348
85350
85358
85364
85365
85375
85376
85396
85408
85412
85420
85424
85425
85426
85428
85436
85437
85446
85450
85472
85480
85482
85484
85491
85505
85512
85516
85524
85527
85529
85536
85544
85545
85548
85552
85554
85556
85560
85575
85590
85600
85608
85616
85617
85626
85628
85632
85635
85640
85644
85652
85653
85664
85668
85671
85680
85689
85724
85734
85744
85750
85756
85760
85761
85764
85768
85772
85782
85788
85789
85808
85815
85820
85828
85840
85842
85848
85850
85851
85856
85868
85869
85872
85875
85876
85878
85892
85912
85916
85918
85924
85928
85944
85946
85968
85975
85976
85984
85986
85988
85992
85995
86008
86013
86020
86021
86022
86024
86031
86032
86040
86044
86064
86067
86068
86075
86076
86084
86096
86103
86112
86121
86150
86151
86156
86160
86164
86166
86168
86172
86175
86176
86180
86190
86200
86208
86225
86232
86240
86252
86256
86264
86265
86272
86274
86283
86289
86296
86301
86325
86328
86332
86350
86352
86355
86356
86360
86368
86373
86384
86388
86404
86411
86428
86440
86445
86454
86456
86460
86464
86468
86472
86475
86476
86496
86520
86525
86528
86534
86535
86540
86556
86560
86562
86568
86571
86572
86583
86584
86589
86592
86596
86598
86604
86607
86620
86623
86625
86632
86636
86652
86661
86664
86679
86680
86681
86688
86692
86697
86700
86706
86708
86715
86725
86740
86744
86748
86764
86772
86776
86779
86784
86796
86804
86805
86812
86824
86825
86836
86840
86848
86856
86859
86864
86872
86878
86884
86892
86895
86896
86913
86920
86922
86924
86928
86931
86936
86940
86950
86960
86964
86968
86975
86984
86985
86989
86992
86994
86999
87001
87012
87016
87021
87024
87025
87030
87039
87050
87052
87056
87073
87076
87088
87096
87108
87111
87129
87140
87160
87165
87175
87176
87183
87201
87204
87208
87228
87232
87237
87248
87250
87269
87272
87278
87282
87284
87300
87308
87312
87325
87327
87328
87336
87340
87344
87348
87352
87354
87360
87364
87373
87381
87388
87390
87400
87412
87417
87424
87428
87440
87444
87450
87452
87460
87464
87472
87475
87484
87488
87489
87492
87496
87498
87514
87516
87520
87525
87532
87548
87550
87560
87563
87564
87567
87570
87572
87580
87584
87597
87600
87608
87612
87632
87633
87640
87642
87652
87664
87672
87675
87680
87687
87688
87696
87700
87705
87710
87711
87712
87714
87720
87723
87725
87744
87752
87764
87777
87792
87804
87814
87820
87831
87836
87848
87850
87856
87858
87860
87867
87875
87884
87888
87894
87904
87906
87908
87924
87932
87944
87975
87976
87984
87988
87992
87993
88008
88011
88016
88024
88025
88029
88038
88040
88047
88052
88092
88096
88102
88104
88120
88124
88125
88132
88137
88140
88146
88148
88150
88156
88160
88168
88175
88188
88200
88208
88212
88218
88224
88228
88232
88240
88244
88248
88254
88256
88272
88281
88296
88298
88299
88308
88317
88324
88335
88336
88340
88347
88348
88350
88352
88353
88371
88372
88375
88380
88396
88398
88408
88416
88425
88432
88436
88440
88443
88445
88450
88451
88452
88456
88461
88464
88476
88479
88492
88494
88500
88506
88508
88512
88524
88525
88533
88540
88550
88556
88560
88572
88575
88580
88584
88587
88588
88596
88600
88605
88608
88614
88628
88632
88644
88652
88664
88668
88672
88676
88680
88688
88692
88695
88696
88700
88704
88712
88725
88739
88748
88749
88750
88760
88767
88768
88772
88776
88784
88785
88794
88803
88804
88806
88816
88821
88825
88830
88840
88844
88848
88852
88875
88884
88893
88894
88916
88924
88935
88936
88940
88947
88950
88956
88964
88968
88972
88974
88980
88983
88988
88992
89004
89010
89012
89019
89020
89024
89032
89040
89048
89052
89056
89060
89063
89064
89072
89075
89084
89093
89104
89108
89109
89125
89127
89136
89144
89145
89152
89154
89156
89164
89168
89172
89175
89180
89181
89184
89188
89190
89192
89199
89204
89212
89217
89225
89226
89232
89235
89240
89244
89253
89256
89260
89264
89268
89275
89276
89278
89280
89292
89298
89300
89301
89307
89308
89320
89325
89336
89340
89348
89356
89361
89364
89373
89379
89380
89383
89392
89396
89397
89401
89419
89424
89428
89433
89440
89450
89469
89474
89475
89484
89488
89496
89500
89528
89532
89540
89548
89552
89559
89575
89577
89580
89586
89590
89596
89600
89604
89608
89612
89621
89624
89625
89632
89640
89649
89650
89652
89658
89660
89661
89667
89668
89670
89685
89692
89694
89712
89716
89720
89724
89728
89730
89748
89752
89766
89772
89776
89787
89792
89796
89812
89816
89824
89825
89832
89836
89844
89847
89848
89850
89852
89864
89868
89874
89876
89880
89883
89900
89901
89903
89904
89912
89916
89920
89924
89925
89944
89948
89952
89955
89956
89960
89964
89968
89987
89988
89991
89996
90000
90004
90008
90009
90013
90018
90020
90024
90025
90028
90052
90064
90068
90081
90096
90099
90111
90112
90120
90125
90135
90136
90144
90145
90150
90156
90160
90168
90172
90180
90184
90188
90196
90198
90204
90212
90216
90220
90224
90232
90236
90240
90243
90246
90248
90250
90256
90258
90261
90268
90270
90272
90279
90292
90308
90312
90320
90324
90332
90334
90348
90351
90352
90354
90364
90372
90376
90378
90380
90387
90396
90404
90405
90415
90428
90441
90444
90448
90450
90454
90457
90468
90472
90475
90476
90480
90484
90486
90488
90504
90506
90516
90520
90522
90524
90525
90544
90548
90549
90550
90556
90558
90564
90576
90580
90593
90596
90600
90611
90621
90625
90630
90636
90640
90644
90660
90668
90676
90688
90692
90693
90696
90700
90708
90711
90724
90725
90728
90729
90732
90738
90744
90746
90748
90750
90756
90760
90765
90772
90774
90783
90788
90797
90800
90801
90804
90808
90810
90816
90819
90820
90824
90828
90840
90844
90850
90852
90855
90856
90860
90868
90873
90882
90908
90912
90916
90920
90922
90924
90927
90928
90932
90936
90948
90956
90960
90968
90972
90981
90996
91000
91004
91008
91012
91017
91025
91028
91050
91056
91068
91072
91075
91084
91088
91092
91108
91112
91113
91125
91134
91148
91150
91164
91184
91192
91196
91197
91200
91215
91220
91233
91238
91242
91248
91250
91264
91268
91269
91272
91275
91284
91287
91292
91295
91296
91304
91314
91316
91320
91324
91332
91333
91336
91348
91350
91356
91364
91375
91376
91392
91404
91432
91444
91448
91449
91450
91452
91458
91460
91468
91476
91484
91485
91500
91504
91516
91521
91524
91530
91532
91536
91539
91540
91548
91550
91560
91568
91575
91580
91581
91597
91604
91608
91616
91620
91628
91630
91632
91638
91644
91647
91656
91668
91674
91679
91704
91708
91710
91712
91719
91728
91732
91737
91744
91746
91748
91756
91780
91782
91791
91800
91809
91824
91825
91826
91828
91836
91839
91848
91854
91864
91868
91876
91881
91884
91892
91899
91908
91920
91924
91926
91932
91936
91950
91960
91962
91972
91984
91992
91996
91998
92000
92012
92020
92040
92050
92052
92055
92056
92060
92072
92075
92076
92084
92092
92096
92097
92100
92124
92125
92132
92150
92168
92175
92176
92178
92187
92191
92196
92200
92202
92216
92225
92232
92252
92256
92260
92267
92275
92276
92280
92286
92288
92295
92296
92300
92308
92313
92320
92323
92324
92325
92332
92336
92340
92348
92349
92350
92352
92358
92375
92380
92392
92394
92396
92400
92412
92414
92420
92421
92430
92443
92444
92448
92450
92456
92464
92466
92472
92475
92476
92480
92484
92492
92493
92496
92508
92529
92538
92544
92548
92550
92552
92561
92564
92568
92572
92575
92583
92588
92596
92600
92608
92610
92612
92616
92624
92625
92628
92632
92636
92644
92646
92648
92659
92664
92668
92672
92691
92696
92700
92704
92708
92709
92718
92720
92750
92752
92754
92760
92763
92768
92777
92778
92781
92784
92792
92796
92804
92806
92816
92820
92826
92840
92844
92853
92855
92856
92860
92864
92875
92876
92880
92896
92898
92904
92908
92912
92924
92925
92934
92936
92940
92953
92956
92961
92968
92980
92984
92988
93002
93004
93012
93015
93020
93025
93033
93036
93040
93042
93052
93060
93064
93076
93078
93087
93088
93100
93104
93105
93114
93124
93125
93128
93132
93138
93140
93149
93159
93164
93168
93170
93177
93180
93192
93195
93200
93213
93220
93222
93228
93240
93250
93252
93256
93258
93291
93294
93296
93300
93308
93312
93320
93321
93324
93339
93345
93347
93352
93356
93376
93380
93384
93393
93396
93411
93425
93428
93438
93440
93447
93448
93450
93452
93456
93457
93480
93484
93488
93492
93496
93499
93500
93501
93508
93512
93528
93540
93541
93544
93546
93556
93568
93575
93580
93591
93592
93604
93608
93612
93616
93628
93633
93636
93639
93640
93650
93654
93656
93664
93668
93675
93680
93684
93699
93717
93720
93724
93726
93728
93732
93735
93740
93750
93752
93753
93764
93768
93772
93784
93786
93788
93789
93795
93796
93798
93800
93804
93808
93820
93824
93825
93844
93845
93856
93861
93876
93879
93884
93896
93897
93900
93908
93912
93920
93924
93942
93948
93951
93960
93972
93975
93978
93980
93982
93984
93987
94004
94016
94020
94024
94031
94032
94050
94052
94059
94075
94076
94088
94092
94104
94108
94113
94120
94124
94129
94131
94136
94138
94144
94149
94158
94162
94168
94172
94175
94178
94180
94184
94185
94192
94194
94196
94203
94208
94220
94221
94225
94228
94232
94236
94244
94250
94257
94260
94268
94269
94272
94280
94288
94292
94299
94311
94312
94316
94320
94324
94325
94344
94348
94352
94364
94372
94384
94404
94412
94416
94423
94428
94432
94440
94444
94456
94473
94484
94488
94492
94501
94503
94504
94525
94536
94544
94545
94548
94552
94556
94564
94575
94584
94590
94600
94604
94616
94619
94622
94624
94626
94628
94632
94636
94640
94644
94648
94650
94652
94653
94664
94688
94698
94717
94736
94750
94764
94772
94775
94776
94784
94788
94804
94815
94820
94824
94825
94833
94851
94856
94864
94868
94880
94887
94892
94900
94912
94914
94923
94928
94941
94960
94964
94972
94975
94984
94987
94995
95000
95008
95012
95028
95031
95032
95044
95049
95052
95056
95067
95076
95080
95088
95092
95094
95096
95100
95103
95106
95139
95147
95150
95156
95157
95160
95164
95166
95168
95172
95175
95176
95180
95192
95193
95200
95202
95204
95208
95228
95229
95232
95236
95244
95248
95264
95274
95276
95292
95304
95325
95332
95344
95352
95354
95356
95373
95375
95376
95388
95408
95416
95424
95436
95440
95445
95448
95456
95463
95481
95484
95500
95517
95528
95540
95544
95550
95553
95556
95562
95576
95588
95592
95596
95604
95607
95612
95616
95628
95634
95644
95648
95650
95659
95660
95665
95676
95679
95684
95692
95697
95704
95720
95724
95732
95742
95744
95748
95752
95756
95764
95778
95780
95800
95816
95817
95820
95824
95828
95830
95836
95841
95860
95872
95875
95888
95908
95913
95922
95925
95928
95936
95940
95944
95948
95953
95956
95967
95968
95980
95984
95988
95991
95992
95994
96004
96021
96030
96032
96048
96050
96064
96066
96072
96088
96093
96104
96111
96116
96123
96129
96144
96147
96160
96168
96172
96174
96175
96180
96183
96201
96224
96232
96237
96248
96250
96264
96273
96275
96278
96280
96291
96292
96312
96316
96318
96327
96328
96330
96334
96340
96344
96348
96350
96360
96363
96364
96372
96383
96396
96399
96400
96412
96417
96420
96436
96446
96450
96452
96460
96468
96472
96475
96476
96480
96488
96496
96498
96516
96520
96528
96550
96558
96561
96564
96580
96584
96605
96606
96608
96612
96616
96620
96624
96625
96632
96636
96640
96642
96651
96668
96672
96677
96684
96692
96696
96704
96712
96714
96721
96732
96744
96748
96752
96764
96776
96780
96792
96807
96808
96815
96822
96825
96836
96837
96840
96850
96852
96856
96860
96868
96875
96880
96888
96892
96894
96900
96908
96920
96922
96924
96925
96940
96944
96957
96964
96968
96975
97000
97006
97012
97016
97025
97036
97040
97050
97060
97061
97064
97068
97069
97072
97074
97080
97083
97084
97092
97108
97109
97110
97116
97118
97136
97140
97146
97148
97152
97156
97167
97168
97172
97173
97175
97182
97196
97199
97200
97209
97216
97220
97254
97256
97272
97276
97290
97299
97300
97312
97316
97317
97324
97326
97344
97352
97353
97360
97362
97364
97372
97375
97380
97388
97405
97425
97436
97443
97444
97476
97479
97484
97492
97496
97510
97513
97528
97544
97550
97551
97552
97560
97564
97568
97569
97575
97576
97578
97580
97584
97612
97616
97624
97628
97632
97636
97640
97647
97657
97660
97675
97676
97682
97686
97688
97700
97706
97725
97731
97732
97736
97744
97748
97749
97750
97756
97760
97772
97775
97784
97785
97788
97803
97816
97820
97821
97831
97840
97844
97851
97853
97856
97857
97864
97865
97868
97872
97880
97888
97896
97902
97904
97916
97920
97951
97960
97964
97965
97969
97971
97980
97983
97988
97997
98000
98001
98004
98016
98022
98024
98025
98037
98040
98046
98048
98049
98050
98055
98056
98075
98076
98080
98088
98091
98098
98112
98125
98131
98132
98144
98145
98148
98156
98160
98180
98181
98184
98189
98199
98212
98216
98217
98220
98224
98226
98228
98232
98235
98240
98248
98260
98271
98276
98283
98284
98296
98298
98307
98315
98320
98325
98328
98334
98340
98343
98344
98360
98361
98364
98368
98376
98380
98384
98392
98394
98397
98400
98404
98408
98412
98420
98424
98425
98433
98436
98442
98448
98450
98451
98452
98469
98472
98475
98480
98487
98488
98490
98496
98500
98504
98508
98512
98525
98527
98539
98541
98544
98549
98553
98560
98564
98572
98577
98580
98586
98588
98600
98608
98622
98625
98631
98636
98637
98640
98649
98650
98658
98660
98668
98672
98675
98680
98684
98692
98694
98700
98703
98704
98712
98716
98720
98724
98725
98730
98739
98750
98752
98756
98758
98764
98766
98775
98780
98784
98788
98793
98796
98802
98804
98808
98811
98820
98828
98832
98836
98840
98848
98850
98852
98860
98864
98865
98868
98872
98880
98883
98888
98892
98908
98912
98916
98919
98920
98923
98925
98928
98936
98937
98950
98952
98955
98956
98972
98976
98983
98996
99000
99004
99009
99016
99020
99024
99029
99040
99050
99052
99063
99064
99072
99075
99076
99080
99092
99099
99104
99108
99112
99116
99124
99125
99136
99140
99144
99150
99152
99156
99162
99164
99172
99179
99192
99196
99216
99234
99236
99238
99240
99248
99250
99256
99268
99272
99274
99279
99280
99284
99297
99300
99312
99315
99323
99332
99336
99341
99344
99360
99364
99368
99396
99400
99404
99405
99414
99420
99421
99423
99424
99428
99432
99444
99452
99456
99468
99470
99472
99476
99477
99484
99500
99512
99520
99525
99528
99531
99532
99540
99541
99544
99550
99560
99567
99575
99576
99584
99588
99592
99594
99596
99624
99630
99636
99640
99657
99660
99675
99693
99696
99704
99711
99724
99728
99732
99738
99740
99744
99747
99748
99764
99774
99780
99783
99784
99792
99808
99812
99828
99840
99846
99855
99856
99860
99862
99864
99868
99872
99876
99891
99904
99912
99924
99925
99927
99936
99944
99946
99948
99950
99952
99956
99960
99963
99972
99984
99992
99994
99996
