96434 2867
121
169
242
289
338
361
363
484
507
529
578
605
676
722
726
841
845
847
867
961
968
1014
1058
1083
1089
1156
1183
1210
1331
1352
1369
1444
1445
1452
1521
1573
1587
1681
1682
1690
1694
1734
1805
1815
1849
1859
1922
1936
2023
2028
2057
2116
2166
2178
2197
2209
2299
2312
2366
2420
2523
2527
2535
2541
2601
2645
2662
2704
2738
2783
2809
2873
2883
2888
2890
2904
3025
3042
3146
3174
3179
3211
3249
3267
3362
3364
3380
3388
3468
3481
3509
3549
3610
3630
3698
3703
3718
3721
3751
3757
3844
3872
3887
3971
3993
4046
4056
4107
4114
4205
4225
4232
4235
4332
4335
4356
4394
4418
4477
4489
4563
4598
4624
4693
4719
4732
4761
4805
4840
4901
4913
4961
5041
5043
5046
5054
5070
5082
5202
5203
5239
5290
5324
5329
5408
5415
5445
5476
5491
5547
5566
5577
5618
5687
5746
5766
5776
5780
5808
5819
5887
5915
5929
6050
6069
6084
6137
6171
6241
6253
6292
6348
6358
6413
6422
6498
6534
6591
6627
6647
6655
6724
6727
6728
6760
6776
6845
6859
6877
6889
6897
6929
6936
6962
7018
7098
7139
7220
7225
7260
7267
7381
7396
7406
7436
7442
7502
7514
7569
7581
7605
7623
7688
7744
7774
7803
7865
7921
7935
7942
7943
7986
8092
8107
8112
8214
8228
8281
8303
8349
8381
8405
8410
8427
8450
8464
8470
8591
8619
8649
8664
8670
8712
8788
8833
8836
8954
8957
8959
8978
8993
9025
9075
9126
9196
9245
9248
9251
9295
9317
9386
9409
9438
9464
9522
9537
9559
9583
9610
9633
9680
9747
9801
9802
9826
9922
9971
10043
10051
10082
10086
10092
10108
10115
10140
10164
10285
10309
10404
10406
10443
10469
10478
10527
10571
10580
10647
10648
10658
10693
10769
10816
10830
10890
10933
10952
10982
10985
11011
11045
11094
11109
11132
11154
11163
11191
11236
11253
11271
11323
11374
11492
11495
11532
11552
11560
11616
11638
11661
11737
11767
11774
11830
11849
11858
11913
11979
11999
12100
12138
12167
12168
12221
12274
12321
12337
12342
12427
12463
12482
12493
12506
12584
12615
12635
12675
12696
12705
12716
12826
12844
12943
12947
12996
13005
13013
13068
13182
13189
13225
13254
13294
13310
13351
13357
13431
13448
13454
13456
13467
13520
13552
13583
13673
13689
13690
13718
13754
13778
13794
13858
13872
13915
13924
14027
14036
14045
14079
14157
14161
14196
14278
14283
14297
14365
14399
14415
14440
14450
14520
14534
14641
14703
14739
14762
14792
14801
14812
14872
14883
14884
15004
15028
15041
15059
15123
15125
15129
15138
15162
15210
15246
15317
15341
15367
15376
15379
15463
15488
15523
15548
15606
15609
15717
15730
15842
15851
15870
15884
15886
15895
15972
15979
15987
16055
16093
16184
16214
16224
16245
16335
16337
16393
16399
16428
16456
16473
16562
16577
16606
16641
16698
16731
16762
16810
16819
16820
16854
16900
16928
16940
16967
17051
17061
17069
17182
17238
17298
17303
17328
17340
17405
17407
17424
17457
17545
17576
17629
17661
17666
17672
17689
17745
17787
17797
17908
17914
17918
17956
17986
18029
18050
18083
18150
18207
18252
18259
18271
18392
18411
18421
18490
18491
18496
18502
18513
18515
18590
18605
18634
18723
18755
18759
18772
18785
18818
18876
18928
18997
19044
19074
19097
19118
19133
19166
19220
19239
19266
19343
19360
19363
19435
19481
19494
19573
19602
19604
19652
19663
19723
19773
19844
19855
19881
19941
19942
19965
20086
20102
20111
20164
20172
20181
20184
20207
20216
20230
20280
20328
20339
20449
20519
20535
20570
20577
20618
20631
20667
20691
20787
20808
20812
20886
20933
20938
20956
21025
21054
21097
21125
21142
21160
21175
21294
21296
21299
21316
21386
21417
21463
21538
21632
21659
21660
21675
21689
21780
21801
21853
21866
21901
21904
21964
21970
22021
22022
22090
22103
22139
22143
22188
22218
22253
22264
22308
22326
22382
22385
22445
22472
22477
22506
22542
22627
22646
22707
22743
22747
22748
22815
22831
22869
22984
22990
23064
23104
23111
23120
23153
23232
23273
23276
23322
23353
23409
23465
23474
23491
23534
23548
23595
23660
23698
23716
23763
23805
23826
23829
23837
23958
23987
23998
24025
24037
24079
24167
24187
24200
24276
24299
24321
24334
24336
24367
24389
24442
24505
24548
24563
24565
24642
24674
24684
24805
24843
24854
24863
24909
24926
24964
24986
25012
25047
25143
25168
25181
25205
25215
25230
25270
25281
25289
25350
25392
25410
25432
25519
25531
25631
25652
25688
25721
25773
25857
25886
25894
25921
25947
25992
26010
26011
26015
26026
26047
26071
26136
26195
26257
26299
26353
26364
26378
26450
26499
26508
26533
26588
26620
26645
26702
26714
26741
26862
26871
26877
26896
26908
26912
26934
26979
26983
27040
27075
27104
27166
27209
27225
27346
27378
27380
27436
27455
27467
27508
27547
27556
27588
27709
27716
27735
27744
27753
27797
27830
27848
27869
27885
27951
28033
28037
28054
28072
28090
28158
28193
28223
28227
28314
28322
28392
28435
28519
28556
28561
28566
28577
28594
28611
28677
28717
28730
28749
28798
28830
28880
28899
28900
28919
29040
29068
29095
29161
29189
29237
29241
29282
29403
29406
29435
29478
29524
29575
29584
29602
29624
29645
29744
29766
29767
29768
29791
29887
29913
29963
30008
30056
30082
30118
30129
30153
30246
30250
30251
30258
30276
30324
30345
30371
30420
30492
30589
30613
30634
30682
30685
30734
30752
30758
30855
30899
30923
30926
30927
30976
31046
31096
31097
31117
31205
31211
31212
31218
31265
31329
31339
31407
31423
31433
31434
31460
31487
31501
31581
31603
31684
31702
31713
31740
31768
31772
31790
31823
31939
31941
31944
31958
31974
32065
32079
32110
32129
32186
32269
32279
32307
32368
32428
32448
32490
32549
32617
32657
32670
32674
32786
32791
32798
32799
32851
32856
32912
32946
32955
33033
33124
33135
33154
33212
33235
33275
33282
33293
33327
33396
33462
33489
33517
33524
33573
33620
33631
33635
33638
33640
33708
33759
33800
33813
33856
33880
33934
33969
34001
34102
34122
34138
34225
34243
34295
34307
34364
34385
34391
34445
34476
34481
34485
34596
34606
34645
34656
34680
34727
34810
34814
34848
34914
34969
34983
35017
35090
35131
35152
35211
35258
35287
35301
35321
35322
35332
35344
35378
35443
35453
35490
35547
35557
35574
35594
35659
35695
35739
35816
35828
35836
35912
35937
35972
35997
36058
36100
36125
36163
36166
36179
36300
36335
36414
36421
36461
36501
36504
36517
36518
36542
36663
36673
36703
36784
36822
36842
36905
36963
36980
36982
36992
37004
37011
37026
37030
37147
37180
37183
37210
37268
37281
37303
37349
37389
37446
37479
37510
37518
37544
37553
37559
37570
37631
37636
37687
37752
37845
37856
37859
37873
37905
37994
38025
38088
38115
38148
38194
38236
38266
38291
38332
38357
38363
38437
38440
38478
38532
38599
38617
38627
38663
38686
38701
38720
38726
38829
38841
38870
38962
38988
39015
39039
39083
39146
39204
39208
39304
39325
39326
39349
39377
39401
39446
39527
39546
39567
39593
39675
39688
39701
39710
39715
39762
39809
39882
39884
39930
40051
40053
40071
40171
40172
40204
40222
40293
40328
40344
40362
40368
40391
40401
40414
40432
40460
40535
40560
40656
40678
40729
40733
40749
40777
40793
40898
40931
41019
41038
41067
41070
41140
41154
41209
41236
41261
41262
41323
41327
41334
41382
41405
41503
41515
41574
41616
41624
41743
41745
41772
41791
41866
41876
41905
41912
41971
41987
42025
42050
42081
42108
42135
42194
42229
42237
42250
42284
42320
42350
42419
42439
42471
42483
42527
42588
42592
42598
42632
42713
42757
42772
42834
42849
42891
42926
42955
42959
43061
43076
43095
43197
43245
43264
43318
43320
43350
43378
43433
43439
43560
43602
43639
43681
43687
43706
43732
43771
43802
43808
43907
43923
43928
43940
44042
44044
44109
44165
44180
44206
44217
44278
44286
44376
44403
44407
44436
44447
44506
44528
44573
44616
44649
44652
44764
44770
44785
44795
44890
44891
44944
44954
44965
45012
45084
45123
45125
45133
45167
45177
45253
45254
45292
45369
45373
45375
45387
45414
45461
45486
45494
45496
45617
45630
45662
45738
45799
45847
45859
45951
45968
45980
46023
46101
46128
46137
46208
46222
46225
46240
46255
46306
46343
46389
46464
46475
46529
46546
46552
46569
46585
46644
46706
46813
46818
46827
46930
46948
46982
47045
47068
47069
47081
47089
47096
47107
47151
47190
47291
47311
47320
47396
47432
47489
47526
47553
47610
47652
47658
47674
47685
47753
47795
47827
47915
47916
47937
47961
47974
47996
48013
48037
48050
48074
48139
48158
48165
48223
48263
48279
48334
48373
48374
48400
48503
48521
48552
48598
48642
48668
48672
48734
48735
48749
48763
48778
48841
48884
49005
49010
49011
49096
49126
49130
49179
49197
49247
49284
49348
49368
49379
49419
49457
49489
49517
49610
49619
49686
49708
49726
49731
49818
49852
49855
49923
49928
49972
49973
49997
50024
50094
50179
50193
50215
50255
50286
50336
50362
50410
50430
50457
50460
50531
50540
50562
50575
50578
50653
50699
50700
50784
50807
50820
50864
50869
50901
50933
50941
51038
51062
51153
51183
51207
51262
51301
51304
51313
51376
51425
51442
51545
51546
51623
51667
51714
51731
51772
51788
51842
51883
51894
51909
51984
52020
52022
52030
52052
52094
52111
52142
52151
52215
52221
52272
52309
52345
52371
52390
52393
52514
52559
52598
52635
52706
52728
52756
52855
52877
52887
52897
52900
52983
52998
53016
53066
53067
53119
53176
53235
53240
53290
53361
53371
53391
53404
53428
53429
53465
53482
53573
53603
53621
53724
53742
53754
53789
53792
53816
53824
53845
53868
53911
53958
53966
54043
54080
54087
54150
54208
54249
54329
54332
54418
54450
54487
54511
54571
54587
54621
54665
54692
54756
54760
54777
54813
54872
54910
54925
54934
55016
55055
55094
55112
55176
55199
55225
55233
55263
55297
55418
55432
55447
55451
55470
55473
55488
55506
55539
55545
55594
55601
55660
55696
55738
55770
55777
55781
55815
55902
55939
55955
56023
56066
56074
56108
56129
56144
56169
56180
56265
56277
56316
56347
56355
56386
56446
56454
56507
56603
56615
56628
56644
56677
56699
56749
56784
56870
56933
56953
56991
57038
57112
57122
57132
57154
57188
57222
57233
57291
57319
57354
57399
57434
57460
57475
57498
57511
57596
57629
57660
57661
57717
57760
57798
57800
57838
57959
57967
58029
58080
58089
58121
58136
58190
58201
58305
58322
58357
58378
58443
58474
58482
58564
58619
58621
58643
58667
58685
58719
58806
58812
58835
58843
58867
58870
58927
58956
58981
58989
59048
59150
59168
59169
59177
59204
59245
59248
59290
59319
59411
59488
59532
59534
59536
59565
59582
59643
59653
59657
59711
59774
59777
59823
59826
59895
59926
59995
60016
60112
60137
60164
60236
60258
60287
60306
60333
60379
60401
60492
60500
60502
60516
60543
60552
60621
60648
60671
60690
60742
60835
60840
60863
60979
60984
61009
61017
61105
61178
61226
61268
61347
61364
61370
61393
61468
61504
61516
61557
61589
61605
61685
61710
61731
61798
61831
61846
61852
61854
61893
61952
62001
62023
62073
62092
62135
62192
62194
62197
62234
62315
62361
62410
62422
62424
62436
62453
62465
62530
62557
62658
62678
62699
62713
62799
62814
62846
62866
62868
62920
62951
62974
63002
63037
63041
63075
63162
63175
63206
63257
63283
63291
63368
63375
63404
63426
63480
63525
63536
63544
63580
63646
63713
63767
63869
63878
63882
63888
63897
63916
63948
64009
64051
64061
64130
64158
64220
64251
64258
64343
64372
64387
64389
64447
64493
64538
64558
64607
64614
64619
64715
64727
64735
64736
64757
64856
64896
64977
64980
65025
65065
65067
65098
65219
65234
65314
65340
65341
65348
65403
65461
65533
65559
65572
65582
65596
65598
65603
65702
65703
65712
65741
65824
65863
65892
65910
65945
66063
66066
66079
66125
66139
66181
66187
66248
66270
66308
66309
66417
66424
66429
66439
66470
66550
66564
66586
66654
66671
66755
66759
66785
66792
66913
66924
66978
67034
67048
67081
67093
67146
67155
67183
67240
67262
67270
67276
67280
67335
67337
67397
67416
67431
67507
67518
67600
67626
67639
67712
67760
67769
67868
67881
67915
67938
68002
68107
68121
68123
68204
68229
68231
68241
68244
68276
68365
68413
68445
68450
68479
68486
68493
68590
68607
68614
68651
68728
68770
68782
68783
68849
68890
68921
68951
68952
68962
68970
69071
69091
69121
69192
69212
69277
69290
69299
69312
69333
69360
69454
69459
69575
69620
69628
69649
69673
69696
69797
69803
69817
69819
69828
69938
69966
70034
70059
70135
70153
70225
70227
70262
70301
70304
70357
70395
70422
70473
70516
70543
70574
70602
70642
70644
70664
70688
70699
70756
70785
70805
70811
70886
70906
70980
71027
71094
71114
71117
71148
71149
71188
71269
71289
71318
71383
71390
71415
71478
71485
71487
71511
71632
71656
71672
71753
71824
71825
71839
71874
71944
71961
71994
71995
72075
72111
72116
72163
72200
72237
72250
72283
72326
72332
72358
72473
72479
72501
72539
72557
72561
72600
72670
72721
72828
72839
72842
72897
72922
72963
73002
73008
73034
73036
73084
73101
73117
73167
73177
73205
73283
73326
73346
73406
73447
73515
73531
73568
73644
73684
73689
73695
73810
73853
73926
73931
73960
73964
73984
73997
74005
74008
74022
74052
74060
74173
74191
74273
74294
74360
74366
74415
74420
74529
74536
74562
74589
74606
74657
74698
74727
74778
74849
74851
74867
74892
74899
74958
75020
75036
75088
75106
75118
75140
75141
75205
75262
75272
75295
75374
75383
75429
75449
75504
75543
75615
75625
75645
75647
75690
75712
75718
75746
75779
75809
75810
75843
75867
75881
75919
75988
76007
76050
76109
76171
76176
76219
76230
76296
76313
76351
76388
76472
76531
76532
76557
76582
76585
76593
76664
76705
76714
76726
76835
76874
76880
76893
76895
76956
77064
77077
77163
77198
77233
77234
77254
77315
77319
77326
77372
77402
77440
77452
77561
77571
77615
77658
77682
77740
77741
77763
77803
77841
77909
77924
77976
78030
78033
78045
78078
78141
78166
78213
78247
78287
78292
78319
78337
78408
78416
78529
78585
78608
78650
78652
78698
78754
78771
78802
78821
78892
78897
78923
79007
79013
79054
79059
79092
79134
79186
79210
79255
79261
79350
79376
79402
79420
79430
79475
79497
79507
79524
79599
79618
79739
79763
79764
79768
79781
79860
79879
79895
79935
79937
79981
80053
80063
80102
80106
80142
80223
80275
80342
80344
80408
80444
80465
80503
80586
80613
80631
80656
80688
80707
80724
80736
80771
80782
80802
80828
80864
80920
80937
80949
80951
81070
81120
81133
81191
81209
81225
81289
81312
81356
81433
81458
81461
81466
81498
81554
81577
81586
81627
81675
81685
81733
81787
81796
81862
81917
81947
81965
81995
82038
82076
82134
82140
82159
82280
82303
82308
82365
82369
82401
82418
82472
82522
82524
82641
82643
82646
82654
82668
82669
82764
82810
82885
82943
82979
83006
83030
83053
83127
83148
83205
83232
83248
83259
83317
83369
83391
83486
83490
83509
83521
83544
83582
83607
83611
83655
83732
83752
83810
83824
83853
83942
83974
83993
84050
84095
84099
84100
84111
84113
84162
84216
84270
84331
84337
84388
84458
84474
84500
84568
84579
84640
84669
84677
84681
84700
84821
84835
84838
84878
84941
84942
84966
85007
85054
85063
85169
85176
85184
85196
85255
85264
85291
85305
85345
85426
85514
85529
85544
85547
85557
85583
85668
85683
85697
85698
85731
85782
85789
85833
85852
85910
85918
86021
86031
86122
86151
86152
86190
86227
86247
86273
86279
86359
86394
86411
86490
86515
86528
86623
86636
86640
86697
86700
86756
86757
86866
86878
86903
86989
86999
87001
87025
87035
87079
87120
87131
87204
87241
87278
87285
87362
87373
87374
87412
87451
87464
87483
87542
87567
87604
87616
87711
87723
87725
87814
87846
87856
87880
87967
88049
88084
88088
88145
88209
88218
88305
88330
88343
88360
88387
88412
88434
88445
88451
88556
88572
88693
88723
88725
88752
88806
88814
88872
88894
88935
88985
89012
89056
89063
89093
89146
89167
89177
89232
89298
89301
89304
89373
89401
89419
89528
89540
89557
89570
89590
89661
89739
89780
89782
89879
89888
89889
89903
89908
89930
89987
90024
90077
90145
90168
90246
90250
90266
90334
90354
90387
90415
90457
90459
90506
90508
90569
90584
90593
90601
90611
90629
90738
90746
90750
90753
90774
90828
90871
90922
90972
90988
90992
91035
91091
91113
91234
91260
91295
91324
91333
91355
91429
91476
91517
91597
91598
91613
91669
91694
91718
91723
91767
91839
91902
91936
91960
92046
92055
92081
92105
92191
92202
92256
92274
92323
92416
92443
92444
92450
92455
92480
92510
92565
92575
92612
92686
92697
92769
92777
92778
92781
92807
92928
92950
93025
93049
93058
93092
93104
93119
93138
93170
93217
93288
93291
93347
93351
93412
93457
93499
93533
93615
93626
93633
93636
93654
93775
93795
93860
93896
93925
93964
93987
94017
94090
94133
94136
94138
94162
94178
94192
94214
94221
94259
94269
94299
94302
94380
94461
94471
94501
94503
94582
94622
94640
94691
94743
94792
94809
94864
94943
94978
94985
94987
95033
95052
95081
95106
95139
95147
95220
95227
95304
95316
95348
95370
95469
95485
95506
95590
95654
95659
95665
95711
95749
95779
95817
95823
95830
95832
95874
95922
95948
95953
95992
96026
96074
96100
96148
96161
96195
96237
96278
96316
96330
96387
96437
96446
96499
96526
96558
96668
96679
96715
96746
96748
96800
96807
96815
96837
96921
97006
97042
97061
97104
97109
97163
97175
97196
97199
97284
97336
97344
97393
97405
97468
97470
97498
97513
97526
97556
97647
97682
97768
97831
97851
97865
97889
97971
97997
98010
98020
98022
98131
98189
98192
98252
98260
98315
98358
98373
98394
98397
98494
98527
98549
98553
98568
98615
98696
98736
98758
98838
98857
98865
98914
98923
98978
98983
99034
99099
99127
99179
99203
99220
99238
99275
99341
99372
99405
99416
99452
99462
99541
99583
99636
99704
99705
99710
99825
99846
99856
99879
99937
99944
99946
99981
99994
99997
