72 70
6585 -3283 -7619 -363 -3987 7322 -8785 -8401 -8032 5067 7735 -357 8484 -558 2974 -5982 -7536 -5826 6653 -2542 3207 -4280 -8448 8577 1050 4371 -9510 -751 3133 3257 -7281 -6254 -6047 -4006 -16 -3729 -6642 8045 -9421 -6339 -9612 -2573 -1648 -6787 -1575 597 5400 -2258 7259 -1634 -6262 3439 -529 -5546 -9747 -3141 -8666 -5422 -1726 2650 -8420 -1817 -3021 -8947 -1521 3733 -8206 -2812 -9345 -3955 
-4250 -3962 -5032 -6881 -8256 -3073 -1324 -1350 -8859 -5690 -440 -411 9122 4943 -8267 -6888 9439 -2643 7157 -4011 -127 -308 -3112 -6260 -1361 -9557 -2195 -2237 -1294 6076 2912 -6580 -9207 8215 7955 9985 1174 -7135 -3701 -5801 -6129 -537 7841 -8269 -6983 -7146 -4053 9947 -5394 8401 3350 3779 -1443 -1408 2287 -9956 -9476 -8309 7950 9626 2914 -12 -6054 -3021 -7187 -6179 -7239 -4365 -3529 -953 
-8205 3312 7281 -5522 -6681 -9333 -3989 -65 -5555 114 -3297 8475 -6085 -1181 -4191 -408 -2035 -5088 -2160 -9457 2100 -8434 -3889 -4293 6213 5993 -5670 1452 -8618 -1085 -1757 -338 -4752 -6545 -5968 -4880 -8840 4278 -7628 -9646 -257 -8611 -5218 -6924 -3746 3407 -757 8403 -9175 -6221 9197 -8740 -8836 -1200 -2174 5271 -1727 -5943 6550 9152 -1537 -6217 -6191 -2917 3278 -64 -559 -7431 4736 1046 
-9449 7577 382 -961 -4954 7567 5771 -9982 -2089 -571 -7692 7803 -4688 -790 -4190 1074 -2569 -8859 3900 -7777 2751 -7532 5682 -3702 -9996 -515 806 -9983 2930 -140 -5325 5981 -6180 8843 -7670 -8921 -4153 7225 4125 -5374 -7551 -3013 -8277 -2882 -2477 -5686 -4387 -2237 1359 -263 -415 -9895 -4935 -6599 -744 -1234 -1148 -1035 -5461 -2917 -7022 -3396 4612 -7968 -8720 -8383 3125 -8951 -6203 -6387 
2574 5637 -3881 -6199 -4622 2833 -9300 -3222 -9560 -8168 -401 -1505 -498 -9682 -1905 -4887 -467 -9849 -5779 -3839 -5775 -2567 -6357 -1872 -6013 -3981 -541 -2317 -9178 -9143 -3714 885 3351 9845 -9034 -1677 -9633 4854 8396 -9978 -6146 -2424 112 172 -5440 -5788 -8990 200 -8851 8888 -7482 -299 -2454 -1897 -8749 -2058 -1232 -2667 -5286 2809 -1323 -6884 192 -3683 8932 -5756 7539 -2994 -5499 -648 
9174 -9395 -1921 -2141 -5124 -9572 -2593 7343 -2181 -2961 -4513 -2054 -141 -4124 -5606 -84 -1397 -5849 -5916 -2820 -78 -4656 -2249 -8137 4931 -6898 9034 -1355 -7431 -9678 -9670 -6464 -3513 -9233 -4454 -5731 -7277 -8689 5081 8570 -3559 876 -4029 -1981 -9140 -5919 7626 -9819 -9707 -1839 -5830 -1768 -8746 -2069 2969 6849 -4359 -8161 -2392 -7501 5696 -5204 -4783 -960 -1186 -1720 -3799 -789 3621 -8761 
-1494 2283 -3748 -7052 4703 -4297 -8774 -8039 -6771 4850 9759 -1273 -4855 6577 -2462 -8252 -8389 -5476 9790 -7660 -3301 -149 -8108 -692 -7115 -7607 1492 -8455 -8314 -4372 -6507 4953 -1678 -8232 -6786 5517 -6806 -1989 -9480 4632 -4269 -8910 -8506 -4023 210 -9439 -3183 -1471 3710 -8960 -4190 5466 5803 -3534 -965 -8075 359 -3340 7405 -4398 1985 1620 -3509 -8758 4529 -6317 443 -825 -2229 -551 
5388 -6153 -8484 -3627 -7757 -1756 -9725 -7958 -8816 -8562 -5512 -6259 -5752 -6067 -8139 340 -2838 -7465 -2587 -7932 9590 -9965 -3302 -7243 6885 939 7722 -3485 -9858 -8365 -2171 -8436 2708 6351 -8127 -8723 2001 -2465 9886 -3172 -3538 -5674 -6641 -6840 -6983 -9449 5543 -9426 -3804 6358 -9148 -3909 4989 9051 -7775 -9048 -7876 -2287 2708 -2063 7614 -9412 -1140 -9677 -1031 -3070 -1106 7176 -6008 7168 
-6961 -4239 -3107 -4998 -3415 -770 -4442 -994 -9937 -4125 4767 -3924 2639 -9291 -9802 -2535 -5916 -809 -7318 -9067 -2562 -9354 9263 7137 68 3178 -2227 5933 810 208 -7813 -682 7603 2127 -1919 -529 6699 -7462 -5008 1289 -2437 -8958 -4117 -7772 -245 -4616 -836 -4562 -275 -4191 -4224 -8390 2527 3353 -3333 4554 -8860 -4608 -5672 -9867 -8552 -4961 -8628 -9454 -19 -832 8374 -947 -2646 3714 
-6823 -7123 -5029 -8986 -15 -3577 -1762 -1251 -5588 -2299 -7851 -3394 -5302 -4008 -5260 -2152 -1398 113 -7310 -5139 2010 -8690 -1297 -4252 -4779 -9821 -1487 -4478 -7831 8056 8067 -2934 -1902 -2066 8067 -7121 -3024 3555 -3810 -2408 -4867 3678 -2734 -4511 -4404 -7502 -6314 -35 1902 -7415 3890 -7819 -1324 -4324 7813 -7888 9495 -255 -4158 -6127 -3356 1844 -4053 7118 6306 -6418 -9920 -666 -9359 -637 
-9685 896 332 -212 -9610 2933 -5026 -7793 -3515 -2457 -9623 -601 -8932 -5896 8271 -1910 -2983 9387 -2080 -6076 -2658 -9804 -4496 -6122 -3729 -1560 -4026 -3359 -2155 -4405 -7707 -6157 -5572 -836 8266 3708 -3748 -9850 -1358 4360 9682 -7693 -7606 -896 -2076 2824 -173 -2173 -8942 -7360 9603 -3028 -374 -2451 -1618 -5951 727 -3446 5981 588 -6241 4918 5390 -424 -1812 -2877 -5194 -1770 -4526 -5416 
6323 -871 -5000 3811 987 7557 -6107 -4162 -2997 5324 -2278 -4047 -4985 -1105 8310 4147 -4769 -3288 -4979 -5289 -7848 -5122 -1504 -5930 -6821 -1279 8602 8029 -6778 -1927 -4561 -4415 -7543 -404 -5767 5503 -9033 -2380 -7870 -1150 2094 4953 -7526 -3490 -9606 -9502 -4346 -3702 -1693 -9856 6885 -618 3715 2787 -1315 4825 -3761 -4691 -925 -4217 -2010 -5390 -3285 -2041 -4080 -9550 5320 -9001 1042 -478 
-3175 -7297 -6391 -2180 -3295 -6743 -2810 -4760 -4512 -4455 -6324 695 1377 -3329 -2065 -5352 -1993 -79 -7996 -2880 -9992 -3526 -2004 8819 -406 -711 -2305 -4091 -1164 -3422 -9963 -8045 541 -5122 -1974 -1291 -3817 -8676 -6608 3059 -8912 -2391 -7515 -4283 6108 -3848 -7852 -9096 9439 4700 -428 833 -7754 5151 2029 -8723 -1045 -7843 -8054 -7090 7871 -9493 -1831 -1208 -9452 -3022 -1684 -7428 9057 -9768 
-911 -2663 848 -9368 -1418 -6790 -972 -1951 -3073 -9116 7881 -2757 -8294 -4230 -9451 1828 8690 -6981 -6304 -7193 -1474 -3822 -380 -514 -6358 3270 7103 5878 -5068 -6238 -2631 -5025 -8804 -2749 -3092 -9411 -3925 -2042 -1038 -3704 9443 -7368 7729 -4644 -2981 -7753 -9143 4358 -7879 -9429 -7070 -3085 -1560 -3460 8968 -6155 6590 -5622 -7030 -8002 -4822 6826 9847 -7178 -5967 2466 -7545 -7730 -6901 -4087 
-5499 -2592 -2378 -3000 -8769 -5207 7983 -7365 -4757 6918 -3485 -1749 -9392 -2800 5757 4564 -1893 -9263 -5134 4428 7696 -7084 -5606 -8250 -3582 -4503 5191 7704 -8922 -3046 -255 -2370 -55 -3700 -5803 -9018 -2250 -8681 -9479 -5744 7275 -7006 -4786 -1559 -213 -133 -1801 -4480 9805 -3892 6637 -3574 -9988 3365 -2434 -1453 -3617 8982 -5865 -6144 -307 428 -1911 -2299 -2963 -401 -1623 -6302 -4799 -837 
-954 9109 -5362 9786 9108 -1061 -5395 -5343 -7613 -4534 -5901 -6258 -6083 -9392 -5292 4109 -6571 -9971 -8478 -3049 1907 -4258 -714 -3952 -9443 -8444 -5238 3168 -3691 -9625 -3541 7305 -8606 3960 -2069 6421 -6283 104 -3419 -3768 -4708 -9896 9314 -7177 -2353 -4087 3767 -3217 -433 -7460 -6290 -8147 -3256 -9771 -4397 8905 9256 -9273 -7948 -8279 -1418 -1158 -5279 -7822 -6516 -9958 -5821 -538 -9998 -3365 
2768 -6209 -9457 -9965 -9627 -7611 -3837 -2459 -55 244 143 3939 -1268 -1579 -9332 -2734 6271 6273 -4538 -5979 -5659 7935 -5495 -6209 -5874 4236 -9521 -2688 3439 -1848 6428 -6285 -3981 -1397 -192 -5607 -3986 -8328 8965 -345 -3750 -5799 -6543 -7654 2577 7116 -5592 5460 9990 -2982 -4308 -2871 8203 -7078 -2131 -9721 -40 -7077 -5177 1789 -989 6014 -8125 -4678 -3795 2433 -225 -9772 8161 -5399 
-6805 6414 -4146 -3313 8711 3620 -2879 -9958 -9834 3413 -4242 -3021 -1306 9189 -2806 -5429 -7856 -5836 4228 936 -5145 -1166 -1017 -9992 -655 -2678 -216 -7022 2532 -3727 -4628 -8929 1955 8148 -5474 -3072 -4540 -5159 -4020 4183 4282 8076 -6388 -5050 -2491 -2581 -3224 7820 -3371 -76 -7761 -5621 -7634 -1864 -7654 5665 -9136 -1773 -9284 -6276 -2826 -8487 -8300 -8414 -39 -5556 730 -7067 719 -5927 
-7835 -419 -3353 2292 -8159 -2241 -8919 5616 -7694 7582 -7814 -2886 -9425 -1757 -2452 -4124 -5878 -2160 1581 -9869 2236 -5117 8945 -9817 7367 525 -2204 -2587 9288 -8981 -6295 -9437 -938 5100 7391 -3872 -6515 -7975 2992 -4133 -2144 5078 -1378 -6205 9567 -8932 -6538 2886 -4367 4236 -1173 -9311 7057 -3933 -9682 -6964 -3843 -5721 -330 1850 -5726 -1678 -7984 3308 -7152 -7668 560 -9589 -9203 -5158 
-9804 -6429 -9325 -7975 -6535 -9770 -8417 1980 1466 -7578 -9551 -5886 -7680 -3996 -9091 -3797 3357 -1193 -7409 -3173 7874 -9724 -8684 -9114 -97 -420 -958 8115 -6609 -8688 -7549 -4292 6412 -7832 -5972 -1450 9148 -4086 -1118 -74 -9898 5870 -8944 3763 -1756 -5189 -8854 -7111 -611 -958 -1729 -1609 8299 -9896 -9919 2804 9157 7534 3465 -2138 -13 3923 9891 -5156 -7032 1121 785 -8 -8093 -6792 
6777 579 -5868 2765 1760 -5071 -759 -3680 -6795 -5945 -783 -1882 3739 -6470 8337 -1723 1726 -7998 -3158 -5668 -6558 -6876 2572 9001 -6271 -6774 -9146 -9874 1966 -2407 3042 -2851 -6278 145 -4658 -7267 -7376 -2104 -1723 -8452 -5445 3959 -9665 8830 2639 -9935 -2395 4519 -2538 -7229 -7543 -5389 -3012 -9522 -3347 -7430 -1377 -4290 -1384 -1638 -3660 -2611 -8442 -1068 6203 -518 -4218 -4237 -2755 -9523 
9006 210 226 -5952 -6480 -5428 5612 1845 -7252 -8694 -7084 -9582 -5574 6443 -8512 -2094 -8039 -8729 -7666 3093 -8710 6703 -8195 -2341 -4779 -7457 -3287 -7880 -1439 -6829 7414 -5481 1943 -4355 -1201 -8663 -5603 -1990 -6559 -5263 -8888 -1458 3210 -371 -3730 -3492 -9586 -2606 -7795 -6309 -1368 -1385 -3230 -5131 -2577 2939 -5525 4498 9573 7278 -8669 -6644 -1499 -2852 -4028 -7843 9751 -8868 -1361 -7004 
-321 -2256 -5428 -4412 -9139 -646 -3135 -1549 5333 -149 -88 -7529 -7195 -2839 4933 3708 2471 -6323 -5745 7777 -9194 -4991 5454 -133 -62 2403 -3547 -5512 -1115 -1142 -1410 -6951 -6369 -6396 8425 -3870 -9046 -8539 -826 -6818 -1787 -397 -4731 -5185 -6739 2955 -2371 -1270 -3815 3557 -9948 -7969 -9011 -6832 -8546 4419 -4340 -3795 2628 -9850 -9019 -4420 -4750 -5877 9709 -6700 4719 7642 1599 -6562 
2427 -2250 5957 -124 -4697 -5236 -772 5897 -2947 7929 -1937 -8430 -7088 3464 -3639 -8304 3204 -6892 -7490 -1553 3940 -4343 8817 -2898 -583 4616 7407 -510 -6979 1386 273 9541 -5157 -1403 7299 -823 -5474 -3717 -3915 -5254 -2373 3881 -3724 -2534 -6546 -918 -8518 -3435 -1536 -5631 -2741 -741 -7231 -8693 8081 3588 -6988 -3262 -4579 9406 2665 -9000 -5269 -532 -2221 -4110 5255 -8438 3839 8338 
-8778 -769 -2526 -9132 -770 -4999 6678 -581 -20 -5991 -2381 -8318 -6074 7071 -5700 -3536 -154 -3130 7104 -324 -2845 3084 -8233 -2981 -8056 -5466 6216 -5253 -1104 -7005 -9744 8950 -9904 -3204 -462 -2161 -159 3124 -2169 -2140 -1304 -8867 9102 -6750 -6340 5412 -1934 -8575 -2590 -9490 -7415 -6434 3311 -6019 -2956 -4506 -1958 -425 -4030 7625 -9060 -7602 -6657 -7059 -9521 -1165 -9307 -2435 -871 -6197 
7271 -429 -7126 -1390 -2992 4704 -4360 -9690 -6420 -2180 6952 -2618 -3186 -1553 9745 -6560 -5378 3616 1065 -2439 -4897 -7419 -3953 -3866 -8761 -452 -473 -4419 7519 -3389 -8837 -2292 -5563 7468 -4229 -2564 -905 -3912 -8865 -9914 3471 6919 -49 -484 -4133 -3391 49 -4971 396 -5859 -4990 -6880 -7711 8309 -1978 -9152 -1466 -9215 -6929 -9309 -7901 -8936 -4630 -2945 4029 -8266 -7367 4333 -1838 6451 
1112 3482 8198 220 -439 -3134 -3993 -7724 -5592 8185 9549 -187 -3952 -8053 -1203 -4245 -2469 -1749 -1640 -3236 1836 -3541 -6289 -3775 -6657 -8816 -3560 -3759 -5704 -8333 -1555 -4740 -3408 -5308 6306 -2418 -6035 6504 -2945 -174 8891 2457 -2374 -5921 -9619 -2053 8233 3139 -9041 -7595 -9643 -4553 3499 -7887 2696 -7192 -3569 6034 5793 -5493 -1955 588 -7072 687 1151 -4223 -8419 2999 2356 3601 
-5225 -4913 6029 -2700 -1405 680 -2322 -2073 -6760 958 -8310 -1431 -4842 6939 4761 8115 -8664 7134 -5705 -7686 9971 -6733 4845 1159 -8641 -6088 -8947 -4500 1294 -454 -8606 -3544 -2187 8175 -5981 -4608 5710 -5254 -3041 -6666 9619 8129 6448 7490 -9796 -175 -6443 -450 -1478 -2883 -6491 3515 -1586 487 -1661 4995 -8545 -6570 -3738 -608 2897 3033 8260 -6931 6316 -2001 -7670 -1313 -7884 -4226 
9453 -4390 -2297 -5709 -4885 1952 -7498 -3769 -8679 -3699 -2299 -1594 -7721 -3597 -4678 2818 -2007 -828 2031 8089 -2125 -2766 -1840 8351 -2389 -9049 9987 1353 -274 -3947 -6651 -2547 -1451 -1795 -9116 -470 -3180 -8381 -4801 -5243 -5027 -406 -1175 -5562 -2220 -3844 -2736 -9487 -7972 -6449 -9453 624 -8413 -4464 7004 9616 6657 -3976 -9924 -47 7927 -2048 -106 -564 7582 -6259 -341 -1982 -3607 -7452 
-2477 -6965 -8718 -263 -202 776 -2001 -861 3383 -2452 -9627 -8593 3219 -9317 -800 -6748 7521 -3576 5418 -7895 -5365 -1256 -4464 712 -4034 -1738 8301 -288 -1500 -9478 -5965 -3071 -8111 -6334 -8220 -4244 -1345 -808 -1797 -175 1798 -1115 -2166 -4534 -6589 279 5678 6183 -8136 -3099 -6871 -9305 -9783 -983 -5837 -1079 -1846 -1709 1303 -527 2513 -7604 -8283 4704 -7568 -9274 4009 -7288 -914 -4411 
2383 8107 -4166 5421 -1865 -7303 -5869 -5378 -7129 -1178 -6279 -2063 -4189 -2818 1332 -498 -6072 -4134 -3148 -497 -2992 -1329 -9091 -673 -1556 3034 9585 -4462 -1140 2100 -8843 1418 -3354 -3780 75 8990 -4465 -4726 -1016 7294 7607 5186 -1484 -5836 9338 -205 505 -3972 -3725 -2135 5364 3101 -7371 -7527 7823 2698 -6647 8272 -9686 -1117 204 2623 -7703 1524 -720 -6825 -2430 -5739 1307 -607 
-7170 -2015 -3125 -2183 -8859 -6731 -1190 -3676 -4258 6590 1086 -9908 -3226 -3683 -4440 -882 -5922 1699 -4472 -9771 -8596 -3260 -2765 -5521 -4875 -7569 -7068 3583 1112 2887 -792 6426 -1924 -9669 -5301 7799 7052 -2698 -1389 -3399 -5723 -8537 -1444 -9751 -7921 -8574 9690 7815 -8952 -7371 -9800 -7978 -6953 -567 -1824 -2145 857 2821 -6669 -7870 -5219 9888 -6729 -3111 5764 -6240 2906 -9827 -1391 -3108 
6300 -6448 -7231 -8615 -7397 -8533 9132 -9625 7576 -2524 5121 -6162 7986 -2377 6482 534 -933 3518 -545 -3434 -5118 -7268 -5443 -3795 5522 -8221 -8573 -2690 133 -5841 -4964 -3100 -8671 -6419 -1038 6885 -5348 -8283 5280 2305 -8546 -1935 -6337 -3723 -102 -440 9363 -2680 -3319 -3277 -4448 -3898 -2657 -9609 5165 -5394 -5567 217 -6533 -5431 7811 -8626 -1562 -17 -4233 -9667 -4856 -3556 -251 2604 
-1044 -8106 -8182 -6211 -8518 -7337 -2244 -8734 7033 -3209 4060 -3023 -1134 -61 -5148 -6644 -353 -4635 -9115 -5324 -6574 -3290 -9192 -7477 -8243 -9391 -3986 -8558 -7045 -4500 4200 -9500 -362 7684 -3624 -3348 4295 -8541 -9096 8006 9350 -9409 -1223 8361 -113 5985 -6520 5782 -740 2674 -2704 -4980 -1984 625 -7171 -4064 164 -9261 -3928 -1324 -1433 -6692 -8022 -2667 -4300 -6315 5613 -6121 -8130 5023 
-8353 -2609 5431 -8281 -4001 -7439 -817 -2478 -7694 -247 -7857 1337 -4981 -6342 -6480 -3094 -7754 -3835 -8099 -6092 -7231 -2235 -3300 -3034 -5009 -9774 -7546 7037 -3304 2346 6865 -2750 -4766 -5343 -3196 -224 3516 -6308 -7651 -5830 -7186 -9185 -9988 -7045 -9922 -294 -7910 -6138 -2589 9786 -4704 -2811 -633 5168 -2883 -9601 -1000 -6538 -5238 -6712 -553 -641 -3732 -4481 -3709 -6603 -4980 -8183 -2166 -1534 
-9201 6311 -2921 -8586 -6700 -5000 -5497 -2691 -5947 -5355 7021 -3042 -1538 564 -9144 -8177 -3191 -8694 -5191 -9661 8732 -5682 -8832 -2638 2520 -7429 4747 -7956 -431 -6504 4482 -3179 -5419 -8500 -9077 -8902 -6940 5784 -5756 -1261 -5673 -923 -81 -3063 -9462 -5833 -9680 -9560 -2759 -7208 7830 9817 819 851 -9697 -8975 -7796 -9541 -7954 -2861 -1302 -9535 1124 -3458 -2289 -3770 -2453 -723 -1306 -5492 
-3369 -5340 -5104 2419 -920 -6450 -7583 -996 -8423 -4686 714 -935 -1276 -8079 -5384 -8557 9255 -7731 -5265 5967 -985 -7762 -7785 -538 -1501 -8984 8347 -7663 -747 1922 -6411 4847 -477 4473 -1833 -6372 -3600 -7144 -9888 -865 -9629 -372 -6950 -9713 3270 7568 -9841 -2809 7950 7386 -1599 -2461 -1341 5779 8449 -7154 -3996 -5272 -4667 -1883 -9031 -3924 -7802 -5057 7979 8520 4035 9547 -4326 -3724 
8366 -89 -277 -1773 -7091 -3396 -4564 9522 1124 -2723 6146 -2347 -4332 -278 -2516 -7330 4911 -6606 -9294 -8906 -5600 4410 6191 -7232 -4980 -5791 -241 -3994 6296 -3457 8687 -3121 -2736 -9505 1748 -6172 -8155 -4394 2052 -7037 -6156 -1287 -454 9502 -7651 7009 -9959 -5788 -5584 8136 -3419 2604 4240 -4731 -5557 -2928 -3445 -7482 -8999 -3043 -2409 -3097 -7162 -4813 450 775 -4938 -1020 -5260 -1416 
-1389 -1181 -7215 -6230 6339 -5737 -1663 -426 8256 -1820 8975 3221 -6171 -8582 -1913 -2779 -2782 -953 3791 -2166 -3804 -5876 -5804 -2883 -3125 -6512 -6003 6901 -3632 -57 9854 -9168 9257 7612 -2176 -8555 -946 7211 -8301 2342 -8952 8357 -8090 -1069 -7208 8808 -5298 -7651 -2113 -5246 -702 6212 -2823 -4566 -4735 3308 -6784 -3758 2686 -2232 7507 -7169 -6914 -6237 -5806 -8858 -403 -7934 -9612 -47 
-8140 1436 -5077 9789 3341 -8500 -2447 -3054 -4429 511 -7193 -2620 -3242 -1368 8255 -3378 -8360 -234 -3275 -1807 -6760 -3878 -4865 -5957 5699 3990 -1939 -387 -7455 -5902 5323 -3237 -6576 -2523 -296 -6860 -5330 -9934 9559 -8416 -3631 746 -2858 5256 -2775 -4356 -6239 109 -7347 -5551 -9827 -4904 -8140 -619 -8678 -7287 4039 -6375 -4657 8572 3318 -5937 -2460 9414 -8975 -8068 -2910 -823 -3399 -928 
7896 -4335 8534 -82 -3334 -1492 5815 285 -1774 -4608 -1983 -8361 -6301 -5781 8769 -4086 -2888 -5525 -1012 -7864 -452 -9299 -4322 4856 5958 8908 6028 -2796 -5748 -3502 -5876 -8323 -2381 -7782 471 -2861 -9353 -5119 -4470 -2298 -1578 -8084 9926 6061 -9052 896 -8438 -6910 6656 1390 -7596 -4934 -8271 -3391 -8221 862 -303 -5907 -6277 -8041 -1294 -6435 -6803 -3269 -8593 -8405 -549 3623 -8469 -3355 
3273 -4322 -1218 -6819 -3131 -6227 -8432 -4223 -1271 -5630 -5931 3280 3835 -7872 -5850 -7400 -3745 -47 -6157 -6299 6682 -5691 -2218 -8924 -4984 -8475 -3543 -9302 -482 -8131 4571 -3179 -4454 -3243 -5124 3130 -9154 -2736 -6111 -5398 -2872 6673 -25 -2439 -5025 -19 414 -3967 -2982 8855 -8155 -2389 -1385 7115 -3740 -5571 -1725 9144 7984 2306 -7365 -1117 -2724 -8271 -3690 4922 -7386 -7910 -5139 1088 
-2485 1766 -5433 7001 2008 9387 -8218 -4683 -1664 -8460 -5880 -3457 -2701 5791 -924 -8226 -5218 5293 -9609 7724 -5762 9937 6410 1729 -4260 -4782 -5872 1801 -6856 -3482 -5266 -7320 -6543 -7023 -3157 -5561 -6809 -7373 -1559 -1337 -8874 514 7617 -6899 -332 4156 9862 -9807 9453 -6033 2354 -135 600 -1553 -2703 -5210 -9989 -6985 2222 -5672 4379 -9607 4204 -1932 -9351 -4428 -6725 -5761 -1735 -6896 
-7330 -1293 -7621 -9227 -2219 -9285 8789 -463 -1532 -1272 -8085 -8870 -3000 -2589 7566 5392 -2620 1868 -7213 -7272 -40 4539 -7961 -4145 -5428 -8405 3493 -5649 -2807 -7709 -3944 -4149 6132 -5508 -9574 8058 3493 7076 -5818 3930 -4512 9911 -5519 -7750 -9462 8236 -9888 7136 -996 -5240 -6579 -838 -6125 -4727 1736 2199 -8166 -4180 -7992 -2502 2171 -3453 -6561 -6745 3116 -3775 -31 -6484 6695 1136 
-8511 -3786 241 -1775 -8954 -6949 154 -565 -3194 -4118 7458 -4852 -8134 -9730 -5500 -8057 -9845 -3839 -6827 -3674 -8147 -2798 -8476 -9486 -3727 -6667 -8232 -485 1105 -4024 -8504 -7314 -6552 3125 9069 -1738 -5299 -8501 -3899 -1833 -2703 -1231 -6828 1268 6138 -8422 4944 -5882 1157 -4367 -711 4563 -2916 2112 9372 -6970 7455 -9248 -5947 -3712 1930 -4038 -218 -1822 -7607 -9284 -7612 -8476 8755 -1001 
-7333 1639 2230 -8610 -6977 -820 -8599 -7079 -7282 -2882 7219 4997 2713 -9449 -3599 -23 -2034 -1773 7533 -183 -7763 -6832 -339 9964 -4252 -1963 -2839 -1184 -644 -7642 -949 -3094 -4931 5400 -8510 -2498 -82 -3778 -3306 134 -9623 -5263 -7321 -767 -9387 -5259 6776 -4243 -4046 840 -3563 8424 -1682 -4250 -7812 -5546 7167 -7368 3350 2341 -2903 -6177 -4404 -9493 -9398 -827 -7165 -2329 -9025 -7356 
-8652 -951 9256 -8330 9629 4526 -2315 -988 -36 -5214 7182 -6189 -7104 -6294 -5849 -1608 -4419 -5176 -8049 -3396 -8470 4936 -2072 -4363 237 -8691 9675 -8954 1119 -5784 2341 -1637 -1603 -4508 4231 2278 8688 -7641 -6263 -3294 6546 -8343 -1688 3107 -4723 -8354 -9920 -3247 -6402 -5205 3618 -6583 7125 -4957 8364 -258 -816 -4762 -8524 2823 2713 -7100 9709 915 -3746 -7144 -6908 -9070 -5843 -2422 
-8529 -7996 -9191 -9961 -9590 -3434 -396 -5221 -3145 -1806 -7447 3157 -956 -6835 -7724 8109 2599 4421 -2671 -4186 -4954 -1632 -8659 6231 -4642 -7810 -2679 -4070 6534 -5043 -3427 -6721 -4786 -9617 652 -6186 -7188 -3882 -6443 1506 -2324 1799 -797 8401 7722 8736 -2087 -7243 7626 -6803 8562 -1549 -7868 -832 567 -8130 -3998 -4820 -1763 -1233 1397 -8165 -2231 -304 -410 8969 -4449 6234 -964 2806 
-4521 -5468 -8311 -7171 -3816 -2109 2717 -3752 2641 -3591 -4320 5950 -7686 -6456 -5337 -1008 -8457 -4154 -7155 7800 6393 -2918 -225 -815 -9369 -2886 -7631 7412 -7434 3226 -556 -7778 -2333 1707 -6029 2771 -25 1917 -3747 -8350 -2813 -1088 -1352 4099 -3025 -1691 9458 -6662 -5206 -4876 8117 -4051 -5438 1683 -2662 7349 -4184 -2995 6629 -2406 -348 -6822 5059 -8731 -9351 -9501 -2686 1137 -8445 -5469 
9145 -6258 -7878 -6831 343 -4208 7506 -4542 -5731 -6065 -4043 -7022 3281 -6391 8191 -4171 -6621 -1024 -809 -3663 -7207 -2342 -360 -968 -5931 9909 -3499 -8387 -7950 2231 8340 -8696 -3290 -7991 -1092 -6068 -9370 -1839 -2148 -2334 9464 -1411 -2738 -4142 2420 1855 -7759 -8474 -8244 -2114 -1900 -278 88 -2956 -1767 -5495 6191 6787 2454 -3134 6557 191 -1541 -3865 -9769 8074 -2423 7299 6709 -2105 
-1788 -1007 -1372 8551 -4493 -9736 2849 -6758 -97 -920 -1191 5656 2176 -9640 5827 -5154 -5152 -8092 -2532 -8178 -5551 -7713 -4501 -8394 -7849 1833 -5424 -4508 3670 -8936 -5341 -9792 -7831 -5105 -3462 -4938 -9025 -5079 -960 -2617 2704 -5459 -6881 -7603 -2853 -4523 -2287 -5563 1286 -6273 -5202 268 -9393 -387 -1692 -337 8999 -6435 -5033 -6835 -9202 2795 -6049 -5728 -6193 -3651 9299 -6906 -1472 5885 
668 -4922 -30 -5980 750 -995 -8497 -8707 -3601 -7057 -4631 -5754 1426 -6568 -6041 -1913 7361 -6113 4432 7978 -5091 -3965 -684 -854 -2488 -8464 2311 -9439 -7105 -1545 -452 8780 6630 -950 -4312 -3952 9508 -5668 -8623 -8322 9656 667 -8384 -2990 -5581 1444 -3680 -4688 -7163 -5948 -1158 -3336 -3205 -6295 2970 -2088 -3953 -7928 -9701 -7502 -5891 -3521 -8596 -5177 -2847 5916 -5467 2861 -9767 -6246 
8006 -3061 -8360 6507 1292 -6603 -7017 -4701 -591 -6954 -9320 -4969 -6481 -4315 7927 -3236 5769 -1314 1948 -9753 -1389 -8342 3280 -2411 -5464 -911 -4649 9086 -9732 -6538 -214 -6412 -6562 -7101 3502 -8239 -4054 3737 -7680 -7303 -7554 7379 7140 -9226 -4503 -6794 -8045 -5391 -5828 -7944 651 -1273 -3909 -8821 -7349 -1640 -7955 -4280 6716 -2709 -2012 -8420 -4598 -5606 212 1005 9588 -9988 -555 1433 
-5304 -3011 -3344 -9512 7000 -5178 -3219 -8413 -3077 -5193 -4519 -2178 -8408 -9127 -378 6311 -8874 1899 -2685 -1340 -1840 -1605 -9157 249 -1952 -3112 -3113 -7717 -4800 -6071 -657 1434 -5303 -7707 -9785 9338 2513 -7420 1080 -990 -7296 -7344 -7111 -9873 -5584 -424 -6496 -8055 7057 1343 5362 1479 -2674 5877 -2660 -6165 -8200 -958 -2358 -3595 -471 8861 -9244 -4321 -1010 -4209 9888 4888 -3608 -3080 
-6782 625 -6291 -166 -9216 6288 -8626 -8666 -8026 -4521 1620 -6637 -1232 -9694 7466 -9253 -8560 -8640 -2648 8017 -8743 -6006 -5462 -9752 8158 -9526 9833 -2242 -8588 -7301 -1353 6174 -2286 -1843 -7192 -5461 -8901 -6403 -5760 -6550 9036 5377 -1209 -597 -9813 3264 -9963 -7330 -6109 -3344 3592 1693 -4518 -7030 -8509 -3566 -8514 -7415 -6515 -7849 -9844 -4209 -5082 9969 -4655 -6706 5746 5353 -3252 -9805 
-9951 8381 -96 -3008 -4906 -8878 3566 -7307 -1776 2231 -3073 -9174 -1505 -6337 -6098 -8495 1422 -4579 -2297 2253 -5361 6937 -5314 -6317 5174 -8800 7553 -4566 4953 -3418 -4457 535 -4618 5284 -2570 2843 -1545 -9217 -5346 528 -8450 -9252 -1032 9377 -4170 -1796 3984 -9339 -441 -5052 -7868 -687 -6683 -1122 -6837 -4334 -1787 4049 -6793 -9983 -5270 -6887 -7793 -1799 -7291 -4293 -1867 -6432 -2941 -6814 
-1832 9968 -6770 3055 -7093 -5989 -146 -3125 -8663 -4265 -668 -2881 -4004 -2148 -4321 -5954 4287 -4792 -1862 -1037 -3630 -5985 7575 -1539 9647 -6117 -8293 2278 -4696 -7743 -4324 9329 2031 -7459 9635 825 -3078 -6387 8248 3250 -2977 -4168 -4396 -5075 -3405 3485 -9497 -9040 -3360 -2825 -6283 -548 -9584 -5104 -4762 -6718 -4447 8498 9110 -7975 -4404 -5526 -5113 -3434 -2880 4535 -2038 195 -9926 -5482 
-8805 -4029 -1877 -5506 -1036 -457 -1573 -5166 -3269 8790 -886 1352 -2394 4778 -3904 -1249 -933 -70 -846 7725 1912 -7240 -5096 -2282 -4086 -3343 -4207 -2732 -1706 -6433 -2807 -6824 -7273 -5221 -1260 -358 97 -6921 -2807 -4700 -175 -2224 -2310 -7842 -8113 9676 -3274 7875 8507 8080 -5765 3249 -1142 -3322 -4083 -6373 -7674 -7154 6275 5531 2928 1623 -4030 7860 -6160 -7074 -1389 -181 -6444 -776 
-3850 6632 8415 -4158 -145 4269 -7307 -318 -4267 819 -5511 -2633 -776 -7998 6222 -8133 2448 4142 3943 -7257 3736 -6723 -1909 6392 -3247 7682 -4402 -3866 -7514 -1420 2485 -7018 -8346 5382 -4972 -2101 2689 4008 3375 -574 -9862 2242 -379 -9011 -1125 -457 6298 -4615 -3507 -1842 -410 -5098 -4458 -2823 -4545 -5499 5676 -5154 8843 -4465 -6678 3056 -9688 -9602 -7352 -5578 -4752 -3889 4242 -2383 
-6783 -6547 2150 -1613 -595 -8647 -3128 -8627 -8193 9515 9364 -7710 7812 8982 -8499 -5979 2678 -1436 -8878 -9041 334 -9844 -5303 -1427 -1604 7835 9631 -2047 -5640 -7396 4569 -1654 -5370 -9196 -7854 9293 3770 -9004 9440 -2766 -1175 -6710 -4000 -9790 -355 -541 7400 -981 -6643 -1279 -6930 -6661 -8496 -9187 -8767 -6021 2794 -2492 -5154 2460 7821 -1827 -2532 -2999 -3033 -5926 -2064 -1550 -1160 -6436 
7133 -4028 -3392 -2698 9566 -1758 -9544 437 -9971 -9124 -508 -6282 1116 -2715 -6481 -9082 -8914 -7812 4843 -3970 -5500 -7189 -6479 -7701 -6369 7319 9534 -5295 -6184 2340 -7393 -7167 -8696 -3329 -7130 -1184 2279 -9387 -711 -4853 -6951 -6909 -7702 -3878 -3687 -3982 -7719 -56 -2579 -9990 -5434 -9312 -7032 519 -363 9968 -4811 -7603 -6245 -6878 -2825 -2147 -5994 -5976 5676 8820 -1721 -7912 958 7998 
-2795 1315 -1227 -8089 -6792 -1778 -7607 -4750 -3269 9068 -525 -4170 -835 -2061 -3849 -7064 -4834 -1250 2751 9238 -3175 -856 -7745 -608 -6747 6925 -3936 -9082 -2002 -405 -6295 -5567 -6212 -878 -8913 -238 -5257 -3806 -8059 -9831 -575 -9814 -3642 -1248 -4840 -7420 103 -6360 8841 -7240 -7520 -2898 3536 2102 -2853 -498 -6955 656 -5261 -9086 2368 3060 -8458 -3588 -1116 -2844 3670 8647 -9364 -2373 
-7557 9654 8881 -8407 -6977 -6487 -1882 -1966 -1777 -8938 -6910 9207 -3866 5741 5017 -3147 -9522 -7875 -1036 -8798 -2313 -2814 -6906 -4037 1174 -3376 -4455 7051 -9809 -9726 8858 -4253 -6907 -4134 -9312 4489 -6628 -7273 -5178 -7731 -4195 -4267 -4924 -1967 1443 -7939 -2563 -4135 -2523 -501 -6812 -6796 -8458 5823 -7469 -2387 -1463 -9190 -3943 -4594 -7106 -9212 -7431 3988 -9324 -4726 -7557 7801 -9644 -1011 
-1502 -9608 -3102 -436 4571 -1011 -695 2053 -8728 -6493 8943 -1614 -735 2664 -8750 -9725 -7346 9184 -9819 561 -5730 -9665 -4711 -8842 -5160 -222 2133 -3411 6682 3344 -9571 -6992 4313 -1548 -7708 -3005 -8449 -23 2339 -487 -5864 -1423 -4034 -4071 2297 -7039 827 6270 -2056 -3254 -1645 -5321 -5812 -5695 -9266 -5356 -1999 5905 3863 -3257 -6235 -8353 9911 4802 9980 2077 3361 -1892 -2786 -1773 
4635 4602 5702 -5870 4841 -443 -8219 -4069 -4416 -2697 -6743 946 -6401 -7755 -6164 -1999 -4651 -5830 -9148 -5379 -6122 -4177 -8217 -7659 -1288 -1345 23 -7100 8215 -2570 -4251 7565 -5967 -5293 -5318 -5513 -6474 -3139 -5208 -8912 -4215 -5830 -1617 558 47 -9708 -4202 -996 -5613 -9416 -1517 -933 -9992 -7861 -1097 -8935 -9056 -2957 -7220 -3897 -3862 -2998 -1226 -3934 592 -84 -9675 -8936 2569 -2784 
-9413 -3895 -3041 -1914 -9553 -7093 -8901 -4637 -5235 -286 -8824 -118 3192 -392 9117 -9558 -3497 7671 -6354 -7911 433 -9334 5194 -6954 -4384 -4235 -954 5102 -1980 -3642 167 -7149 -5181 -9962 7316 -3875 -3812 -1701 9689 -6577 -8624 3081 -6299 -7567 -5084 -8603 -6299 -8015 -3146 -74 -9057 -52 -6741 -4054 6693 -3906 -6961 -5728 -8469 -9901 -298 -788 -7817 -7948 -5755 -8709 -9513 -5994 -9087 -6789 
-5926 1 -5597 -1788 -7277 -5882 -7255 -7308 -2264 8154 -7482 3833 -2189 7365 -7031 -7554 -6384 4274 4767 -107 -1436 5545 -3540 -9324 -3929 -1101 4363 1828 -8085 6072 -1553 -3777 -4258 -3754 -2954 -34 -3427 -5909 -2726 -795 -6409 -4618 -3297 -7214 -4137 -2083 -2013 -7158 -9984 -736 -6636 -8667 -6295 -8901 652 6569 -713 -3527 -5198 -5565 -221 -6118 -4821 -6869 -2760 -5607 -3886 -428 -9193 -6711 
7077 -147 7721 -390 237 -3728 -3790 -6827 -2392 -4573 -3658 5933 -613 -4164 960 -6626 -8108 -5552 -6848 -1899 -9757 -1507 -7053 -4718 -3322 -3560 -3686 -983 -1881 -1352 -6319 -4588 7858 9915 -1665 -6709 -3209 4101 -2207 -451 5895 -9621 -5206 -9835 -2729 -3400 -1486 3709 -1771 -8004 -8515 -1169 -2693 -8643 993 -8038 -7511 5418 -71 -3924 -8046 -9297 -9288 -2466 2424 3063 -6433 -179 -4315 -4371 
8121 -1520 -7324 -4149 -1785 9693 4103 -3778 -4335 -2658 -6375 3931 8719 7465 8803 -3095 -8563 -3367 3179 -3996 -8898 -1776 -6521 -7067 6391 -4922 -4203 -2102 -7956 -8557 6206 -9221 -8611 -2697 -185 1442 -7477 -2980 -6883 9933 -2854 -2540 -7315 -1063 -1873 -275 -5686 -5316 -4936 -8101 8327 -6364 -7784 -2892 -9672 9519 -6063 -2690 -9504 3726 -6649 4768 -1443 8444 -2981 5513 -9930 -4999 3380 5428 
6575 -6057 -6229 -3083 -919 -5523 551 -6046 -3904 -3380 1348 -4428 -3683 4382 -7247 -8947 -9347 426 -1000 -6610 -746 -9600 -4211 1852 4520 -5239 -8973 -3921 2065 -9962 7401 -8704 6335 -6635 -8708 8225 5871 -1632 7267 -6686 1889 -421 -6341 -8854 -790 -6549 -5060 2019 2168 -5156 -1116 -3861 -4980 5901 893 -2616 -3378 -1213 5674 -8757 -1527 5437 3397 1269 3334 -466 9317 220 -5688 -849 
-5724 295 3283 -4175 -2288 5694 -1830 8521 -8337 -8538 -6747 -9654 8575 -2049 -484 -5091 -8463 -2231 -506 -6877 -6359 -593 5459 -3225 -5408 -9706 -2681 9665 -3269 1425 -7861 -440 5935 9894 -5215 -1698 -7932 -3871 -2847 -473 -6790 -9799 8698 598 -929 -2563 2646 -3330 -539 -9613 -5451 -3340 -7055 8600 -7302 -4164 -7813 6315 -3282 3139 -869 -2976 -8311 -5226 345 7412 -2443 -3061 559 -8202 
-4264 -9982 5692 -2359 -7925 -9280 -7668 3201 -8196 844 -8760 3347 -1915 -2331 -834 5505 4184 -8104 -921 -1786 -9793 5934 801 -5662 -8595 5609 -6521 -8999 -1778 -2674 -5437 -9554 8492 -791 5222 -5781 7130 -5168 -3113 6383 -105 -4011 6003 -2859 -4276 -3052 -780 -36 7678 -2846 -1745 -2298 3333 -4530 -7600 -5644 8432 3129 -3210 8857 -3092 4460 9049 1826 -3005 -960 -5648 3799 -2679 -743 
