83 76
337 -9491 9736 5163 5760 -1250 8935 3599 7464 7316 8399 8592 1799 2819 1805 4423 6956 -3338 8891 7225 9161 3343 5918 1917 5118 -8635 6887 7008 4158 2988 6581 4094 6617 193 4286 -6639 -638 9759 8663 7767 9426 3248 -9571 9841 6776 -2787 -10000 766 -229 9109 5382 -2397 546 5468 6844 -9431 8794 8580 6123 -223 1857 356 8346 8312 2705 7265 1907 5409 3594 9915 4661 6875 4437 4996 9641 8696 
7695 2888 4957 9286 2810 746 4784 2331 -1905 4286 9302 7207 9357 6805 8139 1116 -1197 -659 6115 1352 1418 8294 9723 5288 6949 2046 7299 1950 8941 4412 9504 -7659 -5184 7156 -7831 -202 -9536 299 3927 4357 921 574 244 7147 3136 2703 1409 2959 4006 8859 2519 -4428 8448 2061 9425 7412 3668 8340 7398 1258 1087 9414 5785 7479 5594 5945 8052 5940 7866 7999 625 6243 16 -9632 4268 1900 
6210 5222 5713 742 328 -872 7604 4813 8765 5187 247 4475 -7767 6333 2250 7236 2293 7404 4482 9162 9813 7047 6664 6232 -7547 2088 2679 3543 9008 2738 6198 2976 7407 4337 5788 8784 2494 5876 7957 720 -6521 -66 7566 -9963 7508 -588 -996 -2046 294 3670 3181 1128 4404 9259 385 6922 4282 -8035 5150 938 83 407 2906 5816 -4998 3105 5587 7430 5930 5512 -1597 2629 6045 9643 9031 -2694 
-9972 5341 4202 5286 -9961 9107 8573 9869 1564 3389 8407 420 9783 -760 228 -3092 3095 8713 5158 1171 -6593 736 2432 4460 -8993 5927 3250 2064 7268 3873 7915 8819 317 -9134 -9882 6954 5215 6148 1443 4668 1168 7680 6249 -5197 4477 4898 3608 3069 -742 6970 885 3484 -1411 4663 -992 7124 -8947 -3618 6947 494 5061 2484 1418 8852 6369 9459 5647 4674 6465 4254 1311 481 4495 9962 5049 2429 
-5389 -9776 6949 2451 4039 4579 7316 -4744 5927 990 3560 8844 279 -173 4143 3881 9227 5021 2414 -4326 1978 3190 88 6585 8417 -9284 4190 -2259 5163 3231 2033 3591 6244 1568 625 -8535 5515 6516 -4558 8504 7873 9244 8720 3248 3643 6259 4475 3018 7006 2554 2218 4178 2255 9454 4432 3321 8108 3507 3314 1704 -5491 8543 547 4037 237 -8260 8408 3310 7889 8844 7266 2327 7384 5392 3842 -910 
-1937 1418 6275 5733 55 6696 2311 1336 151 -1133 9027 4661 964 950 3116 7981 -5031 6438 4019 5397 7803 6787 1457 6373 8148 8619 558 6493 1796 9266 7429 9643 767 -9263 5346 465 7870 8424 1851 5885 -9883 -7736 4647 1711 956 7500 5100 1590 3474 5916 8499 52 3337 3256 2256 3297 9621 470 1925 5567 5099 -9128 -2510 2323 7785 7572 1019 2377 3302 5038 -6901 9535 3789 4198 759 8899 
9757 -8888 9239 7760 1873 2813 4702 5774 2553 7253 1687 7333 106 9103 7896 5174 8710 411 356 2906 2858 9616 2612 576 1592 3909 8810 2015 9563 1968 2711 -4884 2111 7500 5061 4125 2322 6637 1854 4257 1577 7829 6979 -8221 -8187 3205 8420 1011 7370 2505 164 174 2796 7894 4762 -1481 6656 469 8550 6672 4658 1712 3636 -48 1037 9452 9480 2447 2585 8432 3280 -3335 -1654 7394 2282 8181 
3901 9588 5414 2845 4958 405 5914 7671 -7876 3325 455 -8655 5824 5099 3721 9408 2075 9636 -4572 3666 8402 1161 4158 -2161 5878 6221 3316 2223 836 -9064 6298 6575 8973 5189 2361 9794 6446 4114 1965 5253 -7805 3411 1709 -4800 7962 3615 5323 4682 3745 3306 2354 -3177 2927 9748 5440 1204 9818 -4 3622 -2218 7745 1705 8690 7946 9366 -7398 -5900 2660 8347 5008 8774 8855 2661 237 1876 3576 
8325 1477 181 8115 3774 8195 7967 2744 4491 -9065 576 7657 5671 5434 4360 6969 4587 8659 2156 6088 9260 805 527 3198 5242 3006 6313 -7214 8601 6380 -6221 4095 7346 5353 6976 2079 -133 3796 6084 7556 6915 -1986 7755 6034 8536 9750 -2620 2061 2519 -8598 2736 3880 3639 2411 2219 9516 3534 3876 5913 -7690 3161 -9124 6188 -6699 314 504 8967 2156 291 2190 2650 9812 9998 -8568 817 -1143 
4142 2595 -5354 4326 3555 3881 9842 6907 7110 7546 -6825 5926 3074 4338 2215 9388 9283 7290 9123 165 2905 8315 3590 -7349 6106 3808 9875 8311 1322 -2213 -2238 -9342 -8058 351 6904 5928 9533 2879 814 6333 133 7816 626 317 9316 6224 4483 322 9510 6904 9107 3440 1824 1762 1890 2739 9794 -5385 4320 1782 2704 1252 -3285 8880 1772 6023 8369 9084 3508 322 1403 4566 8626 7461 9286 5932 
-3044 9180 4635 -4637 7371 1131 -6901 1621 203 3404 5751 4746 3677 565 2342 914 2209 6003 3583 5969 2009 -5223 5708 5254 5760 4986 2997 577 5272 -1680 6823 1542 8560 8173 1650 7871 4767 -2709 865 7636 2389 3731 514 69 2239 5495 1733 945 2561 5505 7467 366 6396 5969 3588 1830 3644 7015 7943 10000 8513 -3662 4628 969 6221 -51 172 5773 274 9909 3835 -7976 2104 2629 5059 9544 
3686 2962 2560 8634 5605 -751 9188 3045 9607 3890 5936 4467 792 2021 6997 143 3746 -527 -895 5476 -5929 4112 8306 7422 8320 9141 3250 2154 2360 7826 1050 2886 3422 9198 9747 3884 197 5796 1653 -6989 3420 6308 1923 5925 1873 6722 8388 6101 8322 4856 4477 2873 8881 1374 2831 9844 1106 9346 5725 7059 731 7817 7750 3920 5045 471 9287 9177 3232 1 -9892 91 7352 1950 2845 8382 
-3352 84 4991 5704 1505 1018 9897 4685 7854 -528 4311 -9252 2272 6772 -7437 7737 2592 4129 -2479 2829 -9093 4120 1481 2682 3823 6428 -2772 962 7173 8157 3070 2827 -394 5066 8826 3163 2816 -4402 365 1002 4337 4312 6422 3485 6699 9398 -9302 -2295 9108 5338 9288 3564 1196 9859 5205 7573 1402 3065 2206 7436 2039 8174 3514 -3750 5907 9713 5105 1802 8349 8838 2387 3656 310 828 5954 6730 
631 986 8994 6535 4858 -2025 853 7492 8976 5257 -4260 3439 2281 8346 5417 2591 6906 4124 -6739 -3379 5309 8251 1898 5831 -6102 1559 1066 4265 6035 2038 811 3600 -148 3014 7504 9152 6775 7003 9570 8680 2769 5106 2809 9329 628 2136 6481 867 4103 3191 6330 5661 4631 7223 621 6153 5178 2182 6045 2696 1081 9233 9585 5192 -5122 9229 504 3749 6035 -3431 279 8629 -5451 3155 9812 8492 
-1847 4677 8922 1685 7062 6022 4102 7378 2422 9364 5963 2210 908 8031 1908 6594 413 4709 1940 7771 4191 3002 4326 3965 -487 9507 2351 6581 2615 1309 9341 -4064 1061 -1627 1548 9736 -649 223 3333 1471 8980 846 5121 4238 4379 1819 5755 1554 4978 4425 1107 802 4275 1901 5973 6499 7513 -6736 -6654 2771 7095 3030 3315 1220 9498 -3944 8469 -276 3291 3430 8331 5979 9805 4689 3038 9724 
6878 3235 -5358 8507 6934 3520 4155 5194 1722 1446 3889 3106 848 416 1035 -627 -1960 4020 -1204 -5732 2496 3354 3730 1510 3300 1017 5744 4033 1180 7074 7185 8953 1086 5667 3538 4757 7771 -5714 9160 3216 4987 5304 9823 8125 3109 2023 6883 2022 846 3672 -174 7956 7751 4251 7417 1315 4156 3479 4427 5428 3173 5623 5392 -3918 6215 5202 -2508 6291 6227 -6328 9853 3387 5826 4840 -8295 8303 
-1976 4836 8004 6658 8451 -4693 -2189 -9725 6172 6689 534 4426 8958 9109 2349 2533 7913 9741 9870 3464 7125 1911 -4775 6541 5119 -1610 2224 92 -7672 6840 6487 7816 -2296 -7770 4488 6310 2147 5209 2874 4407 8130 4779 4602 7788 9549 8541 7414 684 -2520 7379 9437 8429 -4184 -2285 3153 7151 3941 5855 4355 8473 9285 8163 9351 1763 4734 1496 -7210 8751 7144 -8779 -8477 4107 -4585 -9142 4071 4516 
4028 -7169 2455 3983 7250 7408 9446 1553 7495 5845 8368 7446 -7595 5612 2243 8543 7097 5530 -2898 6426 4444 3408 7177 5162 3201 1123 6580 8809 1037 589 5399 9417 7477 3410 -54 4004 9254 5607 -5043 2679 4431 7928 -4908 8501 7557 646 5074 77 9075 4400 389 793 5452 -8979 4458 8792 6801 4501 8238 1916 3254 -770 5309 868 4624 924 -9110 3198 5841 4738 3891 3866 3034 5033 143 6650 
-5702 4341 5277 8469 4749 4695 8409 6950 5480 5511 5964 -1510 -5738 4372 2886 5471 -6211 -2109 2788 7490 7487 4937 2117 5765 7890 2413 6002 -5234 -7925 -1803 5250 4144 2355 813 7543 1866 -2489 7613 -6528 1363 6147 1121 4967 2721 1896 -3795 4423 980 -6308 -7112 442 5561 4526 4861 -4784 2601 4770 3205 2628 -1765 970 5539 7576 -2026 7915 -8516 7858 3898 7751 8576 8947 6804 5055 7713 9106 151 
6662 5196 2530 7108 6201 -9869 3381 947 -4244 3172 8145 3713 7959 4372 9150 5197 2188 179 6778 8598 797 8552 9643 7151 2797 7619 5571 1482 2208 6721 5859 490 5447 -1365 2474 7186 4751 7941 443 4132 -7252 6406 254 3816 9097 -5631 6547 7737 1626 8042 -6573 3422 8445 5181 -5030 8943 -5833 4284 9724 8540 -8084 831 3765 4962 -3384 -3478 9949 -4589 1227 9925 1312 771 3388 7251 -3421 230 
4237 3627 8042 1489 6757 1075 1785 3606 153 8006 4554 810 8216 8009 1717 -1353 1106 -3312 2090 -3167 9577 8638 1534 2544 -1724 359 9689 5271 7630 3982 6775 -9036 9079 3806 6197 3335 7834 9301 4502 8960 6647 1742 6906 2291 7211 5261 1309 2024 7558 4109 5086 313 5906 -878 5557 7263 3044 295 9900 -4084 970 3406 2254 -6503 7136 2707 -2672 -1301 9078 9052 -1018 700 9967 7914 3857 4753 
3192 8746 8219 2236 1467 7728 8757 2770 2002 5822 6782 4981 1830 7227 745 7918 805 4013 1603 5170 9096 8581 9934 7811 3490 125 200 -1065 3250 7917 9528 2368 8225 5601 6578 1981 5439 7141 3700 6993 4122 7870 2245 932 3303 3632 7470 6697 9944 9057 2729 6733 3647 -696 8753 3701 4010 6665 3871 4044 5861 -7822 6345 -6264 -3570 -1695 826 6275 858 5242 4164 2386 512 4002 3605 9568 
876 3305 3238 8530 4075 6967 8007 -8098 5050 532 8041 4296 9598 -1005 6213 -9366 2981 2977 9956 -3820 1486 9242 4645 -639 7962 3003 -5033 1672 -5293 9000 4369 -567 4024 61 778 -2203 7409 1958 9316 8556 3438 477 3353 2473 2636 -1575 -4672 2442 7436 8470 4272 6783 206 5598 2889 9076 9079 3577 6622 6805 -6667 5436 8293 7051 10000 8074 4145 8914 5886 8436 8484 465 -5294 8342 317 1034 
7025 3273 2416 503 4364 -7844 417 9570 7606 5571 7602 1944 8582 6660 1434 -3526 4795 4458 6763 4594 9762 8908 5783 -6077 8624 6953 6150 7988 248 4047 -9583 7144 3644 1939 2855 6935 1056 9765 8615 7989 2326 -6991 4287 4520 2875 2090 9199 -5235 9594 4067 6576 3908 5232 5248 7692 6297 5717 7773 476 5257 -4855 2341 4274 2631 9403 -5198 6650 -9376 -1304 9485 2511 5528 9855 9061 3357 3975 
6941 -3227 3513 555 1781 5970 1155 171 598 8144 1287 1403 6929 9453 3979 1182 7061 4728 7494 7087 8422 981 1981 3528 1444 1760 6736 -7969 7787 1603 1682 9974 -6802 1476 352 9953 5998 7566 -3653 1408 -3423 2339 8159 5859 8465 -1759 7366 8262 4582 -4483 5433 1939 8583 64 406 -5499 7172 7400 5197 5077 6844 6835 6236 -5880 8827 3615 8335 8290 7355 -762 1195 4760 1676 -4016 4167 7236 
4613 1105 1386 1449 9314 -6972 1761 9570 7755 7958 984 6244 -5021 -2004 5168 8474 5170 3980 -1025 -5937 -1201 1228 6143 6317 520 8403 6250 2333 5524 2552 6508 7536 7299 7812 5641 3068 1539 9006 553 6288 6944 8942 5717 -2842 9581 4336 3226 6084 9197 950 9916 8049 -7448 4376 3297 2999 3160 1057 3774 9375 -6064 327 -1125 5332 -6200 -9602 6775 4648 7106 478 4414 8580 9449 4850 2031 3473 
3002 2146 9053 -6531 7550 7107 5414 3391 6179 4059 2649 5562 6019 2504 3259 -6496 213 2130 2986 5200 752 1650 -5604 8384 8342 8436 4540 3885 2204 8226 -9692 -1899 -9184 3892 6412 5835 3131 2667 8135 2844 5286 1204 1846 -8792 8525 -545 1574 9191 5318 4856 3052 575 5053 -5969 4731 179 6882 8644 2156 6141 3040 -454 1260 5278 6161 7157 -1492 5049 6455 2114 3887 3267 1152 9193 9272 6927 
-8942 9069 1042 -8079 9175 -637 5239 -606 4731 8653 3816 8596 1013 519 9820 8250 9413 7759 5519 -9126 3951 2555 6625 7581 5570 6395 -7351 6510 3654 6606 4505 3711 3805 8439 2375 5544 1627 1068 8888 7094 5075 8053 6397 -1320 9853 6197 2848 5153 3065 977 8885 8618 4562 6121 9031 8842 -9937 8912 9072 -5533 1649 9070 3822 1496 2287 525 2946 1966 5767 6412 9045 9092 7916 8571 9109 4714 
5693 3387 2791 4495 3889 4317 1727 -2991 7484 5979 2610 9115 4114 5466 886 -2475 6638 2524 176 -3835 6105 4948 9091 6713 9845 9547 7208 3244 4585 -4629 3312 5386 6914 4354 7824 -6034 837 1775 82 6579 3880 4781 5440 3140 7884 -3193 9978 8786 5336 8919 648 9874 4369 -3840 8336 -6772 325 -8166 -6115 4326 2067 1601 4176 5135 6902 4220 733 3636 7497 -7474 3359 3691 5716 4807 9257 -5207 
6536 3348 6493 8092 3568 6488 554 5843 -118 4617 2343 5481 2187 -4282 -9919 -5781 8112 9529 4378 2640 5505 6118 3458 4487 9027 7722 456 1820 8232 8509 1677 -7214 3322 8151 -3575 3912 353 -1458 1911 2335 635 557 1719 3446 8714 4676 457 8989 1035 8290 5240 4504 6544 2531 2314 -5486 7658 44 4509 861 5489 8005 6100 6535 4256 -2721 6499 4123 355 1512 3713 2156 9808 8079 552 9655 
3800 7872 -6621 4077 901 1851 -1744 1070 8499 9932 3380 8077 5553 4563 940 90 1929 7768 9636 3485 3423 8406 2055 8869 6143 3232 9161 -2047 4938 9264 -7164 9281 7150 6444 5848 -7008 3469 8389 7850 8207 -4288 7720 2813 -2879 697 5763 5090 3030 1854 -3186 3816 -5510 4927 6515 8083 -370 5868 3890 955 6283 813 4104 -2654 -9929 7890 3752 9613 7359 3281 -1964 1826 2494 8214 7502 9211 8366 
9183 163 1693 3224 6774 8161 2904 4351 179 6224 5721 5626 6942 -6288 -8189 5021 5301 5781 3279 2617 374 3774 3357 -4933 -3513 8322 9709 3844 7670 2972 135 573 3877 4809 3278 5729 1511 -5071 1026 5854 4770 9160 1026 9718 5401 8942 6593 570 6030 -7946 104 4044 -4668 5716 3083 1593 -7662 6561 5436 9266 2664 4121 9342 5909 4433 6176 -1463 1637 -3972 605 3362 -7294 1467 3069 2128 2308 
1572 1804 2056 -7594 8329 9249 2188 5377 -6838 4990 5293 988 7424 2447 6437 29 4847 2717 -4981 9858 4971 -4344 8628 6508 4283 8715 6925 1014 8301 1091 2488 3378 -7414 6906 1958 1198 4106 4080 -849 -1307 9160 72 8032 -2823 -5446 3076 -1517 -407 6065 5338 -1134 4246 2781 -3406 6302 5954 4974 5015 2126 8539 -1799 -4900 7065 -5811 2289 7048 -2977 2051 7470 6212 6297 2712 8485 -9939 1509 4342 
4673 3569 -9248 -7992 1049 4040 1006 9369 5373 7870 7429 2945 4933 6346 7534 9209 6759 5312 1220 6861 5315 3245 3402 6859 5843 6915 3026 3229 -792 -343 3359 6801 8158 9428 6763 4082 8408 151 1410 3132 7983 9305 3249 4307 2351 2364 4913 6654 4869 -8060 7549 2293 3667 5101 3379 1259 -5128 -3490 6089 5396 4924 2443 1440 6920 1861 7403 2284 3409 1632 8378 4396 6831 476 5524 2739 2710 
8116 2430 7962 5343 7282 6669 3093 1325 5845 3766 7790 7639 952 4544 3658 -9045 8848 -3992 3636 1236 6484 -6164 4542 7251 5102 4870 6843 -3987 2187 3187 4624 6557 6877 38 -1002 838 4032 -3141 2015 -8444 9305 2930 7313 67 925 -4683 8718 5588 5597 3245 222 4079 966 -7365 8532 -773 -4304 5420 7860 -415 4796 -4332 836 -9001 5209 7056 4010 6684 7645 9215 5215 7895 7435 9443 3735 4542 
1835 9111 4752 8137 7004 4101 1478 6630 8181 8998 -833 5657 -1580 363 2345 8136 9550 -9044 7010 9504 9061 -2205 7132 4017 2053 4323 3443 1512 9116 9062 -4284 9452 2875 3619 606 2476 -255 7364 751 5432 -1932 5395 1250 6068 -8378 5879 5705 8376 7315 2852 2712 8873 7461 -8307 -9576 4494 4324 8060 2595 7158 6031 -3712 213 6914 3506 8814 4912 7233 9670 9609 7374 -882 8400 5383 1683 1053 
3843 9028 -3201 -1520 8785 6011 2353 3809 7085 -2189 4797 4984 4433 -4302 3650 8969 3425 7782 9474 690 3406 1656 5820 6721 6549 9662 995 1223 971 2928 2210 -9612 1329 -4243 4263 5200 4234 9809 3711 -1737 6792 -394 9353 2834 1301 -9968 -4305 993 4835 1528 -7647 7742 2895 9099 4029 -3371 2492 342 -9316 5083 8731 7039 7362 5582 -9520 3591 7219 677 4632 -2589 7993 5715 9390 8425 9605 9464 
2750 9049 9018 -4722 3988 9878 9058 3284 5775 130 975 3866 2198 6483 -6575 2328 4867 4219 -3555 4329 7764 5091 334 835 35 -4299 7229 -7549 -5953 252 730 8868 -2892 7132 7240 5772 9271 9705 -6349 4622 3897 8369 7353 4641 2267 509 452 323 2671 2066 8563 9800 966 6607 3488 -8598 1100 5235 -1532 5561 303 6116 4119 1513 853 -5593 4672 7644 -7356 734 3543 1357 481 6271 8639 8725 
5693 8633 9240 7236 931 6491 2997 -7317 8600 8874 7502 4153 -2646 4553 9861 4311 3729 1652 3245 2173 6937 1904 2180 598 4599 7962 298 1325 1430 2923 537 1100 -6202 3268 -4086 3183 7260 -3535 3112 7202 4772 5065 6633 6769 1389 8512 1728 1145 8994 8863 9931 8280 9213 -3740 8446 3595 1665 6160 733 4423 546 -7773 1293 -1645 2825 9250 -4974 7675 5177 -9694 3097 7307 9855 7308 4022 1669 
5183 4381 5723 -9626 2363 8153 7710 5107 4376 -844 656 112 -1770 3074 5856 9713 68 -7411 8092 9122 5515 2253 -847 881 4786 6178 3915 9205 2454 1084 568 -7207 6718 4847 6952 5655 -2754 8171 6180 2824 1665 563 -7953 398 7366 9597 -2981 8871 7898 5823 4410 9516 7539 625 7443 9797 -7763 6850 1537 -4532 7541 5335 6565 335 4692 3979 6508 3036 8337 2747 6519 3161 1005 5469 3824 8431 
1950 2887 4677 8086 8945 6591 8322 6091 6551 2444 -6414 2434 3857 -6865 5618 2037 8646 9074 1720 8859 2710 6409 1062 8945 8119 3823 8979 -1034 6150 -7744 3845 -9634 4270 7115 765 9057 8038 60 3906 4554 7135 -5074 1486 -8874 729 6989 -8274 1493 4502 3099 5549 5267 9988 -5380 5814 -5453 2605 1976 4285 -7941 4788 2729 -8027 2016 9682 7849 9323 9756 3664 1449 -4053 -2769 4748 8967 -2013 -2660 
1557 510 6141 5912 9393 1285 5963 9946 7888 4317 6974 2536 -5856 5536 5087 5981 7576 8890 6906 6357 1438 969 3767 8855 2279 5608 -276 3001 7653 7636 -2679 6296 8080 1699 6396 8266 -8206 5692 2277 6761 -9075 7440 8616 8135 5894 8561 237 7661 -5751 4846 215 9336 8128 3291 7014 609 1416 1988 4726 2182 7519 9673 -1434 1563 231 -7822 9145 6674 8859 8309 3061 6022 7162 4336 6420 -6596 
470 7052 3805 1389 471 9647 6842 6374 3074 -755 9152 5015 6632 7571 -2848 -4524 1539 9648 1730 7996 5598 6461 6998 4665 -8038 3978 670 935 3199 -1687 8208 9572 -3185 -1688 9206 6508 -8266 7202 -2518 6559 -1172 9819 1134 -9 4380 4932 8059 1220 -4859 3234 3023 2423 9671 4601 -1813 -607 -2844 -9066 1120 9198 2060 5709 2403 -8999 2064 -375 1753 -8437 6366 -7646 7162 -2125 1098 9069 8065 7769 
1997 -4633 1667 8599 4737 8131 7205 4612 -5374 4738 5324 6334 683 4419 -4900 3231 8547 6371 9498 1324 -3833 6864 8542 8505 4118 -8545 9153 7080 8730 24 4117 -4179 7412 5012 498 -7471 9463 7094 6563 4439 4289 9975 3823 -9602 2184 -2403 6078 2295 2961 2611 8093 9327 740 4948 2105 8138 -1770 9629 5912 8834 9524 39 8379 5094 6303 4242 643 5600 -8086 7717 4166 9204 7085 8607 -6989 7857 
8900 -596 9524 2720 -2652 9647 9970 -1804 160 1665 39 8140 1990 1546 4641 1960 7922 3831 9592 5065 8505 3985 4589 8146 4260 7450 1766 -5868 7995 2099 5180 3224 5445 -7317 1759 5032 2123 4447 6908 -3406 2671 9235 8348 8171 -7428 2690 4420 4051 6857 3342 6391 3528 -8142 -9170 9158 -8348 3023 1393 8551 -6323 7960 8282 159 5813 3157 4425 5654 5680 9409 -6880 3178 8866 8816 -5258 938 7217 
8686 869 -3695 7910 4435 5445 2394 2194 1595 5172 1539 6382 6885 4071 8823 -9832 7499 1419 3727 1499 -6041 322 8323 168 -2720 3847 6278 141 -9416 9597 3414 3802 -958 -4777 3860 9268 8318 -2913 2593 434 8832 228 6448 6192 -1558 9973 3660 2620 3774 -4843 8431 4740 894 3386 5838 760 2998 9553 7631 2295 7199 4618 957 1400 6235 -4725 2407 -1658 6032 -8907 9195 -3723 8030 -9877 6148 4296 
4140 4075 -4439 545 3155 4948 7093 6119 6856 5991 7847 2835 8400 6654 -3693 9048 -4373 3746 2351 7943 1817 8630 6659 4190 4556 2928 -4687 900 -4103 7995 3131 3979 1357 4118 2783 -8266 8935 2745 1390 -808 2995 326 7247 6902 6582 1384 -7461 9197 9188 941 2333 6271 6059 6977 -5655 9139 -7523 3475 9568 6859 7748 8843 7493 -2914 2275 -4870 5064 6606 9943 6423 6875 4785 -8037 -1773 3952 9778 
8153 105 7266 3391 -821 5138 3826 19 9726 1998 5247 7280 8338 6455 4513 8529 -6235 4107 9755 3132 323 861 1709 4095 5881 8058 3247 -5997 1513 609 1147 4825 302 9650 7110 -1957 2936 -6241 5453 3602 4934 5254 6336 1836 976 4442 -1456 5080 1730 4462 1218 3826 2572 2408 7682 3705 4526 -8992 -5068 1446 7826 3525 4594 -1102 7404 6328 1872 2768 7972 792 -2614 7034 5853 9894 -2766 3025 
6212 1272 8423 771 6187 54 897 3609 958 4718 8831 -8729 357 4115 -2046 4068 7983 -262 7388 5679 2795 6596 9139 3210 9141 3917 9651 1754 4785 9544 8485 7107 640 4161 7670 1190 -991 155 2404 555 1946 3549 4077 8850 4734 5113 3467 8525 -8994 2598 1539 6462 9845 4411 -5477 9178 -4739 1798 183 260 2205 9716 2770 42 283 2126 3901 6208 -5974 4252 8098 5583 7112 8300 -9864 2737 
-4892 4291 1025 9984 997 424 2743 1444 8218 204 7714 4978 8628 6749 3443 -2442 2463 1577 4947 7934 7416 -6073 1572 -3877 9630 3503 1555 1280 119 5851 379 2611 1974 7591 275 -4100 -2487 5029 2596 1657 3722 5860 9401 4918 2950 9170 1379 543 -8148 3037 6638 6093 -5748 5848 5962 4914 9668 -2991 8786 -3659 8182 -9000 8571 -311 1893 2152 2552 -1170 -4596 1675 7252 1581 -2254 7606 3656 4426 
-9074 -645 1576 -212 3604 1706 5564 3576 2454 2832 7744 1562 -2603 21 7933 674 9200 8362 2859 5668 6183 -2616 1758 6008 -2014 2924 2708 9917 9586 9526 -2635 5800 5827 5274 -8158 5906 6937 4860 -7239 -1493 5876 12 710 6149 5818 9462 2100 9303 2729 -5186 9712 -696 -8357 9968 9447 8967 -2191 2775 2616 2880 5807 5930 5073 1603 -1028 5680 -8054 -4640 -234 847 -8682 216 -9637 8373 2535 7693 
-3629 9926 5008 -7571 797 6655 -9646 4991 7761 3682 9324 161 2703 4787 4008 6777 8756 76 7058 3311 7183 457 6407 9734 6527 7859 8462 1755 2764 6390 9201 759 7251 6156 9339 5009 9859 29 -8857 3788 5484 5111 9270 7886 4948 1777 9111 7061 6356 6510 8731 8080 6653 3072 3910 6209 123 2330 4450 1967 5367 1407 38 8438 3925 5891 7168 8008 7162 8771 8383 6267 390 -7780 2853 9467 
4752 5167 1139 4375 8963 5839 8462 5165 8309 7835 9101 9461 2706 3828 5499 -6728 848 5094 3407 8875 5475 7027 8090 -3951 4866 1756 9076 -6941 7830 541 8390 6714 3910 8477 2478 8623 -79 7084 5228 3458 -9660 -1027 9452 3358 625 5713 2790 5745 4439 8201 6681 8402 777 5920 8976 2202 9725 3516 9787 3378 -843 2917 6700 2462 3943 1196 9988 3828 6961 6626 6357 679 5409 -8790 6832 -7618 
6515 9318 -3833 1971 7817 -5074 8817 7291 -4043 -1129 7902 9797 -1731 6690 8129 1356 2593 -4335 8930 2196 -5078 -9555 5295 -6221 2096 174 -1248 7727 941 2520 3151 6716 7051 174 8097 2489 1686 5616 8982 1174 9555 3703 8326 -7860 3985 3737 9384 8034 9464 3069 8105 6044 9189 3027 9246 5 -9765 7050 7660 4639 -9229 2862 9731 156 4767 8018 6873 5435 8392 -2156 3077 -9077 -2001 7206 2872 573 
-309 -855 -7006 8096 -1251 -5484 9290 7274 -4062 5802 -3666 1204 3939 4893 7785 9539 3449 822 472 8921 5756 -4686 6794 7419 958 9306 1801 9908 4776 8356 -4771 9595 7721 2363 7732 9666 5434 2450 7229 -9334 -1687 2998 -7214 711 9048 2372 2881 3784 9445 -3996 4123 8261 411 4413 6661 -7126 2775 7158 867 4139 6997 4941 4649 8421 2883 1467 5552 1633 4844 5605 2691 4255 -907 1927 2746 2396 
-7322 9633 9431 9423 -8470 7635 9975 2181 -6655 7292 7027 9497 2293 6498 1083 9312 1126 7763 -2315 -3946 8718 6734 9979 7575 3800 819 4236 940 7574 4638 2009 1611 8314 3922 9283 9935 6805 4295 1241 737 8126 8692 6783 -5549 -3165 6521 6794 3771 7895 1057 2315 8142 9079 8443 7552 1674 6915 134 1138 3826 9767 2099 34 2985 4494 4592 -1806 5014 8247 414 9904 2862 6601 9823 9836 6994 
6700 9870 -2925 8063 9038 6296 5555 -3330 4273 -2641 4487 7830 6914 5128 4394 3444 -6844 3362 8422 1603 2090 2780 -9991 2596 4821 128 5124 4614 -8524 4046 -7832 8537 1317 -8930 6135 9390 5674 109 230 -6892 4792 7220 -1035 -3336 4618 2169 3041 175 8350 8179 9724 2365 375 -9970 8855 128 6573 9746 -847 4214 3278 9565 7776 1786 3375 1571 510 5515 6368 1284 3764 5859 5965 -3781 4252 -3857 
2820 3556 -2696 1253 571 9338 -7138 1017 5147 8870 4530 -310 9485 4972 3897 2668 -6410 4676 1689 185 -533 3442 6784 6920 1375 2328 2632 1522 8044 504 6051 3481 7421 5032 9287 -5321 3471 -429 6688 5426 8431 4831 5309 -1459 9390 6082 4755 -7577 34 9524 1236 6167 5699 1860 -1613 640 5668 -3567 8043 -4483 3820 -4743 5401 5477 -4727 6502 1918 1249 -8221 3227 997 -7211 2966 1477 1965 -3599 
-2610 185 6673 8294 1465 7263 8909 2645 8352 -1523 5699 585 9261 680 -923 5966 9793 9346 -4232 3526 6261 6840 425 8978 5563 955 2852 2134 6541 218 336 6543 8319 1355 6519 3187 5023 5269 681 -2111 -8608 375 1029 7793 910 8533 8806 7170 5130 2728 7799 1278 3657 978 5832 4398 8935 -8956 5498 3298 -9239 7572 8526 2552 4223 4007 1742 5413 -1649 9176 5618 1163 3732 8580 5457 512 
8847 7518 -6928 8446 1902 4495 -269 7091 2844 -1903 8714 6979 4880 2581 1979 7776 -6194 8228 -1301 4576 7522 -1448 5990 -405 1929 4263 5468 7116 1222 8176 -9804 -1268 5298 4257 3907 900 9833 6374 9179 -1447 3136 7298 18 1286 5998 3516 6663 2180 5803 1350 9478 3506 3673 7431 2677 -7284 6175 9460 647 -7468 6775 8127 2974 3732 45 1517 2862 6545 -5625 4297 -7237 8489 -6863 3055 8004 -5913 
5209 6112 3773 5222 805 6650 1512 4423 4445 4304 1953 1528 3850 4156 7576 5370 8547 9968 5238 166 9560 1856 3014 2869 5343 2695 9895 6254 9799 2290 7148 4909 5847 -9863 3791 1436 2337 7597 1842 9123 9406 7762 8774 333 1943 7106 -9003 3663 418 3616 4869 9946 2828 1229 793 3396 71 7245 682 2967 6565 7812 4004 5052 2537 4379 8629 2742 6220 8393 5900 2222 5731 1246 2602 2396 
793 2069 7730 6215 1760 3700 3820 -2279 396 2838 1271 6695 6085 5943 9123 2064 444 -9300 170 972 6521 2817 6499 1848 -7600 8141 -9773 -4056 -2565 4105 5941 -9786 9950 9070 842 286 1584 -2492 3264 1391 -8608 1272 2909 3530 3602 -4741 -2466 9689 2154 1097 275 -3379 6115 6310 3467 9975 -9895 5955 8616 1277 3914 9674 5616 8688 1330 786 5030 3204 9973 2670 -7469 7661 595 3896 7285 3553 
8083 5191 -5039 983 2265 9074 683 7954 6924 1840 1357 -5630 8112 -5958 6725 6776 1126 -8433 8257 6188 3948 4789 3189 -6716 5055 2807 7125 133 1715 3587 3600 -3032 8110 4158 1295 5810 6934 5940 6735 4538 395 3404 7991 3498 2065 109 3482 2373 1416 5960 3901 1548 5779 7449 6603 9999 9842 4683 2812 7248 3795 5737 6263 1528 6814 721 814 2869 3667 5148 3047 1004 476 7369 -613 -8813 
-246 3824 8500 9074 8763 8309 597 1561 4508 2154 5690 1729 1999 6955 7943 7631 1115 2438 2992 5736 8111 4862 6112 3780 2744 1960 5833 6822 6416 730 9575 9262 2630 9566 -9555 9724 -4712 1262 6443 2152 3621 6917 6612 4893 371 2681 2219 6946 3727 9194 7668 1389 2982 4772 8113 576 71 8669 3117 6433 2835 -5363 5930 2107 7171 300 3910 2295 5491 1621 6765 -8091 8854 -7728 -6046 5924 
7985 -481 8880 6733 21 -5206 8654 -4213 9759 1631 5526 5679 9109 4683 195 9232 3743 6813 1715 9812 9616 9880 108 5613 6671 4234 2064 3560 -7703 2557 4478 6563 -1338 1480 6269 6132 7914 6659 436 4393 6249 3651 1807 2094 -8670 6626 2652 6204 8718 -3528 9916 -9651 8608 58 8268 881 9911 2504 8863 5695 3639 4151 2554 1885 -3734 -69 -4843 -7532 4291 3476 2904 2949 1000 985 102 2728 
-4265 -3784 117 242 796 8859 4110 8004 9777 -2632 -7545 6214 3024 3748 6713 6923 4523 7818 -5649 5179 6348 -3645 7789 7187 6963 5713 7861 5950 1477 5530 4502 8372 -8302 2778 4131 5450 -8331 3193 4291 7164 5186 3484 8656 4730 6447 4974 3301 5323 7935 1715 6446 -5028 6317 2178 3663 5089 3687 9979 9970 4614 4016 9265 8381 6309 1509 133 3921 -4217 4596 9415 1687 3148 -8206 1642 3474 7806 
-4137 2482 -9797 3439 1408 9166 8915 252 7366 3691 -2290 -6398 4382 4504 -3430 588 4624 9207 7379 545 672 857 -2797 2640 -6031 9804 7735 7782 5321 7424 7038 8656 -3016 1142 1129 3980 835 -8544 2650 8502 5663 5205 8262 5585 9353 6219 4367 86 -6353 3795 9837 -9406 7039 7771 2469 8875 4925 294 5682 7569 -2010 8214 1883 3343 2396 2528 6444 1581 -9920 3128 1268 7438 7757 9883 1945 848 
3213 2501 8962 939 -6154 1215 -8399 -3365 7283 2967 1060 -3178 1092 7071 1543 18 2585 1262 8493 8602 7687 3612 6604 982 7480 4901 1417 7219 3493 -1481 9320 9194 9087 4394 3784 9613 7587 6573 5384 7630 1185 -1615 6475 6369 2772 6376 -4501 3873 -9075 -4299 4238 9382 7520 9724 8486 -7720 20 935 6489 767 970 7118 7777 9923 5004 8995 9396 -1417 -7745 3065 5671 530 6083 3566 21 41 
-4304 220 5164 8426 7231 5735 662 4073 1348 1285 9088 -9175 7661 9285 -2156 -3448 7743 -3559 -309 3896 582 5854 3300 6958 3852 -1428 110 7457 5156 8061 6437 8056 -6355 1632 4235 8269 1584 7574 -1116 4747 8069 3130 5087 5724 2980 306 -4296 4838 3426 996 3942 3812 7663 8221 9185 6908 4637 2128 5777 3536 2179 -8302 5742 4671 2809 7133 7308 5406 1983 3540 -6808 7705 478 8326 4526 885 
1654 3950 5610 8603 -7645 2962 3575 1037 6049 5493 6909 389 2419 8227 1889 4973 705 7340 9113 3203 5894 471 5518 7109 2215 -6857 8369 2914 3518 -4876 1155 9913 9100 3894 4552 175 6823 4784 2526 2454 9223 471 6737 8626 8067 2809 97 6301 9270 257 147 4140 7324 -9068 6404 -2918 5654 9066 9648 1993 4082 6749 7072 4945 5424 4764 4264 3342 787 4454 3751 4945 7142 4441 5112 -4830 
369 1950 9105 5301 -599 1170 84 2675 6193 8305 4267 8817 -1112 8896 3738 -1275 6582 6148 1705 2363 7486 4137 310 6819 -2725 7255 9714 6091 9298 1449 9848 9776 713 1514 2541 8411 9074 5536 9931 -6272 7649 8396 -7328 3462 6700 3867 7793 4481 5654 7193 -1597 7936 4817 -5797 8051 -1633 1956 2339 7613 5321 859 1091 -5280 1777 -3906 2521 -687 531 -8642 2627 6193 -382 8570 9662 4997 7970 
1969 -4477 -1270 2716 -7522 -9044 1623 6398 2426 3862 4828 2140 4403 2325 8381 8372 6260 7162 9844 3775 4145 5135 9075 2046 3428 8118 -2793 8716 -7082 2946 813 -9625 4558 2050 4863 -3542 8499 5830 7742 -6722 6340 4050 -9441 -1582 266 1473 7007 7501 -8524 8747 -7762 6076 7631 2739 9640 3403 5579 7297 3797 1835 58 8851 2341 -6202 9357 -8608 -1689 823 821 9878 7820 5779 8974 1430 9966 2656 
5835 3646 47 8088 9151 427 -7041 7884 8467 2836 5909 2956 258 9200 7237 -9550 3426 2613 6067 2960 9964 -7490 9919 711 4544 3895 1529 9656 6797 529 6266 4294 7595 -947 836 4302 3429 5394 3623 2434 7194 5616 3465 5861 8758 5514 7348 2145 1725 8142 4966 480 8589 2421 7031 943 9376 136 6776 60 447 222 1667 7066 6587 506 -188 1494 2152 3427 3479 6737 2703 6773 9707 6919 
8527 8354 2238 7551 7444 6238 3586 3507 301 5470 7920 5655 6818 1212 1083 2580 7173 4324 9960 2032 9993 2149 9859 8515 3471 5085 3711 6666 5524 6655 5250 9193 90 3003 9099 5656 4965 1696 5408 6178 -5380 8821 8435 6396 5755 4713 9441 8019 7117 1188 7764 -554 2515 6967 7152 984 7170 3263 7792 420 1555 -8106 3411 7102 744 1805 3967 -4932 7256 3202 9208 3284 3867 2646 -6780 3336 
6617 566 7642 6038 4773 7855 183 -9192 4184 3634 6173 -1860 5008 5521 7722 2967 3186 7062 5965 7773 4787 7625 2821 8950 1987 4587 -1328 9620 7907 3676 8359 4789 8252 7418 9518 1170 -7261 8595 4966 5302 9290 4108 6617 -780 841 3784 -6471 1351 1380 -3981 -6781 4858 8405 1828 -8540 4779 8181 8911 644 1487 -2527 9767 2397 6658 7132 8924 4978 7745 532 -1294 -4478 1285 8987 1041 6632 3875 
-9682 1010 2536 5133 6107 788 5067 2213 -1573 1734 472 2504 2973 7516 1397 2524 694 388 -9823 1644 -8125 9490 6090 3344 3918 7410 1276 5604 7145 630 7709 4015 4509 2710 877 7934 7832 7487 5480 6280 3013 8525 6173 -644 9643 8666 6272 -6859 6415 6800 4085 4701 9755 1665 6945 -6434 -6632 -3321 4201 6824 6067 2847 -2255 3054 4982 6189 5534 3553 -4082 3144 4720 3743 7689 5144 3599 9956 
6098 9885 6537 6746 3772 -5965 9894 250 -402 8891 9009 1646 -779 1053 -7299 8410 2516 1513 4617 8964 1771 -5021 1487 9924 8336 594 5921 5079 9914 2152 5266 -1419 977 6485 327 3400 6868 9984 2886 5131 1517 5680 -2633 175 6682 9243 3870 1065 4563 2992 -8916 8907 9612 6924 9262 773 -5457 9132 796 4509 5727 5434 1504 3397 1614 5592 9942 6942 2622 -5182 4850 8976 9175 8103 -480 5214 
6662 1965 5452 55 5671 3777 992 7702 9092 5585 1931 424 6810 2463 298 9252 7207 8348 6556 7920 4123 -4603 7873 512 6646 6942 -7856 -5112 924 6349 4809 6811 6429 3062 6210 8326 1499 8247 6695 -9550 7371 7258 1550 -5761 1878 1696 9364 10 9139 1545 8269 501 486 4071 -610 2794 2869 1923 2459 1359 8906 8049 8288 3180 2588 5960 5400 7549 5003 7336 1807 4986 1251 -8392 -8599 -4329 
1967 4494 3951 1028 3656 -5155 -3795 7133 4750 1965 3258 1430 6249 9636 5995 2050 1628 1911 4921 5542 3372 7622 7112 3933 4318 6772 4239 7887 3352 8511 2405 -4678 2035 7079 4694 290 8651 -4684 -4238 9583 -8360 745 5456 1008 9166 4455 5161 3329 2258 8026 1545 -493 8874 2586 5385 -5997 -9437 8198 928 3968 1426 -6537 3901 1383 -963 205 7013 1058 6129 2860 2068 6382 1076 8149 6963 -5400 
3736 -8610 9886 9983 3921 1004 5633 3408 5783 1331 -5408 2221 810 3104 240 7350 5213 4552 7366 -4299 7864 3768 -8604 3462 -5276 8355 9565 4977 6350 5318 7700 4910 -4694 5350 1937 6703 730 6480 9319 843 8673 3142 9990 -5945 4981 -1789 7033 4821 8731 8788 5425 1441 -8114 6863 -1631 8505 -2752 3851 8797 3464 6668 -6226 2246 107 7865 4846 164 1671 3623 8631 6836 7861 5620 -449 3560 9254 
2085 8390 1561 4268 6215 4878 -8662 7235 2370 -1632 6788 6516 5863 6722 1844 1717 1299 5650 3526 947 1254 6724 2613 9187 6075 -7081 5154 1790 493 -3798 -5243 -6963 7158 1588 3222 4965 7818 7372 6178 307 750 7367 -5242 -8516 2729 3388 9065 4836 2914 3935 5931 8654 4374 3712 7622 5472 7908 546 802 2671 -7865 -7084 8231 2940 6102 3570 4870 5923 9300 9989 -6307 1040 4830 478 1881 4347 
2814 1259 4416 5355 3013 962 4539 9809 -4574 2766 4823 4273 5936 5501 -5280 7110 5856 9323 1993 859 2012 6398 165 1425 -313 4963 3623 4837 7616 4656 8207 8214 -1506 4232 2684 1838 6498 -7249 9430 9483 8884 -5181 609 9202 4770 -5086 2275 1268 3821 5060 1575 2148 8231 9822 3005 3552 5287 3361 103 9910 1012 2922 4950 -5365 4567 8420 6515 3856 2092 4488 1732 2906 4123 4044 8516 -2073 
3071 7829 3753 902 7433 1609 9717 8143 3164 4036 4095 7276 -9781 332 973 6363 3030 8337 3755 2604 547 5397 -5619 9790 6274 2649 5287 1195 2036 4936 9214 5146 1088 7965 -2754 5205 1291 8310 2239 360 5628 5011 1831 6922 7474 9872 -8216 6357 990 6983 2613 3669 7545 3534 352 6085 8297 9121 3961 9429 7267 3633 9407 5061 8746 2187 675 5567 6449 5081 9522 4418 7478 7300 4479 -6505 
