74 70
-6812 -5677 4601 -9758 -7791 -5980 -6669 1175 -1152 8509 -3655 2619 3460 3180 -2444 458 -1487 -9359 -2994 -6314 -5428 -87 -5680 3153 4605 -4369 -1918 -2089 2247 -3390 -9185 -2188 -9679 3373 -62 -3539 -5199 -1350 4923 -9276 -7650 1736 -2939 7186 3960 5782 -2249 -8189 7712 6516 -3548 -2566 -5436 7740 -2479 4522 -6927 -3782 -2355 -9399 -2961 -8572 8653 7735 -4812 4613 -6532 6749 -7681 2433 
-584 -9912 -1858 2230 -5896 -7822 2722 -9930 4713 -7759 -8605 -4024 -4259 -9826 475 -6369 -2310 -2417 -7392 3880 -6246 3046 -9493 -1831 3922 7884 -8070 -4676 3333 -3915 -3202 -5877 6645 8531 1462 6323 9920 9791 -3408 9398 -1757 9173 -479 319 -6488 -5690 5354 -9829 -8352 -6066 6770 -7641 -4642 4043 115 5361 -5332 8211 5106 -3818 -6319 2653 4365 -6003 -2753 -7008 -3560 -8462 2712 -4349 
5468 -404 9963 -5545 -1511 -6869 -6858 -3218 -5379 -9298 9207 -5961 3122 -6478 -9163 6019 -4565 7086 3071 -3895 -8416 -3268 -1559 -2921 -8220 7477 5910 2528 -1944 5915 -4949 7018 7110 -8950 -7724 -7073 -2859 -8946 -8592 8886 6052 -9280 5216 53 3737 4273 2199 -8028 -1178 -7516 -7811 -2265 6414 -933 5078 226 -2694 9569 -9832 -1781 -2018 -3089 6424 -6053 -4729 -5217 1337 7686 3315 -9829 
-8315 -7223 -9208 -5685 4712 -51 -4443 5302 -3958 1839 132 -3751 4241 -1905 -4161 -4746 -5106 -5172 -7585 -399 -1196 -2063 -2508 -7359 -5133 1633 -1178 -4811 8849 -4224 -4940 -2041 886 -4959 5143 -2035 9559 -5179 8423 -2137 -8686 -7271 -5430 -4745 3490 -7628 -9671 -3934 -6793 -8628 -8750 3576 -1613 -7573 -5843 1534 332 -3431 8653 -9541 -6467 893 -7941 -9418 -5527 -4994 -4350 8513 -6929 -7642 
-8386 7997 -1887 -6439 -5717 664 5660 -5693 7131 2225 1716 3370 -5333 -4244 151 6838 1503 -1976 -3312 8679 -8489 -3031 7945 3616 -8141 7816 1030 4123 -8525 -7122 1254 7294 4343 6175 335 -8574 9270 -3955 -7314 -5555 9936 -3214 -5498 87 -5801 -1360 3002 -3329 753 -5936 -999 -8714 7600 5515 -2880 -7916 -8463 -5540 7585 -8964 -6497 2485 -231 -3342 6551 -4511 -4510 6210 -8431 7891 
1515 -9079 -6408 -6037 -7772 612 3230 -6370 -9744 -4057 -2009 -4704 -3632 5328 9318 7586 8501 -8088 -2922 -6880 2298 -1546 -3438 -9300 -9502 6300 8016 -6865 9682 -6005 -4545 -1011 -5219 1065 -7585 -513 5992 -8066 -7978 -3590 -4001 3079 5277 3155 -3105 -943 1844 -1580 1884 2651 409 6763 -9040 -5060 -3094 4346 -4647 1486 -4100 -3722 -5755 789 -9591 -831 -8316 -3346 -967 -2204 -7113 -8217 
-3905 -2751 -4191 -5158 -333 1968 2955 -8131 -6346 2047 -5485 -8598 327 5600 308 -4771 2092 -1939 -3930 -8746 7724 -6542 2915 7725 -7973 8814 -9790 -8175 -732 -4827 1535 -7227 8695 -4179 3501 6307 4301 -3988 9644 -8255 8989 3824 -3047 803 -8434 9659 -2505 -2462 5767 -2040 7818 -8564 4801 5994 -4058 -5903 -2979 -2327 4989 -5342 375 8643 -6667 2770 -7703 7750 -7674 -3767 5133 -1168 
283 2553 -7276 -6364 -7841 -6671 5031 -4906 -8137 -9772 -8818 -5573 9518 2062 -8845 -3398 3567 -2797 -9639 -9564 -6125 1033 -9360 -2932 -7773 772 6657 -9753 -6078 -1708 -249 3813 3240 -1378 -1730 -3338 -1802 -405 -5318 1337 8905 5866 -9319 -2349 -9616 9025 54 2685 -4686 -8604 -9206 -8140 -7738 -9946 -2454 1743 5258 -6045 -976 -9620 -721 -1267 -4239 3519 -2204 -9598 3653 9374 1567 5439 
-2604 -5904 -9332 -5738 -7320 -560 5602 2808 -6359 -7200 -1874 2897 6118 -3417 -8376 4568 3679 5598 -7244 -4844 -231 6798 -5766 -2032 4478 9901 3120 -6865 544 -4881 -8254 8453 3703 8447 2424 -6404 -6931 299 -7431 1273 -3389 1264 -9548 -8945 7542 -9862 2963 -9752 -6023 -1031 5793 4950 -6117 -5102 -249 808 1818 -9624 6025 7197 -7204 -3648 3612 9933 2880 1828 1661 -2409 -9908 9259 
-3935 4751 5033 -8389 7083 4009 -9143 -5170 -2830 -6334 8974 -5129 -3665 -2887 1686 -5304 -4692 -6183 -7839 -8205 -5203 -9327 6282 -1896 -8810 1963 -5842 -8777 5458 2846 -8750 3944 471 -3788 -245 8270 -9848 -6872 -8207 -6197 -1308 5259 -9412 -1877 -3503 -258 -7714 -5124 -8674 8997 100 -9610 7023 -5920 -7224 -7636 -6050 -6571 -9225 7891 -2586 -8232 7968 -9495 -4497 8381 -9375 -772 2994 -7519 
-2028 -7593 -8225 -7254 -4757 -3634 -4981 2829 -6743 -8220 -4489 -6470 -5468 -5322 -2086 -6946 -5072 6363 -9656 -7250 -9235 8144 -9386 -8307 -7166 7651 9114 9935 -2446 -8651 6876 -7305 8466 -8600 5021 7393 -5201 -448 -7848 -504 -1806 6062 -7516 -4673 7072 4939 8744 -8382 -2836 5748 -7251 -6474 -770 -3858 2537 3316 1219 8210 -2472 -5982 5414 4213 892 327 -8670 -2725 2979 -8674 -8204 5573 
5871 6684 -7482 -6099 243 -706 696 -2350 -8362 9213 5578 -4353 601 9498 1132 5909 -3629 2252 4237 -499 4674 -7665 -1749 -8182 -5664 4261 -8570 5850 -8091 9926 7733 -6846 -3461 7929 -3582 8457 -3700 -3138 907 -2139 -9043 5479 -6432 -9429 -4899 -3106 -2880 -7959 -9882 2872 1910 6193 -6864 -2144 5835 6495 -7445 -6604 -497 2121 -5554 -2658 -3680 173 -7722 -8765 -7051 4839 -1137 -3523 
7901 -5314 -9057 -5922 -2691 -5660 6092 2018 9212 -9659 2543 -4930 -40 -160 -5938 -229 -5010 8446 -2693 5986 7924 -2309 -8854 5212 -8952 -6134 -5405 7834 -3107 -5408 -4318 4332 -4885 -6405 -7365 -8665 -3905 -4628 -5355 -9842 552 -4174 -1248 188 -5724 -8335 -8922 -8207 2356 -2491 -3699 9890 5738 -6345 2465 -2602 7062 5957 -9592 -8482 -2767 -1598 2327 -4015 -7315 -4432 -4028 -2985 -64 3633 
-4192 7859 -8070 -4520 -9161 413 -7811 -5265 -1183 -838 -2638 -1956 9124 8384 -869 -1737 -7067 -5563 -6118 7149 -5133 -1638 3701 -8524 -1968 -1773 -5233 -153 -3027 8482 -4687 -4585 -6993 -3235 2084 -7640 4951 -3744 7505 -3087 -2429 -4501 -9879 -5261 5151 -6440 -8857 106 1081 1649 -5063 -1745 -3779 8731 -1044 -157 3788 3907 6788 -4213 -6276 -4073 3394 -8036 -4301 -3180 -5647 -6346 -2117 -6890 
-217 8910 9466 2412 3204 -7816 -160 -8603 -6427 4304 -564 4410 -3098 -3582 2973 -9381 -9194 5850 -4769 -4005 -7429 -6675 -1334 9025 -1851 8479 -5289 633 -3259 -392 -4323 -928 3717 -1645 8975 -995 -8890 -7658 -7968 -6450 -7438 -5604 -2626 -9568 -8691 -825 7862 -354 -340 -4532 8361 -1972 -7084 -7095 -7167 -5926 -9259 -1454 -1064 -4916 -2773 4146 -1245 -6623 2091 4417 -342 -6368 -7701 9289 
-2737 3434 1729 -3908 -8990 -1272 -6898 -3317 1989 -6923 -9110 5012 -1007 -2611 1113 8648 9281 -4223 -2824 9455 -6664 -6503 -1082 -76 -9286 -2314 -8486 -9577 580 6570 3769 -8584 -67 -8373 -2084 -270 -7316 -6228 4096 -1031 6941 -4461 -5984 -5396 9556 626 -5734 290 9925 -9295 -7813 327 -1015 4972 -5761 -7091 -3693 -1876 -6564 -4635 -9340 -8670 -8769 -9799 -6240 -3279 7465 -6404 -2065 -571 
-7106 -3000 -2646 -4582 -8928 -2527 4883 -9231 -4300 -8347 -7685 9856 -1859 -6423 9953 -8946 -5580 -8591 -5585 -6298 -9194 7631 -2378 -2733 -6025 -2858 3021 -2754 -9956 -7891 5707 -4542 2035 -1025 -6510 2648 -7004 -9697 4768 -1486 5553 8015 -5691 -7788 -7692 6043 -6891 -8073 -1282 -602 5083 2635 -294 1275 -3057 -7212 1682 -7768 -6085 9276 7199 487 -4833 -9542 9941 -1734 -7564 2704 7739 380 
-711 -1606 8587 -849 -6800 -7402 -6572 3901 -9954 -3751 405 -5031 -6245 -6024 -1868 -7855 -769 -9311 -1451 -3901 -8677 -9879 -8009 -3100 -6246 -9534 -5179 -6231 -9214 557 8140 -2955 9054 -9145 5390 -5138 -9788 9460 -1599 -1504 -6173 -7501 -7710 -3708 -9900 -8556 8284 -1581 -1518 595 7008 7745 -2643 -479 6443 -2941 3194 5698 4895 -6674 -3348 -1053 -9817 1738 -8409 -4869 -9131 5797 8568 -4475 
-4188 9761 2440 -885 9873 -4546 7791 3836 3789 -9703 -2757 -8618 8611 7811 4126 -3221 -4453 -1074 4191 -9643 -6743 -5975 -2156 -6447 -8166 -7862 4460 3457 1961 -4039 -4298 5438 384 -8969 2115 8669 8821 2561 -8792 4823 8030 -525 -9753 5055 2948 -2539 -5275 3166 1331 4184 813 -4727 699 -1072 -4099 1801 2278 -2366 1576 -3145 -7787 882 -331 7546 3958 7078 5476 -7214 -3386 -1083 
7300 -6672 -882 5299 -1599 -7131 2446 -9484 -8430 1770 -9590 -7346 4865 9219 1887 -1933 -5418 -4590 -6374 -445 -960 4258 -3506 -6742 -963 4499 4750 1503 3571 -6953 -8058 -8716 -3445 -7754 -1032 -3081 4511 3426 -5116 3599 -8814 -4090 -984 -2200 -7227 -1482 -2827 -7748 -3225 6342 7501 -9640 -2029 -83 -7714 -7296 -5106 4327 6790 551 -1299 1740 -8355 -3463 -8465 9658 -8417 -4697 -3728 -6674 
-1785 3601 -9786 425 2556 -4987 7423 3889 -3759 -8714 -2294 8298 -5598 7011 -1314 -2544 -8228 2246 1530 -601 -205 -2786 -5595 7825 -4216 1872 -8675 -8427 -5831 7968 9283 6641 7993 1957 5904 565 -26 -9182 -7545 -2861 142 -5300 8061 8641 -1376 -7522 1885 -173 -5094 -6180 8455 5267 5626 2188 -6312 -9333 -6937 -5671 -9634 -8902 -1392 9421 -5490 -4117 992 1524 -9058 -4500 -9590 2962 
-9671 -4734 -1019 8206 -4543 -2357 -1552 -4779 -3426 4420 -8654 -684 -1425 8024 5941 2810 4154 -57 4891 -4272 -9322 -3848 -1342 -7339 2963 4561 4613 -8739 -4174 -8208 9302 6452 -8483 -8987 3246 -9657 5885 5568 -4797 -4319 -6775 -6342 -4246 -4546 -6338 8402 6376 -1977 8788 -5358 -8246 1833 -6615 1784 -1707 -3736 7485 -8820 -4648 2650 -415 -6886 5343 -4965 -9946 -2383 -4274 -6281 -4700 -9015 
-3150 -182 4948 -829 3773 -3404 -4596 -6901 -5757 -6243 7615 8870 -8620 -2153 255 -6170 -3452 -7451 -2186 -8294 -138 -6809 -6906 -7733 7117 6533 -8120 8359 -4450 2340 6482 -4384 -359 1723 1144 1023 5170 7788 -7900 -6041 -8452 -8822 -8223 4118 778 -5754 -7724 -4409 -8003 6026 -6276 2111 1880 -8124 -7895 5926 9641 -7791 -7261 -8874 -1479 -2349 2434 -1046 -2846 -9329 7464 -5513 -2816 -3928 
-3223 -5949 4455 3446 5993 7296 -9497 -8290 -4887 2347 -7415 8334 9071 7824 -472 -8443 -6518 -7581 -174 2493 9367 -5317 -8525 -6273 9672 6589 -3495 9204 3403 -1798 -8025 -1185 -1368 -3068 -7968 5507 -9638 -9917 -6003 -8838 7773 -8583 -1108 5877 -7106 -6964 8601 -2578 -2664 3157 -9679 -3687 376 -1250 -3591 -4321 6583 -8358 -6303 7647 -4780 -2566 -3607 -1896 9070 -6227 -6602 -8028 -850 -4867 
-2702 9617 -4967 -8625 -6295 -369 -2209 -1453 -1553 6838 6193 -509 -9968 -7981 -1216 -6952 -1552 7719 -3372 -1461 9497 -4064 315 -7891 3823 1718 -5761 -2431 -5435 2023 -9700 -7427 -8451 -5022 -1613 -4980 1390 6554 -1580 4943 -6499 -6019 -6478 -7647 1467 7002 -9887 -4778 6603 -7430 -1173 -1967 -3648 6589 4669 -5318 8470 -7612 -5187 -5438 -2643 1391 9514 8190 -9727 -174 -8700 -6974 -8393 8694 
-5673 -4858 -3068 -9324 9812 -1755 -8803 4606 -2450 3443 5351 -1506 8989 6047 2532 -9585 -8032 7176 -4028 -3222 6449 -5670 -738 -7911 9556 -4524 -2064 5656 7200 -7829 5691 6478 -1640 -4152 -5469 2773 -6797 -5288 -3997 -5397 1865 -1102 -4884 -1312 -3942 -4288 -3898 9435 -3552 -9978 3185 -7606 -8149 -3582 -7880 958 -3714 -4460 -9574 -2773 -2028 9154 -4966 -5827 1844 -5847 866 -1585 -3313 -9034 
-1529 881 -9801 1643 6361 817 -9538 6451 -4838 -1992 3576 -1295 -6527 941 3111 5512 -186 -3043 -1209 459 8251 -4561 -1190 -933 713 -6121 6009 -4665 4284 9096 -25 -8960 3799 -1442 -5621 -1834 -3350 -6460 -5643 -7108 -649 -5369 -4767 421 -588 4620 -7720 -2567 -6587 -9806 6249 7837 -6534 2380 5433 -8890 -8928 62 -2655 -924 -3434 -5817 -3802 -9316 3762 -743 3127 -1324 -7798 -7899 
-1144 -8389 3986 8756 -8232 8969 -8417 3029 -7911 -6435 -7752 6456 -3231 -3217 6318 5341 8765 1006 -2439 5222 -5108 -6089 209 -2509 -4811 -9700 1303 1688 -8846 -8980 -2947 1469 -5536 -3556 -4341 -772 -7203 9784 -8501 -1197 8158 -7245 -8541 914 6592 -2061 4948 2461 7278 -1318 -7883 4028 5237 7473 -1391 -9998 1791 -4095 -33 -768 -6004 -3574 -9221 -7286 -4880 825 -5202 -1562 -6089 -9499 
-442 -4226 681 -6365 8697 -1911 8346 7928 -5817 1233 -127 -9958 2797 -8949 -2734 1173 361 -6363 -4763 -7840 -8416 -3862 9590 -4404 1668 2690 -5733 2961 -2092 8459 -3707 -8321 -1063 -119 -2364 7455 -320 -5452 -9731 -7006 -9628 1042 -6733 -2204 -4614 8722 3134 -628 -1674 1562 6873 -932 -7628 1481 -7469 -495 -9375 -1927 -1631 -4601 -256 -8023 8997 -9309 -6260 6396 -2878 2732 -9727 3734 
-891 9522 -1916 -1984 2498 -8848 -1016 -2166 -4710 -5765 -7424 -3107 -5801 7390 1531 -3253 -3714 8166 6085 456 -8463 -1681 1488 -819 -795 -25 9932 -2166 -1786 8855 -1123 -7801 9797 -3780 -4896 -6237 -9650 9540 8447 -453 6130 -7115 -2980 686 -7975 -6894 3380 -5863 -4060 2673 -8573 3942 4199 -794 -3821 6780 -8341 971 -1733 2547 -2357 -4500 7872 -8836 849 8706 6042 -622 -9045 9095 
-8 -7653 -5835 -4531 -2789 -9079 -2641 -5422 -3070 -7873 -8202 -8838 -3724 9949 944 -6578 -4943 -1632 7875 -9482 3539 -419 -2285 -4679 -7368 1285 -8748 7049 7516 -1119 -1320 1719 -7244 -2564 -8195 -2655 -7362 3471 -8432 -9594 -3757 -4007 -7446 -3830 -5408 1363 6320 -630 -1426 -8513 7829 9694 -1743 -3343 2557 -675 -2849 -5420 -7504 -1863 -7854 596 -3078 -4910 -7195 -8002 6669 -2763 -2190 -4135 
-988 -2162 -5591 -5886 -4051 -1157 9736 -4361 9072 2172 -4011 9743 -4007 -7544 -3497 -7005 -7758 -1412 -5293 -4596 -7820 -5299 4198 1777 -3134 -9181 -8941 3231 171 5541 7506 2689 -8321 -6704 -2526 3733 -9709 -3061 -7123 -3909 7336 82 8777 -2214 -7631 8162 -2930 -3307 421 -7124 -5453 -2653 -799 6491 -8321 -9283 -8381 -6048 -3593 -4731 -7332 -9874 5516 -9481 -1811 -2185 4128 7561 5655 -2009 
8833 5650 -2421 -7465 -3634 -8691 -3525 6625 -325 3543 3465 -1283 -690 -8699 1787 8007 -2767 7010 -3801 1460 -898 -4152 -1557 2859 -2478 6095 -4159 2933 -9338 -6109 -8643 -2341 -3062 -8483 9981 -6299 295 2193 -43 -6035 -689 6864 -9295 4663 -4777 717 -5599 -1988 -8131 -2235 -5535 -8442 8582 -231 8379 767 6076 -1699 8075 8333 -6413 -7486 -2758 256 7212 7828 -68 -757 -1392 -4616 
-8193 -4182 -1323 9252 -8 8245 -1118 -8193 -2248 -5483 -4133 -1976 -7232 -9213 -5626 5745 1310 -88 -1018 6627 -7213 -7987 -2196 -2813 2143 -5639 -8977 -3216 7714 9249 8181 -2306 -8492 -7823 -4419 2790 8335 -5446 -954 7950 3795 -1240 -3584 -1691 -8829 3499 2180 -5199 -2349 -9427 7602 -1897 -8192 -2820 -1184 -6125 8580 -7252 -3990 4662 5032 2482 -1330 5833 -3034 -6470 -7371 -2608 -4125 4639 
4465 -4811 9998 -8881 -2297 9255 1276 7515 8061 -4652 -3167 -3107 3747 9423 -5597 -9811 187 -7826 2257 -87 445 -5873 -4364 1340 5573 6866 -9776 -9983 -8637 -6778 6881 3979 8409 -2217 6633 -9568 -930 7792 -2399 -1400 -3796 -6159 -2850 -620 -883 -6935 -7120 5443 -7480 1022 -4190 -5450 83 -5499 4024 6418 -6263 -957 -2208 9011 3191 6188 1896 -1794 -6540 -5759 5404 6489 7334 -3492 
-4359 441 -9637 8840 4074 -3497 9029 -8375 -5383 -4081 -6164 -1291 -5603 -3720 6522 -1948 6269 -8304 -6921 -5024 -2229 -6026 -9170 -6260 6862 -5267 2128 6005 -4015 -1552 -1892 -6977 -9142 7351 -923 -4004 -1377 -3370 -1722 -7035 -9899 -5285 -6704 -3558 -1913 -5003 7537 -2925 1290 5173 -1404 -5726 7558 7904 6567 -1931 -1725 3317 962 -6730 1713 -9485 -78 -5766 -5874 1346 -8429 -7020 -3846 -3197 
-6052 -2660 -4647 -3412 1523 -6233 -2986 7934 5114 -7151 3273 -9937 3320 -8365 1168 3550 3518 -4971 -588 -241 3067 -4197 -890 -2807 773 3425 -2961 -8244 -8664 -9334 -9151 -5196 -1538 6480 -2399 3407 2230 -6428 -238 -8427 7068 8159 -8406 -2733 -403 555 -9910 -527 3901 -3783 6827 -8685 -4660 9121 -3513 -3189 -9707 -1740 -9232 -9585 -3728 8237 8474 -3188 -9198 -2291 -1795 -76 -1607 -5753 
-4342 -3013 2823 -1168 1013 -5958 1939 -6418 -6918 -4831 -8532 -4957 1151 6218 -4561 4930 -253 -2428 -2620 -3500 -5264 -3277 8460 -8478 -9368 -2530 2429 4013 -1219 -6016 -769 299 -7852 -7567 5260 -6755 7802 4784 3852 -7045 -9902 1456 -8559 -2793 6527 1516 -8362 9750 -8156 -8123 -629 2531 -3785 -1091 -3280 -1642 8653 3793 -2085 -6202 -2064 569 -1833 -3234 8389 -7253 8817 -2581 9924 -1636 
-1791 3541 -5497 -1527 -6618 -24 8308 -4648 -2804 8145 2134 -6775 -8266 -7913 -101 6019 -2857 2055 -8920 -7995 704 -3084 -5708 -4898 8863 -4683 -2042 -7711 -9169 5409 9450 5372 6492 2012 6626 -7879 6206 2540 -3476 -7062 -3906 -8543 -1657 -9225 -5048 7699 -5934 -3182 8781 2874 -1973 4075 1692 -4159 5170 2715 -1848 1162 7286 -2613 9088 -8211 -629 -6931 -2591 -1697 -7930 4566 -2951 1301 
1258 -272 -7843 -6268 -4297 5875 -7639 -2331 -6385 2299 -1627 3123 -5019 -891 4967 -8969 193 114 -9167 -801 -9204 -2295 -9213 -1195 2175 513 7727 -279 -7771 4681 1508 9219 9473 -6025 -7594 -9629 -9167 -4586 -6198 -5978 -3757 9799 515 2211 -7190 6068 -562 -7976 -2624 -5275 -9729 -7852 -7526 -9073 -1071 -6389 -7428 -2504 -3980 -2863 -336 -6215 -4298 -844 -6725 -601 20 -9639 -265 6210 
-3613 -876 1334 -5326 -2711 -4590 2810 -4220 1502 -9196 983 -3426 10 -1351 377 478 -9616 -4275 -6171 -8488 7322 3224 -8765 -1554 -7105 1604 -7407 -5379 -5086 4715 -8979 -6146 -1801 -807 -158 -5887 -3247 4753 4894 7991 4260 6387 7097 -4322 -3101 -3254 -4394 -830 5812 6233 -7976 -888 -2278 -616 -6956 -5791 -8502 -5260 7397 -1989 -5630 -2825 -4476 9818 -5118 -7382 -8269 -8116 -8956 -7524 
-1529 7771 -7038 -7032 -2364 -3980 283 -4351 -9431 4683 6221 -4347 -6177 -4003 7355 -8671 -389 9328 -3641 -3102 -2749 5210 -3362 -1710 -8375 -9062 -368 -2496 -2598 -8587 9486 -639 -7475 -13 -5891 -476 9617 -1937 8290 -4309 -9790 -1930 -3962 3486 -9004 -9171 8639 6771 2816 2438 -7013 -5106 -7339 6085 -683 4889 -9724 -6240 -6244 -7514 -9185 -7175 5862 -8483 4231 -6974 -5712 -3895 -7563 -2577 
-2475 9858 -2809 -8058 -1208 -6977 -4391 -6129 -6427 -6777 -8164 -8282 -2416 -7580 598 -9040 -7906 7484 -8907 -6028 -3337 3661 2963 5661 9803 -8630 -200 -1490 1797 -6135 5637 4253 6801 -4682 -8536 -5719 -3334 -819 7922 -7712 -9457 4914 -3256 1566 -6856 447 755 -1171 -641 7874 4150 3205 -6782 -3185 7382 -1553 -903 -4960 8827 7251 -3120 -6371 -1904 -449 9526 3522 -9086 2367 -3364 8594 
-6513 -3400 -5513 5751 -4599 7113 -6129 -8254 -5721 2164 -4839 -9670 7474 -6192 -6266 -5966 -8206 2644 -7477 7476 4452 -7757 1581 4989 -8845 -2321 -8628 -4519 469 -8165 -226 -2068 -3651 8779 7570 -650 1434 -3568 -3174 -1381 3161 -2677 -5756 7194 -57 -3210 432 1323 -3203 8370 -3166 -2005 -3599 -1529 -3727 2277 4093 -5877 4214 -157 -9545 -2389 -4890 -9310 8493 -566 -5448 -9097 3879 7639 
-1462 -3141 8181 1556 -9314 -2913 -155 -9041 1826 -4951 -5345 9113 -3800 5618 -9840 4650 6178 -8237 -6833 -4328 -968 2037 3723 -4304 -4256 -5609 -3325 2140 3369 4954 7300 -5513 8207 6785 7422 -4004 -118 6381 -2502 -9880 -6914 2627 -1243 -4404 6002 7320 -5563 -9374 9136 -4834 -9446 4332 -2920 9219 7466 -977 7919 -3 5412 -1572 -3207 -3223 -7719 -3418 4162 3569 -9903 -2371 -3206 6218 
-5265 3688 -7261 -3603 -1834 2231 -3216 3290 5336 9458 7642 -1636 -6066 9423 -534 6995 -5392 1958 -4207 -3871 2537 -1250 -9300 -4066 4473 -1316 -9302 -7200 -268 9782 -8153 -6240 8109 -7389 -7963 7993 -9408 2150 -509 -4588 2427 -8611 -4310 7057 -4148 -6979 -3291 4492 4964 5560 -3950 -5837 7386 1974 8801 -4828 446 -7664 5199 -1223 -2549 -3000 -5847 3280 -4870 -7165 -6684 5635 -3646 -2918 
-4549 -5257 -4709 -9959 4807 -8754 1419 3609 -7964 -9932 -9866 -4389 -3617 -3620 6381 -8356 2119 -6551 -8422 -3366 -3498 3108 -3846 -388 -2018 5400 -7796 -1946 -3695 -2078 -8037 4879 9427 -1751 -6606 -6736 -8806 -4637 -8889 -2846 9493 -8416 -7830 6766 7670 9587 -1265 5566 -8106 -8965 -9878 7654 -6725 -5045 -815 -99 -9972 7884 -4424 4714 -5306 6251 2650 -626 -8776 -3251 3689 -5177 8012 9253 
7739 7008 9530 -9646 -7627 6365 -7105 -9884 5475 4989 -5906 -8838 -6137 -5771 2512 -9755 8022 7402 5470 5157 -118 -8454 -227 -8228 -3817 -3702 845 -4939 2779 -4950 -1267 9438 -5899 356 -2980 -9305 -3609 5366 -1469 5421 -9593 -6619 2135 8885 5519 3618 -5229 9747 -266 977 -956 8871 -9000 -1027 3235 -2054 -5327 -7493 9555 8324 -392 -9124 -1108 -1489 98 -9619 6215 7464 3192 -403 
6406 711 -5752 1970 -5016 6863 4969 -9233 7971 4690 -5280 -3445 -6285 2653 -5274 -4810 2933 -2194 7259 64 4175 -3907 -413 -3821 -8774 -1933 7 -3041 2042 3263 -4649 -1069 4226 -4358 -5845 -4913 -6005 1680 -289 -3132 -5650 -2699 -3850 283 -7382 6480 -4733 -168 -7286 -4551 5354 -7266 -6609 3134 -5343 -8022 -6721 2965 4717 -9621 -7216 -2715 -1813 6888 7256 7281 -6275 8624 109 496 
8845 -2212 -4164 -1791 -1052 -2143 -8572 3161 2243 -1881 -2357 8945 -8964 -9384 -1837 343 -5234 -9018 -8815 5145 -4321 9294 8464 -1255 -16 -7744 -3623 -4750 -1523 -8087 -9884 5987 -9076 6266 8379 -6514 -2809 -2047 -6953 -1827 -7682 -4025 -5312 4960 8762 1574 8649 -5679 -952 -456 6579 3910 -6872 -5348 8851 -5887 -4772 -9698 3057 -5723 7103 -449 3996 -7159 9988 2169 -8068 -8968 -8936 -5463 
5827 4953 -6994 -5887 2341 -5230 -5568 -9427 -4408 1954 -171 2452 -7161 6651 -7536 4136 9629 -1129 -7998 -5395 -5718 -6893 1622 -2769 -2239 7276 -1456 -4657 -6425 -6093 -3206 3412 -3379 -7918 -6329 -3879 -1137 1605 1260 -4330 -832 1929 -9510 -715 158 4223 4269 -4111 -9520 -8437 -4239 1277 -1592 5341 -4301 3360 757 -1053 -5135 8525 4759 -4853 46 1871 5845 204 -988 -1841 1768 -8933 
8773 1062 -4966 3722 8850 7613 -711 -1343 -6453 -3145 -7344 -5087 6659 -4035 4065 -3572 -6608 -6105 414 5531 -2254 9257 -5339 -951 1586 5315 4020 1630 -5602 -6676 1834 -1219 9656 2547 -4019 -1054 -7394 5366 -6310 7149 678 -5757 -9169 -4673 8462 -5786 -6606 -1368 -9844 4467 -3902 1921 -2407 -4341 4572 -7299 -3019 3940 7033 -5914 6194 1610 407 947 6705 -2440 -6585 3063 8519 7935 
-1879 -4992 -7942 1764 5649 -6783 -3144 9822 -8751 -7629 -1900 -226 -8864 7511 -8173 8198 4548 6839 -2949 -2495 2020 -2349 814 -7072 -5700 -5282 2720 -9411 9727 -6553 -8673 -2177 -408 -6464 -9573 1127 -710 5895 6488 7371 -4521 -155 -7778 -8176 1683 5588 -3740 1082 7314 -9013 1991 -7614 -5546 9149 -9468 -504 -6809 -741 -9141 9774 6732 -1087 -6485 -782 6604 3781 2543 -3872 -7542 -2886 
-2683 5617 1761 -6084 9474 -4882 7623 -8008 -6804 1170 -1475 -2495 -8956 -1276 9711 -1456 -9870 4480 -5738 4179 8505 -6511 7421 -3032 -6843 5322 -5638 -1394 -5671 8918 -9060 1869 -7416 5207 -6844 -2584 3053 -1326 -4990 415 -8264 -4325 9164 -6848 -9481 -7774 5276 1826 8369 -7322 9049 -7172 -625 1964 3222 7359 -2708 -5807 -7528 8850 6193 -1842 -5615 -4617 -9501 3315 -3507 8185 5265 200 
7659 -3148 -7960 -7652 1774 -5492 -2893 -2299 9076 -9622 -7179 7707 -6841 -6897 3806 5999 8047 -4238 4047 -2850 -4645 -6300 -7923 -8667 6399 -6318 2531 4988 -2402 -1624 -693 8595 -8130 -9851 -6794 -4584 -1046 -4046 -3269 -2077 -4371 -4682 -2500 9587 1097 6872 248 -5511 8534 3800 -7572 7093 -2083 5973 4601 -5230 -6294 603 -2199 -6265 -2749 -5259 -7290 -8968 -8100 6650 5279 -8296 7778 -8843 
8075 -2421 -832 1304 -5989 -3784 2977 -2205 -4436 -7504 -1970 -7489 -9786 5935 5147 6519 -3524 -6440 74 -3496 -4308 -7868 -3747 -3976 -4868 -2682 -795 3613 -5393 -7100 6631 -2862 5168 -6604 -7707 -9706 3764 -4970 -9025 -637 -823 -7106 6674 -4843 9094 450 -2389 2696 5479 -7361 7554 -4832 6964 -2391 6718 -5158 6064 -7738 8314 81 -3490 -5482 9702 8592 -5128 -6077 -3374 5014 -1455 -8381 
-6588 -4988 -7667 -9348 4216 -4287 -2630 -3147 4575 -5626 4633 -2971 -8311 -7423 -2089 7082 7141 -2957 -8294 7169 -6507 6092 -771 -6565 3577 -7864 -3972 -5241 -2345 -112 -9005 5976 -2306 -7868 -5586 -5728 -4393 -6109 -4358 -6215 -8971 1403 -8322 -4158 4031 -535 -8038 -4258 3664 4346 2352 9214 -5965 -2535 2477 -6360 -4955 -6500 -5767 7788 -4666 -3131 7260 7630 -1030 -2121 4173 168 -2744 9256 
9707 390 9327 -8047 4298 8972 4090 -582 -5665 -5655 402 -5982 4630 -2012 -2109 -6363 -5708 -6266 8869 -1104 -7847 -2201 -8144 -250 -4740 5823 -789 1679 -4680 6749 566 -959 -938 5994 -8010 -4411 -4257 6906 -3553 -2519 -1578 -7414 2476 9492 815 -3038 -4908 2882 2502 6319 1111 -358 5635 8240 -2723 -1161 6666 -1551 2948 -546 1420 7784 -473 -3964 -1753 -3298 -4472 769 -6600 2074 
8305 -1777 -1179 6701 8961 -6269 -5031 -3636 -286 -4860 -1973 -1652 -3440 -3275 -332 6007 2609 1835 -7670 9703 -3942 -752 -6945 -2855 -2747 -3165 1951 2388 6789 5988 -976 -1638 -6787 9795 8155 6103 -4131 -8530 -6844 -5946 -9903 -9997 -1070 1996 -1452 -8551 -6107 8640 2570 9313 3917 -6265 -4864 -1469 407 -7702 -9632 -4884 -4907 -539 -4787 -1948 -2623 314 6834 -9387 -7868 8713 3191 -5930 
-3441 -2224 5175 -3118 -1349 -325 -7272 3659 -8774 -5079 -2964 -8565 -4979 -7234 2562 8163 -2152 4597 -9298 -5487 -7258 -4201 4546 -9041 -7657 59 3192 -8808 2482 -4796 1687 -8415 -175 8167 -7685 -3715 1066 -6964 9122 7453 -999 -3229 7941 7932 6144 9163 4965 5177 -2331 -972 755 -8409 7714 -1223 5427 -945 1238 -205 -1289 -8072 -8462 3796 3318 2090 -8114 -7354 -980 4862 -6699 1456 
-4501 -7255 -9775 9670 -7159 5564 -232 5671 -3565 3371 5247 -1263 201 -6324 3685 3134 1033 5633 -7799 8935 -999 -3402 -950 -3534 2727 -116 -53 8151 -3678 3201 3947 -6333 -9629 -712 987 -5665 -6357 1031 5004 8267 9948 -2749 -9375 7099 3463 -5234 -4972 -777 -1431 -497 -434 -386 4272 -7143 -6854 -5291 1242 -7454 -8368 1177 -9157 -6379 -9660 -9829 -3722 3432 -4671 -1519 7490 -3575 
3760 -9255 -5590 -8051 -3202 -6285 3004 -4276 2311 5059 -9686 -9151 -1326 -4680 -1242 -6545 -6711 -9575 4524 -4574 -1152 1394 -77 -1174 -858 9384 -5324 -5801 8458 -957 -2744 -3371 1758 -3999 -8448 -5539 5362 7427 -5543 -4628 -3985 622 -9035 -3530 -4091 -5208 -2763 -5502 -3781 -2442 -7965 -1740 -5882 -4455 -3478 -451 -4540 4317 192 -5387 1151 -8576 3289 -8196 -5758 -9052 819 -5722 -8236 -4442 
-9701 -8963 -3995 -3854 -4329 -7303 -4226 -3431 -7016 -5824 746 -2863 -6678 -5897 5768 1902 6192 7839 3711 -9251 -6976 2534 -6846 -8819 -8322 2997 -3745 6332 -9019 -6721 203 -632 -3525 -8114 -1778 -1769 -9958 2288 -9459 -4833 -5823 -4082 -3668 -2350 -2406 -5062 -6900 -5851 -923 -361 -1098 6915 -128 -7036 -8453 2573 8253 -7996 9492 9380 -9136 -416 -7940 -390 3766 7081 -8599 4410 4775 8094 
-4041 -341 -653 -9695 9828 -219 -6115 5809 -4065 9116 -5392 -4666 -5911 -3207 8662 -261 8345 -2681 7966 5336 3865 6551 -4087 2982 -6401 -5438 -2796 -3634 -9611 -6793 5389 -2907 -8184 6148 -6437 -9029 -6749 -9300 -9734 -4398 432 -4156 -3586 -5776 -970 -5878 6215 -359 3498 4068 1344 -2326 -7958 6878 4306 -7554 2708 -121 -345 -2279 -4471 2624 -6084 -6299 6231 -7382 6817 205 6304 -6820 
4744 -2949 -2493 -7259 -4600 -8851 6838 -4447 7628 -9897 2589 -9233 -8523 -8380 1927 -2798 -7913 -3450 -3856 9439 -800 5802 -8091 2786 4756 -647 -7737 -6865 -5963 -8352 3884 3731 -6291 -4212 -6925 -8621 9482 -8108 -7268 -2797 -3474 -3169 2640 -1041 9787 -2797 -230 2220 5935 1053 -6585 -9850 -614 6312 7936 6854 -1309 -2582 1358 6766 -3011 9261 -1890 8694 -8083 -9345 -7217 -6505 -5417 -6522 
-6900 -7369 -3865 -5569 8141 5904 -518 -7030 6239 3376 -1943 -974 784 -4757 -8841 -6551 -9515 3883 -9165 2411 -823 4639 -7455 -7566 5585 -3615 -9209 -2310 -9130 -9395 -4815 -7804 -2370 -577 5567 9814 7168 -3752 -8603 2771 -1041 -4935 -679 -5125 4007 -1006 -4414 -1048 -2720 -5726 -7932 5452 -8227 -9686 -7703 7221 -1323 -4245 7632 -7109 -6691 -4882 3918 -6657 4916 5794 -9520 -9459 6058 -9218 
-3370 -2624 -8487 -9085 4546 -760 -174 -853 -2231 2098 6834 9919 1529 -9099 -2639 -3385 9181 -4759 8398 -8290 -3253 8805 -6920 -2648 3305 -7473 36 9650 -6032 8706 -1650 -781 -4893 2920 8021 7281 -4676 3122 701 -1366 -742 -1644 -3004 -2651 -3816 -3565 -7622 -5462 3735 -678 1507 -8962 -8341 -2562 -6660 3149 -4501 -9454 7095 -9261 3607 -6545 1755 -2078 -4808 -6738 -5782 9809 9185 -5903 
8846 -2543 -628 7873 -3984 -454 -7991 -6184 6667 6133 -7451 -3470 -9229 -9 9332 5489 -4383 4619 -275 -3951 -6490 6696 -3863 4391 7916 -2745 -2561 -3182 -8652 1394 -7165 -1439 7604 -7159 -4680 -4703 -798 -3446 6634 -8880 -279 -7347 -7123 -7861 2889 -1619 -3547 9061 -2302 9497 -2566 -4383 -6601 2884 -4651 -8176 -2556 -9423 -5863 -6923 -6178 -3081 8855 -7285 -3466 -8055 -2876 2641 938 -8553 
-3765 -6285 1733 -8815 -5236 -3607 -2719 -2880 -6687 4819 -5369 -3834 -9117 3229 -417 3448 -5375 -3155 -6927 3049 -459 -1202 -9907 -6741 -1535 -5787 8351 7512 -7858 2343 -6179 -4478 -6955 -236 -7767 -7452 -1139 7444 5772 875 -7028 7730 -5026 -2255 -1677 5705 2564 5765 -3259 -9146 -9495 -3836 9447 -4973 -3285 5599 -2504 -3409 1156 -1647 9405 -720 -1316 1897 -3476 3382 5992 -4430 3187 -1709 
-3871 9305 -4616 -2668 -1933 894 -8150 -4367 -3463 -9390 2711 633 8314 7927 1033 -313 -3564 8152 -4504 7239 3036 -3840 -5352 -7452 8865 -202 -3652 6970 -7892 6684 2848 -5138 3284 -355 84 6448 -207 -5423 835 -3215 9408 -4384 -354 3786 -931 722 -5426 -7446 -3648 7139 -4161 -5405 6634 -2645 3377 -4158 8204 6183 4499 1365 -6387 -7991 -9549 885 -5539 8666 8180 5519 -845 -2738 
7963 -8315 -9855 3009 -939 2990 -6598 1075 9768 -1913 -8635 -9472 -798 7478 3270 -4911 6896 6140 -4485 5724 1814 -3 3993 -8285 -2283 -6483 -6081 1366 -3028 -7449 -6806 -6736 8008 4658 -5615 -1746 1365 -1763 -6054 -6908 9912 -1816 649 4282 -8886 9 933 7723 -4866 307 -1283 -7221 -2277 3013 276 -2056 -2575 8034 -8389 6157 -3856 -2913 -8818 -4357 7818 -471 2476 -9275 5375 7498 
-5140 -7977 -8264 -6317 7043 -5322 -5400 -9862 -7419 -1698 -7568 7347 -3781 5774 -1898 3910 -5557 4588 -6213 -6 3340 5430 -2687 -839 -6231 7319 -6628 9771 -4926 2086 -8257 -9564 -3996 1336 -7989 3493 -6055 812 -9684 7408 4338 4972 -8686 -848 -9913 -5992 7786 -3045 9937 -4285 -8380 -1191 -4365 9523 6844 9948 -8077 -5519 6890 -8397 -8722 -1100 2062 2219 -3085 -269 9804 -1333 2080 2835 
-6180 -5285 1779 -1315 -9108 4714 -2496 9638 9451 -8233 1311 -5116 -2595 7760 3037 -4628 1751 -8721 3941 -5216 -7282 -1396 -5459 -2562 7233 -845 -9694 1067 9881 -8417 8642 -3360 -6331 -3829 -5944 -8813 -922 -4840 -7683 -9784 9006 2938 -9514 -3932 -2009 -1417 -7278 -9273 -358 1466 -1362 8349 -9501 6270 8536 -7866 -4887 -5 -3384 -2020 6574 -4480 -1742 3305 -5283 -4880 9137 6821 5114 2386 
-1913 5974 -5119 2523 6565 -7546 -6032 -4070 -7925 1431 1219 -8903 7722 -525 8242 -2787 -880 -6673 -1652 -1430 -6487 -2419 -5213 -381 -2858 6546 -2316 -4676 -204 -5089 -6616 -9518 -9839 -5767 8711 -3967 -3477 1001 -1597 6252 -8323 -3067 2260 -2296 -9621 -3347 8775 -2215 -150 7890 -9365 -8897 -2857 2701 -5753 -6792 8624 -7882 -2196 -7626 -7971 -2260 1838 4483 -836 8366 1187 3477 -2662 1861 
