80 77
8644 2278 8485 5488 5665 7489 1229 2677 1660 -3836 1968 798 4828 1640 8645 4171 1988 9073 8613 3615 620 8650 9071 8246 4799 4628 2607 2776 4818 2175 9833 8528 2430 3610 8224 7809 7094 788 1409 4578 8846 4743 5215 2888 1602 4090 2323 -7031 -5468 1041 -2469 3190 3232 2059 1570 3845 97 3337 6336 7704 5198 5886 6523 8808 4999 4355 6857 2056 5005 8824 3080 92 5637 598 6761 4183 2804 
4586 169 2671 603 465 239 9664 8590 679 6253 76 7408 2873 8397 4651 8168 4951 8166 1307 8732 8788 9541 6014 1709 5895 6214 -9135 3053 5604 -218 2486 2237 6583 6146 5927 4417 1605 2674 4379 7022 9803 6325 8106 7586 1561 3055 510 7616 5048 6759 5520 2707 3594 6227 6062 -4449 3204 6951 8542 2476 930 4150 9026 8822 762 5370 1391 6473 5008 8101 8315 5147 493 3996 5873 7256 3672 
2489 4135 1699 4498 9241 7607 3925 5267 6882 5999 6717 1451 1162 6009 4569 451 952 691 7306 7058 5965 -6628 3040 5166 6591 -1928 5061 6249 6727 5450 7910 1973 2823 7659 5848 8772 7071 5562 6923 7256 2830 7097 4314 8972 6393 5319 3062 -7408 7616 8903 1909 4899 9293 4749 23 8512 3850 136 2577 5379 5293 5019 7038 -9335 4170 7646 1728 7676 8262 262 1271 -5618 5216 6966 -1837 -9016 2361 
7359 -1142 3969 7980 4823 2142 5713 -3136 5951 1088 6555 9211 1229 8578 3666 9769 9640 5080 7712 9616 4139 795 6132 9985 92 5112 9789 4689 2545 5276 2740 5560 2399 9059 2409 633 9456 1786 6645 5001 9510 7045 8902 2217 7725 8655 3560 2404 973 998 3160 5640 3025 7013 3599 5926 2008 4397 8894 2600 158 6317 197 8177 3363 4171 7799 1132 5659 8743 1629 6873 -5212 7440 6898 3250 3734 
3562 3746 9085 2845 8566 9580 7993 6 323 9262 -1280 7640 1578 5000 9448 4604 7097 4503 3877 598 939 2613 1196 3465 9758 4795 5665 9878 8168 5186 9580 2092 5550 786 9626 4391 7869 8771 2966 9543 3228 4144 1120 4325 3593 9480 6522 169 4933 217 1740 6247 3750 1981 5555 7751 2694 9800 3822 4224 3255 6611 7874 9868 8777 9163 67 8922 3973 6720 7981 1446 4573 421 8881 2311 9803 
2587 2312 2813 5858 1747 565 6489 7304 9263 190 3890 7353 6112 4080 6554 2334 -9007 5434 5369 9760 6674 6781 9519 3060 8428 1460 -8474 865 3553 6946 2771 3772 7579 4383 3784 2794 8516 1245 2654 9784 3527 3295 5709 -1689 1512 4447 9883 -8211 461 9355 8206 2925 8807 3481 9561 1337 5236 5159 509 7993 -2309 4349 6220 4237 9698 1181 8531 133 2888 2444 5533 7544 6856 3209 1962 2537 1752 
4272 1551 1669 4514 3649 3555 3440 9719 7960 3268 2446 8463 8536 3418 5045 2739 4564 9674 7268 4846 7697 9466 5438 9650 9583 8130 5692 2969 3412 3799 4215 7672 3258 3394 7682 -654 6047 5595 8450 1774 6215 5015 3911 8025 5389 1513 5437 2291 6122 9645 6447 3177 5325 1587 9797 9395 1787 1562 5403 -9057 4039 -4951 2813 3590 4701 2572 2975 1949 9464 2405 5366 2040 2323 6659 -5808 783 3227 
5018 5046 8834 9215 2925 1514 855 5981 6139 3908 9706 3563 9809 1376 4307 6953 1391 9057 -9203 7021 1547 9132 9190 101 7777 5719 5769 3963 204 9223 1886 8562 169 575 6240 7163 1163 -3835 9034 5467 2595 41 2010 3251 3367 8888 2271 2889 875 4622 -8737 3135 6358 6600 -7317 9029 8659 9357 1963 -9488 6962 2419 812 -338 6721 7639 4892 5331 4793 428 2407 2113 8089 4284 6374 5637 -761 
9831 3447 645 8563 3355 9712 3140 -2043 2879 4797 772 8548 4554 4975 9295 2943 5073 3140 3578 5441 5563 2804 565 2486 6540 8530 1178 6488 8513 6744 3161 7237 7744 -2504 5142 9148 5156 8326 7270 108 5817 4 2707 9322 7019 7002 5722 3452 8845 6125 392 8852 1031 4472 477 9326 3240 9331 4390 9974 727 7792 6559 4353 1646 4940 5556 4699 3090 823 3428 3063 6187 1971 1992 6945 6920 
3275 9946 6767 8951 4460 593 7749 9504 7191 3031 6960 1597 134 281 7540 2200 394 9048 6688 8580 8836 2096 7458 9267 8794 8366 9567 9068 3764 7572 4686 3137 7946 7312 8578 6761 2680 8146 1074 6301 8376 1624 378 6403 5916 4280 6821 8214 5213 2561 193 5236 488 8987 8796 364 5321 5185 2868 4445 3401 9830 4152 1954 6666 5648 8202 8471 6186 9489 9196 7121 9071 7565 837 2903 7362 
688 253 8029 9256 3067 1197 1120 82 4015 4055 975 1740 7565 6511 8638 2709 9870 5514 7243 7973 5178 258 4951 219 7059 7316 6288 8606 7154 5611 264 1650 4685 -5294 8531 6187 579 5161 8826 8027 7085 65 7981 3124 3146 4302 9868 1810 5254 1732 3584 4714 -990 -493 763 2357 7711 802 5937 3589 5702 6296 6855 3520 5580 4125 602 5563 5209 7736 5108 9976 6676 3309 3261 4853 7248 
857 3030 3616 8456 2023 8740 2825 3928 2949 7296 8797 9166 8550 8660 1045 5851 5518 5811 -2744 8429 1705 6736 3655 3340 603 819 7455 4442 370 8401 9351 1450 7334 5607 6811 2847 8569 8121 9286 6239 1563 5929 -3286 1973 -3547 8067 948 3725 4077 -2337 415 -4130 8937 1453 8574 8668 8318 6296 4362 6052 6846 9294 1977 7876 6588 -2932 7914 925 93 2119 2456 433 6276 8643 1474 9714 729 
6360 8354 4050 1721 9704 8517 1716 6511 8590 8373 2199 8164 -5892 3888 6808 8596 580 5114 9808 7999 6893 4723 1926 1397 3721 94 7273 4867 4277 -2016 7430 6319 -1316 1634 5998 -1060 9751 4928 3386 3432 4743 1603 686 8854 1609 1454 9792 1736 834 9311 6748 9731 3345 6123 8234 4364 6043 9084 8315 1105 9079 4867 825 9075 4779 -7460 478 -9970 2989 7099 3943 4838 9471 6354 1961 6181 7996 
-3531 3435 7155 2469 3114 6546 7479 5212 4552 5469 2162 5663 3523 8937 6483 9583 2762 2000 9921 2928 688 4099 7718 3319 3714 2355 1967 442 7765 7950 -3288 7904 1913 3451 9903 -6396 9270 3759 1442 5034 3652 9783 -6113 6365 6692 -7956 4907 9386 -2968 3515 615 3559 5861 6063 2677 3714 8246 4155 3776 4984 8919 2984 9919 7054 8886 7585 462 3441 122 1696 8539 3034 927 -3622 446 9997 7947 
6790 4821 -5078 7931 9136 6701 3564 5446 4130 7155 6175 271 147 3655 -1780 1115 4529 6695 -8218 1217 4917 8838 8194 275 8011 8732 1443 9811 4667 7748 5141 8947 252 9918 7285 -225 6141 6954 7569 2480 1903 8609 6702 -7258 4819 1525 8301 3519 9042 4093 -4793 8116 558 5857 7588 8054 3580 2858 7834 -5982 6908 -3904 6547 7182 9564 6059 4014 5563 4113 355 9547 5590 8471 9336 7527 8793 4778 
8426 834 6391 1047 9284 4585 7311 8821 7672 4897 89 5163 2817 8888 9222 6790 7258 5689 7754 1118 2633 9182 8333 4707 133 9368 9184 8729 9678 3625 9167 1482 464 9048 2711 2726 3002 2734 3256 4855 -2699 8443 206 4147 3531 8546 -5851 1724 5718 4149 1153 4414 138 1644 1080 6717 5454 5635 7200 7980 7369 9008 7914 9417 3477 8369 3491 3072 1261 3687 4650 -7961 7624 -3727 8352 3142 1538 
5467 8246 8901 1457 4215 3769 4797 1259 4287 8176 9308 2582 3994 9361 2027 6515 4381 2141 132 6559 5492 5905 8712 2533 4561 3375 6390 5779 9879 6604 4488 3872 2811 3753 4228 3068 9168 9862 8436 6715 8891 8306 -3355 4064 1139 559 1311 9254 127 5805 7434 4480 7894 -1969 -8275 3990 1660 6734 318 8287 1886 408 3627 7228 614 4571 5149 5475 16 5255 7394 9832 9667 1115 789 3731 2162 
-8455 55 6751 8219 2188 -8290 3310 1494 9001 4674 9586 1387 -9849 5949 2017 1005 2967 8558 5783 2667 8040 5147 706 1742 3406 2168 3790 9852 272 188 9474 7817 1379 5974 4149 652 9835 5346 4075 3220 6851 4998 588 8581 9592 6170 8813 9743 6619 5666 6863 4174 7492 2826 2195 834 9129 7391 2109 7092 2783 6639 7925 5302 4788 177 -5730 8534 8357 2170 8968 9719 2929 768 404 6661 4292 
-8843 6836 2019 2310 209 9552 8757 7003 8370 9047 8064 7764 2049 5689 7813 1994 3637 7688 565 6033 9139 -6508 5678 4061 -2526 3662 7570 196 6434 412 2162 147 2948 3916 8185 5003 8087 6299 2216 2103 3126 2004 541 -3662 2355 2856 4113 577 3024 8324 1880 9841 6488 8965 1429 2128 6945 -1316 7207 6271 9814 9396 9312 -1732 3804 4160 1309 1132 -5440 6965 7247 869 -6581 6772 7102 5417 6914 
3172 9516 1733 -4112 8922 -1248 5968 7001 9163 4876 -9189 8777 341 6562 6567 2164 2162 329 3776 6364 229 5356 1040 4259 818 1993 540 8820 -9086 9885 5704 9391 3162 8635 3418 185 2748 3180 3982 9496 2339 2248 4247 4863 2409 5523 4398 6454 516 4893 -8116 8205 9769 7207 4624 4138 1240 -290 3479 236 3103 1262 1577 3338 6834 2959 9051 6050 4993 736 9841 7865 6906 1206 6026 697 8917 
2168 8858 8535 3164 9274 5803 -538 7738 6540 2444 2868 2462 3738 3316 5520 7833 6943 169 7962 5796 9268 3594 1747 6826 6997 8897 4590 4286 2433 4873 9192 3246 184 1437 3976 6651 -5628 6749 -558 6856 8061 7507 2344 3687 7492 389 3912 -9587 1584 7761 433 9228 6814 2002 6738 3555 9893 3537 1992 3402 3907 1834 9868 8718 4369 7746 9871 1454 5460 9309 5460 277 -4650 2975 4647 5118 660 
4111 354 7424 9737 7561 9717 7786 5078 9592 7 -5448 689 3333 4225 173 8674 8061 1648 3305 6120 8830 7252 9000 4541 5701 8289 1728 598 820 887 2700 5871 7985 8922 4326 9115 7069 -9713 4624 2612 560 1346 7612 8729 8822 282 148 4928 4788 2785 8714 4077 8022 1151 9161 8772 6804 -7122 1724 9746 -8222 904 8405 8307 2729 6071 9307 8153 769 8988 8103 7601 3994 4114 6123 8927 4870 
1246 1660 2706 3096 9541 864 5980 7048 9716 3695 518 7839 3933 -900 684 1605 3019 3750 2284 1189 2168 8750 8355 7428 6226 9490 3452 -8646 4394 4341 7513 7069 5135 7131 1164 6665 2785 3823 3841 5600 9007 5407 9528 7568 1568 7784 5798 7837 5603 585 1221 3166 8800 8631 7835 8005 6534 9636 5886 3456 6924 5606 8809 5848 8635 8663 1144 663 -9989 8949 6681 986 3541 4737 6481 4414 904 
3417 10 8479 9386 9180 9702 393 5618 9250 8026 9042 1363 3003 -9637 9426 2837 3213 5297 8702 1659 5621 3193 -6969 4779 8476 259 5649 -4763 2264 -927 860 1639 -1929 601 7795 6182 2012 3496 5472 3339 3410 6439 7889 7771 1262 1440 7134 7467 6531 165 1014 5799 2918 9712 5470 407 -1813 -9 9202 307 8806 3764 2412 6131 8890 4897 5589 8925 6064 2861 7806 3378 8909 9135 8724 8827 994 
7840 8049 1391 4337 9937 1558 986 7053 -4759 5817 8219 5887 8028 8157 7285 7749 5628 8672 2326 1571 4345 511 6315 6462 9084 4993 9161 -5865 6469 87 9187 5459 4877 2972 9981 9348 4078 8205 5801 6643 1069 2750 69 2299 625 7651 4617 -6585 6370 4433 1442 -3782 5293 4980 7932 579 1899 3150 4729 3704 5174 7520 4468 2046 6067 1968 2254 2604 5017 1538 7544 7305 7493 587 7467 1611 4513 
2897 -4484 5656 2107 2154 -4481 5179 6009 2267 734 9304 9197 6856 4575 1632 9854 4111 979 8440 5542 5297 8495 8093 2583 8322 3506 943 8505 2589 1486 6998 3617 4127 2335 785 2155 1001 279 7529 8627 545 4900 1463 3722 9431 2571 2253 8161 1198 4819 7532 8612 38 1061 875 9145 -7992 3568 2241 925 5297 5374 9326 157 95 7314 5848 4446 8928 4563 -4876 3730 8139 2086 5130 1722 5803 
4913 4381 1760 88 7294 2152 514 6942 7704 2785 253 6107 3855 5371 2001 1764 66 8268 4482 9981 157 7815 8512 1013 4455 2628 8271 -8976 -5346 -5975 3993 1342 4126 5775 4058 5973 8853 4250 1412 4253 9890 5017 9900 7351 2448 7025 5484 8036 417 7682 8748 6574 3207 1235 3047 1048 7962 1985 2960 3066 5824 2893 4468 108 8866 1419 5496 1121 5527 9910 9593 8416 2505 7378 7482 -4937 426 
1906 3803 8967 1374 7242 6587 2214 7141 3182 7399 8862 6366 2361 7809 9065 -5730 8797 7754 7381 6556 6784 9605 9957 7391 9985 1927 3674 8301 1578 157 2340 6032 5244 2343 190 6615 1862 7238 8663 5735 2306 8044 3646 3602 3255 5447 -3269 5259 3087 6407 384 1150 2622 1546 2611 5755 1350 8650 8420 9901 -9782 312 5836 -3398 4354 9125 2691 9112 8822 9394 9820 -9418 8038 4933 3471 846 6589 
5462 2280 -2574 5062 7659 5449 3348 3971 9946 6673 5596 7304 6941 8385 1468 7967 -2141 1599 3891 2342 341 487 9876 8378 6346 793 6777 2218 9489 2615 -7588 2118 4704 5564 4566 7834 5500 637 1900 1894 1766 4450 9098 2953 7336 3817 761 8520 3979 -9063 3160 2912 357 5192 6069 7968 4969 2996 6598 6410 8338 8295 1816 6865 5691 249 6698 2228 2459 1864 3326 6837 4160 1007 2239 1126 1671 
5085 1919 -9259 -1843 9607 5034 4288 4186 9817 827 3302 7684 6157 9754 5579 270 1463 8505 8811 5265 1218 7668 6218 1182 6237 4979 9033 6047 2146 2416 9389 6960 2319 2014 615 6221 6930 1100 5055 1874 -4648 3518 2017 2637 949 9277 6079 2173 6491 3383 3294 4831 6551 8060 8938 3794 6135 5363 1225 8660 259 2159 6435 1858 9035 -2847 884 6626 5281 9372 7660 1945 3399 8342 2896 1115 -207 
5124 8505 7260 4060 5289 6160 9425 4675 2032 2918 9283 9673 5329 2312 9117 4513 9981 -9381 4409 5059 6388 6708 4023 3397 1968 781 7836 7794 -9330 9741 2967 6489 601 6061 4838 1411 -5453 4018 7920 393 9900 6752 8201 -902 5690 4256 3084 9969 7463 4798 9716 1673 2041 1190 5168 2734 4186 -9551 860 5367 1292 5251 6120 1745 4064 3132 7858 8928 4878 1372 7463 8524 -254 9294 3634 7491 9052 
892 6385 -3718 57 5569 7629 229 6775 1726 3086 7414 1398 9918 1823 5290 -8951 7964 7523 6128 8110 7152 5731 3384 7456 4181 9879 2900 5906 9806 9327 3876 3126 7073 1741 -7535 2271 -1850 8046 1183 2686 1887 1939 666 -4602 8394 8762 5474 8420 5727 4024 936 5615 9305 24 1387 427 4340 8177 1477 7048 1714 6461 7046 1456 7980 5573 -9708 8894 3193 8117 1943 1666 2920 3173 -5608 2435 35 
8389 4710 9259 2049 9732 3917 34 8691 702 1485 1899 5056 6820 341 7856 5993 3958 9536 6668 3968 9118 6721 5012 3970 664 7832 1120 7694 9497 3958 6295 403 9252 6515 7182 9730 3042 6599 9461 9153 5212 8112 2661 4498 5115 9866 3119 2828 -9519 6192 986 9281 5965 2830 9024 8542 2928 6523 8870 4223 7515 1596 8058 6427 5821 -1045 9721 9678 3098 9556 9634 8473 9876 4875 -4421 4878 384 
7856 5645 9077 8966 3995 4529 7900 5603 3396 8070 439 8964 4154 1613 88 7097 3669 992 3124 1218 4167 1758 3143 9954 487 127 4263 5318 3391 7120 8310 5344 7557 6023 3999 -459 8037 5893 4925 4553 7296 7971 3560 7714 5415 7635 8580 9201 4338 367 229 5475 2952 7985 9449 5142 3813 8641 -6440 -3084 2737 7485 2981 6767 9103 3521 2637 1497 8424 8403 190 2797 5124 6875 7175 6770 1343 
3899 3151 7241 597 4024 7421 5675 3513 4993 3587 9288 5033 949 6408 8536 9455 8016 5751 1238 2018 7128 7488 2325 1350 9813 9541 5615 5412 9240 5959 7053 5883 9709 508 4587 3619 8252 4327 2778 -8725 9095 4008 1137 3498 6570 6769 2340 3927 8106 552 1101 6802 2270 4055 7675 2064 1681 8703 6380 7170 6782 7891 2496 2404 3681 4074 800 9886 5793 926 9241 -7932 9364 1662 5687 5460 9861 
671 1952 5465 4219 -2758 -9840 6089 3603 2758 3932 2607 2097 4358 3899 1792 5623 1463 1390 4117 9151 2865 110 2263 8889 7770 3334 7576 98 -117 8061 2145 5726 8871 7965 4013 507 9073 7736 -9606 493 1706 1332 8600 5568 7318 8800 6548 7239 841 7101 -9720 2436 6795 222 640 283 261 110 4410 1226 2137 6029 7128 -3009 905 3220 5691 5660 5882 6814 4260 -6949 9395 7812 1042 4022 7114 
-9433 8673 669 5696 8004 5303 1110 5787 7363 1135 4094 4658 -6624 6284 1761 1390 406 -6643 9137 1832 6147 5442 988 7699 6570 1837 1705 9872 8332 8019 3216 2608 947 642 861 2281 7685 7467 2955 3808 5705 202 6610 7845 4687 349 5836 7880 8867 9208 9091 6800 7186 7697 7650 4062 1488 2669 5544 4071 8616 -7514 6718 6973 2004 8030 8465 1108 2536 3421 743 -2495 3062 993 1771 5705 9003 
3717 9824 5483 9388 4201 9668 6144 1194 6759 5633 5356 6368 2346 6317 9670 -1458 -6425 4086 7357 6656 8046 9297 5399 22 8278 -5575 6628 9878 4326 3962 6917 9543 1367 2191 4902 3994 7669 6198 8583 1891 1896 -8286 4592 3794 2089 -9154 994 312 354 3079 9891 7501 2166 2600 3502 564 7618 1327 3301 2616 4578 7498 2028 3319 646 6666 2642 3921 596 749 177 9392 8022 7832 3448 4020 9847 
4822 2038 9727 5415 9013 8220 5479 4026 4213 3358 3441 -6455 5583 3480 796 4406 2713 2350 706 8455 54 6037 673 2117 3556 3901 4167 310 714 2283 2061 3456 8981 8142 9663 5735 8091 1677 3165 2611 3258 67 3345 3256 1173 685 222 3041 2493 4291 2179 2786 9239 4836 3716 9508 8292 7131 6816 3505 4050 2056 524 6323 1527 7060 5175 9090 5917 -8840 9141 5273 1998 6755 753 2438 7205 
8295 3660 7254 9317 9181 9233 3554 8604 6340 8905 -8291 7616 447 2782 5406 6110 9776 8512 2891 6438 7573 2923 8747 541 3457 5788 9042 2830 1618 9311 9814 1054 4033 5525 5847 1847 1019 5487 -5012 -4916 832 1641 -3233 6509 7895 9664 5787 1394 3457 6303 569 476 3066 855 79 8954 9693 6613 1620 -9750 404 2295 4999 3402 1315 9924 58 6777 3821 7234 1852 1268 6445 2099 4123 1117 -1681 
4347 6717 3956 5982 -9607 3163 7813 5757 2552 7687 9905 6868 2671 3585 8133 3516 337 7292 9737 6251 2333 2211 940 1081 365 9198 563 3155 2197 7461 8202 -2546 7439 682 896 1209 1193 405 9987 7713 -8600 9232 4218 1393 5795 7168 4762 -4548 7059 932 6784 2417 9645 1003 4480 1413 2943 6135 6649 2315 2424 9430 2584 6743 1599 1128 1979 4905 9400 -3837 9744 1695 222 6719 3025 7180 7379 
1842 -1434 8596 -8063 -2458 6588 8573 2251 1906 5462 8979 9332 5476 8020 822 341 3734 7868 9993 2440 -866 5644 2975 4277 6561 235 249 4291 1922 9829 3499 7626 6296 314 7849 2495 45 5607 9544 7573 8942 8900 2432 4517 19 2802 5965 9813 3769 2408 8995 8606 3905 8415 1833 9644 4548 6820 5097 6507 9921 6441 5589 159 5996 5495 2059 8502 4816 4023 1385 8557 2009 5097 5226 4866 9744 
1880 2556 8902 6723 3100 1923 707 2074 2293 6489 2874 7984 8995 6728 2664 6535 8253 1445 5266 3485 7379 -4128 6527 -4033 8693 9696 1271 3563 3477 1268 5142 6289 6841 4175 6148 8886 1301 9826 5741 -2039 3632 2381 8792 3075 5078 3568 4829 4209 2250 6159 8671 2763 5152 386 -8982 501 1736 9381 1967 1571 7670 7806 4559 7180 5250 3321 6467 9995 6805 3586 1350 3868 9990 3045 4507 6663 7567 
808 9575 140 1507 2310 4682 8062 1717 4913 3253 4540 7969 2360 1764 1626 9822 1854 6770 4331 7556 6704 6193 7308 2097 3175 2451 9641 -2346 7521 1046 9123 7039 7520 8429 6238 6655 2206 1212 6362 333 3924 6749 4299 753 4467 3075 6562 4879 3158 2640 928 234 7979 4607 7671 3864 5314 -7755 6755 6759 8303 1928 6619 3266 2031 213 3847 2186 8644 4300 8090 7132 5130 2621 7144 438 6533 
1973 1783 1267 9355 2150 8774 573 1618 2201 1292 -2757 2818 8101 4453 3118 -4875 8829 123 390 2169 6782 8667 -2912 3581 7916 7277 9736 4718 3159 2120 4558 2667 690 2979 760 7598 6182 5965 9276 7828 4305 3133 454 6511 3982 2800 -3039 695 -5055 3734 7187 2244 7432 2369 2725 8172 9255 1366 9719 8373 9515 2656 129 1146 3716 8788 6734 8905 4430 1427 8924 4886 2762 7679 -7849 6402 9871 
5897 5706 2793 6680 6938 6564 3292 4087 8979 3600 5716 8647 1346 1372 9389 5899 8435 4545 455 8604 9160 1696 971 8618 3218 3249 4686 7683 9042 5505 2610 1406 2679 1507 2523 9281 96 2813 6598 400 9227 423 7839 298 1403 5468 8404 3574 1974 303 9009 1261 990 5596 2125 7210 3733 7020 436 4024 9488 -8198 5021 4330 4709 1445 6001 5393 6153 6248 7648 339 396 1684 5828 3321 7478 
5526 4368 5956 9657 664 5290 2333 5411 -3539 7720 5387 9627 5969 5871 -1535 -2534 -3180 9672 468 4228 7073 9272 4780 2330 690 1947 5117 8856 5027 9202 9654 9051 4745 6677 1248 6993 1107 1834 4510 6224 1449 3664 4420 6993 3912 4797 3706 7579 7842 -786 3953 5188 -9152 6638 -4116 3691 8375 3097 6893 8049 8249 9877 9823 2871 9617 6171 5529 9557 3874 7419 3686 4812 329 1221 9383 7524 4343 
8839 4405 2856 1834 -1401 968 609 8615 7847 9391 207 6026 2925 6655 1530 3126 157 2262 6737 2643 -4765 6747 8888 9836 5071 3927 9729 4381 2033 2625 4335 -8094 7497 8045 7734 -1551 9326 1155 -4446 4555 7648 4610 2049 2719 7094 152 -3685 8634 7024 6616 -7509 2893 532 2876 7503 5013 4014 2635 7551 5760 -1811 100 3233 8655 5817 1494 2459 1002 9870 8999 -4361 8806 7756 7221 3813 -8633 8288 
1812 145 7841 8032 6256 8749 1514 5826 -3281 -5834 1780 6221 -915 5257 9924 8796 7870 5619 4763 -7888 8139 9621 2665 9186 6059 8329 7781 -2716 1667 6933 1077 4125 9800 1069 6443 3529 2286 7262 9659 6005 701 3538 9312 8002 -368 9311 494 3709 9257 7325 1752 4278 5614 7407 6226 6567 9857 6290 6559 -967 4480 683 6072 422 3243 8539 4612 5358 1671 9445 7727 801 2305 -1465 2335 9190 4903 
3971 9872 6889 3258 950 2468 8726 5411 6570 9997 9520 7379 7937 653 681 662 5097 1661 7309 4651 2038 3042 3086 764 7989 5299 6499 -2307 7489 553 4369 3997 7290 7897 2725 7056 4277 9440 7162 6289 2008 4786 975 715 3892 5199 631 8842 972 4899 8606 5866 -7778 9235 6396 9548 -8951 5196 9475 278 6902 -7565 5002 493 457 1818 9131 3211 -2101 9368 8425 2042 8827 1134 335 9776 1089 
817 1781 6157 847 5415 8478 4 8380 2105 1917 2655 7308 810 554 -4710 6491 800 2765 8000 2593 644 7451 6845 7672 9759 8588 8717 279 7376 4401 3475 7912 2202 7216 4384 486 6327 6998 3730 2202 2246 3621 4288 3696 606 2759 8771 2047 2915 2073 2002 5809 2413 2198 8004 6438 3167 1594 1403 7284 3416 2684 259 6344 614 3725 8558 9588 6911 2361 4079 7646 5083 7582 9409 7166 -3610 
8987 1537 2838 7458 7585 9782 1138 4810 4982 2576 4858 3790 9924 4896 34 7679 -1563 1075 6331 8645 4096 2610 2497 1391 8356 6341 3797 8818 9237 5859 2422 633 -1940 1583 6962 6429 9046 5442 7669 44 2482 2436 9992 6368 5158 9412 9388 9194 6984 3413 2396 7624 3122 -9806 8817 9019 6404 5271 8835 4129 6604 1602 1600 4428 5387 3609 -1471 49 4422 -9479 5472 -658 9060 1334 835 5718 4775 
7443 1602 1119 6194 1280 7816 7018 5674 5251 7824 7368 2397 2140 2428 6542 9141 6516 5101 5909 4342 9680 3057 8964 6074 1224 4505 935 5451 3311 3611 2113 8164 3949 -698 6254 1834 9364 2992 8138 -5466 -6597 6790 2696 244 2306 6791 7878 7224 6242 753 3875 8872 9143 1881 3573 252 5210 4704 9391 4739 3374 3073 817 -413 372 448 7338 1173 2520 173 5863 3700 7425 3265 10 1306 7259 
9778 9749 1158 8571 7619 1861 6332 6055 8095 2838 2541 -6725 5223 6187 5370 1425 5603 8527 4294 8827 7491 3310 379 424 8039 1346 9209 5082 5166 9110 8687 6027 4511 5669 5387 3448 4162 7254 7434 5063 6464 9129 5184 1635 2909 1531 -9065 4293 5777 7047 3181 -7249 7471 7493 4288 5908 734 307 2505 9261 6224 7898 5598 5667 4490 5630 9983 7809 7814 9487 4262 1475 8057 4266 5188 5363 9555 
6778 5049 1179 7451 4429 9177 -3049 7067 2796 7822 9671 4375 1546 4344 -4278 646 1526 -1774 1031 9003 690 5963 2204 -5456 5072 2068 8446 9259 8638 1612 3948 9825 6999 6890 9106 3917 3880 1489 1822 6171 1053 9625 7410 464 834 8791 6901 2873 8445 120 8153 7256 7015 4114 1213 6200 1373 2828 8005 3988 4974 7500 -7016 1768 2950 4282 1177 3313 3112 4842 8755 5380 9580 2188 4401 2394 3003 
3809 5305 2933 7590 6735 -1742 7753 -9509 8246 7524 3169 7185 4503 8387 1978 -9858 1222 788 8316 7528 3117 7364 9601 7165 9877 7644 1206 8991 174 5127 4544 -2070 7258 4382 3960 1547 4728 7559 9427 1470 6881 3673 9439 4159 9873 8061 9221 6724 7971 1044 3037 6819 6018 2993 3374 5837 5223 1137 5308 6215 4921 6319 2333 3816 -6704 9651 1616 2212 3064 669 4827 3950 7548 4055 8109 7153 61 
7026 5854 5672 6628 435 2128 4808 1266 5865 8328 54 5929 9444 9749 604 7682 2030 7225 9542 6341 3773 9393 1091 6917 7894 8877 5399 8197 -5742 2128 2387 2231 2158 7445 -6408 4863 3918 5309 3944 5548 814 1364 9899 6343 1717 6508 1024 5973 4540 6148 5064 2105 5209 6531 6245 7137 9851 6609 8729 4430 245 7001 460 7485 6519 2105 5577 2830 8330 1516 3508 7228 5870 3157 8271 -5688 9538 
8206 7355 8556 4686 7467 4264 6495 6034 9940 8822 8416 5413 2944 8577 5983 8484 2080 7689 6305 8471 -1794 650 3108 7005 1534 1575 1593 4259 4708 2594 7957 4002 9081 -4673 9493 5411 7658 4460 2163 6634 6931 8487 3242 6157 1197 290 7713 5669 3736 9239 339 173 1271 7297 7860 980 8602 5810 1526 7377 9854 7712 4668 5409 2397 4161 4692 2879 2860 2595 6739 4142 4627 6118 7329 3001 2947 
6139 5774 9850 795 8183 9361 6742 672 3435 4529 4462 1891 3717 5093 4419 -3439 4442 9720 3369 3971 5817 1176 3408 9615 8635 -1960 9054 6820 6210 5696 7001 9400 1820 3286 9074 2994 7316 5740 7285 3040 7948 3690 9884 9206 3173 6818 6132 6122 7538 6028 3917 3404 6771 3298 7906 446 9468 -3467 4152 8878 6413 9469 5454 1854 9956 6095 5790 7375 899 8404 5357 9049 5548 1369 8859 7266 1320 
2405 4318 6348 1093 8986 3952 2664 5644 5587 2812 4865 9101 6920 3567 719 6078 6728 2828 841 6624 7823 2346 781 8480 7957 6387 5196 7118 5039 5740 4788 9070 340 3496 -9186 8239 6643 2809 5560 -2261 8443 7075 8727 7831 7531 8069 2178 8061 316 9584 4153 2215 9742 3175 4856 1673 4377 358 458 8552 2901 7252 554 645 8209 2055 -2712 9641 2098 4077 2789 3647 3520 8282 693 2552 7387 
5125 8487 3938 3865 6571 5028 5040 9500 2295 -9021 9051 4639 4108 9193 3557 2296 2842 4309 5419 9927 7085 3288 1992 3005 492 5767 497 1329 3227 6475 5285 6491 8250 4166 9469 3863 8381 6048 8122 6297 6986 2575 8904 9809 1534 5169 2515 8674 8415 7190 9461 -6896 1903 8810 -1859 8843 4729 5198 6386 -5583 8391 3734 7005 4912 5184 6995 4092 9757 6619 8093 1012 4660 6598 8601 3615 7701 3379 
4228 2896 8534 4734 7170 8218 7045 960 9767 1163 7752 826 1179 6784 3149 5024 -1721 5527 669 8771 4276 7294 4159 4083 2170 8130 8479 3130 1076 2014 3534 3633 8600 -2843 9979 6837 6912 6854 4040 653 8657 6917 684 4152 6558 5505 7284 6887 7524 214 4872 5974 1972 4405 7620 3023 2750 6638 2075 4382 9645 9030 9762 4520 5785 151 -1646 8436 2340 929 5533 4821 8150 2309 9592 4447 4678 
8949 3630 8170 5328 8511 3225 5457 469 2334 -57 6494 4178 9117 1659 4205 8746 7488 9393 9065 -8118 -7643 5596 7756 7140 1785 199 -5588 751 6972 3251 2458 7193 2905 3031 5019 9973 9867 1702 8516 8702 4440 -5030 8328 1152 6055 535 8473 -4270 -2512 5382 7430 8850 6843 7527 -9410 1311 3277 -7845 2918 7613 9268 5449 8031 3915 9382 977 4175 5481 3321 8372 7012 5158 -7645 4728 8170 9998 9027 
8548 845 -1965 953 9605 6893 2764 8531 6611 9931 5774 -2729 5020 6253 5726 6144 7370 2582 5926 7932 6322 2648 3210 529 9016 -9214 2353 5453 791 8940 2494 8724 779 2722 1953 1175 6374 6928 -4881 9991 1992 5508 8742 7773 5373 1483 7052 3506 6603 6621 152 3942 7432 3294 -2575 5155 886 8974 8430 3314 2155 4600 1526 1471 8311 2733 693 9469 -8580 813 6482 415 -1604 6706 1965 1346 3334 
940 4703 2040 3955 1798 1292 1775 5280 6243 4110 1082 9821 7677 9732 7109 8562 8681 8602 3285 -3343 3533 8260 4723 162 -8040 3088 1490 7614 9 7448 5227 7705 4532 5747 1206 1331 3717 3529 1401 281 2244 5872 8693 9063 4156 2680 2475 5316 694 6156 9310 368 5464 8118 5886 -5227 709 241 1383 8821 5542 -9388 710 7495 1393 844 8968 8412 4096 7218 9095 2374 482 7789 101 1381 1582 
-3051 1062 2843 6117 8981 1822 9016 7727 -1084 -6207 3308 6884 2408 94 5141 2165 3954 1073 4332 1933 7359 -8752 2140 5687 6534 1059 -5270 8876 941 4305 5851 7513 2643 542 1436 8470 658 6852 4701 3936 2823 5605 5313 8445 8443 8441 2549 4781 -1776 -717 4559 8016 -1961 6411 5759 6639 591 1617 1782 7072 2156 -8929 8124 8030 3091 8545 -8353 235 5365 9271 3114 3477 1847 6931 686 4047 2236 
4314 -9041 485 2185 1926 5125 3778 3336 6130 6565 -7700 3610 8443 1315 9787 -5219 -1356 852 8727 6995 5981 3422 4648 241 3770 6289 3787 827 674 2412 1045 6418 9778 7562 8625 3242 3593 2226 5888 7977 1080 3898 9766 5676 2026 4459 2377 564 90 4322 96 593 3924 8768 8963 7753 6006 -6297 2097 9521 7120 5141 2203 1970 6963 3559 4788 1911 5712 392 3928 9473 2272 1206 8251 5347 8746 
8534 2959 6079 -2768 5692 9714 2307 6719 6993 8867 8654 2379 6630 5307 7265 7617 2851 4448 -2638 1105 6788 437 5617 4104 4725 280 7269 4587 3386 9213 5863 8746 3955 386 3909 8911 6502 9636 4438 344 -4748 3519 4476 2950 9472 7901 5477 7536 5292 5740 993 4236 3247 9750 2348 5989 6915 8474 936 8402 8229 -5094 8702 2953 7520 7544 4603 -8798 952 9653 3097 3251 -6594 7130 3580 -4033 9080 
5802 1565 5555 4597 6308 5043 1538 7176 -5573 7251 1318 3933 -1060 156 758 5267 3324 3899 7148 8910 8447 4023 6958 1228 6723 7675 3614 2470 1664 5329 3148 2673 7780 7200 5808 5511 40 263 341 -4545 9396 3835 9033 -7792 1514 5144 3925 1595 184 5303 873 895 1609 5410 975 478 8713 5857 8961 3165 5664 4676 -7524 2939 689 4896 8526 1357 3994 4748 2882 54 7458 5503 4577 -4001 -7896 
9952 221 438 9421 8114 2955 5082 4430 2258 2963 4387 50 -3509 2121 8759 2278 8986 2300 2349 7948 4634 2093 9963 7570 -7624 7242 -6984 4592 1309 410 4810 3374 3257 3065 9755 781 6762 5122 1082 4193 9026 4071 4850 -9364 3547 5511 349 3259 7076 112 8817 2379 -1813 3138 4530 2542 -9855 4885 7236 2796 6920 1254 3759 2357 9152 7847 8533 608 5764 8945 2614 9624 -2750 8556 5041 -2912 6447 
4869 -1564 5910 1082 1526 2780 5554 -3574 4903 319 2858 1050 1745 5636 3521 3295 5085 5100 9001 2466 1777 6195 2907 1221 5972 4390 1128 5849 971 7991 9839 6392 3213 8929 1079 7797 -1551 6157 7372 3806 8707 3917 5324 1142 246 8927 8135 7757 6564 6733 3353 3842 3442 6474 4748 3661 9232 8933 6775 8648 3885 5305 3670 202 7233 1040 9479 5124 9428 1404 2184 815 4307 7232 5118 9653 4345 
8175 2409 2556 3977 6910 8106 3227 1266 9496 7272 6985 9694 3578 8673 3154 786 -5015 9405 3738 3945 2830 3189 6299 5589 4664 8231 46 5448 565 6737 5190 4565 6592 1667 6855 8173 8816 -9659 2283 -5881 2819 5089 7371 4170 -1661 6256 934 1870 -188 5038 6756 4152 1377 7279 9762 719 1998 2363 8454 9757 587 3092 8808 -7706 7039 9426 6312 6980 400 1599 1104 1807 7142 2116 7641 8751 807 
4023 -7774 5706 357 8627 2773 -6510 8747 7468 9813 9721 3138 2642 96 2028 -9224 3654 1710 8181 6212 8034 6948 856 6365 5353 1736 5384 6872 6164 4000 6543 5474 6617 8525 2220 7695 8125 6720 -7180 1885 723 7848 5352 8216 3755 -8700 499 4998 1732 8531 929 8897 7187 7527 9352 6511 8306 1250 1518 9011 1951 1603 2538 7769 979 1795 282 878 9579 3952 5699 8839 3765 575 -7973 6422 9274 
8504 1969 2383 1272 681 5376 9099 4493 609 1200 255 3187 7389 8387 3848 3960 3569 8916 7736 3375 184 4598 5836 6352 4786 5024 7903 2844 5994 4915 4466 7868 9663 2841 7369 7246 8424 1415 5094 5251 4142 7720 6293 4008 5100 -6067 9393 1295 -9256 2050 8857 6439 518 8518 912 7768 853 3772 350 3609 5401 6784 5932 7840 4615 7484 2674 4683 4400 8117 4741 9120 9637 9120 2652 3467 6836 
4102 5636 1450 4315 8251 2129 -2801 9732 3111 2575 5028 7870 20 43 9822 1182 1990 1681 885 1783 405 4904 6482 2665 1293 -7855 3137 2439 7729 8559 1856 1301 90 268 4124 595 6488 3940 9216 3657 8112 260 5201 3168 9018 -2203 6386 568 8078 5838 4994 4095 9689 4533 8640 7391 -9387 4443 7673 -9689 4455 5827 -8992 2921 8275 319 7388 6023 6499 7051 243 878 1337 6956 -5085 9700 7563 
6132 8532 5702 7515 1867 4199 9075 6309 7689 -1019 1680 7149 2567 7106 4545 1797 1210 9440 8985 2072 8174 6733 186 1876 7892 3753 7998 3030 4123 9266 -3129 8361 6325 140 6124 1834 6798 8350 9873 9541 2514 4670 8148 4330 6985 6725 1845 3386 798 6597 8527 8874 7372 7884 -4216 8837 6920 3619 7642 433 8239 3029 98 6506 1855 6463 437 7629 2931 8504 2440 7313 4902 708 5703 6665 129 
1279 5084 6399 6923 1836 4757 3872 -8633 4889 9883 3438 9218 239 3069 5684 2100 9711 3109 9134 3454 8038 480 8702 4454 2218 5061 6948 7011 1109 4260 -5570 4163 4143 2759 3847 -7903 5828 3873 7873 1491 3678 2949 7353 1736 6483 5621 397 2722 1846 8146 1424 5676 1442 617 5592 1529 2330 9862 9716 1346 1275 9291 3908 4766 3994 2610 9384 4818 2055 1875 1512 5625 6485 1230 2274 -1920 5352 
4779 3899 6011 5371 229 -3104 4077 28 6339 2966 693 5191 7134 2712 9376 3557 5748 5104 4918 8777 7461 -2302 -3416 1755 9334 5640 -3979 8748 3408 5712 7517 -1425 6192 -7522 232 7653 1194 3109 -1376 -6613 6074 -8189 6533 5965 9672 4139 5038 6297 3660 -9963 6853 3123 -8874 5120 1684 2895 6929 375 5762 5198 9054 118 52 5640 5720 350 2470 8754 -5190 2244 9422 9839 4040 3025 6555 3380 4216 
3736 8983 8965 6397 3058 3931 6134 1435 2924 8363 7236 6670 5244 4616 3391 1734 3992 3263 3710 1157 5678 5960 6858 1299 4496 7115 7920 8579 8228 1814 4772 5609 955 5258 8407 4087 7069 1237 5925 -2357 2690 5460 8507 4772 3846 2233 1741 8533 2615 2613 1231 9549 2224 263 2069 2904 8042 3030 5467 4786 9867 215 4405 1899 1884 4274 7672 1638 5973 2571 8603 4066 1666 9378 520 -284 8829 
3945 8242 -1921 2910 9533 8027 3393 7979 5955 7143 -4175 6270 6552 1370 5073 5881 8027 5112 5311 7837 2004 3013 6764 8186 1751 3967 2598 7816 5617 6726 5517 1331 5176 5855 4766 9827 4225 6125 8246 8584 9804 4611 2387 6319 9262 8309 1617 1435 124 6104 312 1236 4369 2217 -7395 593 5436 7589 6407 9240 252 7870 4870 -1314 -1597 3373 9889 -5850 -7843 7966 2056 7623 2787 6643 69 552 4228 
