70 82
2969 -1289 -6749 3836 5294 3932 1247 304 5569 -3063 9063 2247 9834 2148 6280 4704 8931 1404 219 470 1268 3315 6616 5969 5011 3644 1747 7538 9077 3267 9197 9428 9984 5932 262 4526 4847 2709 8258 2210 -159 4800 1226 5324 3663 7200 1265 4149 1606 2727 2858 7017 2389 3622 4878 9204 4408 1855 8506 1391 7813 7450 7482 7758 8998 8397 2001 817 6053 1767 933 5247 1768 3632 8433 1707 5489 3379 8209 2213 2776 8577 
2622 9123 6953 619 4953 6087 1792 1166 36 174 8337 4572 168 6479 -6761 2919 4448 7557 933 -5032 7392 2204 5219 9833 4153 7605 1187 5758 4305 6127 4764 1795 7294 3241 8618 5067 8327 9718 2407 1903 753 7614 4065 1253 5064 799 8114 4010 9117 5309 6252 4372 5686 11 3899 4495 8458 9581 6914 4393 4227 8456 663 4888 9457 2035 2287 2275 4657 1568 8624 -8591 2630 7095 6047 8840 9730 7726 2877 -3901 260 5377 
8689 8607 7050 9279 2124 8123 8202 4214 4854 9888 -3872 2999 7159 -1618 2715 1300 548 9785 6635 2477 7873 7412 2446 359 7864 2892 5170 6573 2622 3144 4024 11 517 3834 8818 1873 3804 9678 2757 5991 8611 603 8809 1941 4486 2742 5372 3186 7124 4918 3696 1540 6129 9699 2848 4252 7933 7782 6230 3784 6095 2870 8582 2510 6378 7659 939 5275 2667 8426 1871 2737 977 9482 4462 9270 5219 1234 7785 754 9149 5316 
2545 8267 244 8144 8317 4279 5559 356 6578 488 5672 6341 5194 9218 8191 6632 4943 1711 8278 2405 421 8217 3991 3592 4909 4947 2582 3585 2155 2656 1171 1462 1210 4197 5563 8708 202 4917 5167 7311 2990 3161 7034 7680 7059 5791 7126 4925 9013 5564 7693 4746 7945 6551 3327 8047 7393 2118 7764 3364 4737 7873 1153 9560 869 4516 5208 7090 4710 6956 7362 7719 484 9654 7978 2076 212 3194 761 7134 9806 3826 
7649 2950 6629 2183 2308 8141 8284 3676 9480 6532 2947 5256 4736 7857 -7681 942 1321 7588 -3 7910 1218 9236 4826 5254 5340 4392 3868 9708 9561 -474 1624 7419 -2285 8157 1871 1880 7540 9331 1917 4907 1957 6032 3430 -9005 1509 8204 4458 3951 2272 9702 1429 3215 1287 8198 7764 9831 4464 2106 4506 121 4025 4781 7026 1934 182 3879 9403 74 9083 4588 9841 -4673 4622 9766 6206 4912 2997 8990 2727 4407 -7975 53 
3531 9699 4377 9876 1146 2370 6834 9730 6820 4392 2806 4571 2942 2184 3233 5475 1981 1719 2935 3405 4164 2689 333 7768 7333 6556 2405 7003 6036 6879 4804 1267 7031 3166 7347 515 344 -8407 9968 2434 7931 249 1031 845 5545 3351 2483 7209 8003 2295 8747 5799 5498 8063 -3098 9416 7257 512 3131 1857 3235 266 8483 1866 1371 5275 7261 1727 8286 8450 843 1899 8506 6162 599 1012 1894 8966 5934 8196 4306 8768 
7159 4818 5891 8005 9507 606 1218 7902 4794 7482 468 8472 4079 5347 596 6106 9885 3346 618 2534 8078 2474 4686 1206 5286 1000 6965 8628 2953 5293 9129 5533 4011 10 1791 1848 1482 465 2058 3441 7342 7810 9691 7885 8083 3256 5840 2549 8447 2905 4437 1974 590 7528 6571 1210 1662 5799 4273 236 5151 2189 6119 4958 3185 4590 1169 1490 4818 1866 6079 -5691 8484 8695 8940 3048 5310 7296 5808 -5452 1031 7234 
6994 461 1891 2707 6887 8719 -6957 9149 8006 4643 7180 1070 1887 9756 7714 1819 133 5625 3186 1705 3841 153 7026 3942 8456 4493 8612 6035 9795 5144 9718 -8277 643 463 6020 1431 5598 567 2832 7984 6908 6936 4657 2401 3810 4384 3878 238 5582 3179 9442 1144 6410 4562 3498 4325 8879 4345 1398 2793 9840 4175 7906 1103 1148 3038 752 4505 3224 2738 9263 1341 6556 2595 8822 3426 9520 2 -6090 6068 8228 6595 
6551 6716 5139 8740 -394 5082 6912 3277 6023 9630 8343 -2639 3822 4650 9025 8010 3682 2247 2257 1747 7267 625 5173 4694 8226 7592 6801 83 2184 9990 9867 6709 5373 1997 4428 923 2646 1284 2548 8021 8501 3399 7738 1815 9413 4472 1150 8136 5679 9460 1732 3473 7127 3822 7181 227 -5739 940 4504 6798 4963 4342 6240 4353 9288 239 2361 2081 186 1415 5684 1298 1894 -9175 5785 9585 5239 8576 3088 9465 6922 5260 
2388 8913 5249 248 8205 8432 3330 8755 1384 3473 6439 4769 4566 9839 1077 5596 4259 6188 7233 3273 9741 9225 6755 2444 572 6618 6844 6180 1253 7479 5790 3823 1493 5037 8735 8527 7140 4843 7207 4708 4781 2468 6000 1733 4680 8792 275 7851 8310 5119 9888 4755 3616 5323 6405 4906 4327 5961 1216 67 1082 6473 817 43 8053 4583 2413 1931 2638 4809 1990 2131 8933 8742 1950 9840 7630 120 145 4347 6886 1889 
3396 7230 4240 2487 1025 2372 7160 4680 658 2939 973 9904 5251 8392 6671 9747 1342 521 6799 9793 5312 9163 9589 8756 6564 6698 1622 8571 3656 2284 7656 6648 380 8218 4008 9480 4228 4042 7377 7110 5948 6846 6781 3999 8662 9441 1257 9877 6185 4313 -2770 936 2838 1167 273 3708 1493 7822 7433 7880 1089 8631 5969 244 7099 7135 3542 1579 9203 2817 5792 3059 7207 2334 1572 530 6922 2648 4952 2192 3385 2975 
7169 3314 1655 3169 9187 9347 3668 912 5612 2681 5518 2897 -1786 728 8216 7980 3747 2046 956 3026 9710 1550 8365 7339 120 4304 9590 44 3717 5313 5711 5250 7380 3800 5316 3332 3618 5852 1576 -1146 4810 9172 718 8126 1551 7958 6968 3560 9927 7028 5876 2573 296 7208 5367 2786 175 7056 3846 1957 7864 2264 4417 5861 5412 3326 5948 4210 8807 4765 4940 7087 7110 6605 3107 3065 7350 7111 1679 697 7590 7204 
5207 8942 1077 4863 5932 4348 -5306 6075 9676 5335 8501 4452 2493 8332 7267 8328 8342 7835 2125 1837 825 6287 7661 390 7331 -137 5782 9320 8077 2448 7285 191 3469 8189 838 3681 2440 9405 3693 2234 1355 4248 194 3264 342 3284 8882 3998 6108 3173 5045 7160 7524 3224 8416 4979 1363 4927 4609 6417 6504 7099 4789 9559 9483 2165 4182 8444 2159 4725 6297 2286 9231 1966 4651 363 8568 6418 -7985 8809 9146 8346 
7115 5360 7671 8002 4073 2225 3889 -9884 7959 4304 6457 4000 2632 9510 214 6107 7793 8577 9490 5081 3355 7084 9383 4832 4134 6834 167 5677 203 8079 6563 6646 202 1362 9147 1724 9366 9401 7630 9626 8153 858 9228 6864 4338 2936 5124 9401 8512 3126 1155 4336 9287 7830 1205 5694 -2596 1948 694 3088 6953 9106 6157 6331 8161 3 5496 3809 8842 9643 1116 6478 4214 914 504 9247 3522 5493 3011 1862 4584 3401 
7070 -6267 189 8437 2572 3521 2074 3056 1751 2847 1920 3749 6966 6673 3430 7289 3803 1606 2942 5521 9953 3912 7214 9061 4176 3651 6744 5435 8468 3 8953 9753 4893 1908 6670 154 5087 3686 6055 2918 4911 8717 2172 9016 5416 9316 -1205 7868 3398 7398 3268 9166 886 193 9431 9308 8167 9041 1564 9892 2930 456 8892 2093 1894 5784 566 9334 8215 2341 8514 1750 1000 40 4242 250 702 5583 3758 1017 7197 6682 
1388 4369 418 7295 7106 1631 8484 1413 8435 6458 -8926 664 2782 141 7830 1364 9082 8720 8346 4509 9415 3430 5922 9619 8237 6693 5100 2754 5584 1225 9974 4433 2253 2421 9026 5398 5091 2544 3602 6595 7680 8337 3394 4403 3289 3635 8484 8360 2738 3183 4311 5014 6107 3666 2922 3024 4606 5390 6444 8815 -914 9641 2641 26 2975 4593 5062 5963 2256 3951 5622 1557 630 1318 3527 8821 3751 776 6141 6939 9792 8732 
790 2209 4797 3246 8942 9169 4978 6227 4413 3579 2832 8052 1501 5072 6227 7949 1196 7466 7510 2639 5612 9818 5346 2248 4194 5770 9306 9063 2510 5726 4619 4688 2629 6227 9824 726 9931 7483 3715 5300 543 4931 4150 7179 6012 1076 3618 3228 4460 6709 3696 327 5538 4425 8336 2491 4814 235 5371 7289 8822 6448 6058 1887 289 21 5331 8829 1950 6814 150 5543 4622 2394 5825 3789 3538 -4150 8421 7 9706 8446 
5679 3347 2541 2622 9642 5263 7763 5862 871 2903 9116 5089 6074 8319 3142 299 2310 1830 7610 5073 1125 4086 1902 6676 8920 7417 5200 9075 4064 3499 6256 2072 6468 31 8501 1453 9783 344 6892 1652 752 1533 3992 -4946 7293 7119 6 -3780 498 453 3583 1538 8419 1104 2303 4524 8574 8502 7725 833 159 6362 4638 4137 9095 3736 6618 -9301 7730 5798 -9898 6817 3538 5962 2311 5662 2303 6167 5465 1711 9096 4763 
709 7223 7961 7530 3788 5408 5306 7197 3196 9875 6895 3870 6239 3684 6101 1894 5324 7531 5177 8381 49 4843 3114 2597 9005 2808 -771 5157 1019 7676 7015 5478 9792 103 8526 9677 7823 4808 4690 6544 1373 6544 6196 5437 8308 6617 4465 8340 8008 8772 8845 3926 9864 1668 8524 318 8924 6297 8863 54 7932 3974 3837 1086 6966 1933 3647 8941 3166 4568 1440 3585 174 7454 6395 2110 3103 -4937 8250 9399 4660 1408 
-4014 4343 6251 8843 2261 -5964 6788 4866 4168 2572 4146 9953 2328 4324 5488 5579 381 2244 9835 126 5959 7257 1072 3265 3704 9111 7667 4655 24 2672 7748 9824 4354 3377 2797 4841 525 1985 7341 1680 1815 4736 2893 4992 3181 3853 4141 3770 2741 4960 9914 351 1063 -4742 6749 3783 3891 3522 8718 8122 9806 5776 6168 2439 6037 4442 8535 -4072 293 982 4260 3180 2975 7096 1144 4201 462 6651 608 2819 8510 3992 
6398 1877 9297 1088 1514 8195 9278 5131 7716 3085 8789 4713 -2294 6700 9799 4236 8279 2251 3750 8440 5917 851 9731 5911 1530 843 6049 5949 9471 6775 6603 632 9942 4983 2319 6036 2591 8244 817 4398 7983 8382 4769 472 4983 3705 5981 8156 6445 3623 5518 9713 3458 5233 3622 9617 8244 9165 9184 9810 857 7146 6250 1753 5602 77 927 2879 6703 4159 1177 8863 1075 6964 7748 8694 4904 9467 2891 6709 1376 9979 
7271 1789 4994 4968 248 -9943 2630 2176 4736 2061 8125 6373 4681 5854 4327 2969 389 8905 6088 3553 2897 4745 4674 9327 9949 6896 4776 3349 8476 3532 5833 417 2143 9814 7779 9641 3197 9894 -9968 6673 1439 6499 7426 4114 4671 5489 336 2555 9543 1670 2509 9462 4435 664 8554 1372 4396 7677 6446 5252 2437 1627 2329 9116 362 660 271 9352 8105 3931 4572 6251 4965 4910 7337 318 6113 6695 7846 9207 88 2220 
2534 6282 7022 8233 2423 8185 5481 6601 4875 6541 1527 5036 1833 -7646 6259 7726 7340 5712 2040 9778 7667 2182 7182 3565 4654 2809 201 7651 7989 52 8824 3584 8368 4330 4469 4867 5392 9169 6579 2319 3801 2759 4469 538 7247 5178 9389 4173 6922 5229 3638 8431 9750 5248 236 729 8515 926 9096 920 4965 7901 8856 2874 9988 7300 2951 9612 7159 2967 8103 7154 6665 671 2603 5029 3291 8411 9156 6411 7677 7938 
241 1560 3125 5013 5681 9490 5969 8215 8947 5581 7499 7521 1365 4111 3670 5940 4353 3816 8302 7960 964 9550 3751 7275 8701 572 6508 1600 6347 204 -9425 3821 7132 7315 552 5281 8594 3173 813 9155 7307 4014 8033 1002 3350 831 2338 8714 8625 4834 3112 1396 -8161 9336 3695 9125 397 5590 2612 8184 9142 626 8355 4512 827 3622 3381 2771 1051 1235 7472 4189 7130 7907 1467 527 4065 -102 2267 5050 890 2792 
5387 1227 1128 3347 9859 8714 603 5646 3267 1867 8764 -6206 7896 4305 7263 7092 7724 7275 9881 6688 6714 1157 4719 9338 -3114 345 9242 9990 6547 6244 3612 1147 2320 6106 6544 7436 8071 1669 9328 9321 1346 2119 5211 8964 8742 8184 8652 7848 8152 9521 2043 9969 2056 8462 9156 5816 5015 8344 5270 57 5933 512 6446 4284 9384 89 966 5441 3541 9967 260 1012 8452 9974 9427 5034 419 1056 4882 -8201 4680 2013 
9474 5582 8163 2296 2741 8569 2042 1550 5241 3123 1744 2716 5807 6989 8474 2251 7675 4162 1228 367 508 4831 4235 3933 9827 9477 7030 2148 7457 8824 2567 448 608 6915 9580 9884 8833 4014 4642 4969 7552 1754 8831 4843 4233 6937 2921 711 8315 960 4628 3376 2507 7936 2126 876 -4196 9793 4838 8133 4116 5775 4292 2775 6106 215 4667 1200 5930 4541 1810 6113 4453 4058 3224 4433 2158 1593 8341 8526 8650 7527 
3665 5041 9191 4197 8984 4576 1962 8815 336 245 4669 8195 6201 -1872 9271 8475 4275 4809 1816 5353 5783 784 5799 6047 7822 5205 6164 7877 1483 7972 4154 262 2801 4578 7310 223 891 3441 3920 5627 5309 8389 9414 2927 8050 4283 5297 7010 9663 6969 8682 6872 2233 156 2556 712 1696 984 6075 1937 2303 8551 4925 1409 5042 2593 2738 1133 3032 -1314 8745 705 5321 5562 5123 9821 6349 9355 7607 7748 9568 9602 
2777 636 3635 3915 3814 3384 9663 -5141 1753 -1028 6604 5068 194 4683 3281 94 4779 5092 1601 3159 5033 727 112 3452 9584 8808 8240 9801 6347 5347 901 9347 6973 6844 -7911 638 6611 5489 9877 2007 2807 247 9965 1547 -953 4802 6656 7122 -4899 1452 -3822 7241 4446 3399 7587 5149 1467 7256 2174 7223 1603 9309 3889 5443 9446 1455 2339 3625 3185 4172 9183 3548 4291 2788 8252 5507 9940 6154 6941 764 5687 287 
3489 1439 3070 6552 7466 2671 8216 5967 2726 1455 -5470 9077 7425 5221 9471 4061 8685 5296 3644 1049 8089 5949 1363 5704 9451 8900 8076 7986 7799 7772 1515 -3249 9800 9916 3342 4419 4992 6391 8688 8190 7831 2357 686 9697 1878 7567 6053 2968 3169 7842 3686 6061 9099 1755 8910 4302 7621 1932 206 3777 2489 7030 7473 9198 7003 5350 6164 935 5512 4075 925 8907 2028 1628 1748 6390 7337 4933 295 1779 9058 36 
4928 6418 7559 8454 3108 7418 2140 9529 6592 6494 7026 9656 7576 998 8888 462 9737 1778 1381 4570 5246 2544 4101 6266 1852 7800 -6962 1343 -8722 899 5092 3970 1404 7694 8570 8776 7200 4474 4689 8604 7429 2435 832 2752 1847 3823 7669 2095 9476 2302 5389 4102 5246 514 6933 8264 721 7835 9966 6098 6195 6242 9019 7121 6947 114 2090 9812 8196 7878 8199 15 4643 9551 9858 736 3065 1907 2359 4843 309 4735 
8955 9601 167 9091 8767 -6035 5826 220 8585 3527 1910 8312 5062 5175 2727 245 4735 5295 5104 218 1047 5303 8553 2278 3439 163 2955 7034 6880 4113 -8328 9420 2789 8621 4796 7826 2004 6138 4403 4073 1092 130 7316 4250 5508 -5351 4581 8158 245 4318 6703 6141 5579 1751 3983 3051 9295 1278 -7639 0 -5442 2815 5703 1672 2979 5832 3613 5134 328 4034 8127 -4352 3319 8528 2996 7300 5824 7918 7319 3433 3637 59 
1776 9263 7017 1203 2925 2077 6098 790 3867 6896 5762 6544 7085 952 2407 1499 1656 950 6329 6351 9181 1458 4375 4104 1667 9907 6822 2963 4545 2623 9111 3173 281 6989 4514 6637 3657 7676 5000 7537 4099 2772 4553 7495 3443 3290 3373 9786 3767 6866 -7331 3613 4083 8685 8265 7615 5829 5147 4843 3250 4942 -8998 6625 9462 683 4895 90 191 1393 4824 6293 8484 6665 9282 9929 1038 8309 4440 7324 8320 7045 5154 
454 8992 3339 152 7126 3255 5256 9501 6633 6105 3624 2690 8013 9463 4368 3084 20 8304 6930 1899 8533 5966 7848 147 -4253 9430 6106 2726 791 3284 6077 3363 6224 4498 1900 1408 8672 8274 3920 2368 2052 -3439 3679 3367 208 941 6178 8181 1560 5718 2540 872 8450 6029 9180 8204 8578 8845 3118 6784 1599 -8351 5745 1267 27 -2592 1614 7642 4505 8250 8268 2222 4739 6204 4536 1942 3825 6489 195 3749 8416 673 
127 1818 2744 6336 5269 6801 8448 999 3278 9634 9156 7866 3910 9088 1447 732 3443 9509 6972 6098 8509 9205 4106 2356 2329 6119 5538 1203 7154 2697 7368 316 9937 4826 7726 8731 5859 9277 8484 5052 3279 3498 3147 5732 1523 -9611 5698 7275 7478 94 1006 540 2794 4583 3421 7847 8230 2879 6965 4556 2118 9673 2944 879 1948 928 1580 5999 5050 7542 1645 4690 1594 6746 9199 9859 2831 2351 4357 5799 3323 4040 
5985 447 3489 3067 7249 8754 5968 9129 583 8953 821 5180 1556 3018 7099 4157 5683 6471 9137 2740 6551 8027 7389 5048 3626 9836 8445 5364 5923 9853 5677 3440 1576 8568 3119 9359 7118 862 8735 1342 807 8046 5167 9281 3226 486 6182 2272 4853 1072 9776 9754 -171 6916 3265 228 6341 4923 557 1913 8076 4093 5104 8889 5432 7121 5982 1963 1238 2459 3148 2753 6493 3393 8789 4241 2934 8381 682 4626 8274 5610 
6212 8962 8617 5465 5141 5197 7306 4970 3899 4683 8802 -6550 9755 7522 4758 6961 7544 6234 7904 9229 534 -5910 4416 3652 4430 2847 3663 8984 7993 1762 1821 7519 1563 251 8346 8857 3808 6389 2625 8771 1772 135 670 4833 1919 985 2838 6617 3576 6620 7646 2588 8650 2516 8809 9616 9606 7861 3474 79 6078 6290 4596 1092 7370 2991 4807 -6309 5226 5791 7383 6921 3187 3636 5176 6509 8238 8713 9997 3255 7141 4495 
7486 8287 4194 2451 4795 7055 4672 694 8609 2777 -6410 4302 1286 9611 6608 9907 3387 381 7708 6282 2722 8177 3639 65 2999 9510 9237 7398 6336 7500 1029 8302 4710 9948 401 6380 5829 6522 9485 3423 2827 8941 6450 2253 6907 3363 2137 4163 221 7779 8568 5826 4535 -9916 8145 6139 8108 8189 2039 2742 3233 7733 4363 4569 1622 1744 5546 8014 703 2826 6229 4155 5623 5086 8852 8057 156 670 8186 1230 3327 4835 
1821 1136 1297 9953 2330 708 5641 9655 9572 227 1585 9487 5254 918 8174 3874 4134 172 5652 4799 9792 1643 5758 681 3980 7556 9617 2813 8996 1926 1533 8042 120 -7518 7309 4194 9632 8712 1838 7848 7300 3969 5591 7467 1838 2956 4928 6315 9871 63 6025 7829 794 5109 8072 8364 5278 3271 -6598 1415 8992 3334 674 9809 6929 3076 9853 2533 3734 9033 9666 -5172 5263 6644 2665 4355 5142 9736 3116 7625 5893 7056 
9094 5424 4791 7918 5790 5327 6079 1483 2534 3276 5970 4222 3910 9384 2997 5587 9420 7661 6486 6678 4854 6607 4926 484 8089 -9483 759 9726 6557 9493 9434 -8826 8736 2573 151 8893 1380 9104 9878 3906 4415 9599 3921 4188 6115 -3967 894 4948 5080 2619 2205 9191 8336 8445 7969 3909 7429 502 7386 1797 1654 1548 7576 8284 8174 2163 7081 8035 7718 4161 2738 5680 6157 8305 8021 3882 6717 2212 6880 6244 6790 1368 
2039 1737 3634 5530 6326 8082 4286 7990 4338 816 -5405 1040 4134 261 9964 1693 294 645 -3143 9175 7423 8412 3897 2807 639 7468 2472 1469 8872 9336 8228 9276 106 2331 1079 4986 7996 272 6896 2176 2434 8769 -487 4176 4508 193 3745 4723 9243 2898 310 1385 427 3512 2751 5588 5146 3713 710 826 9497 6735 816 2433 7115 2383 3963 2941 6841 -6520 6599 307 7683 6012 7469 407 8023 6027 1426 1667 3689 3545 
6123 4423 8322 6094 3591 8036 2219 3962 8 7540 1456 3744 8750 708 109 1645 249 2137 1538 1842 9714 5393 1319 5395 7345 7439 3723 2368 8792 2121 803 9788 6976 8444 1169 9622 5958 4601 6121 7056 7484 8180 6334 6088 9184 331 2379 6845 7995 8804 2024 9432 6515 7894 4610 9477 2041 -306 3091 -8319 1735 2330 229 1448 5048 5680 4311 5576 4242 8840 1345 2263 9733 4617 9063 5323 9210 2852 5547 1679 7031 2781 
8659 9622 9661 9529 4411 7806 6889 4408 8149 7428 7987 3470 7273 7264 3416 9542 2592 3919 7524 5321 2609 8774 6347 7442 3977 9209 299 5072 3239 9968 6448 2495 4015 5741 7676 5273 6610 1485 888 7956 7270 5941 8039 8272 5021 1712 985 9140 8193 7006 259 2627 4686 9980 7969 6768 5647 8025 1857 -9829 4791 5298 5220 1486 2518 2022 9842 2133 7468 1170 1871 9962 1925 1952 4718 2956 -667 9698 2622 3198 5868 949 
5067 3159 4486 6228 486 276 9872 9156 2851 670 1660 7598 2885 2734 3205 7008 8035 5123 9301 670 4878 -8033 5174 8973 8777 8272 5022 4065 3188 5666 1442 9833 3512 250 5815 437 5815 1583 227 9889 5132 3484 5975 389 5988 2177 7898 1847 1311 2924 505 2178 1477 8389 -29 7612 8518 5062 2187 8391 1825 3894 4896 9711 6356 3274 9315 9599 389 5135 938 6532 3472 7611 8494 4119 5441 9789 5455 8491 1557 3111 
-8736 5607 2830 836 1882 168 5260 1358 7445 1942 1725 9340 6648 395 1763 1922 9848 4529 4693 1716 2029 338 9880 2732 2952 7378 2685 3633 415 7722 389 1780 8132 2837 6310 4260 5312 8995 224 7015 968 9150 2964 3722 6529 3814 9147 263 8721 7917 3623 6340 6257 8322 3070 6775 9945 4300 3983 7598 3400 9456 4052 895 -2662 7563 7252 3784 3807 7554 311 2205 663 9539 7215 4678 2641 1336 9794 -9160 682 6547 
1099 6571 8126 6291 177 6936 6597 6808 3239 3941 3732 4838 1471 4092 3390 2909 5467 7209 4260 9656 2056 3752 37 8306 2276 124 7990 3083 3610 -907 4830 8748 1484 9628 9502 6269 4394 -7319 2964 9849 897 713 1957 2919 9792 5967 3653 805 1285 2469 8191 399 3851 5959 2237 628 6674 6850 3156 4212 2613 7337 846 7136 3366 9500 706 4504 5433 2901 4507 3038 3784 4618 5949 9173 613 4173 4144 8393 9759 9480 
7342 5354 8892 2013 7445 7351 6198 7264 8285 8973 8102 8904 3456 3587 7808 4630 7095 7501 2411 4794 854 781 4508 3000 6855 9420 5401 3654 1213 4084 1422 4785 2283 1719 150 98 137 7740 1224 3579 7252 274 6579 6871 8963 8972 9769 6979 4387 708 4629 8570 8354 1722 7864 5159 2680 8371 4254 9832 8678 9032 4267 5539 2246 5219 7309 6697 2159 1863 6939 2465 7684 9947 -5711 1817 2458 7839 5041 3184 9912 1231 
4625 8027 4733 8043 7824 555 8726 9415 2292 3200 3901 6856 5110 -9420 9629 8494 5978 3320 2238 9445 3752 5724 619 3104 2373 5705 2727 7677 1966 7490 6077 9933 -2485 7153 9550 8465 5319 8165 3699 670 3021 4170 5574 903 5317 804 4496 2654 5788 9806 7232 9866 9567 8979 3843 1024 1678 608 1183 -9598 6544 9814 5838 7104 5857 2484 2331 2224 8808 3416 3610 6635 3982 5344 7920 6648 7867 3279 4471 9034 26 2612 
1412 4813 4033 3292 8022 6580 5758 49 8376 8113 3909 4653 7693 9330 7877 364 1371 3170 6037 6426 5627 8173 7539 7091 1131 2258 2970 5554 2218 864 1112 823 2793 4211 6772 2670 1080 5962 9143 6858 959 709 7098 503 1576 615 4042 1961 3151 1616 77 9648 1603 9141 3624 5203 4976 4980 4877 7824 436 9652 7671 5079 8280 1216 170 7017 2891 6176 4494 1044 697 6649 2035 3814 3508 9407 8952 5527 6938 4052 
6992 5407 1602 2428 9563 9360 8111 3274 9061 5362 4145 731 2545 8661 319 2671 7586 9022 2445 2938 3555 9905 3072 4707 5805 4836 9392 -590 1851 8987 7574 2528 334 2941 3644 1951 -2389 121 8984 224 871 1560 4445 9722 3476 6943 3891 1323 2695 9522 -262 8641 6956 2362 6022 9450 1611 7248 3026 5738 9075 3625 4576 9111 9417 6566 9842 7840 3719 8307 3406 8303 4920 8134 1379 7868 4876 9926 8216 9913 2642 2425 
-1828 2478 3257 6830 411 8152 4872 4615 8061 1092 2265 7141 2155 5766 3749 2614 6050 2419 107 9838 6878 3387 6309 1971 6440 9837 3525 8500 8693 5537 130 2281 4872 6882 8724 5249 9836 5700 1177 4876 2849 8537 6006 8166 1650 240 6100 2264 2906 7047 333 124 9382 6111 920 1554 5605 1277 2380 9979 1057 5958 4653 3536 5246 8528 8239 2790 2437 6324 1796 8579 3510 2472 2786 695 9001 6513 -2040 9012 6795 7300 
3022 2375 3028 5430 -6971 3769 9696 7478 4145 6048 8152 8555 3378 2992 7270 31 3833 5990 6621 3642 29 1037 2471 4527 8562 8095 8784 5232 173 1044 7555 8361 5952 8102 3884 5020 8146 9197 4457 7095 8 6064 9670 1710 2610 8168 7826 3998 474 2337 1158 9417 9313 1279 9902 8273 3744 384 3871 8804 3705 4790 2209 8101 2014 3349 2192 4248 195 855 7612 4821 2911 5983 4701 8634 3636 6434 5252 2981 8695 7739 
1294 8451 8581 7533 -4184 2881 3140 3304 8729 586 7113 3208 6742 9887 2895 3788 7438 3831 2685 1852 7537 6369 4379 5450 7431 3177 8632 6271 1941 -8438 5340 2402 2190 4128 -7395 5611 3277 2613 4610 -2476 5520 3100 6392 4832 9743 5409 5878 7453 5896 7809 7021 5980 8210 7390 1944 4459 9794 2309 2384 8937 3851 5239 4509 534 1057 5766 1247 5330 6025 -5233 3032 4934 1899 4235 187 -3594 4315 9790 6414 1038 6547 4318 
6241 931 8083 6732 2332 4398 8928 5918 6349 5220 7771 8439 8169 3207 5848 6615 6035 9825 8628 7405 6597 1610 7872 31 8180 8029 1149 1839 273 643 -4717 8371 -7558 1298 3685 3520 5764 7638 6758 6100 9859 5699 8865 905 3999 3150 8951 9263 254 2402 4978 3647 8875 5885 7200 579 8537 1234 8472 6606 553 4233 8274 5982 9479 3446 -3262 6095 6098 7156 6094 9375 9186 1717 9801 6935 8917 -7896 785 7232 3585 6961 
4616 7297 3193 8043 9506 3877 9070 4713 1955 5112 7631 7190 1025 1531 6134 8004 7608 9830 3131 3936 3276 4468 3420 3253 6817 105 8678 5804 9022 1065 5352 8493 8784 5402 6439 7693 1611 2858 9790 1085 -7715 8652 5707 5019 1483 1709 2190 1272 9035 7010 8743 1805 2481 3446 9748 7263 752 2105 3945 5137 4033 8039 681 437 5333 5327 8261 7534 366 9793 9241 9155 9030 4059 883 5046 5765 8550 2631 1703 114 2298 
63 5569 8682 9300 6948 3939 4953 8465 2399 2017 9689 7224 9554 6148 1424 1304 1006 1557 6500 2555 1112 10000 9923 8118 9273 6292 6365 6790 6207 5152 7625 415 3056 2586 834 359 6459 6126 8851 4199 2817 5193 8391 2697 -5733 5164 8450 7962 4008 6700 3785 4454 7108 1035 2399 5403 3359 9846 5143 1638 9905 123 8399 6182 7101 1804 5780 2278 5429 5899 3197 3500 4736 4868 6842 9422 5310 2675 3922 6766 -29 5846 
3031 548 8982 2675 3654 2063 7735 2526 9122 4234 7686 3749 4533 1197 8653 697 7622 5586 9546 2550 3924 -3643 3557 7126 7113 3950 6243 7915 4892 1822 475 5223 4147 1307 2809 7121 7764 6765 7471 4453 7633 1941 3439 1741 4291 4376 4615 1992 588 1247 3843 4748 4071 26 8546 631 8047 759 2788 1106 9230 1892 5690 3735 2277 3883 5117 6237 8722 6988 5150 4249 1965 7506 8324 6381 1868 8380 -9935 6348 1628 7857 
903 4866 6674 1428 9145 3751 5611 7197 9608 6704 6473 430 5843 1280 728 6087 4191 4436 7737 1986 9198 2653 2762 4361 737 4362 7618 1414 739 7447 1792 6775 9411 7772 4263 2245 -4320 9826 4603 6154 1936 4250 4253 8930 5006 937 2325 9922 5374 9730 137 7353 9537 9722 995 4808 2391 475 8001 -4390 9183 7729 4178 3996 6084 1562 2745 6559 7676 5719 1956 -684 3569 7236 5875 5003 5936 1463 9113 5060 2343 3136 
3536 2259 8250 7352 3143 7914 9084 8161 9290 5243 4484 9699 6448 8046 6469 -2298 6974 5236 2474 7760 3634 6761 1113 3386 7752 6082 6581 1647 9327 6331 7826 6286 6452 6566 8410 4354 977 5825 8799 6324 6193 7242 7757 8122 1022 1245 8703 321 682 -9770 6168 4613 9082 6053 7796 4991 7533 6874 8650 4777 9898 8081 6961 8865 2574 5800 5163 570 6333 6159 4357 4246 141 4010 231 -4222 5620 4339 1953 8213 7363 2398 
2771 9907 4530 4129 9807 6533 7764 7627 2327 4439 1916 2348 3685 5668 392 9517 5478 72 6162 3746 6411 1368 1799 7555 3016 9935 59 6501 2325 7930 847 8555 8669 5498 4907 9790 6136 3727 149 4737 7650 3623 1316 2133 7735 6878 7114 5079 5798 8964 6861 6282 8897 6164 4902 9235 9843 2467 9058 3889 6807 3632 8513 4493 1589 2531 3269 -8724 1447 8037 7920 6613 1086 7858 9896 6353 4197 6505 982 2231 3030 6162 
9722 6407 8964 4960 8350 3117 6121 8152 6154 7688 2295 6126 6885 597 188 6723 8611 4670 4389 8915 834 8417 6827 966 4847 6433 7081 9296 9240 3598 5943 7607 4804 80 7963 150 1801 4113 8541 434 4682 4435 1986 2524 8145 6345 6272 3779 7165 6631 5832 5535 8972 2689 1881 3577 4835 3901 9356 8051 3144 3283 9313 5967 8710 1249 4308 6007 4971 1766 9292 1597 6165 5358 5813 7486 3788 6521 5199 6028 4531 2527 
1669 7096 2551 5762 3075 122 3910 2250 5150 9900 2 3699 1939 3726 60 6992 3648 3591 8884 2256 5310 8406 3225 7791 3613 253 5473 7433 8285 8561 2002 5754 5924 3525 1068 2328 3743 3982 7478 3028 7860 2365 4849 2036 525 3806 4206 5715 6712 298 2301 6262 1927 4276 6671 4855 3470 9346 647 2622 3782 6995 652 1479 8676 4778 9257 504 1214 918 7771 7435 3202 5899 8437 4203 575 4374 1770 2722 4042 9884 
9481 6025 7584 8873 965 7210 6822 3381 -8427 2123 174 9384 4775 3520 2484 4711 7769 3330 1732 6824 8420 3533 9299 2345 3851 5374 -9577 5609 663 6616 7076 6983 9682 622 1032 3061 9490 9809 2867 4838 8738 3940 8247 9452 4226 4725 6252 3991 1075 9324 4158 4520 3927 4264 4535 4586 6733 2243 117 5078 8638 4749 5384 1004 3426 1430 1479 5332 7182 1379 1097 5663 1794 5293 5801 769 949 9150 4625 4333 6420 301 
5407 5380 4645 5984 7033 -8662 8632 1755 806 4074 1633 4692 3679 8490 1636 6933 8563 7021 5621 1628 4034 5987 4489 7021 960 422 7768 5781 8691 288 286 4865 5928 686 7039 7885 3933 1733 9323 9165 8322 8653 5949 3160 6948 4323 9266 4077 7979 9176 81 8950 8444 7870 5383 904 7976 8337 8139 424 1491 2814 4573 3674 7170 2887 7933 4891 4230 3877 8249 2112 1812 7743 5167 7012 8153 4236 9667 -6371 3034 1373 
9745 7353 8040 -9953 2122 4483 260 5876 4724 4347 4621 7086 4649 3345 1826 2997 6004 5446 5943 9412 8191 5878 9431 3194 2212 4850 4016 3260 9247 6285 7889 6849 6021 -244 6163 1270 6823 5348 5348 3238 -1929 10 784 3143 2895 9439 1172 8579 2758 5474 6038 -4885 2767 7094 5502 -4684 5887 3625 9048 6874 1762 6132 1208 6143 8447 9460 6839 3775 6355 1559 5441 4319 6262 8897 3789 589 2611 1899 1016 9701 -8574 6746 
2461 3153 2747 7954 7957 4555 3787 7710 8820 5839 3036 6379 2612 5816 1456 7295 3044 9126 6704 4931 525 3942 3097 1789 -125 6629 406 3720 577 9714 5918 5583 175 6444 2145 -6968 990 8006 9832 7980 6409 7867 8974 6388 7547 3177 3374 6647 7998 7827 3205 5161 4139 256 6871 5780 9580 4863 7617 -830 1790 9007 5254 5999 4354 5973 9603 4581 7335 5893 396 6261 3556 2184 1185 4371 1949 3767 9051 2362 8988 9539 
8144 9669 2770 7612 37 5048 7177 8067 3226 7395 4541 42 8109 4816 4971 8700 5685 9343 5144 3354 1066 8673 6644 442 9473 3232 715 5612 -2533 2840 5160 2786 4472 -4298 4249 8264 -3289 7469 620 4664 8521 -2290 1301 7744 5243 1304 6767 8641 1553 277 9880 9063 -2504 6512 8650 3162 1727 340 3504 666 5542 3644 2616 8155 1130 2306 7598 6468 7830 7893 455 7824 4897 2819 3740 4651 1001 7329 7667 5542 131 2397 
1123 594 5877 6424 4283 2971 4985 4519 8977 263 5843 6482 7745 1782 2924 292 4811 7056 1277 7192 365 4120 4586 9963 9189 6589 3424 8600 4509 7546 7402 1772 9026 9070 9146 8415 9529 2545 -3044 4471 2078 7626 4810 2922 8022 7758 8096 6951 7828 9326 5329 6928 8840 2808 5230 3826 2864 6114 9181 7798 1997 9413 1832 4206 3104 3847 5194 2136 9665 4273 632 1794 2726 1930 514 5026 9071 4223 9521 7674 5368 9398 
6700 4530 1373 8102 5433 1135 5122 2559 259 9719 5572 2280 516 9536 3153 4246 8891 2589 8501 3506 8552 8591 -885 -8082 3157 9573 4002 5712 -3619 651 757 6404 2498 5183 1488 521 9419 3698 708 4154 5164 9504 4924 4404 2378 6716 756 4204 8223 9994 6584 2470 2773 1463 5406 7644 4417 5161 9661 7979 1171 991 157 5133 1192 7553 9275 1664 8503 9748 307 4211 5784 5380 9621 7537 6042 566 7992 4830 -7472 8025 
9298 244 693 6939 2372 1600 9246 8770 7722 3504 104 1769 795 9337 8071 1391 322 911 6493 8818 6109 191 6311 7894 8379 1604 65 290 676 8879 7981 1879 574 8581 9256 1962 9270 4242 3004 2186 5496 6379 421 5126 8573 1644 4360 5079 1996 503 6987 4917 1633 3174 3190 8254 1442 6580 7995 5812 2383 9285 9561 4025 9875 989 1651 5136 5369 9864 5013 8619 4781 4922 9559 4297 840 5485 2914 3680 9525 5471 
2136 115 3179 7163 6031 8712 4146 3331 500 9488 2651 7796 7917 3294 7230 4156 8055 7717 9415 7886 3938 6462 2281 4955 -5819 8498 9073 1155 6707 5703 6042 9913 8133 1051 2319 9990 6059 8222 1139 5612 3362 9190 7101 8107 1440 9825 7267 1237 2214 9695 5363 1193 4223 8747 2362 8907 6753 7550 8661 5315 6603 5061 7575 1810 1044 9620 1324 72 5031 1140 1290 5518 801 4889 2492 4881 4250 4018 4961 7828 3547 3925 
