91 80
-8033 -9389 -1486 -5185 -751 -4025 -4097 6870 -9849 8227 9050 -1359 -2063 -978 -9858 -7674 7870 -7296 -9163 -7855 -7474 -1014 -4212 -1402 -1768 -6554 -8375 7991 -3289 -9548 -7312 -6087 -6679 -916 -5534 -6100 -9169 -4454 -197 5919 4041 -1242 -6353 -3085 -3943 -3107 -8870 -5846 -3227 1491 -1378 -9586 3881 -8484 -4425 -4062 -9129 6662 -7476 -1848 -9653 -1342 -7784 -9339 -159 756 -6169 -5963 -4922 -738 -4725 -7848 -3267 -279 -853 -4210 5089 -5369 -4306 -6367 
-3491 -3342 -2371 -9462 -7661 -2453 -7540 2301 -6671 -1911 -9347 -3765 -6278 -6038 -7037 5395 -4667 -5679 -8769 -4051 -1434 -2536 4309 1833 -7534 -548 -6257 -1906 -4311 -2468 -2207 -1143 -6435 -9665 -1158 -3701 -9227 5568 -9224 -6988 -8010 -2564 -6488 1160 -6415 -2700 -1960 -8963 -8097 -6362 -3417 -2776 -4585 -1214 9834 3275 -7122 -8197 715 -7766 -7426 -9687 -8984 -7840 -2006 -3034 -9849 -9157 5843 5193 6484 610 -941 -4712 -2792 -3991 -5273 5171 -8444 -8460 
-9235 -6380 2751 -1665 -8807 -2327 -5038 -7220 9933 4267 -5172 -4670 -9694 -5516 -3581 -8362 -3653 -9342 -8982 -2421 -1549 -8628 -5532 -1909 -5073 -1523 -2260 587 -5291 2779 9716 -8844 -2047 -4038 -9575 -7165 -5434 -8133 -7675 -8738 -93 -7050 8329 -1421 -4905 -765 -9261 3565 -5476 -5810 -6172 -2449 -4529 -7122 -3983 -3527 -3598 -2140 -8116 4623 -6227 -5423 -9416 -2998 -9833 3553 -615 8363 -6971 -5448 8013 -9195 -9060 -2149 -5580 -6959 -7094 9553 8251 3992 
-8543 -6207 -7781 -7290 -7590 8127 -153 -9490 -2510 -7108 -3774 -7862 3809 -602 -8693 -8166 -8383 -8015 -7726 -7984 -9785 5107 -7162 -9506 -6110 -3364 5731 4593 -3049 -4811 -6008 -412 -8807 -7923 -7030 -6607 -9562 -3929 -4683 3951 -6755 -9210 -8434 -908 -6345 -8291 6907 -4223 -1427 7644 -9358 -5718 -1801 -786 -4294 -746 4198 -4904 -5733 -5794 -5393 -3339 -6310 3207 -9441 -799 -5 -9312 -865 -8817 -1326 -6566 8417 -866 -8062 8300 -7774 -8971 -1043 -9960 
-8155 -3543 -3417 6565 -9064 -9567 -5613 -6506 -9472 -7024 -8082 -5736 1054 -1662 -4200 -4134 -2958 -2857 -5797 -114 1276 -2988 -4832 -8834 -9804 -9476 -3452 -7801 -1375 -4688 -8954 1546 9692 -1704 -2737 -355 -8504 -6394 -7116 -9367 -4402 -955 8058 -6019 -1251 -6861 -5660 2581 -8544 -6818 4051 -8252 -8333 -9747 -2323 -1544 -6225 -3538 -405 -5585 -6819 -5857 -5312 6416 -5406 -5867 -3555 -4513 -4648 -5043 -5115 8790 9581 -8045 -1071 -3831 -4721 3906 -51 -7984 
-8426 -9620 -9278 -1489 -246 -4338 378 -7819 -4413 -7717 -2893 -3223 -6925 -2400 2133 3421 -2065 -3985 -38 -441 -3293 -8004 -1237 -6016 -7011 -9435 -8868 -6145 3157 -4161 -4344 -7945 -4463 -6821 -784 -4316 -8077 4713 -2745 -2092 -6467 -5308 -2296 -1396 -3285 5517 -3421 -8073 -8009 -1609 -2166 -8215 -7476 -4303 -5421 -133 -3481 -1676 -5585 2825 -4010 -3559 -9864 1509 -2 -1569 -9595 -6177 -5179 -2329 -2674 -3788 9479 -945 5071 6096 -4223 -2658 -7722 192 
-8230 -1563 -4401 -4429 5534 -6528 -3189 -685 -5192 -1584 -5707 -5752 -352 -5018 117 -1409 -2326 6510 41 -1083 -2705 7359 -311 -4725 5248 -2072 -1947 -2620 -7663 7843 -6744 -3602 -7628 -7780 -896 -6236 5665 -2598 2776 1541 8779 5123 -9620 3946 -2484 -7517 -985 -9363 -7813 -6811 -1085 -712 -7612 -5714 -8706 -551 -8526 -3406 -5405 -9279 -1213 -6261 -1630 -4557 -1166 1502 4605 -4594 -3011 1381 -7884 -7897 -377 -5961 -2487 -1161 -3521 -9074 -8332 -9094 
-8553 -3746 -8362 7903 -4988 -5578 -6108 2676 -719 -9497 -5354 -2972 -479 -797 -5947 -5291 -6858 -2216 8507 -212 -3335 -5744 -230 -5144 -5284 -1026 -282 -8091 -8651 -6074 -3495 1483 -3652 -6648 -5904 -5252 -3309 -7004 -2368 -7737 7692 6892 -890 7729 -5369 -6651 -2517 -9328 -624 -3066 -6756 2720 2804 -9328 -6034 -9578 -8580 -6349 -2353 -8355 -9463 1903 -9008 -7351 -9230 8095 -6614 -8657 -2980 -1803 -7115 657 -6632 -9770 2573 -6367 6200 -5043 -9170 -8326 
-673 -8755 -8227 -2349 -5971 -4289 9685 -4893 -768 -7250 -6262 -4478 -8475 -5854 -8581 -3746 7995 -7861 9724 -2834 -4933 -7808 -1448 -6776 -9881 8740 -1579 -3458 -2144 -2312 -5700 -620 9862 6510 -2964 -563 -120 -5141 -3557 -8906 -9707 -7402 -7834 9804 -5636 -383 -5578 317 -5761 -7631 -6679 -3777 -299 8640 -9995 -442 -3436 -4855 3413 4485 -835 3809 -9965 -2983 -3199 -3473 -3369 -248 -6523 -6389 -2366 -2851 -3633 -5989 -7315 -9832 -610 -530 -7021 -7916 
-1569 -3113 -638 -5310 -4566 -3259 -2415 -2330 -1277 -2656 -5018 9136 2376 -4739 -5952 -6251 -5798 -5753 -4925 -88 -5663 -1512 -8899 -2043 -984 3639 -5322 -5108 -6496 -3681 -6539 4907 -2531 3069 -9234 -7378 -1732 369 -6984 -2634 -7392 -1508 -6448 -8049 -3696 -7985 -2348 -5644 -2808 -6691 -8100 -5985 -4674 4545 -6316 -6498 6797 5060 -7131 -4885 -7302 -7040 -7278 4917 -6008 -7670 -4352 -6181 -6993 -6 -4447 -5881 9921 -7394 -3480 -8171 -8932 -4180 -9925 -3555 
1113 -2824 -3350 -1486 -5271 -1155 -9415 -5827 -2374 360 -2341 -7910 -6697 -2743 -7442 -7738 -6609 -462 3108 -6225 -3643 -8912 -6831 9622 -1584 8775 -716 -9216 -110 5275 -1042 -499 -6749 -6262 -524 -5261 -3072 -6126 -8111 -3977 1160 -4096 -778 -7240 -6582 9340 -2768 -7205 -4391 -4082 -2396 -5629 -8777 -4955 -9644 -4062 5347 -1555 8574 795 -4410 -6258 -7875 -6866 -4988 -5738 9987 -4889 -2067 -4618 -6771 -721 -6523 7704 -4927 -7601 -1771 3614 -6156 -295 
9833 -17 -9193 -1764 -8671 -2542 -3530 -6565 640 -253 -3541 -120 -5208 -7024 -4377 -3329 -134 5322 -7180 -5361 -2186 -3061 -1510 9160 -6048 -7016 -1636 -1903 -6419 -2028 -3787 -4420 6393 -7573 -5742 -4390 5904 -3915 -5301 934 -8265 4652 -4107 -8591 4074 -9314 -4383 -586 8354 628 -3087 -3267 -2271 -5179 4748 -5870 -7265 -4979 -2278 -7651 -7036 -3462 -8747 -8685 -5976 -5760 -958 -9786 -4829 -8709 -7445 343 -2944 -8093 -4377 -9227 -9074 -1788 -2958 -5506 
7830 -6699 -2816 -142 -5292 -8026 -3810 -3883 -7329 -2599 8482 -4837 -3798 -2282 -2502 -1435 -5274 -4612 -9974 -60 -5058 -5354 -2840 -5130 -8076 -4242 -8598 -7345 -9126 -8732 -8450 -131 -9655 8557 -8811 -548 -9238 -7661 4385 7523 -8773 -3602 -2412 -4557 -1765 -6335 -2433 -1143 -866 -1159 -9510 -765 -7286 -4900 1783 -5186 -5019 -3925 -2757 -4274 -6218 -369 2437 -4799 -1819 -6386 -2305 -7004 -5848 6992 -9021 -7674 -417 -9140 -7532 -7553 -4172 -8648 -9715 -724 
-1156 -4993 9087 -5133 -4876 -9275 -7205 -4904 7002 -8058 -8053 -733 -4356 -6420 6925 6407 6827 -8033 -9 -4759 -302 -2740 -8974 -535 -3361 -1542 -3654 -8718 4870 -8348 -2808 -6730 -5266 6010 -4704 -3880 -7719 2140 -2558 -1191 1211 7413 -5772 523 -7736 -1742 1473 -353 -465 -8277 -6012 -6485 -9406 -5692 -4225 -2000 -2750 -7359 -6553 5865 -2510 -6469 2348 -6113 -7999 -4404 -5154 166 -1413 -6010 6284 -3354 -8816 -4108 -5220 -8521 8781 -6711 3108 4411 
-253 4022 -4167 -6389 -3727 -885 -9663 -8919 -3172 -4108 5070 -1970 -1806 -9139 864 -3531 -7878 -9691 -6288 -6343 -8597 2002 -8935 -280 -8362 4621 -2757 -1403 -884 -3366 4044 3805 -375 -5765 4703 5847 -5929 -7009 -5561 -8212 -5593 5687 -1224 3161 -9062 1024 -5613 -5167 -3206 -6768 514 -197 -9179 -6313 -3743 -4343 2739 -6123 9752 3015 3653 3363 -2779 -6309 -1562 -7628 -5296 -536 -2064 -1262 -7882 1560 -3700 -8736 -1236 -2559 -5670 -6096 -6408 -3026 
-9202 -6906 -7853 -8419 -5655 -9151 -6750 -5899 8055 -6829 -1056 -3898 -1999 -4064 -2506 -2340 -2050 -5517 4636 -9527 -3954 -420 -5212 5804 -8382 -8957 -1841 -9283 -7656 -7407 -4663 -3522 -2682 9713 134 -2544 -8790 -4358 -5912 -9050 -692 -7648 -346 -746 1369 -6628 -1478 -8507 -1969 -33 -2318 -6075 -8784 8820 -3295 -1243 8203 -6454 -4026 7469 -4252 -3073 -7034 7043 -2043 -1246 -4544 -4395 -3831 -1733 -7754 9488 -4801 -4975 -2868 -6922 -123 7351 -4757 -316 
-4574 -2910 8484 -616 -764 -9369 1904 4181 -3520 -6502 5325 2677 -7274 -4881 -1013 -6014 -8652 -3052 -6301 8479 -8844 -7934 -4596 -2079 -5221 5545 -4676 1481 -5121 -9839 -9918 -8453 2072 9035 -2187 -8439 3004 -2176 -5761 -3710 -7740 8430 -5763 -3780 7909 6721 3015 -2418 7139 -6936 -8950 -2657 -4193 -9991 -5498 -5343 2488 -2301 -7563 -3524 -2389 -1641 6174 -185 -406 -7763 -2155 -1995 -2587 -8795 -7309 -5861 -1315 3952 -7697 -8574 -8731 -7976 -7087 -6608 
4494 -5768 -5439 -1147 6626 6860 -4229 -9528 -8723 -6169 -7736 -1703 -1411 7987 -3825 -9380 -12 -21 -516 8788 -6297 -5428 -5128 -7493 -1383 3329 -5914 -6888 -1154 -4930 6969 -91 -1377 -8803 -2637 -6517 4730 -2947 -6813 2136 -7388 7120 -2468 6041 4765 -7609 3188 1655 -8990 -4627 -6693 -462 -1114 -2640 -7121 9373 -9962 -7480 -661 -1092 1731 -1610 4661 -5167 -4316 -8657 -8796 -1711 -6613 1435 -8466 -1973 -89 3218 -3640 -8270 703 -3597 -4803 -3037 
-8711 -6697 -9860 -6412 -4732 -4276 -4932 -2084 -5011 -5094 -3198 -5464 -6837 -6234 5268 -8248 -6254 -2475 -810 -9823 891 3756 -3723 -5614 -4256 -6631 -4255 -7765 -6874 -9890 -7098 -6356 -2622 -7103 -9015 -2496 5723 -6477 6784 5821 1428 -1172 -2460 -4437 5170 -6190 -9148 -9458 9541 -3195 -9531 -1542 2222 8958 -6615 9625 -2735 -4284 -1836 -3396 891 5807 -8010 -9345 -544 -6071 -5252 -9931 -1642 -4329 -8642 2409 -5671 -6878 -8583 -5056 -1588 -6245 -7242 -3038 
-3377 4906 -7533 -1539 -9563 -8481 -1190 -9103 -9613 -7712 -8676 -6271 496 -5289 -9260 -313 -6389 2574 -8178 -9648 -6149 979 -9188 -8621 -7775 -1337 -8731 -7280 8721 -476 -7995 -9499 -2688 -124 -5342 -1325 -7767 -2081 -7078 3620 -4160 -7283 -1491 -220 2373 -8788 -6815 -3218 -7236 -1134 -9921 -7884 6944 4056 -9218 -4278 -714 -4463 -2744 -8463 7127 -8357 7087 -7470 -1410 -7287 4476 -5992 -715 -538 -2164 -9109 -9084 -9045 -7516 -267 -7520 -1102 -8705 1133 
-1294 -5589 -94 8071 -4317 -4191 -1268 -8751 -7314 -2674 -2552 -6421 9445 -952 -545 -5769 -3400 -8548 3354 -4005 3634 7116 -7938 -1260 -7066 -9499 -985 -5592 -4991 -1611 -3635 -8429 4155 -6518 -2787 3855 -7563 -4348 -5773 -8114 -7108 -2224 1872 -3033 7232 -4752 -5333 -3401 -5571 -3859 -3112 -9753 9333 -4824 -2155 -4199 -6188 -9353 7527 -342 -3400 -8411 2300 -1426 2380 -4554 -4279 -6297 -7770 -3033 -1944 -2467 1118 -4161 -3199 -8989 -7764 7857 -3131 -8218 
1337 -8643 9482 -5155 9011 -2413 8721 -7034 -438 -9871 -1253 -4502 5569 -8938 -8606 -3806 -6492 -3674 -3133 -2481 -3531 2589 -9314 -4609 -8246 -9938 -7503 -7227 3729 -1971 -8601 -1045 -5625 -937 -6637 -6322 -8000 -3004 -7289 -1172 -8010 -9603 -9357 -4470 -9547 -4772 2508 -675 -5945 -789 -621 -9985 7914 5338 -824 -4399 -4298 -6219 -5562 6590 -5479 2672 -9171 3009 2186 -1982 -5894 -4226 -133 6018 -7830 -6041 3974 7608 -5228 -9508 -3657 -8775 -5999 -7665 
-8330 -7578 -7597 -1434 -6393 -7112 1619 -6284 -3549 8994 5757 -1781 -5715 -1415 -5438 -7378 -1615 29 5690 -9364 1939 -9892 -2166 -8390 -7212 2910 -8596 -4038 1162 -8588 -2800 -5174 -7372 -3312 4481 -2281 2992 -7872 -5806 8466 -2134 -2814 -5155 -6448 -2523 -7636 -3758 -6423 1255 747 -5720 -8533 -5520 -2781 -3939 2945 -1805 -8283 689 -3834 6970 -9347 -3915 -7501 -4805 -7718 -3780 3026 -8115 -242 -9107 2099 -1532 -7001 2190 -6620 -3436 -3423 -4284 3436 
-6191 -7484 7727 9286 -4854 -717 -3005 -6227 -5992 2588 3687 1845 -211 4272 -3866 -7517 -2230 -8945 -3034 -5476 9106 -1985 -3442 -5634 -936 -2828 -1470 -6561 -4980 6237 -6933 -9918 -9602 8764 -4549 -2396 -9098 -5458 6862 -8343 4037 -263 -6367 -1684 877 -2104 -2755 -1654 -4695 1838 -4205 -9546 -6374 -6440 -6588 -2438 -4488 -1995 -1927 -861 -258 -2386 -1855 -9792 -1839 -8499 -1205 -8764 -6384 -4682 9574 -6073 5248 -2639 -2252 -4490 -4708 -5847 -4827 -1621 
-4889 -5359 7195 -4653 7918 -8269 -3838 -9889 -1861 -5484 6294 -7403 -869 -5440 -2855 -6862 -9758 -8624 -9702 -4778 -6378 -8272 -2771 -4288 -7021 -8605 -6291 -8815 7296 -974 9065 -5771 -6923 -7254 -2136 -1422 -7394 -9151 -2402 -3156 -7762 -1180 -5317 -4341 -5378 -525 -6253 -3795 -7817 -3175 -821 -1068 -7217 -6151 -5304 6825 -6456 -3542 -301 -8123 6058 -6471 8602 -8988 -5829 -7830 -2479 -181 -8992 -5302 -9775 -7574 -5761 8101 5804 5581 -5131 -9286 -3843 -2877 
-9514 -1695 3891 -9168 -4770 -9937 6119 6849 -1281 -7495 8996 -5821 -6087 -4859 -5880 -99 5805 -2752 -9640 -9594 -2681 -8623 2372 -5195 -7209 -787 -9280 -5324 6775 -928 -8805 -1406 -1979 -7481 -869 -2793 1205 -3415 -8867 -8941 -6119 -6834 -9352 4834 -9261 6666 -7556 -1512 -7525 -4402 -7759 -6197 -6012 -1936 -6709 -1558 -5649 -1092 -7858 -6216 -8355 -2535 -1149 1124 -3079 4311 -2532 -6232 -1669 -4645 -9353 3050 -4205 585 -9665 -5917 -5341 805 -6533 -4947 
5637 -7357 -4676 -8231 8535 -8068 -6453 -6671 8978 -3198 -2872 -8124 -704 -6982 -4893 -962 -8108 -2421 -4670 -8704 -2175 2405 -4804 -8549 -9849 -6890 -3145 -7773 -8830 -4474 -1471 8341 -8567 8772 -8546 -7421 -1882 7158 -6192 -4419 -1437 -7944 762 -9866 7277 -7715 -1022 7927 -4803 -6567 -2352 -6672 4342 -4210 -5683 -8398 -4255 2072 -1921 -9662 4820 -5928 -9266 -1362 -8198 4747 -4048 -5616 -3224 -4681 -6712 -3079 3877 2879 -8766 -9838 -5513 9799 -2189 -7670 
-1096 -2389 -9626 9283 -4552 3374 -4878 -1207 -1665 7387 8177 5945 -117 -8703 4846 -4075 -6730 -4121 -5227 -1877 -5346 -7765 -6068 -2476 -6327 4933 -9742 1307 -4646 -8939 -2291 -3354 9002 -9741 -8280 -7903 -6662 -5021 -453 -7815 -7162 -6696 -5193 -2213 -7445 -3137 -4871 -7297 9217 -9904 -9516 -1489 -4578 -5827 9304 -6463 -3798 -1782 -2690 -8612 358 -1212 -1147 -1547 -5439 -4594 -2631 -7441 -6282 -5660 -7309 310 -9133 3917 -7552 -4274 -7639 -3011 7008 -9819 
1229 -9336 -5541 -3758 -8867 -8973 -410 4611 -5156 -4365 -7759 -505 -3641 -9216 -75 418 -5918 4888 -6078 8305 -4599 -4235 -1152 -6940 -5237 1281 -4682 4661 -9076 -8182 6762 -3564 -9050 -7643 -1461 -6116 -8813 4271 -1848 -4529 3700 -3126 -2115 -6062 -2488 -4150 -7269 -4128 -3016 -7918 -8540 -5555 -3625 -2436 -7777 -6209 -2628 -4091 -4694 -9767 -108 8215 -971 -9361 -8264 -6134 -7722 -1106 6500 -7245 -4017 -7187 -9948 -2914 -6294 -8076 -9701 8870 -4206 4848 
-4152 -2511 -1767 9480 2162 -3330 5882 -5056 -6331 -9028 6590 3657 -1010 -9370 -411 -1925 8153 -1154 -9717 5026 -6012 -7626 -8121 7024 -9634 -6855 -2674 -3295 -8350 -5682 -8786 2938 -6229 -6008 2642 3254 -846 -6201 -1222 -2043 -2384 -3750 -1304 -4282 -4299 -1738 -1300 -6212 -4510 -4817 -9795 -2918 -4237 -548 -5687 -9927 -4730 -4783 1844 -1913 -8084 -3586 -2402 -3126 -5018 -3179 -7268 5252 1943 -4628 -4531 -6141 -243 -6368 -4914 -8771 705 -7962 5939 6633 
-4871 -3767 -818 -6635 -4791 -6437 1679 -9049 -7459 -909 -4095 -2941 -4895 -9190 -9244 -6286 -3177 -7398 1223 -611 -1956 -3669 -6362 -9239 -1802 -359 -3652 -540 3424 -7286 -9792 -2733 -9405 -5017 -5058 -7195 -2454 -369 9475 -1103 -5796 -9028 -5257 -4140 -1436 -6982 -6456 537 -1539 -4842 -9504 -3830 7267 5919 3552 -580 -5738 4840 -4932 6249 -1754 5805 -4988 9097 6733 4519 -3988 -6727 -3916 -8822 355 -5143 -3473 -4543 7999 -3264 -9657 7280 4764 -8165 
-7876 -9223 -6096 -1681 -6660 -2541 -7202 -1512 -567 -4531 -9754 -4827 -8630 -2240 -4327 -4732 -8643 -3396 171 -4567 -7679 -7989 -4505 -4963 -17 -5110 -1411 -763 3158 -1844 -3533 -1602 9978 -1492 -2244 -4752 -7241 9776 -4225 -3202 -2081 5101 -784 -5001 -2812 -1454 -2874 -3893 -2542 5212 4975 726 5765 -4152 -3269 4825 -2382 -3406 -5500 -1044 -1747 -7102 -9037 -2142 -8823 -757 -1398 -4956 -4177 -5978 5840 -5062 -6191 -4518 -3937 -8532 -7806 -1487 -4305 4882 
8197 -3513 4001 -7436 -5341 7176 -5999 -9135 -9480 -2750 -7199 8586 -8846 -1222 -2706 3208 -5679 3693 -979 -7030 -2557 -8700 -537 -6720 -5799 -6431 -912 -833 -326 -5163 -4499 -743 -7243 -29 -753 6651 -7542 -8077 -6023 -7656 -7664 -4475 -7406 -1189 -8337 467 -6214 -3891 -1690 -5248 9936 -9995 5740 4802 8254 -9522 -2115 -7841 -3387 5455 -5597 -6423 8018 -9430 -3110 -316 -9598 -2040 -2722 -1983 -7772 -9569 -8391 -9262 -5158 -6234 -2831 -4284 -4592 -5496 
-2567 -8229 -8772 -8303 -3839 -1429 -9507 6698 -7058 -4121 -6627 -2277 -6024 -1226 -7888 -2456 -7017 8436 -4292 -3241 -9464 -7672 -6862 -1800 -9304 -71 -1971 -2281 -5587 -4210 -4743 -9344 -8148 518 -1738 1187 -4744 -1988 -3165 -9096 -8931 1228 -5288 -1033 -7122 9347 -5506 -2858 -1003 -3175 -5941 -8396 -8441 -709 -9898 -13 -3015 1427 -639 -2035 -581 6575 1031 -1842 -9312 -5899 2072 -8599 -3546 -6746 -9435 -771 7043 -6362 -955 5567 -7491 -7525 -7022 -9158 
2005 -9983 -3661 -9920 -1860 9278 -5529 -2830 -2400 -8272 -9380 -1500 -7360 -9468 1057 -5025 -5457 -432 -5804 -250 -1407 -962 -7451 497 -5265 -2678 -7930 -5688 -6129 -8710 -333 -328 -253 -671 -9290 -7460 -138 -582 -6073 3248 -3508 -441 -6157 -4355 2021 -302 -4207 -9776 -2056 -9087 -5502 -3588 -3437 6860 -9323 -6643 -2148 -6618 -229 -6516 -8800 -6908 5181 -2377 -8609 -4238 -2999 2214 -7595 -7978 -7775 -1519 -1258 -5607 -678 4425 -7113 -3601 9407 -2052 
-3649 -8293 -5975 -683 3878 -442 -2064 -3063 -1798 2567 -4731 2050 -2820 2244 -1198 -9725 -3552 -1230 -3027 -1162 -3401 -1940 -563 6544 -7505 -8949 -3961 -180 -8699 2202 -1952 -4545 -5853 -75 -4908 -2769 -275 -5728 -7985 9868 -5478 -3219 -1964 -2969 -6681 -1153 -1024 -5552 -3371 9564 -4675 -8234 1757 -4597 -283 -6927 -5800 -7147 5047 -6936 -151 -7856 -5278 -2056 -2568 -9783 -2297 -7821 -9681 -6479 9874 -5286 -7233 -1292 5905 1701 -70 -189 -319 -8964 
-1390 -3878 -7794 5405 -8708 -7036 -1544 -7295 -7959 1371 -7733 -760 -7552 -6485 -121 -5042 3593 -1436 -590 -4682 -9990 6436 -304 -4609 -6518 -7406 -9758 -520 -7969 -8078 4199 -7294 -1107 -8952 -859 -271 -9772 8073 -2799 -475 -7266 -791 -1415 -6022 -5156 -3057 751 -6169 -4932 4428 -1199 -8051 -5840 -6513 1493 -984 -9895 464 6048 -6880 -7035 -2069 -1448 8989 -5667 -8393 -3742 -5195 -9505 -2373 6635 -750 8764 135 -3974 3288 -7341 -8120 -1187 8114 
-3425 -7932 -2679 256 -9046 -4926 -7959 -4385 -7789 -1728 -307 -3401 -2188 17 -8893 -5340 -317 -5451 -497 -5838 -3221 -963 -7868 -5013 -7829 -9769 9523 -9758 -7672 -4672 -9331 -9719 -5646 -7191 -5494 -4131 -8868 -9614 -8461 -5171 6108 -3789 4380 -2281 -1302 -1465 -180 -820 -4739 -3711 -7912 -304 -4438 -754 -9190 -7895 3225 -6381 -1859 776 -7744 -1288 -276 -1969 -9040 -6156 -8073 -5144 -9491 -7917 -1851 -1970 -1733 -3464 -9378 -6595 -8655 -225 1815 -6160 
3245 -3470 -5516 -1315 -5414 7403 -4113 -2553 -7556 8821 -4129 7213 -8644 -9079 -9354 -2760 -8642 -7231 -7292 -4789 1153 -8709 -1412 2628 -2608 16 -9775 -7145 -4166 -1460 -9016 -3761 -5354 6331 -4288 -2696 -6820 -1792 -7283 -7835 -1806 -966 -7664 -3224 -3435 -3088 -7404 -7551 -2447 8595 7545 -3584 -4553 -5533 6276 -4602 617 -4128 9469 -1083 -4846 -4710 -757 -4330 -5245 9335 6415 -6898 -294 -6159 -7702 2046 -2082 -8347 -5679 -6493 8466 -433 -844 -9528 
-3110 -1860 -2829 -846 -5997 -4807 -9064 -1339 4355 -7346 -4697 -3742 -7962 4745 -2676 1400 -7823 -1874 5316 3051 609 -7280 -1751 -5858 -7218 -930 7799 -8534 -7157 -902 -2702 6349 -6857 -2190 -3553 -3201 -1081 -8968 -1394 2568 -789 -4137 -6876 -7229 -2445 -9627 -9940 8374 -6480 -652 -8109 -4062 3291 -6049 9691 -6711 -7416 -1036 -9317 -2529 -1635 4407 -7550 -4714 -1679 -9144 4380 -1056 -5241 -7891 -4598 -1941 -7443 -6302 -9926 -422 -5121 -3254 -1862 -796 
-8391 -5548 -2277 -8735 3532 -9243 -4855 -3063 -6815 -3044 -5253 -1456 -7400 -9316 -2870 -3793 -6451 -1524 -919 -3865 -2787 -4840 -7468 -762 941 -4206 -6666 -2140 -5298 -3669 -8810 -1108 -9240 -5915 -2639 -3748 -16 -8407 -8725 -828 -1589 -245 -8051 -4456 -51 -4517 2153 9542 1849 -6761 -6517 -9677 -7947 -6796 -7029 -4479 6458 -8623 -8239 -8160 -1523 -3284 -9652 -2342 400 -2349 -8834 -4583 -8762 -1617 -511 -3961 -6069 -4274 -5837 -6434 -9393 -6223 -935 -416 
-4402 -8075 -277 -3755 -5692 -6599 -3703 -6474 6532 -864 -2545 -1010 -5754 -9918 -8422 906 8684 -589 -3342 -1631 -9177 -24 -5235 -2317 -3406 8787 -2807 -3846 -251 -1143 -913 -1230 -6388 -9555 -9535 -7829 -3037 -1651 -103 -7366 6414 -211 -4066 -7340 -1148 -1306 -6687 -5803 -124 -9989 -423 6522 -1936 9369 -457 6346 -9773 -3841 -4334 -6452 -8853 -7349 -1222 -3969 -4647 3301 -6396 -4211 -6194 -7147 5443 433 -3623 2748 -7567 1445 -4392 9235 -4358 -8074 
-1886 -138 -5157 -9974 -9869 9660 1361 -7845 -6969 -860 4729 -3987 -9555 -5897 -1997 -670 -4447 1376 -1591 5693 -7882 -5083 -8795 -627 3376 -5924 -2331 -8104 5594 -4809 -4203 -4126 -3022 -4993 -6263 2247 -5496 -5466 9204 -5701 -2273 -2135 -9656 -9879 -1868 -8368 -1124 8202 -7868 2502 -5494 -6062 -8478 -3523 -2185 -8761 -6844 -9853 -1088 -5362 -2574 -6956 -8960 -82 6684 -3685 -3084 -4424 -3899 -4053 -4610 -5022 -3396 -6512 -2967 -2629 -9601 -7922 -3264 -1382 
9603 -40 -3668 743 -8639 -9866 -87 -3704 -3146 4742 -3420 -4520 -124 -8328 -2607 -2049 -5546 -2745 3117 -2410 -875 -8022 6204 -5709 5526 3642 -6377 -2825 -9519 -8242 -4117 -1422 -4651 -9656 -5196 404 -2744 -6836 -6674 -7513 -2170 -2102 -4084 -7281 -4565 -2953 -8238 3296 -3821 -9333 -5495 7814 -804 -6461 -9627 -2004 -6603 -4331 -8740 -4133 -3316 -4357 -2078 -754 -7075 -1439 -2910 -9991 5230 -4672 -3715 -5763 -5150 2470 -8640 9992 -8463 -4734 -2369 -9668 
-3776 -2381 -3655 -8981 -3047 -4706 -247 -2229 6880 6105 126 -3912 -5856 -1001 -4195 -8927 -9783 -4119 8988 8737 -4904 -6809 -338 -6022 -9064 -9239 -5019 7066 -2429 -4528 -7044 -1214 5905 1957 -2117 -5281 -2966 2778 -8678 -6733 1312 -1852 -5877 -3342 -8751 -9502 -6544 -7382 -8976 -1051 -2685 4925 -9097 -5096 -784 -4437 -9035 -1670 -4505 -623 -5843 -3103 -7638 7738 -1590 -5174 -215 -9983 -3258 -8635 -7972 -373 -5891 -6886 -6579 -676 -8158 -6983 7085 -5339 
-3271 -7318 -4992 -5275 -7074 -3370 -2961 -375 -7608 5460 1637 -2334 -2940 -1724 -9544 -4899 -9891 -4503 -1373 -9737 -8063 -1789 -1672 5194 4291 -178 -9411 -4755 6311 -564 -1070 -2287 -9123 -4646 -1933 7900 -1132 2567 -1739 -3367 6451 -660 -6173 -1341 -4348 -4251 -9691 -2177 -373 -7228 213 -4097 1506 -6985 -8412 9577 -5271 -2456 -3766 -3507 2697 -3003 -7497 -997 -3754 -9117 -9771 -6750 -7496 8945 6631 -4212 -2594 7239 -5264 -4678 -1758 -7605 -8712 6203 
-3846 6761 -7963 -4672 -2601 -2070 -5534 -5077 -5377 -4893 -987 -1875 -298 -1086 731 708 -4641 -9280 -1552 752 -3554 -1244 -5347 -3830 -6055 -7638 -9422 6180 -903 -6595 3114 -9051 -7164 7622 -6267 -3926 3943 -2968 4952 -5728 -364 -9374 -7902 2164 -7843 -7334 -6977 9948 -3915 -6683 -2025 -2802 -8583 -3892 -2453 -8744 -6279 -7925 1799 -7413 -1020 -6502 -7435 -9644 -3341 -6489 -6634 -6122 1893 -9225 -5679 6747 1110 -7695 -5479 -6171 -7971 -2296 -6864 -9437 
5918 -3628 -6348 -9028 -6938 -1473 -4780 -5709 -3755 -2350 -6991 8031 -4435 -2463 1129 -1096 -9507 3037 -9085 8249 -171 -2980 -3712 -3730 8223 -1714 -3507 9666 -8064 -1847 9063 2983 -2492 -7400 -2396 1229 -868 -9192 -2954 7076 -6967 -1367 -3595 -5150 -2943 -4967 -1505 -7449 -9175 -9195 4334 -1557 -5900 -6176 -5821 -4099 -8499 -5905 -254 -732 -8678 -9912 -4242 4995 -1491 -2156 -8957 -9462 -5670 -710 -9060 -5064 -9903 -4347 -5439 2247 -2848 -7336 8455 -5077 
-2549 -5149 -8869 -3436 -7088 5313 -3229 -2071 8827 -4457 -6223 -5322 -2640 -4354 -5371 1481 -2660 -9165 -9759 -744 -3851 7099 -5656 -8139 -7484 -9228 -1775 -4882 -1526 -3226 -649 6738 -9766 2735 -5322 -3406 9557 -1832 -1038 7608 5737 -1303 7587 9628 -7147 -9017 948 9918 -1858 -8347 -5092 -8392 -5672 -2853 -495 -4858 1954 -2699 -4504 3057 -4033 -3491 -9098 -6662 -3110 -8900 2398 -6475 -7516 -4617 -8893 -3029 -2894 -135 -5889 1096 -5433 -9499 -1925 -1493 
5111 -8356 -4661 -98 -5314 -1344 2331 -6514 -1700 2623 -4939 -368 -3277 -1482 -6654 -9473 -8233 -5350 146 -7099 -5858 -6036 -7216 -6061 -8140 8258 -9814 -2273 7338 698 -2601 -7793 -8785 -5866 7364 1582 6598 3581 -7921 -7456 -943 -7951 -1395 -3650 -414 -6552 -6421 -9032 5285 -6687 -9804 -1656 -2611 -9709 7139 -9763 -2109 -1511 -8448 -9569 -1348 -3864 -8040 1803 -8499 -1680 -2073 -1008 -6920 -7750 -7222 9792 -4496 -1818 -5738 -2579 7366 -8534 -2416 4805 
-7735 4554 -9913 -9657 -4788 -5732 -4907 -5661 -6396 -4803 6477 9135 -258 -1603 -3386 -6712 -4313 -9736 -5457 -5491 -2526 -3799 -120 -6270 -5161 1848 -7938 -7445 -2580 -1342 -7763 -6703 -4727 -7318 -3390 -1743 -3218 -3123 -1775 -2650 7570 -8385 -9399 -6666 -7155 5349 -2259 -2084 -2839 -7668 -9580 261 -7619 -2862 -9560 -9190 -9093 9482 -5042 6614 -1921 -2513 -9248 3826 -6072 -2722 -9948 -5926 -2520 -5153 -9316 -7842 414 -1220 2735 -8497 -5646 -8506 -8491 -5753 
-3730 134 -6727 -7401 -7176 -6398 -1211 -9033 -7332 -4731 -2272 -3151 917 -811 -1474 -4294 -8665 -7808 -9198 -1851 -5613 5388 -9859 -9210 -9738 -522 -8746 -1141 -5014 -3081 -6392 -8231 -4439 -3896 -7552 -7774 -6234 -9824 -1094 2548 -7884 -1343 8268 -9731 -1461 -5970 -9227 1479 -3677 9930 -5185 -3744 -6095 -9126 5584 -9106 -3185 -3477 5543 -4632 -9592 -2122 -5421 -7615 -297 -8353 -4201 1016 -1775 -620 -2049 2806 -2878 -8954 -9315 -27 4182 -227 -3126 -5920 
-9599 -5374 -6352 253 8726 -7669 -1944 -269 -1860 -9830 -4811 -5161 -185 -6143 -7571 9336 3916 -9931 2051 -6859 -9601 -6992 -580 -8157 -6711 -2805 -6940 -5915 -7898 -5306 5883 -2882 -933 -8919 -2596 -5182 8097 -619 -1088 7472 -7584 -7405 -933 -1469 -7128 -9512 -5617 -2689 -8304 -4648 1276 -4578 -3043 -4868 -3900 -3282 -4745 -5115 -3448 -3841 -2448 -8465 -3042 -7914 -4743 -8611 4566 6076 2371 -9406 4258 -538 7949 -7814 -5059 1452 -6543 -3077 3442 -4602 
-3910 -8993 -800 -7853 -5053 3281 -4343 -8019 -5080 -2736 -4701 -5124 -462 -9468 -5799 -4520 -6899 -1447 -3532 4281 -9770 484 -8509 -8449 -2433 -5773 -8164 -9172 -6485 -2732 -7010 -7475 -6260 -7071 -4304 -2186 -8754 -7996 -5537 -5760 -2762 -9462 -6118 -5356 -8198 -9927 -9320 -5751 -459 -9911 -3464 -9735 -7963 -7038 -4199 -246 -9825 -8681 -3818 -7093 -6958 -8771 -4548 -3388 -1165 -6330 -1144 -9507 -2335 -6011 -2645 -5830 -9144 -3633 -6713 -5863 -4101 -7399 -5253 -9451 
-9774 -22 2277 -5766 -7670 -7026 -7650 -6706 -5975 -4045 -2787 -8576 6266 -7412 5838 -30 -8689 -7600 -9441 6195 -3087 -2721 -6460 3778 -9772 3922 -8786 -9286 5564 -3506 -1365 -1674 -7153 -7947 -1506 -9883 -8194 -9444 1422 -5127 6471 -5126 -8818 -5033 -3452 -7580 -4234 -3836 4394 8636 6397 -9687 -8162 -5922 -9711 -5131 -1983 -2728 -5215 -3029 -8734 -3185 -4314 -443 -1655 -2551 -6993 -607 -2360 -7886 -3282 -5038 -1114 -9966 -8262 4767 -5335 5890 -5414 -7755 
-779 8495 -3031 -3500 -8429 -3277 -4716 -9456 -1957 -4740 -1052 -966 2703 -5224 -199 -9622 -3491 -6524 4022 -4331 9548 -6320 -577 -128 -5593 5535 -8058 -8562 -9592 366 -9441 -303 -4134 -7957 -6702 4563 -7101 -8386 -671 -3640 -3972 -7177 -9915 -1520 -9181 -8467 -5130 -6950 -7538 -2588 -9167 -7611 -9112 -8641 -6582 -2707 -6253 -1762 -7285 -303 -4582 -9413 -493 -72 -2084 -4030 -2133 8445 -7045 -563 -8036 -5631 4085 -3913 -9295 -9145 7821 -8985 -5682 -9890 
-8417 -3992 -6590 -4693 -7651 -3280 -3724 -6851 -9222 -6640 -9595 -2966 -2483 -3108 -2327 7344 6900 -7464 -3149 -4220 2680 -3278 -4279 -4094 -3847 -259 -3886 -7684 -35 -5960 7717 -9534 -4234 -701 -9017 -6573 -5220 -9001 -9013 8378 -9474 -6777 -4711 -105 -7731 -648 -4643 -6740 -3476 -2808 -646 753 -9491 -6399 -225 -206 -1210 -9784 -1690 -4005 -6430 5886 -7800 -4614 -8293 -7342 -438 -4201 -1574 -850 -5603 -6581 -9281 -5547 -6005 -6783 -4268 -8403 6911 -4481 
-9093 -9149 -7328 5420 -8228 8954 -1470 -6202 7103 9312 -4544 -2595 -6954 -358 5727 -4928 -3240 -8570 -3666 -7170 -6937 8620 8458 -2504 -4341 -1700 8829 -9713 -2799 -7923 -7893 -5871 -3344 -9660 -3022 -3913 -2023 -6785 -180 -413 -165 -5045 -2613 -7496 -7774 -7042 -2538 -7847 -9343 8792 -2762 -7875 -5948 -181 252 -3342 -3107 -4579 -9160 -5363 -7248 -4651 -701 -5854 -7191 -5632 -8664 -8224 -1033 1272 -5236 -6264 -1121 -1060 -4068 -1014 -5881 6337 -4988 -2668 
-9416 -859 -7979 -5204 -3813 -1290 -9628 -9365 -4810 -4285 -3935 -4644 -5874 -1947 -5513 -4268 -9391 -2904 -5025 -2384 -4570 -1561 -1487 -4618 -7854 -8140 -3432 -2790 -1872 6178 -1314 -6531 -7017 -9256 -9159 -3547 -9767 -1267 -1738 8405 -4188 -4492 -1564 -6986 7257 -2676 -8033 -4620 -4857 -6835 -4604 -6824 5677 -598 -8264 1815 -6625 -664 -5399 -1797 -2523 -8280 -6368 -4969 -7156 -3323 2665 8028 -759 -793 -8647 -9618 7274 -2028 -8381 -6194 -4884 -3713 -761 1702 
-5318 -8547 -7111 -3642 -3224 -1388 -2991 5055 -4235 -1816 -7680 -6037 -7056 -5025 -8310 -6547 -3123 -9221 -8478 -3672 -7528 -2128 -576 -7059 -3698 -275 -8593 -2276 -660 -4059 -8437 47 -2077 -2428 -5636 -4740 833 -9265 -7316 -2552 -1121 -2657 -5701 -7880 -5873 -4398 -5572 -861 -5575 -294 -9003 -9262 -8110 -5557 6250 -7939 -1548 -7863 -6328 -5813 -1682 -404 5028 -3603 8727 9261 7389 -9966 -8612 6886 -8268 144 -3618 -3115 -5705 -6610 -7881 7522 -3600 -1400 
-1549 -3776 -5568 -606 5473 -8203 -3301 -8547 -6154 -2889 -3038 -2962 -8964 -898 -5465 -6892 -3133 8059 -8752 -8417 -8522 -9331 -2386 -5567 -4113 -8448 -7191 -868 -3566 1660 -6002 -8672 -6305 -8127 -4053 -1230 -4734 6730 -2310 -3359 -1477 -3563 -4819 6764 9835 -8804 -6175 -383 -4694 -9297 -4649 -1572 9680 -5068 -3020 9292 -5352 -264 -1166 -34 8174 -4919 -171 -785 9734 -1399 -2322 -2065 -8593 -2444 -5693 5510 -8256 -9273 -8654 -7562 3396 -2353 -6552 -2776 
-2733 -9947 -8785 -6300 -5355 -1928 -4755 -5654 -6565 -1419 -1520 4535 -7589 -2174 -9966 2577 650 -7675 -3409 6549 72 7900 -6751 -2569 -3578 -353 -4301 -389 -6327 -2298 1701 -3060 -4310 -8675 6928 -1014 -7117 -6088 -9903 -1862 -2228 -1265 -5777 -8729 7559 -9934 -5320 -9153 -6915 3506 -8158 -2374 8801 -9769 -1909 -7483 -1855 -3180 -9260 -9719 -889 -3097 6544 -1783 -1904 -9420 -4622 -1637 -4867 -112 -4503 -2033 -790 -6279 5488 -7809 -1516 1361 -2633 -7656 
-1695 -1231 -4935 -6204 -8069 -9650 -3717 4778 7251 -1477 -7480 -9403 -2512 -9371 -3838 -8211 -4668 4825 -6036 -9399 -3798 -5305 -6308 -8068 -634 -371 -7470 -5504 -3159 -864 3015 -9133 6490 -3009 -9860 -1781 7316 -2296 -9201 -869 -3999 -4302 3902 -898 -2045 -1773 -6562 -6704 -2808 -9542 -4301 -9446 5830 -7854 -984 -3994 -7475 2827 8699 -1406 5460 -8522 -90 -1771 -6365 -2887 -386 -3482 -3576 -78 2792 -2323 -3493 -2429 -9769 -5665 -3364 -3767 -4860 -1085 
-1744 -546 -2312 -5813 -1812 9382 7519 -2084 -5439 -8845 -6711 -9366 -4426 -9951 9606 2309 -8320 -2924 5662 -222 -4885 -2553 8301 -4129 -5405 7069 -4311 -3239 -7899 -8143 -7563 -1355 -7102 -2463 -9740 -3495 -2053 -9262 7661 -8473 -2109 6628 -7328 -9904 4157 5546 -7369 -1011 -5275 -7712 -6605 -1211 -1467 -9792 6961 8010 9195 -1888 -2431 -7402 -4654 -3655 1125 -4746 -2592 703 -6321 -6385 6777 -3546 6031 -6021 -2210 9259 -3959 8439 9864 -5119 -9669 -7958 
-9670 -1955 -3187 -6328 -3037 -3806 -7889 -6589 -108 -7821 7251 -9929 1968 -3376 -7986 -5306 -729 -2185 -9952 -782 -4234 -3952 -6863 -3741 -1211 -3104 -9817 1510 -4234 -7538 -329 -3259 -3701 8401 -8108 -7680 -3689 -9546 -2342 -9424 -1082 -4054 -4157 8363 -7510 -6633 -8401 -5578 392 -2301 -5181 -3876 -3589 -3350 2846 9639 9780 4316 -4019 -5204 1852 8243 -7810 -7513 -4001 -5839 6980 -7551 -6661 -3779 -5703 -9411 -19 -3227 -5039 -4119 -1219 7600 -1256 6269 
-5250 -4216 -8296 7070 -2100 -8648 -829 -631 366 -5308 -7731 5678 -6344 784 -4747 -2797 -456 -6913 -6344 1238 -8930 6084 308 -9143 -4727 -1720 -4967 -9312 -374 4171 -7827 5976 -841 4258 -1798 -8762 -2277 -9958 -1436 -119 6023 -4710 3357 -6186 4148 -12 -5011 7072 3260 7768 -1466 -6870 -2821 -1868 -330 -817 -618 7943 -4788 -3473 -5192 -2265 -8149 1148 -1110 -9801 -882 -3039 -4338 -8843 -8771 -7772 -594 -2575 -5230 -9971 -9325 -3550 -3310 -4540 
-3281 -5890 -8036 -1338 -3138 -8887 -4606 -8139 7647 3258 -2311 -8068 -7730 -4498 -467 -7419 -4316 6990 -1486 -5226 4394 -7005 -2722 -5558 1790 1060 -8429 -2304 -8817 -1978 -5670 -2645 -433 -4054 -9961 -2773 -2987 -9270 -7739 -5427 -7070 -8888 -8917 -6264 -2071 -6079 -7295 -2556 3157 -8526 -510 -5425 -6297 -4043 -1825 -1319 9491 -6658 -7331 120 -5303 -8498 -3261 -9992 -3549 -756 8428 4833 -8721 -1746 -93 -60 -3872 -4897 -4928 -7656 -7153 5426 -1781 -6167 
-4421 -9553 9679 7064 -1562 -6322 -4837 -4573 -1888 -2612 -6206 9729 9501 -2034 -6249 -8000 -8692 6901 -4000 -4214 -5164 -7511 -6239 -2900 -7654 5369 -207 -2532 811 -9665 3996 -5824 -1756 -6684 614 -46 -3301 -7720 -4471 -8607 -8629 -4243 -9678 -9478 -8603 -9014 -2461 -5242 4478 1017 -967 9921 -7590 -9442 -9263 -9844 7715 -1547 -4285 -171 -6041 -4778 -6517 1354 -1633 -4509 -9352 -6681 -9364 -4233 -2895 -2094 -6398 6005 -3059 -4477 -2227 -3592 -4544 -8505 
-8197 -5064 -7117 -8092 -9844 -8190 -791 8048 -6 2161 -9947 -408 -4447 -1272 180 -3101 6766 -6977 -5135 -688 -526 -5930 399 -8069 -41 -3279 -199 -8250 4646 -5854 2772 -1162 -9948 4333 -1105 -1409 -8498 -4589 -7021 -3218 -6974 -324 -1150 4818 -1642 -8100 6551 -4698 -8834 -1597 -1178 -4952 -7757 6983 -6835 -3228 9612 -4847 -7987 -166 -3691 -3095 -9066 -1184 -8171 -8355 -3195 -8153 -8749 -2776 -8027 7346 -2626 -7660 -728 -4406 488 -2057 -8067 -2540 
-4105 8577 -7109 -7606 -5243 1289 -5355 -1024 -7107 -1879 -1638 -7097 9526 -4425 -4455 -8228 2131 -603 -5717 -1609 -3401 -2444 -260 -4080 -7136 -5476 -4927 -2525 4592 -1263 -1517 -4850 -8915 -7165 -2490 9345 -9156 -9978 -6379 -1314 -5698 -3404 -7045 9934 -6606 7962 -2015 -4392 -9322 -2495 -3257 4085 -6134 8653 -6848 -9514 -3195 -6177 -4685 -5482 -5290 -3038 5362 2267 -8334 -2518 -2826 -7358 -89 -4097 6945 4097 -5963 -9281 1128 -8677 -3869 -1465 -2795 -2625 
-7793 -7977 -6908 -912 -5500 -7683 -4864 -1847 6865 -6121 -6515 -2683 -4921 -9137 -5272 6846 -6495 8336 -283 -867 -1344 1383 -362 -4899 -7226 -662 -4514 -3879 -7322 -3022 -2194 -9271 -4054 5598 -8571 -4655 -9146 -7563 -217 -5099 -6757 8247 6307 -7675 -3634 -2687 -3661 -4232 -7614 -335 -7387 6324 -1453 -3360 -9090 -3135 -3745 -8085 -2391 -9613 3925 -2918 -515 -8517 -5606 -6745 -704 2574 -4416 -7637 -6358 -8089 -3340 -3559 -4104 1819 -7223 -9373 -5458 -9920 
-8419 -6718 -3841 -3262 -1776 -9873 -3414 -9675 -6297 -2242 -2634 -1671 -5226 -7732 100 -2576 -458 -803 -3156 -7594 -7232 -5837 -8082 -2750 -4737 -259 -7208 -7527 -203 -3227 -3193 1264 -1769 -4026 -7751 -6350 -4033 -3866 -4025 -4367 3458 -2091 -826 -7658 -7996 -7829 -6413 -5586 -3063 -9699 -9983 -6311 1615 -3427 -4531 9065 -1299 -4250 -1681 4608 -6289 -891 1280 -1354 4743 5222 -7174 7024 -4280 -8708 -4984 -263 -473 -3275 -3157 -5825 -6699 -5986 -5928 -9668 
-2029 -8466 -3671 -8839 -6537 -8235 -9878 -4649 4170 -5640 -1926 -7357 9780 -368 -2697 -3181 -6519 -5377 -4263 -9400 -3938 -2799 -738 -4679 -7125 -520 7591 -7615 1269 -8885 4088 -3420 359 9953 9783 -5133 1943 -869 -2352 -9331 -9586 -6616 -2061 -1107 -1574 -4929 -3917 9801 -4330 -3879 7243 -5824 -7687 -9778 -8655 -2111 8370 -260 -5564 -2962 -4596 -5724 7248 -8003 -8931 -3084 7860 -455 310 -4932 3366 -1460 -9186 -9824 -1846 -3503 -4809 -5656 -6995 -8347 
-2347 -6187 -3766 7357 -3805 -4963 3749 -7045 -5164 -5679 -8491 -9866 -5752 6167 8909 -2536 -2573 -3630 624 -6553 -48 -8489 -7964 -680 -4007 -4017 7194 -8215 -3412 -5253 -9530 -1908 -9825 -9499 -5478 -3070 7122 6869 -8839 -3561 -5052 -1470 -778 -8478 -8811 -5375 2717 -11 -1239 6594 -8008 -7702 2704 -1708 -1625 1969 -4967 -8083 -3931 3456 -8691 3448 -1340 5506 -9908 -6297 -8879 -2663 -3519 -9134 -9002 -8126 -5314 -421 -6551 -1067 -616 1540 -5591 5934 
-4876 -9166 4158 7874 -2207 -8926 2094 -4448 -6254 -3375 -500 -9398 -1455 -8041 -4392 -7774 -7446 -1248 -3858 -3377 -3625 -9061 -8280 -4349 -5029 3729 -2630 8068 -3696 -9978 -3586 -474 -4313 -9562 -889 -7678 -3460 -526 8680 9741 3322 -9949 -9487 -4166 0 6845 -9995 9451 -4327 -3590 8593 -7471 -5345 -7836 92 -2748 7607 -6006 -9643 -7381 -9447 -8379 8519 -1272 -3332 -1512 -5974 -4090 -8364 8091 -5868 -2154 -3104 -6169 -7010 -3876 -1980 -5265 -8934 2248 
6690 -992 2784 7869 -1692 -1245 -4068 -3726 1377 -1972 -6301 -6379 1042 -6805 -6487 -4108 6872 -6201 -8400 -5708 5992 6709 -7888 8832 -8021 -1732 -5164 -7566 -4342 -7952 -6720 -7955 153 -5962 -4161 -8649 -2783 -7700 -8208 -9184 -1967 -5853 -8336 -6637 -4095 -1286 -489 -3576 -5571 7143 7023 -8711 -7307 -3782 -8440 -635 -5687 -8226 -5730 5062 -6470 7961 -7650 -3251 2002 4684 -4689 6589 -7528 -3131 -5824 -9490 -458 1544 -6540 4032 4832 -5393 -6400 -8181 
-3570 3621 -8961 -8454 -9233 -6544 -4290 -4031 -6346 -2933 -8942 -9494 -808 -1789 -295 -8096 -4369 2422 -1652 -6099 -1036 7274 8721 -237 -3617 -6563 4485 -2297 -9316 -621 9413 -1129 -6871 -2502 -4170 -3952 -8347 -2825 -725 -2655 -752 -2177 -5271 -3369 -9779 -396 -7341 -8616 9040 -4701 8211 1889 -6111 -9117 -4035 4840 -6531 -7142 -5707 -2709 -257 -9724 -7281 -5322 -6844 -5256 -1639 -6824 -9189 -8462 -1921 -4233 7680 -4549 -9317 7746 4806 -6616 -301 -6816 
-8998 -2014 -4470 -6803 1890 -9286 -3491 -3940 -5430 -2200 -6190 2003 -4376 -3389 -9710 -9275 -4100 -1858 -5076 -7631 -715 4254 7981 -9499 -1206 -2982 -8075 -8189 -4695 -8863 -3619 6459 -7742 -5029 -8824 -203 -4625 -3354 -6838 -9770 -4087 -9391 -8097 -8526 -3761 -3322 -1376 8961 -4135 -5726 -9986 -6819 -7453 8025 -1076 -8221 -4593 -7856 -7512 -3951 -2135 -3786 -1688 1379 -6080 -8254 -3132 -3167 -3230 -7119 -3067 -8853 -6456 -3340 -6509 -1260 -5120 -8906 -7050 -5906 
-7028 -7803 381 -9198 -6891 -7061 8647 -4326 -1594 -8613 -8646 -2448 5300 -5265 -1044 -1517 -522 -5048 -6315 -2993 -9367 -864 -4008 -9723 -6446 -9971 -4153 -4624 -7020 -5879 363 9260 -2752 -7939 8848 -8538 -9441 -2693 -1015 -2501 -1751 -169 -8671 -8786 -9217 -1221 -7392 -6992 -9209 -2982 -4656 2368 -8833 -3307 -2669 -5028 -8010 -3037 -3111 -6094 3077 3801 -7555 -8030 -4366 -4164 -1798 -4209 6580 -3841 -251 -3464 -1097 -1259 9495 -9856 -6838 -6904 -9408 -8078 
-7180 -5238 -2800 -7578 -8322 -1511 -6398 -5576 -8117 -4756 4189 -6032 -6548 -4832 -2097 -3130 -5370 2197 -6872 1689 -8858 9581 -6623 -1927 9409 -1987 6245 2465 -7648 -739 -2216 7834 -1680 -4254 -8348 8519 -4612 -9844 1030 -947 -4944 -6934 -9772 -3393 -4845 -7944 -5829 -8331 -622 -3554 -9870 -4684 1963 3572 -555 -1892 -2522 -8986 -3550 -5767 -4988 26 -6055 -824 9080 -9914 -3461 -3410 -9336 -385 -8722 -9796 -7301 -4020 -3190 -1642 -3416 1763 -9888 -6329 
7962 -8937 -7553 4973 -443 -3702 4171 4158 -6813 -3983 4026 1625 4021 -4932 -1933 7777 3344 -5613 -7454 -7334 4021 -5800 -9937 -808 -7342 -6019 -7114 -6815 -6109 -4977 -2649 -1112 -4275 -2969 -7522 -9711 -8216 -4473 -3056 -2165 -7817 -4098 -7565 -5332 -7096 -5897 -1108 -6071 -7568 -1337 6588 -4326 1127 -5246 -3202 -8640 -1524 -3885 -2215 -8886 -4945 2421 -1299 -4750 -3853 -7774 -2166 -7267 -3591 -7175 -1345 -3459 -2522 9899 8580 -9998 -1799 -6797 2578 -7340 
-5988 -7592 -1332 -1837 -5679 -684 -2771 -2786 -3513 -6159 -6431 -5462 -8410 -2025 -6055 -7292 -5606 -557 8265 -1833 -7705 -8244 3956 3013 5944 -6359 1376 -1818 -5595 -594 -9675 -8289 -8531 -1128 -8336 -4491 -8596 -1324 -6292 9475 -3280 -4354 -2531 -6331 -9729 -7704 -2057 -7295 -7479 984 -3244 -5868 -8818 -8716 9456 -1256 -8008 -8523 -9173 227 962 -7179 8420 -3463 -2880 -5925 -5346 -7585 -625 2601 -2990 -3883 9283 -3933 -7734 -5241 -8625 -2989 -9214 -7290 
-2970 -6508 -4119 2923 -4224 2129 -9308 8371 -7267 1317 -5454 6543 -4486 3985 -6386 -1614 -2387 -5178 -142 -2728 -3193 -4398 -5162 -6313 -9848 -5404 -2036 -4885 -4548 -2526 -8530 -6308 -1781 -1016 -6974 -1971 -6772 -1049 -6517 -7277 -2341 -7212 -5477 -2834 -2373 -326 -923 -8957 385 -4863 -5961 -1554 -2033 -5890 -6616 6998 -8722 -6991 -8479 8674 -5993 -2106 7676 -5147 -8170 -1206 -185 -105 -8952 -6569 -3524 2179 4238 -6391 -6286 -6935 -3991 -8260 3423 -9699 
8103 -1995 -1752 1823 4482 -8387 -82 -7257 9538 -9636 -4964 -7396 7223 -1958 -551 -5299 -1479 -8643 -9464 6785 -1399 -3465 -7652 -2998 -8048 -5462 4168 7161 -2600 -8018 -6535 6368 6613 -6669 -99 -6739 5180 -504 -8868 -3416 -5047 -1714 -5371 -236 -8663 -196 9606 -3451 -1663 -4203 -9952 -5158 -5287 -4761 -7956 2730 -788 -6673 -7156 -8700 -8040 -793 -4360 -4587 468 -7672 2520 -4888 -2193 -4893 -8334 -7051 -7330 -4037 -8058 -9533 -3869 -3373 2136 -9622 
-5222 -3087 -3278 -9004 -4612 -7132 -9945 -4567 -9723 -6353 -7206 6121 -615 -5147 -6859 -2060 -3443 2446 -3999 -8193 -7294 -6650 -1585 -3398 6099 -5001 2892 -2238 -3283 -8535 -8895 -8508 -8242 -3027 9049 -2859 -3828 -8977 -3354 -3244 -6382 -6593 2931 -1529 -1466 -357 -6338 -5437 -8039 -2290 -8454 -7910 -5690 -4568 -2587 -1278 -1298 -705 8198 -6007 -8329 -974 653 -2579 -539 -5656 -6653 -6615 -3377 -8811 -2504 -5122 -2873 -3133 -6132 -9718 -3653 -6826 2404 -6777 
-4647 -7312 -6343 -9754 -5658 -6264 -40 -6816 -5464 -2101 8480 -6247 9734 -228 -797 -404 6904 -2562 -5553 -4762 -6376 -7881 -8583 -7725 -1320 2826 -2698 261 -5987 -4560 -2705 -8754 7383 8053 -8367 -4654 -9168 9378 -6919 -207 -9096 -3798 -2285 -5599 -6113 -317 -6782 -542 -2101 9999 4713 -3902 -4012 -4938 -1846 3259 -4157 -8768 -8319 -7396 -2097 -4433 4156 -4303 -9077 -6144 -723 -9862 -7288 -7501 -5433 -3089 -1338 -9049 -4263 -7372 91 -8075 -6334 -2076 
-2347 -9651 -4007 -3983 -6744 6577 -4774 4200 -2536 -7705 -5683 -9578 -3801 -2846 -769 -8514 -9654 -4840 -3845 -5652 -2788 -9696 -4457 -6407 -970 -1826 -1895 -9282 -6156 -5152 -7716 -8562 6652 -526 -7248 -9743 -4179 -8235 -5827 748 -97 5753 6568 -3961 -9667 -6361 -2441 -3379 -6407 6876 -2944 -3452 -1144 -1119 -3897 -5180 -3730 -742 -9747 -515 -346 -9092 -2344 1115 -4840 -2820 -2893 -6556 -2957 -1235 -449 -8741 9170 -710 -3619 -9810 -2299 -2340 -151 -6631 
-3899 9225 -9747 -4171 4365 -7712 -6594 8244 -4810 -6600 -4227 -3586 -1967 -6180 -5778 -7104 -6185 3785 -9088 -1770 -554 -8373 8886 -8575 2284 1994 -5275 -1921 -4416 -1107 -493 -9756 -7232 2150 -5068 80 -9473 -8161 -6495 -9888 -6 3393 -4778 -6123 -5776 -6964 3029 3281 -4347 -5763 1442 -6406 5810 -1856 -3094 -6575 -3211 -8516 -5300 -6796 -8430 -5745 -7285 -5716 4565 -1384 -2292 -6328 3287 -6914 -9320 -3471 -4400 -1863 -5291 5101 -3858 -3808 -2124 -3023 
-8590 -9214 8312 -520 -2302 -902 -9679 -2307 -6320 3674 7030 -7197 -4252 -4521 -8918 -128 2189 5695 -9878 -8803 -6786 8439 -6913 2165 -4466 -6166 -7020 -9062 -2623 -1978 -2446 -1189 -3321 -1919 -8825 3657 -9433 -4842 -5803 -9602 -3634 -632 8095 -832 -3821 3323 -5978 -5174 -6130 5497 -7572 -7918 -6284 -3095 -8483 -2161 6549 -8315 -1070 -2490 -4164 -512 -5878 4662 8785 -6197 -9478 -3702 1045 -3606 -6445 -2523 3277 5567 3967 8417 -9280 -1475 3046 -5834 
9333 -61 7357 -1154 8373 -1558 -6229 -8737 -2409 -2286 5806 -4351 -7643 -2591 -210 -6236 -7594 6415 -9943 -6078 8831 -7885 9161 3761 7205 -4879 -6915 -7225 -4182 6681 -2697 788 6332 -227 -1152 -2282 -623 -175 -2189 -7186 -8249 -3162 -6363 8596 -8592 -9224 1907 -5923 -5258 -8649 -4286 -2270 -5898 -9556 -1529 -3769 -3993 -91 -7135 -9208 -9038 -2042 -2135 -6388 609 -8161 -3148 -5681 -5955 -7654 -2228 -1418 -8020 -3284 7505 -8201 8613 9881 -419 -4976 
-1906 -4369 3100 -2271 -3502 -8695 -6186 2969 -5723 -7717 -939 4893 -5978 -5986 5606 -2782 -4803 -5045 -1847 -9420 -3883 -4363 -9958 -2078 -8291 -9695 5545 -8453 6671 -7160 -433 -5859 -6891 -8203 6599 -1450 -9257 -2743 -441 -4261 3093 -8044 -1642 -5679 -8765 -4980 5452 -1836 -3846 -1367 -9650 3398 -8856 8937 -2304 -4587 9585 -5424 -7809 -1584 -8453 -7146 -3134 -4276 -7832 -2203 -9932 -1784 -1465 -6207 -4225 -5611 -3457 7872 -3254 -416 1979 -4708 -6710 -3971 
