70 71
8926 9254 9517 1972 -2474 8993 1364 211 6423 7723 588 -6747 8643 4930 9027 399 4115 8316 336 3759 6656 6055 5069 5922 -3809 867 5129 841 5083 7744 2841 7514 9189 5429 8800 7268 8094 4956 5737 5087 8403 7095 3075 8665 845 9339 4585 5504 2741 4830 9362 3797 7367 1242 132 7061 5714 239 8485 8478 2874 9722 3407 -2196 5996 4246 9791 8012 7641 4433 2452 
9149 277 5648 3022 9414 7884 2220 8242 4991 6913 3579 8208 2455 4327 8665 5124 -9254 3445 1221 4860 742 -9098 -3172 7857 424 9573 894 7573 9447 6418 1961 4618 8615 1346 6613 8792 891 9307 8885 640 3031 5990 9422 3919 9021 1232 9698 7709 9071 1481 3781 801 9321 9687 6098 1063 935 3732 8480 5316 9216 2335 5786 1389 525 7677 3746 817 7967 4173 398 
523 6701 1093 5888 770 6668 389 9995 1511 3299 7445 5225 9784 3328 7451 5893 -117 6136 8690 501 3314 4053 889 4366 4829 624 6803 7708 650 3992 6655 8097 7020 2889 1014 4202 8542 1999 3230 1992 9393 9278 7525 8055 -3708 5936 2572 7948 591 1208 1251 3294 5475 7864 5677 8178 2040 4103 3409 3716 3214 398 1572 2574 4737 6978 8002 313 2683 73 7528 
7899 7731 2049 454 6223 4076 8375 6464 1879 8871 8107 1859 9917 7413 1303 730 135 2937 1823 8694 5129 7432 3771 6855 7374 8890 9027 5129 3074 594 584 -4355 5625 3597 5900 5916 8344 2260 7874 3259 593 1830 8107 785 2926 5638 -129 23 2329 7717 7705 2591 9323 9820 2981 4893 2293 3084 8686 8910 6827 3211 6018 6232 1786 5313 -423 9921 296 9295 4249 
55 1475 3341 1332 5195 1385 -2817 7955 6239 3517 1079 3075 188 1124 8752 3965 9817 1164 5502 3019 217 4636 8976 2778 5099 1560 6603 3275 5831 3200 5379 9572 7760 3077 8793 4331 8833 6871 2694 5510 8933 9610 7183 3157 2825 2768 8450 8590 258 5707 3444 2488 115 -6321 237 771 1180 3680 7237 4918 3972 6499 5184 7283 1258 5667 4440 4016 6498 5012 1214 
2250 5612 1616 8353 6517 4241 431 2845 1628 -1759 2558 8317 4626 -1895 2560 56 40 7003 3399 3686 5532 6510 4099 7838 3877 6671 2211 7741 -2801 8776 8623 809 4051 2380 8075 7726 4526 3943 982 9837 3729 1334 6600 2254 7123 5720 1851 4997 6028 2972 243 732 5321 6848 4242 8569 322 7136 8811 2692 7661 3513 499 8046 1886 1113 7862 6063 8778 9686 5973 
6879 5159 2748 882 -7844 -8953 7520 5974 6994 -3411 1596 470 3044 5973 4536 8144 5069 8622 -8540 1224 2889 8255 5770 8237 9789 8173 3067 3169 1792 1511 9999 8085 8649 7160 4293 9425 6204 2984 1621 9958 9050 26 7495 8613 175 2560 3488 1598 7046 6312 4604 732 8081 6305 6077 7350 1534 9070 3408 6914 5769 7268 7077 5858 1451 8838 6219 5882 3357 6494 233 
9836 3698 8408 2005 6341 5855 7289 1179 9691 1232 8340 1684 8699 3737 212 5959 6690 3448 6295 1341 5786 4982 4205 4580 4407 1102 8655 8014 8818 3794 4270 2756 8480 9645 2777 9506 6355 3256 4777 7401 8488 6831 -9115 9391 3028 384 8789 1563 2033 4544 1229 250 2626 9096 8278 779 4384 662 6258 5723 3313 5042 -7786 1610 5034 -8325 9430 9039 3462 9797 8371 
8863 859 7655 4836 1870 3566 5453 6447 140 4479 1262 3885 7269 6935 6621 6704 9137 4202 120 4348 7188 6501 8250 9192 6245 2411 3194 6077 8047 4376 4058 8967 8889 1265 8604 3598 4561 4624 9398 1685 4174 7257 1534 3395 615 5779 1770 8265 7790 144 6717 9381 2457 1848 8054 6263 9124 8084 7102 -6359 7749 719 353 3814 4017 5712 2030 4434 7456 7546 5032 
1578 6680 8383 1666 2852 213 9598 2486 8759 7085 4115 951 9852 4438 2022 8669 7629 6318 2860 6571 4102 1585 7071 -5243 -2188 1099 2547 1393 7268 7367 9542 6573 4691 9671 2183 6865 4385 2489 3664 974 8511 7415 7163 4484 8304 3168 2256 288 907 9893 9513 9332 2039 7141 -3867 8578 7191 5025 8419 -7376 5252 9414 1355 9687 4196 1267 5739 8266 6139 9012 -5861 
4195 6795 9172 842 4390 9155 175 7717 6287 7928 8964 2838 663 5935 7284 1162 4277 7048 5565 4581 1171 6762 9344 4685 4035 436 8130 3682 8025 568 2747 6172 4766 4952 9932 2703 3512 833 336 -3079 3842 5916 6990 9607 1574 3749 5040 4747 6752 6670 3096 542 4132 8424 6474 4605 9395 6418 3718 3472 3801 8899 6189 3932 8141 3527 3312 388 -7109 8454 9668 
6647 6891 9923 9394 -2255 378 -1019 4805 5654 863 -5646 2856 -7439 3398 3058 5042 7178 2118 7093 9167 9508 2963 6671 4373 8545 9621 743 5029 2932 5384 493 1203 3808 9957 5335 4386 6575 1081 1016 4573 5095 5492 8525 4746 865 4305 3470 6351 4067 704 6453 9951 1038 2668 6681 4717 4193 6639 4341 5844 2041 8503 7505 9664 -4879 1419 5029 4265 9114 9584 7256 
1527 8356 791 5046 259 7025 5820 562 4925 1022 3637 8612 4705 5238 5507 3684 4902 4351 1057 8654 9980 604 7155 3610 1578 1978 8688 6538 5128 5573 1130 662 8272 3062 212 3372 1870 5382 2914 4427 1064 6930 3128 28 119 3449 3840 1545 9762 6563 8007 4477 8006 5235 2584 2576 8512 716 6354 9956 7805 2402 2772 8226 6813 3458 789 4950 7709 7092 -984 
6046 9703 7495 7183 9340 1078 6429 9457 -912 6155 2934 303 5133 800 3539 6176 8492 8457 2947 824 4159 8326 1818 1197 4096 6567 6599 1091 656 6197 3500 1030 1167 8369 4620 3332 6661 3089 8613 498 1836 5561 9541 8014 7014 9054 6224 8613 5432 356 6664 8902 2930 107 3813 6758 9681 131 1781 7796 4868 913 7530 5165 7380 -3492 4415 4012 7161 5943 5768 
4210 2137 4296 2550 9113 5933 -9633 7931 1486 1403 2343 3364 6070 -2751 -6216 6606 3940 3499 8607 1893 7811 6361 2508 -9999 881 5772 677 3592 8618 -9678 9760 4919 8687 -9173 4388 7439 9954 5265 8357 9021 7419 7439 3475 3248 7896 1295 6911 379 3424 4660 8422 1972 8370 8760 8724 8708 7950 8730 1234 9417 6983 3328 4334 9008 3917 3030 3773 3465 5501 9971 9740 
2984 5792 -8770 5738 4137 8456 2553 1454 4334 2249 4891 2142 -4268 9944 8318 3941 695 4673 -8907 5935 2309 8540 2286 4324 4270 8305 4366 3374 3017 -4675 499 5130 1430 8454 6855 6825 6343 3251 8450 8049 -4009 6497 5783 3371 2918 2537 2643 6306 8082 7685 9714 4643 5523 2924 630 6690 2708 7376 -8537 9344 1919 7676 5617 1537 5468 2069 9605 9402 1436 445 1924 
5946 1249 1001 5530 4730 153 8562 2968 7937 2144 561 1290 5723 3354 7169 5928 3104 -9659 414 9340 5904 7257 -5280 4976 4689 3779 4898 1751 6295 8185 2398 3261 7183 7968 4048 6991 2580 3082 9371 -339 6062 5839 8248 4891 5442 7807 2472 3706 1346 762 4025 1101 7270 3099 1980 8252 5811 6345 -5673 5981 481 5953 5142 5987 2560 7010 8735 9103 8278 8566 7162 
669 3592 -7387 -6968 6604 8823 4484 3507 1648 4798 5237 5407 4672 4038 4951 4281 8871 7586 6871 1066 7587 9516 683 3483 552 -801 2728 714 4921 6961 7475 -996 9638 2872 3092 6358 3139 4281 9198 5663 2511 6091 8061 1570 1134 9422 8725 3302 3786 4064 8080 5312 3025 9849 901 3319 8474 8638 5090 6427 5359 1779 6677 4929 7154 4308 -3338 8056 -9681 8998 297 
58 5132 -308 5600 615 1665 3122 4671 9683 2684 6607 5050 3522 8999 7842 1460 5578 2665 2652 9415 8463 2642 1982 8340 792 4626 9495 8721 6886 -6932 9882 616 918 6050 7538 2127 8989 7421 5132 7146 3751 4669 8667 5472 4881 2720 7664 -9830 998 82 155 2082 9382 9038 -5279 6446 -7859 1222 4631 8457 2685 9519 8731 3332 7695 3652 624 6822 9553 -6091 3378 
2800 7023 6679 2551 7992 3210 6612 2040 284 9893 1184 275 9959 9224 8625 -1736 8203 9230 9517 85 3779 7201 4583 5333 2480 6473 1764 3645 7977 8787 2607 897 4544 1070 7878 -3397 7932 9072 2525 6515 70 3873 8256 7420 4737 893 8221 4149 23 6030 3414 9174 8892 2977 -1573 1098 9904 3575 6157 5941 992 8912 8799 2582 6351 7440 2492 2913 7479 3551 7661 
1336 2055 8797 4410 6996 8582 9008 -1525 9696 4604 6200 9763 -7533 -9129 5046 7305 3231 8833 4288 8050 1876 3702 -8688 3156 8761 3855 7956 421 4797 6542 9334 -6015 1092 9461 555 703 7974 5035 2085 2691 9576 -3951 2523 5328 3616 5448 5046 -3595 1170 -3849 3091 7859 3307 8326 4595 1738 7214 6667 785 513 217 4373 185 6177 113 2787 9241 4864 1802 1849 0 
6313 82 3908 9243 870 4429 2553 7925 5191 6752 5451 6410 3187 9606 6101 7610 -7457 3120 843 3025 7131 7183 3446 39 3699 9736 9211 6264 2793 2864 1456 3288 4226 2649 5737 8638 7981 8565 1100 3782 9837 280 8074 3896 3645 4687 -3190 8163 1700 7976 2616 1625 898 643 2233 3637 5941 996 7658 209 5402 3359 3371 5631 6919 1680 9518 6021 7530 3945 -3339 
-6638 6691 71 1439 1048 4093 433 815 453 378 6466 249 2365 413 4840 6812 9779 -307 -15 8473 8345 905 5803 5162 -7710 164 7095 168 7123 1131 1305 5131 9234 6715 3085 243 7742 -74 2254 7644 6207 7927 198 2128 7657 3023 7433 1773 1017 5782 6702 104 453 3725 4728 3737 3550 4160 7229 4501 858 4479 1403 2761 5605 9065 6884 4350 7885 9752 868 
6489 -6909 313 8517 2 2737 2276 2262 6817 9710 4174 220 7937 6574 2429 3066 9143 1044 2805 4430 8858 7139 3334 7965 1209 4129 3282 9556 3315 9209 3513 -7829 9934 6235 4356 -4055 7560 1246 1724 9393 987 9332 3872 9132 2563 8181 5848 -4852 1597 5050 1437 1771 7505 6565 3144 5427 353 3209 2076 3708 4989 -4170 7613 7547 2476 2654 -3528 1971 351 7191 2995 
6006 9723 1858 6985 6645 2337 2665 3988 8471 7933 6106 6038 1760 8187 7373 4351 3223 2464 8965 6925 8939 1274 -6413 6047 1733 5720 3326 1703 719 9284 5256 5805 8774 6704 9596 8432 8265 4716 3696 3578 8899 4758 9465 3779 8723 3007 7067 1412 2232 2591 4664 4972 7356 8750 5560 696 603 9227 -6516 9790 7010 8282 4399 6056 5934 7406 4759 5673 6864 4561 1402 
5815 8982 8722 1569 1821 8811 7201 6813 8236 4240 8114 343 8390 3384 4769 2790 5553 918 6830 1102 1891 9518 6493 614 -1334 8860 378 7765 9187 6150 6476 368 8060 2934 1429 7814 165 5227 6866 3723 2803 2116 8500 1284 4563 -5842 6667 682 9824 5224 -1947 3915 9587 5112 8807 2415 6890 2160 3020 9396 6279 2171 9685 3238 4943 9783 405 3603 5511 5262 7361 
2712 2858 2733 9667 7472 6662 5110 3661 5756 7165 2964 8446 28 5285 1328 2690 994 9074 9347 9479 3809 -3964 9480 4485 2090 7446 9414 3855 1985 941 2199 5722 7025 6967 9552 9998 4342 3802 4918 7929 4660 1857 7759 9091 4779 6953 1196 725 7694 1805 3299 9969 149 9273 9819 6136 2105 9261 4526 6737 8124 7120 7374 3141 3865 2350 4238 3128 2985 8526 2906 
6971 6705 -1274 -2681 3308 5067 827 7764 5530 8396 6331 6312 5806 4866 472 2876 7130 6608 7985 4954 5612 8911 6245 5491 3504 2502 7482 7821 -1691 7036 642 9569 9028 8659 2190 5266 5804 5144 7870 8328 7329 9843 9760 -5635 9344 659 995 1798 7322 9227 410 9488 735 1968 2478 -7607 4325 5471 3418 1727 4360 5977 5244 5344 9584 5039 1260 9402 -9228 1123 9969 
3033 9542 6936 7792 4817 2908 4101 7986 5878 5963 3863 5415 2291 7451 9664 4755 7069 3625 3256 9957 3701 8573 -4758 8575 5425 7083 7183 1088 9324 30 7038 1275 2603 6015 6719 730 1782 7530 6777 1233 9535 7152 3841 3069 4062 2628 3881 4507 405 -2934 7908 1993 910 1911 -1358 9557 3269 6489 2292 9378 303 7125 9169 8783 1961 2779 -35 7479 4503 9726 7814 
7961 3872 3938 5563 6965 2973 6361 6162 8130 4963 7180 7676 4530 890 5989 1135 6587 6455 9147 5964 5740 6080 1900 4526 8027 8238 6083 3800 5101 8449 5408 -1560 9138 7016 -241 1103 6069 3875 6143 4097 -754 6822 4404 5339 6501 1105 6056 3751 1574 3840 574 4397 4003 5065 7523 -411 2284 -9064 3814 1142 451 9691 3921 3121 6824 3972 8481 7652 6020 6936 6019 
4051 6741 3868 8704 7142 9153 3931 3301 5057 2277 -237 5388 4615 9025 4392 1684 1333 7904 811 9243 3129 8409 8530 7385 4067 4546 6304 2549 5312 1016 3279 4147 7105 4286 5967 5641 5814 5071 3825 8670 6527 8379 4518 910 3062 1269 4672 1231 1533 5589 4892 -9321 2874 735 1546 835 3743 6759 696 1706 9988 1945 3396 1196 2138 8359 9471 9390 7962 5574 2024 
1220 8122 8973 6553 4196 2392 3479 5115 7668 614 4998 1813 5705 2783 1740 5947 3973 -8736 8777 3749 2715 4378 5587 7643 -6421 3264 1175 9429 960 5397 8062 141 2387 5852 1838 5839 5338 5331 7195 4104 4794 4718 9999 4982 -5234 5685 8512 833 5180 -455 9323 4695 1221 2883 9388 2301 9273 2473 -6675 9589 4928 3057 5655 5855 6624 1553 2197 1928 8081 2478 -1926 
3026 2711 7136 648 9202 993 1272 3588 6703 2223 6767 7265 9553 3253 -2147 4058 4646 2213 2497 1871 2942 7948 6662 142 3901 9436 1372 1733 6311 4058 9966 2164 6515 4356 1413 -1047 2384 1973 7674 6109 753 -3304 4149 7864 5700 2984 9664 9939 1980 6730 4557 4705 9895 4860 8151 3007 6672 4297 513 4292 5479 8632 1251 2921 3217 5757 8534 9743 2830 6873 7563 
6719 1879 2614 8215 1615 1836 4453 5741 3353 3467 8294 7277 2290 9816 470 6375 5099 1371 8479 8393 4221 2436 7797 7928 2890 4925 9615 8394 9155 -2987 3491 5034 3214 3247 6014 5739 9862 6077 9071 4980 -9392 8698 2405 9640 475 455 2825 6654 -1494 7243 5824 6522 8901 4641 2780 1177 9333 9005 8300 4833 8278 5478 2414 629 1307 8426 -1703 2013 5416 5853 6659 
978 6338 4982 -8440 1020 5829 1467 4608 8861 6239 8405 9790 910 2409 7009 8946 5001 5449 -4091 5895 6517 2694 7192 2636 5133 1784 6963 2552 7941 4961 760 1085 7720 -1409 5095 -6642 9400 732 2569 2624 4312 1860 5634 2059 5208 2704 4256 577 7432 8797 6958 5664 232 -2108 5264 4151 4741 3603 1094 3749 6904 2124 6294 3002 2896 6244 8804 20 4937 1299 4644 
2922 4478 8257 5270 8013 1373 589 2053 8422 3223 4693 9120 2179 3664 9930 6468 9689 4086 352 3270 9714 1044 3389 1502 9776 4440 8852 -3739 251 9857 4964 -6599 2707 609 -1642 7428 5004 3115 8607 9613 7622 3181 2985 9915 7676 6880 1340 7009 4987 158 6834 6086 9985 8136 4250 2604 6177 9606 7488 2691 6887 6178 4510 8854 1006 5419 3695 5448 5367 8759 9939 
7178 722 4378 7679 3660 3291 6814 4139 5153 3561 7697 1861 5543 3982 2486 4111 8848 1716 7092 9281 9167 9653 1319 9776 7585 -2492 5897 7671 1172 2077 200 6346 2645 -3473 -1734 3480 3131 4277 6699 515 1900 9063 4858 1906 640 988 6071 6343 5367 945 9204 5088 1073 400 7493 2163 8597 1019 6578 -4688 354 5180 8550 8177 5408 157 9108 386 9851 4075 698 
9813 -7239 2376 2846 7844 6208 3885 4152 -3273 3857 1097 6934 8476 5071 720 3716 1784 7753 9674 7954 1576 1127 9510 9133 7124 956 -5690 6525 4644 3705 7007 9337 4775 1106 2788 5731 722 4797 9882 3786 2358 2590 3254 1100 152 2910 9719 1144 5700 3417 1326 8782 7229 4590 6874 9090 5227 5276 2124 2076 6587 3362 2465 5601 2234 432 1751 518 9729 2112 2450 
5344 7699 4047 3476 7548 5100 4952 1510 4031 9929 8879 5710 7578 6965 7044 6261 1109 2974 1283 6498 -3864 3545 1994 4043 -1015 3294 2917 5399 7190 8951 4552 433 6933 2689 121 9980 1407 188 2710 5665 3041 5940 8177 2989 5361 8628 6011 1321 46 9013 1615 1270 9008 1998 5002 2788 7026 5484 2682 6649 2911 3543 6719 3621 1150 9685 30 5782 1856 8611 5151 
9868 5180 6025 8089 4998 6258 6812 -9790 5045 9875 3646 4746 3277 6214 133 7452 -933 6098 2874 4317 9286 3393 2386 1969 3829 3048 -2502 6744 6117 9106 1654 8252 2375 2075 4230 939 3090 4074 8781 8760 1346 368 9334 6704 1640 6914 9660 970 1722 8181 418 2272 9476 5033 7662 9944 2870 9821 8967 2858 2872 -7809 3700 7480 1073 3579 3502 7706 1097 6304 8255 
8658 30 2735 3456 1460 4232 7188 3474 721 7954 8967 6930 3592 9740 -7746 166 -1904 9321 2316 6891 9436 9296 3797 4940 2999 6963 8870 5702 5497 5286 145 7277 7114 453 4823 4199 824 8811 3442 2242 954 1751 6175 7875 8276 8529 9995 9383 1891 4342 4688 2146 4311 -8731 6131 9183 7318 3043 7707 5709 369 4809 5623 4004 855 5709 2557 6226 3205 1469 3779 
777 9077 298 1451 1639 8578 124 5761 -5 2553 6743 9480 4008 9232 8991 9988 9328 4255 3949 8165 5969 4145 -7596 1805 6342 5162 5968 8263 5054 1851 5256 4525 7947 7483 297 323 8857 3064 -1430 4433 397 4865 3312 195 8493 2130 1279 2001 6038 9525 4899 8039 5550 8950 1413 3459 -6625 2242 1998 -9508 -9908 7747 3319 7466 3746 8625 342 7409 2867 9752 -3851 
1769 7237 985 9588 5343 4899 5628 7091 8439 5704 7308 -9354 -6823 2921 8169 7747 7978 1527 1576 1181 2663 8437 3600 4859 2583 3448 5302 2376 2303 7479 6118 2764 9763 7328 942 2341 6390 9347 -4738 2854 2567 2441 7070 1168 800 1451 9535 5291 6182 4886 7822 3556 6035 9097 529 5096 7645 9881 2918 3614 68 9911 9959 4428 2764 7388 7654 6664 6881 3971 6358 
1836 6168 4507 8519 6560 9841 7118 146 6223 2414 2153 8570 3629 8189 5672 7066 499 5325 5469 3876 5348 755 4935 -2863 2562 8120 5493 7894 -4859 3387 5576 5828 4015 -2231 7940 823 9116 1211 4630 9708 9595 9515 2227 3730 552 9270 4955 2364 6109 6488 8440 2606 2593 4032 2542 2009 9176 633 7918 5884 8736 3605 3830 1574 8015 2665 5579 3135 7696 1640 3808 
214 465 2508 1537 391 239 2138 6397 2898 4883 148 1899 6235 4936 9392 8982 9490 6953 4631 1687 7907 8791 6786 2708 6586 2954 7368 9640 936 2225 650 5181 7841 -983 6749 -5560 1786 5620 1712 2240 217 1191 4536 8025 2678 7707 6429 473 2036 -9526 7734 7612 7342 8800 5261 6246 2139 8257 9776 1585 5028 3620 9361 -9133 6799 5642 4348 6572 455 2097 2768 
2763 4090 27 2128 8102 3482 355 6131 8715 5042 136 -3155 2335 7519 -659 1867 6566 5616 8791 7661 6299 239 7330 2961 697 8399 1441 8028 2979 9306 9402 281 9325 8094 819 2881 1852 7331 6961 8074 -8117 9844 7663 4764 8431 2463 9872 7505 7172 5849 2818 8157 9717 4899 853 4888 -4276 5514 6097 203 2727 101 3777 6495 2788 3588 2377 5167 7756 42 5687 
9518 5183 1152 9525 9481 8433 5310 -3827 3674 2374 2818 1442 1925 8742 1154 7719 8632 8401 573 1339 7257 6708 222 2916 8595 4698 4097 8608 356 8651 2548 2988 7419 1642 -8446 7030 5402 6318 33 8523 5898 5638 314 20 6825 3531 3676 9621 -9137 256 4036 6617 1713 6710 1376 -6105 2977 3284 4777 1591 2894 7766 3711 2504 8905 3771 8878 -9591 4836 6412 3134 
9889 2127 939 6503 5254 3262 7370 4678 1774 -6640 -3216 3350 152 5578 6811 3832 1451 877 5708 1073 2084 6773 1952 -6618 6994 3311 8888 8027 4357 7746 55 9201 8549 7990 2343 7756 7833 8496 1848 6561 681 6098 3857 1191 9694 1825 8621 7435 2599 3343 5562 6831 2763 -4537 2744 6333 -8581 3265 3310 9231 8841 3304 7207 6265 8860 3543 3676 2521 5939 3642 3551 
-7583 267 -1943 7315 4897 9613 3714 -3370 2539 3326 4315 8171 5707 5041 8925 -7027 1690 5201 -1247 6335 711 4580 7128 4662 1614 8645 2379 8164 4795 4632 9719 3655 8784 4226 8666 7329 6989 6684 4906 7261 4447 210 7814 9053 1486 5364 2557 2562 2272 -1808 7204 4473 3003 3019 3805 650 1297 293 551 9823 3910 529 2526 8166 3908 8132 1933 7745 2922 -3255 3256 
6766 186 1027 8392 1065 9274 9675 8265 1517 8465 6612 129 5645 7887 3311 727 -4014 1362 9440 6231 9553 9827 1010 3818 2589 6890 -6873 3841 4254 4969 5864 9649 1513 2938 1124 8990 2681 3065 -3319 9474 -2007 3900 3710 2394 9694 6019 4477 8155 5362 8755 8258 2896 9073 4604 5277 8885 3643 4999 4014 9373 2188 4577 2656 867 2762 2553 6867 1106 3439 9372 595 
1682 9585 2021 7046 8829 5198 4700 2847 3997 352 2311 1455 8031 2321 1922 524 3006 1314 2210 5366 5259 -4679 1795 4512 3969 8329 3738 2655 4242 1177 2704 3733 3043 2235 3920 4515 -2815 1185 3061 186 6606 9430 7235 9451 3597 1143 8687 3184 778 8832 6819 6921 5529 9707 9936 892 5518 9968 671 8606 8839 9953 9892 1316 4929 9507 8995 451 6447 4858 5929 
9128 4340 7204 3646 7205 -2198 6063 8146 2821 5810 9813 4570 5342 1909 9921 -7604 1918 945 9266 1369 8628 9395 7777 440 8156 8670 6783 1406 3209 1485 7294 6585 -6568 311 1256 960 6384 443 2224 8658 5160 1958 4239 2841 7685 9755 919 3782 1530 3078 8220 5476 -2319 3093 3745 2425 2184 5539 731 7690 -4304 9236 2371 3501 1674 7722 917 765 1449 9962 6091 
7997 8540 4512 2818 3499 4112 4326 1731 7784 -5866 4609 9510 6820 5081 5565 9613 6251 1775 2465 6600 7650 8551 4446 2702 8617 994 399 6151 9614 5216 6568 9734 6213 -4290 -4192 1402 4484 8526 7355 5871 1393 7242 8939 9412 6425 9947 6935 2368 4619 5795 2956 6485 -5022 3294 318 3392 8975 6127 8087 772 6300 5209 3594 5787 3817 553 1020 6493 8576 3182 8281 
9793 7645 4158 9983 7253 8386 9962 3931 -8198 7358 3533 -2304 -3605 9185 -2398 4138 -5314 3773 4077 3632 9355 467 2043 8830 251 7906 794 7684 5559 1438 6821 7851 9156 5325 4246 5835 5673 243 6350 7950 6379 2327 5588 2357 3602 6173 5816 8542 6496 6351 5849 2007 2045 7437 1223 7249 -4903 3029 6373 1065 1512 5703 5644 6902 3094 8919 6483 2847 2071 2585 2708 
-2234 7512 1220 8547 7968 4338 648 4531 7823 1028 1652 -3220 9403 5129 5489 785 5961 2152 4387 8257 2088 3615 8658 5137 537 4304 -1154 -1124 8190 7103 3943 5800 7233 2743 3822 9455 1289 6410 8192 5696 422 5258 7626 5103 6565 1768 2481 1311 2549 3338 5472 2247 1665 4352 6040 7965 5734 4302 4494 7958 5159 4083 794 9634 6511 8253 9916 6361 3703 2732 2253 
3730 6399 6165 3866 1932 4673 3617 6670 945 -4755 9491 3702 -5843 3448 4681 2790 3163 2227 4882 295 3464 3317 8558 88 4818 9920 9670 956 4176 8524 1838 9282 3010 2399 3968 5162 6472 3054 3640 3223 -3789 9252 8494 64 692 -9913 8710 8663 304 -7210 3096 2293 8130 9271 7721 5805 3203 4709 3386 8252 4303 9181 6889 4618 1938 7329 404 9012 4882 2772 2771 
545 8200 6123 4000 1896 2424 8276 5389 1336 8485 3875 5900 8544 7107 4046 9084 9282 7096 5891 2987 3270 9274 -6569 2076 6405 8368 9317 7225 5269 858 3962 3631 4783 7119 4319 9285 3970 5452 1565 2050 4294 -6202 6272 -5571 4156 1641 6122 9098 969 7042 8777 1240 4005 6662 8815 3383 9152 9991 2682 7596 8350 6755 8449 -2661 4615 8251 1785 2725 9326 5757 8054 
2556 5074 -4935 1034 8518 9035 485 5535 1743 5616 7379 1363 7715 3602 4358 3621 6772 5132 9153 -5874 8133 5155 5577 8187 7501 5193 6075 1575 6829 9014 746 6763 1961 6650 6932 5155 9114 6831 3263 2507 9904 627 8202 8457 2272 8124 1935 5621 5446 8428 6349 4360 5451 5711 4438 4115 4315 -1948 1428 4497 9818 6481 1433 6363 963 9010 668 8191 1531 2527 -6307 
8616 6355 1514 8956 812 6924 9826 4686 3166 4952 9976 5743 6881 9923 3102 112 3043 3890 7643 -2608 6285 3665 7178 7599 6534 9613 7504 682 7435 1712 7672 -2102 1838 5724 4839 9178 3855 6625 6325 2461 3661 9253 2168 3352 -66 521 8317 1735 4094 4759 5232 962 7638 4716 3405 2215 7021 3340 8105 1812 2196 2071 8322 4458 8999 1351 6943 5278 69 1260 6909 
-2002 2150 6862 6410 469 7972 361 9103 9814 8629 2395 9562 3365 9322 5723 3570 8815 4258 963 7544 -5287 -46 2316 -3244 3938 4061 802 8069 2805 110 9517 -6358 2778 639 8553 -8115 6093 6774 3253 2920 2228 5783 9368 3729 2176 7884 550 6765 6453 8165 7463 5303 4102 3429 3164 2870 2132 6545 2277 7182 9905 7214 6274 8949 8830 8137 988 7867 -99 9098 7965 
5292 5438 4083 7282 3053 -1366 -6791 4534 8898 9187 9284 3243 223 7372 930 5347 6328 8041 5640 7617 7973 215 6403 9460 9306 4511 1968 1871 3045 4917 1297 2957 2401 1392 4173 9872 7007 6979 7849 -7129 7818 4270 5324 7482 147 586 9075 3895 6759 5572 8844 301 718 8401 8272 3634 7060 3301 4960 7668 7106 5221 4983 5041 6203 4874 4270 3034 7739 6855 9300 
4514 4290 6567 2854 -7576 7006 9194 3595 9262 8142 4269 7582 6928 5482 6167 4057 3515 4865 -4607 3664 4093 3079 943 2594 3444 5187 1802 4703 8409 9162 4589 7198 7783 5350 476 741 349 654 556 -313 1603 861 4897 5596 806 1101 8869 5347 6155 -7306 307 6473 3799 4932 1000 9233 8588 7579 8878 207 9645 4427 2832 8687 2423 399 1504 9355 2661 3042 5469 
9174 2714 9828 7662 7449 7269 3949 2189 6739 2276 2779 1079 903 7221 5469 34 -2159 3450 3294 5133 5184 3524 1703 3646 2220 8944 6581 5360 1681 4346 481 1454 1611 3141 -9750 1033 9477 9532 2309 7838 4615 7762 4986 2747 -7928 7874 -6008 1091 3899 2646 3110 4632 5555 2036 3237 2256 4214 3423 4199 7390 -9674 4139 8066 481 1335 1742 165 7295 3401 6709 5918 
8058 5321 -7269 4463 617 5247 9593 1036 5075 3323 3222 2168 2682 5711 9514 2521 3707 771 2881 832 9496 5006 4279 1226 7704 9122 7354 3164 5258 1059 4725 1024 2497 -3414 2129 65 9603 4854 7255 818 1436 7795 5674 -9382 3908 6812 7081 7239 4254 3880 5643 261 8449 9029 1687 9194 8891 2589 6864 1711 5511 423 1581 8964 8541 1084 9293 3135 4160 8030 9540 
4139 784 8296 3454 5190 610 2536 4549 8123 4927 1459 474 829 715 8222 3864 3269 4395 2077 7787 1329 9433 8143 8552 2090 5169 3421 5737 8566 8642 6026 8015 8407 7970 5843 3973 6169 2160 8567 3044 8493 9396 4831 1913 5823 8879 634 1396 3681 4379 3096 -9981 -9840 -8023 140 8437 7213 1552 8805 4764 4896 3229 7171 2533 9361 4101 8256 3238 2862 8795 7510 
5629 2400 8374 5110 3751 6524 1708 5139 6912 3538 6023 8561 9044 9224 -6704 5723 -5288 304 2428 1488 2278 2 4434 1013 8870 9118 3848 77 5551 7105 829 84 4623 9122 6244 9326 8712 1288 6815 8744 4305 2489 5763 4361 -9903 4728 7572 9228 956 9110 9992 5302 7862 4108 261 7392 332 2335 5533 9996 -2299 9163 4816 9070 7615 4652 1206 8241 4478 8131 271 
5364 8056 2809 2620 -6238 6641 4110 8027 2618 734 3652 504 8260 6027 9663 8710 5143 2324 -7913 8194 207 3241 4621 6069 2087 5232 9423 4176 8284 3265 6606 2944 3386 -9874 8785 4664 3448 2061 3581 4591 629 6361 -4551 -896 9492 747 8774 2014 7434 4362 2547 6257 467 7546 4087 6423 7167 9682 6831 -1990 7002 6217 2744 5271 6751 2291 7044 1211 4983 6822 5071 
8887 206 2358 8826 6782 571 409 9689 930 371 2112 1839 6849 7515 -1544 9120 1240 9919 7349 9379 1736 7058 1927 -5076 6333 4038 601 5131 4030 119 4144 2687 7312 -1982 6100 7229 592 8011 848 614 2788 6514 -7235 7174 8468 9247 4286 4513 1478 8917 6987 9874 1443 3721 1695 3087 2448 8362 1355 4583 4627 1638 6605 6740 7771 7208 7762 7697 6190 7736 5990 
2470 9706 4822 7804 8851 2927 2298 1850 1989 144 8981 453 9775 1584 1508 8333 6071 4688 2547 4600 3328 1065 7936 433 5215 268 7350 5524 -4583 7 8308 8495 929 8079 6382 5622 6693 406 1873 6732 72 3699 -3000 1741 8146 2854 4365 2691 5617 8769 469 9805 1385 3018 534 6224 6643 5019 4324 4458 1427 5089 488 2823 3277 477 -9109 7867 2838 1342 6128 
1768 7261 4629 2119 5040 4565 655 -741 8477 5844 7039 5870 8996 4457 2260 9220 6593 2048 3208 9675 7843 7727 2413 9293 9286 7298 5381 986 7977 4619 3377 3952 169 115 763 -2426 5093 4378 8267 4818 -4775 3979 8457 8644 2562 4290 9777 6171 2912 8332 2673 4545 3902 5378 7072 1817 9473 8839 751 9791 -3184 2433 6355 8849 8429 3699 3945 -5663 -1278 5054 8187 
