90 79
9752 6338 5239 3321 5039 5641 1934 9941 66 2292 3522 -6998 8022 3753 6741 6617 -4431 2207 9610 9245 1646 846 8550 9689 4346 2936 6875 -3963 6799 7472 7754 8560 9626 9977 5289 1030 4114 6347 6386 1507 8436 1339 8620 260 7521 2052 2874 -178 9449 4862 -9486 1534 1245 4116 5848 5096 2099 6968 1435 5094 7026 3739 6520 6559 528 8017 9209 7628 9289 7104 8530 7877 8605 3371 8852 4769 -9247 4048 6326 
973 4089 4208 6068 2651 8013 6084 4217 5937 5285 6404 552 5806 8119 2776 1048 3565 336 2525 7451 147 2359 4347 5785 4955 1035 664 6581 2601 8112 549 4362 785 8148 4647 4921 1882 6366 8537 7030 6380 9551 2458 3226 4771 6106 1850 8867 4131 9706 8759 6349 1307 7615 5790 2798 8581 443 7162 3906 7165 1801 1298 7840 6475 6040 6230 3247 6315 1118 7347 4252 -4957 2021 1956 1418 2892 9779 9473 
3455 2481 1823 6428 9858 5517 -2791 7743 7461 7498 1447 5188 7752 5109 6036 4438 1817 4748 8646 6677 7884 2192 5632 486 7226 951 2546 7215 6589 2386 4465 8100 87 7500 8671 9134 7533 6940 8227 5796 4892 6043 9448 6414 0 9364 1954 8980 3818 6139 8767 7657 2770 2276 2848 8056 345 3703 6729 9270 6493 -8767 6149 6351 7838 5162 6613 4464 6776 1806 7109 7540 6221 3359 1477 9846 5983 9019 7977 
5293 8768 3912 7083 6471 7867 6784 7396 5739 2838 946 1812 8922 5611 8127 2642 2098 2190 2997 7657 6171 3307 2780 3734 354 5662 5110 7670 9156 7790 9850 4676 1822 5083 5945 101 -9223 7052 7446 9203 7300 -3784 3933 3377 6762 3874 9350 2965 7993 953 920 -4035 -654 8502 9005 672 5816 1690 547 950 3481 3992 3640 3134 2332 4011 7512 64 8340 5944 2982 1006 3559 4928 6524 8841 2706 3046 7668 
9451 1785 9078 1462 2181 4197 5653 4971 7239 8130 4486 9927 2571 9421 8983 6873 7859 5080 6780 6629 5986 9502 9292 4910 1311 8332 3230 8947 305 717 652 9995 3735 690 6678 6284 5136 248 1163 8429 931 7729 295 7657 -8403 5767 7953 2807 6485 2635 5497 6270 5145 3461 7095 3129 263 681 5512 4509 107 6741 6396 5592 1454 2193 2231 9407 2054 2085 7440 3755 8461 9070 7122 1779 4871 8978 2453 
2601 6972 5056 3015 266 7157 7390 7306 7308 3980 9150 8305 5039 7524 3425 538 5627 7246 3478 1061 4671 8736 7032 102 2730 8382 1095 3657 5140 2823 1169 9145 9358 7895 2975 4633 1622 2442 5589 7843 2171 9635 2876 2477 6267 4383 9059 9623 4429 6518 6006 2774 2232 4650 3237 3915 -3261 319 5312 2736 744 6997 5926 8187 5637 5223 5212 4386 2741 3463 310 8876 5003 2530 1483 6700 2640 415 2366 
2232 -3986 6769 8114 9437 1061 2262 3047 6668 8818 2060 3789 8532 6250 4081 9723 4129 1134 7663 2591 4548 -7580 5515 3535 870 9546 3164 6180 8270 6292 2542 3664 4734 704 716 2077 9908 2925 1627 6429 -4025 2211 7581 6993 1300 5015 9237 7846 3653 9993 1488 8626 7734 1457 2924 4391 -537 -4291 1731 9626 1932 22 7485 6440 4290 5489 2242 9306 1397 5175 392 8947 447 7350 3149 1017 1468 -8625 5375 
6941 3050 2488 9173 -7530 6103 4695 2919 1028 9271 8729 6784 8167 6522 5796 1343 9622 841 5373 6942 6806 8218 -1728 7857 3456 5416 7993 1704 3238 2130 6934 -8262 1199 9832 7364 5522 254 3561 3492 1856 5082 7566 8026 7711 7152 6079 6400 9525 7232 6302 5573 376 8214 7044 -7839 -4955 2571 4486 3890 681 5726 3719 3015 3500 1034 3985 7652 1622 8516 8422 8871 274 5245 3631 4600 5275 9676 6470 4609 
5265 2561 3146 -5162 158 4365 6914 5413 4658 6347 -4122 9487 4140 7244 2257 8139 6454 3804 8429 513 2330 412 1353 1222 9481 5597 1795 1082 5440 1831 6506 1106 5821 910 6370 2783 8580 8318 1216 8459 4831 5861 3454 9980 5832 1620 3130 1671 913 1415 6753 34 7699 5137 2669 137 5834 8112 8633 5640 4493 4524 3268 900 5712 7203 2947 5005 346 3342 8064 7126 9775 2304 202 654 4287 1729 6727 
7279 7351 849 8325 127 3642 6699 6670 6439 4850 9163 1351 8314 2349 -6608 3018 2762 5652 4090 3209 9314 9664 8287 1733 810 -235 50 5948 5272 3490 4716 6699 6682 9124 4412 4387 5007 6480 8180 7128 8069 2899 3667 7576 6995 8911 6316 9676 6963 312 8749 7143 8126 6499 3109 1604 3935 8853 4270 9694 9905 4013 1127 777 390 6500 7932 1990 9743 615 4148 3106 3320 2160 608 3234 4324 2935 9611 
7912 3031 3852 3658 9144 9869 3865 -4298 2893 3283 7290 3334 503 2864 4957 1254 5989 3316 9458 4906 6191 5390 1259 6799 7062 5249 872 9077 8527 1346 1452 8993 9398 9081 4960 5912 5695 2202 -1645 8465 8808 4584 7089 1999 9938 7160 4449 9116 5441 5984 9591 7615 6043 9937 4240 6947 8419 5204 3618 458 8775 9753 4300 1067 5079 7861 7243 -132 2493 5099 4946 2238 1743 8943 943 6912 2846 7645 4608 
3927 1438 6425 5747 3805 8189 105 1760 4843 9758 9158 6102 8153 6895 901 7891 179 6841 9859 2634 7450 5332 3653 654 679 7713 3722 3621 5396 7305 5072 9156 5125 2707 4785 9582 2699 38 4425 9781 5115 3030 9886 4421 1099 9227 7833 4337 5002 2739 3557 392 2036 8919 5811 9571 4648 8643 8257 3673 7254 7765 9094 2119 2428 8288 4586 2274 2249 4136 1268 1428 4367 8666 8728 1670 7310 4711 7826 
3371 5413 5842 8911 6750 7982 9693 7065 1168 6772 5173 3873 7824 2279 1357 -1492 4482 2450 7222 6752 5972 3717 7044 4332 398 1993 4747 9413 9349 9981 3111 6531 9711 6223 7346 4733 899 2785 2757 9232 2244 5434 1123 2557 3670 5369 7476 8669 8561 125 9934 5925 1887 8791 4302 5860 5453 4796 1279 -7435 4908 9695 7659 7913 3093 5619 5609 -5323 1950 3450 3818 3180 4115 9090 1152 9329 2035 7639 4243 
-7811 8825 4139 8223 6514 9574 4787 1995 631 9211 2451 9577 3654 1281 2845 5374 7119 6143 7168 3862 8543 1080 31 8559 3621 2050 8608 5128 8182 3385 5292 -8660 3225 4252 8194 5383 3373 6504 4810 999 4379 7729 557 1841 2858 4861 8425 3194 9750 630 2558 7466 989 3627 9519 1319 5585 584 6132 3824 3691 6476 3619 2651 450 7878 9990 3711 2285 3451 6091 3005 9028 7662 4162 9139 5009 5396 7293 
2934 712 1587 5737 -3307 8512 5014 494 6450 9207 9676 2340 -3426 9641 1010 7865 1828 1738 2433 883 2878 915 6580 6639 9469 7004 1615 3205 5294 1786 90 6360 4168 9118 1679 7739 5812 8363 2430 4256 9856 4537 4513 2669 3003 5862 5459 6760 -239 664 8465 493 7651 6036 1557 926 4390 5660 1777 9009 311 4350 2452 7740 3159 11 9963 4422 2414 2332 6295 7109 9693 7050 7655 5395 9651 -6147 6512 
-1619 1542 2966 6928 7956 5807 6593 2139 4612 1672 1947 955 184 943 9753 5396 8234 4454 477 6367 9391 6312 1280 1001 -2041 2215 1431 524 191 1676 1670 5000 6213 8843 242 7748 4798 714 6261 821 815 8211 2747 5172 4459 7293 4093 2642 6926 2404 6268 224 7526 3576 1462 1023 9616 8574 3183 3914 7914 9573 6339 1229 5831 9899 7818 5496 6691 -4735 2287 8665 9702 5460 9347 9079 4786 9555 1903 
6693 6287 7443 5446 949 9006 1550 3981 2107 3051 718 616 2090 2626 6889 9207 3585 681 6850 5821 6446 7393 157 2195 420 5297 5024 7451 3989 2542 3349 6924 5759 7882 5399 3638 7068 8029 8158 922 9303 3017 2482 8166 1707 757 7992 2394 1422 9947 7117 302 1872 9677 3675 6071 -4132 8040 4233 6600 5857 2933 4293 7998 3219 1393 5027 6732 4787 6583 4182 1099 3841 874 -516 6005 9758 6740 4115 
1377 2521 799 7679 3915 9989 6675 7415 7963 8017 1259 7298 5398 457 9630 9296 5588 7595 8181 7207 3588 2672 5737 3625 2533 9348 9548 1843 6316 3579 9238 9395 1663 3258 3754 2583 2445 2160 5191 8217 4601 571 8152 6446 5057 6088 6549 4104 7239 8912 4042 6022 9591 693 1295 7883 4160 8371 5603 4395 2745 6256 1291 7663 3936 1502 4860 8068 1279 1084 -3843 7703 2653 4236 5419 9243 3882 7447 5490 
7497 7784 1860 6299 6101 4114 6451 267 9983 2114 8490 7237 3426 1030 2416 2159 1171 9035 5725 1346 5774 6441 2723 6600 7509 111 8614 423 6703 6013 7384 1659 1140 655 9593 3254 7520 5540 909 3576 7676 8492 4383 6365 6378 5123 3013 -9984 9717 1540 2478 1341 2596 7080 1112 3940 7621 5472 7770 7619 1024 5998 3613 882 1650 1819 7929 9016 804 8838 7566 4082 2073 5566 8850 9407 150 7677 3290 
1959 4 5451 1905 4649 1980 3013 445 8950 4331 490 8434 5411 5160 4583 3816 4390 7371 3019 3787 6213 3637 1429 3544 9910 9485 -2561 1873 4664 1461 5461 7123 1893 7534 4687 6903 3117 7370 2447 3643 7944 723 4388 2763 9326 1218 3098 7588 -9857 2701 5054 6160 4067 5752 137 7477 1937 2152 3256 2916 9863 5421 5905 7474 6851 7747 3871 1097 516 2241 6855 2495 2364 2101 1141 7258 9837 3242 3426 
1270 9436 9909 1029 4374 7626 4341 3387 4329 7738 1172 5505 8747 1920 2138 3668 5477 196 -4620 180 5129 7264 6335 9514 8853 8934 3619 5357 1532 1393 5044 7223 6819 9137 94 3431 9660 2104 5722 2440 4217 -4926 3756 181 5293 2271 2503 8834 3814 2679 5714 5118 7810 2578 512 3293 2393 1874 5707 9898 5812 -212 6817 3331 5590 2359 5876 3125 9499 1462 7873 4586 6351 2337 9705 9182 7460 4377 6396 
7598 8101 8230 9332 5417 1916 9466 7729 5931 7476 8833 2589 2139 7892 3768 9703 4535 7566 3470 6628 8770 -2990 6692 5214 5719 3758 2535 8638 7507 7088 6773 298 3691 7653 9792 9875 8655 9843 9728 7358 3500 8174 9902 3681 538 9680 3793 9642 6081 9457 4346 1390 3455 -5667 9588 9164 5611 2317 2799 7119 560 7755 2844 7536 2997 5156 3491 5313 5635 5739 2579 8824 9037 4363 7337 1980 9252 1140 2090 
7035 5455 2858 4789 2387 5808 8390 5127 402 7863 -4500 6794 7669 2370 7966 9309 1973 5244 1584 5047 3653 3238 735 7084 4175 7905 196 2252 4354 9039 7055 389 6979 6067 6693 3808 7497 3688 90 7351 7333 367 2982 2564 9515 5143 8432 6385 6817 -3387 6951 5720 5864 9512 4525 8873 636 8994 6621 174 4085 9772 9482 1098 1025 7256 6538 161 -7856 3431 6991 1528 7134 3117 1829 1987 7536 3369 215 
5120 2029 911 3766 7663 4217 810 7374 4476 4868 1984 7663 6110 4332 4896 3663 7816 3126 7389 2026 7003 9932 6759 223 1523 200 9379 7281 7789 4926 2555 4591 7302 8355 3009 300 6748 2199 5483 9059 9320 180 2536 6989 -1155 6926 4648 9665 4940 9874 247 120 278 7589 1912 36 3133 4720 7700 7259 5339 2748 4991 2555 4163 6441 8758 9371 7977 1682 6681 2706 1745 4610 6953 1209 6547 3834 6739 
862 4514 7296 3262 7212 2288 8513 3596 6856 4198 707 6952 7574 4664 6128 7114 5063 7249 4021 4049 4720 9424 8125 1063 3129 8972 3686 -1659 5477 1434 8046 4686 6285 7111 6498 3728 9845 9689 5508 -406 3013 2715 969 8366 -733 5244 6519 2847 6276 1410 9252 2086 2828 6051 2867 4172 5775 2562 9800 719 2393 3125 7517 9774 8230 1956 5119 659 4987 2765 8768 4105 4372 3447 6988 331 2536 5416 6839 
2445 6396 9478 144 -6725 6151 3691 2363 9836 8031 5878 8806 1517 4544 215 3774 271 7866 7853 4317 1709 3494 7653 4242 7625 2397 4255 1079 286 8897 4852 2178 2458 4327 618 4676 3481 7980 5179 6352 7011 9709 6944 9062 8407 4878 786 3267 9288 2416 781 2448 9653 560 8969 8803 9358 3318 3626 5064 3134 3180 9570 6173 1482 6670 6799 4895 9408 8843 6133 8943 6667 329 5102 1326 5641 9184 8975 
4377 8529 9104 3113 932 7114 6306 2703 8806 4016 9001 6023 331 2410 1059 1992 -6974 2159 1767 7116 5046 2558 1316 1194 6216 3298 6879 5485 3204 -2447 8402 6143 5326 4697 541 2244 128 8702 3350 1991 -1522 7377 7527 537 5927 8645 7041 9405 2105 1930 414 426 9162 6330 8180 4065 6605 9325 3640 4205 7769 995 9699 6949 7724 8249 6911 1100 2396 6111 6312 1109 1508 989 5929 8846 4734 6908 4009 
5431 8726 5891 4874 6472 7335 9885 7172 4676 9115 5575 1459 9207 7363 756 4030 4801 495 2893 59 5450 9795 4245 1067 3194 7706 6969 7886 1597 4962 8063 8201 1482 4699 4414 6477 9372 2752 3888 3077 7758 4493 8826 6789 5872 4199 853 8001 3160 9213 5325 6758 3234 8335 7140 1351 1448 855 8418 8407 9291 2072 6498 9391 8746 884 1411 9200 8178 1260 3952 5698 7962 2669 7482 535 6490 506 1057 
3952 9019 8947 5300 5903 4131 2405 7661 9460 4139 2443 8626 1531 9147 2041 4546 -4445 8479 7763 120 103 1648 4947 6489 2808 3107 5887 2355 9839 5125 7146 4348 7744 3550 2079 1505 -167 9613 7759 6307 482 7084 3029 1027 5477 8594 838 5206 8222 5068 2445 -8899 -5674 4943 4474 6764 9614 9748 1736 7164 2790 4168 325 3121 3979 1809 8822 1975 1441 1170 2280 9616 805 2831 8242 -9718 4104 8824 -4954 
997 5663 2262 2982 3937 7454 5382 9617 4642 9179 -4095 776 6094 1298 754 5737 1392 265 9096 1469 2207 2292 9097 981 7288 2178 4519 8332 7914 2327 1383 3884 6297 1576 5695 1858 3996 8455 2880 3329 4859 3733 3701 4782 10 4113 -4600 1571 2144 9927 2394 5016 9847 908 8079 544 1441 2800 8504 5030 6355 -3624 7365 8209 4646 1675 3969 8320 2598 3190 22 2808 1486 2559 8138 432 4857 8906 8696 
7050 8549 4261 263 3914 3512 6140 5675 8938 1938 9047 6776 5897 2415 3865 8764 3181 6139 2074 6008 8764 9851 4596 5841 6333 5242 6732 5951 8355 8024 4321 1448 9702 6269 4665 2658 9252 4085 6408 8491 6101 8498 2182 9597 4759 5946 5839 6858 297 6932 7060 3567 2447 9627 8884 4980 4527 954 2408 -9031 9385 7919 4541 6774 975 9332 2035 2632 6096 6337 3959 8152 5690 5768 6701 1139 9433 7076 1929 
4997 4 4627 595 7338 1119 881 9441 9754 4488 4386 6334 1629 2436 3305 2781 204 5694 5256 5788 5730 255 347 8654 9239 9154 5501 5582 7362 520 5341 2679 541 719 2229 189 6952 3104 2057 736 1931 397 1855 2199 8907 6668 4743 269 8446 8463 -5758 5865 2868 5474 3772 9333 -4806 3245 9392 -3952 8252 9445 7792 4854 6526 3125 6225 3580 5679 6216 817 8777 6445 2339 6932 894 9480 9037 7664 
6534 9782 1979 880 22 5793 1042 414 7739 1012 3746 2724 8928 3157 4765 8856 1192 6661 654 9408 2801 1363 8097 2726 6446 -1223 3655 7250 7327 5216 1670 7688 -5041 809 5732 8559 6538 6541 7076 1533 8894 7011 8073 6925 -7276 -6992 6026 1045 7082 7091 2507 2845 7058 6529 694 6925 4696 2810 5802 1754 199 7426 7969 3190 7619 5402 8747 3324 3037 6400 2455 8828 2518 2729 3148 7113 130 7780 1928 
9681 9042 4187 7419 2653 2125 9415 7357 3060 1557 9155 4454 9537 7644 2178 8587 1855 258 2064 2560 9223 4486 244 8647 3345 2891 4302 5120 1172 3930 9403 4782 9146 6452 5496 6098 360 5178 1762 7332 2178 8194 7887 7657 6455 8807 7332 7619 8741 5782 6654 7642 818 8983 9039 4220 5757 8754 4591 9920 5493 8850 2570 3510 4547 3155 9364 6755 8935 6062 7383 5915 2000 8892 951 4728 5588 4004 244 
4417 8133 979 7050 212 3804 6263 6582 -5974 4050 8286 1718 6543 3025 7345 7655 9383 9889 7283 9847 1488 2537 7126 3433 145 8567 317 8063 8394 5178 5842 2098 2481 8120 6825 6406 525 3171 6813 653 2475 5003 9357 6470 6192 7781 116 3683 8883 520 6362 1711 2137 4555 1934 159 5457 2058 8812 4298 14 7817 569 6379 1475 2256 9237 4999 6943 3779 6615 8977 3313 4372 4988 2919 4024 1939 2682 
7313 1631 3000 5555 7318 7894 3402 9259 9277 9989 9720 1846 9438 2088 5272 7603 4190 2996 6314 1692 882 9412 8334 6948 360 2109 3832 4059 8283 5281 2941 2765 8366 9838 8303 8933 6000 5562 7402 7470 8104 7661 9172 4506 6031 361 4686 2777 1956 1995 6230 1193 1402 9467 7420 7245 5413 1229 1985 6730 2384 1542 7937 3514 7905 4531 7664 9608 5460 4104 4556 9559 6527 1024 3566 1102 9763 1232 4574 
4737 2697 8874 2719 7501 456 3387 2393 7415 1779 2533 2093 4983 691 3377 5568 2506 6236 9111 -8585 8867 9654 1660 812 4471 7454 2227 1735 7134 2819 3747 6668 3085 3509 9079 6342 2896 3512 269 8990 9439 2520 2708 9256 6603 6544 -9477 1404 812 5115 3882 3305 2358 4940 7094 9398 3968 5821 2331 3119 602 -1829 8946 6802 3814 7787 587 1336 1834 6811 3424 4357 9530 2292 6607 5897 1413 3742 4683 
3729 8733 2516 4445 4970 8051 8590 8229 3543 8291 4063 206 2741 1110 2116 1389 9063 7368 3300 3924 7911 4271 8554 9538 1721 799 1170 7798 6946 5392 -9989 674 9029 -6663 3926 7422 4748 -2191 1573 2288 7480 126 8981 2207 4338 4943 4497 3766 1702 3565 6967 2323 5625 9914 401 218 5292 2056 43 -1464 -2743 7833 4590 455 8177 1723 5645 8108 5010 5400 585 6123 8654 8663 3107 2855 9240 642 6323 
1069 4844 1893 1088 5289 1566 7917 7064 3506 6151 5250 8829 871 4374 7302 6684 4865 2164 2603 4709 3082 7988 7996 3928 8233 1586 2530 3698 6507 4569 3932 6282 1556 8477 6892 2008 5562 6241 8979 1773 5551 4057 9611 841 810 1998 2536 1008 6381 1801 8189 3310 2985 3323 2087 1589 2457 4980 866 6036 6768 7404 2758 3659 4865 -4038 9954 9734 3375 1737 5263 2784 7664 3714 4344 6268 7506 6010 7231 
1485 6087 2365 2684 1682 6381 9127 1836 6323 3183 6259 3281 1091 9172 5150 9023 641 4249 8493 2133 6703 7799 8559 6261 5548 658 5211 856 1133 2145 6613 8526 1503 5009 87 8858 7593 7115 4621 5199 7770 4517 5121 3532 4219 8462 2808 1895 5879 9857 6896 60 2579 1117 3254 7295 9338 4034 -7568 8165 968 1850 3690 9980 259 5468 5173 1323 6517 5832 5767 8158 5948 3953 1653 9485 2267 8108 8931 
4466 2596 4141 2046 354 9633 8167 9951 8167 6733 2524 5069 9239 343 2248 2733 8281 5109 105 5146 2212 3745 1541 9172 9058 6747 5506 3514 6699 409 9974 4122 1286 5915 4103 7245 4938 8386 1156 5743 6982 5513 4942 944 7954 7013 5432 8609 5489 4042 7476 8946 1428 5422 8832 6840 9279 8588 6830 10000 1955 1500 1989 4573 4645 4825 937 5915 740 5637 5730 1764 7019 3640 7568 4237 9378 9196 5591 
-656 5209 6276 5678 8650 507 4806 5953 3676 3734 4470 8270 9165 2684 7241 -7579 8022 7273 7330 7256 5295 7159 5208 2238 6418 9970 2885 8174 9739 1795 6782 6112 5813 824 989 2228 9772 5687 5445 187 7022 6177 8685 7739 6175 8977 9528 1487 1103 1419 1619 3100 2955 4430 6754 3236 5436 9436 3383 232 2869 1020 2940 4806 5347 6860 1431 2803 7347 7382 8386 1729 8668 305 1716 2249 7838 -3942 -5697 
7254 6360 7746 9947 3635 3035 9837 2890 6018 7072 4767 384 9340 582 3638 9018 9797 5863 1372 76 3436 6572 1718 8154 9366 2822 2758 4691 7075 7069 2506 5615 6635 6775 6902 9538 -8239 280 5501 123 1990 3962 1355 1903 4503 1534 2661 6846 -1956 1962 8992 5105 1042 5780 9817 6096 6767 725 8521 2438 969 2896 4403 4928 114 541 289 9008 7244 5148 801 2765 1316 8468 4614 1652 4705 -3472 7852 
873 4168 7093 6426 7471 3814 1572 5070 7161 3188 3596 800 8283 98 693 5722 4152 3118 8041 1296 5032 9293 6827 8138 6859 1385 9766 3330 854 7380 -7334 415 8118 9316 6630 3853 1421 3527 5820 1368 8040 1043 6508 5321 2850 28 5713 9873 3179 2246 9920 1594 822 6607 -4088 6978 389 3762 5124 7124 4587 6949 8940 9123 5361 5746 1046 5505 7968 3852 9256 4684 5957 1239 5337 2788 5087 8024 9630 
2857 9186 9595 8314 5427 54 847 5963 6538 1724 6326 5666 7859 6299 9203 7198 9760 6022 7186 6503 6227 5402 5934 9287 3311 4740 4829 7368 7655 7163 9407 894 936 9413 6316 707 2678 4058 8626 1977 7046 3551 7556 848 2386 7117 475 3946 1435 4759 5176 395 530 2289 3801 2026 8206 6954 1398 6355 3292 5788 9334 2065 47 3589 9415 96 5479 1502 -6187 7122 4816 1615 732 1950 9839 5512 5913 
4449 1474 9456 5837 9718 3164 8908 2195 3330 6019 489 7894 1721 5388 2524 669 3781 274 1324 2573 8464 5159 2246 4569 5021 9305 2170 7748 4461 -1753 4417 9394 760 202 8642 5631 9799 8734 2204 4802 1742 5990 3513 400 9274 2699 7087 767 2134 -5102 9320 4974 3199 7904 8362 845 3855 7958 396 3066 9074 8224 341 3221 5717 4966 4845 5802 9692 7350 194 1757 5850 9141 294 9254 7560 8074 8197 
9899 7576 99 3222 9871 7172 358 8412 614 6354 5005 6164 9417 3421 6414 3409 4676 9980 8333 242 7561 6297 2482 7005 8795 -8117 5989 980 9099 1371 8224 347 7309 2557 154 3424 -7997 4475 8472 2350 -3992 9005 5497 2252 2882 7810 6133 8760 4007 2657 6227 1500 1789 2450 281 9610 9130 7414 3039 670 6874 9873 5991 4611 3659 1538 1052 4755 8220 8224 8073 8219 5445 3993 8996 4627 3329 9830 4648 
-5317 4541 7008 5297 1065 5684 837 2928 959 3756 7347 1423 2465 7828 9985 3492 7140 7517 9715 1994 3439 3489 4094 3266 1180 3415 8348 1119 5043 2061 2400 9595 6049 6627 1737 5875 185 8306 5399 4475 402 8411 8697 8164 5202 171 5435 1578 7436 -5109 7046 7728 6093 5942 641 1764 6756 111 2983 5715 81 2898 7473 8447 4800 9869 8105 262 9825 8338 400 5352 7732 553 6296 6670 6080 4870 1923 
5002 2556 2582 4680 4981 9715 7029 19 5671 6686 2430 1350 5744 6312 3389 -2328 2299 1424 7263 8284 1221 1638 2130 5299 8832 3727 5414 3254 5268 7530 3859 892 4801 6630 7898 8480 1222 5106 7391 1810 575 4140 9329 4214 1126 2555 4647 6179 961 8141 263 2944 2286 2152 140 2751 8432 4203 7261 4732 7416 9313 3342 -748 3838 4587 7554 7147 1824 4159 2466 5012 5164 3357 6914 6562 1117 3246 3766 
1992 880 3703 2919 9881 3613 7486 9123 7934 2317 3217 3441 1845 6425 6078 7683 1382 725 4384 3917 6724 3649 1552 9581 1197 8799 1116 9015 1528 6095 6201 3156 3208 1108 -1561 9432 2806 3221 4951 4984 2120 6295 4799 7696 7043 8801 5669 -3120 7666 9715 4098 8397 5631 6545 5017 1539 8041 6377 5898 9131 1465 8303 7162 1352 4533 6124 3268 4429 157 7170 -7361 809 332 132 4102 9779 1790 4014 1865 
8626 6509 680 867 6737 6075 1741 5882 2305 75 2789 1318 29 2398 8582 691 5236 7997 5400 5433 3867 2186 9833 6036 4320 6451 768 8476 7189 7482 4484 2030 1052 8938 4854 7756 834 9361 3414 40 5541 1100 8272 5688 1280 -9717 7407 3767 8985 8414 2606 7379 8634 2982 4814 2261 6336 3317 8550 1849 5819 2784 8477 8638 4813 7804 1155 2092 1488 1491 -9048 3305 121 3574 4858 2712 4251 6668 3457 
5812 9990 9472 -3132 4710 6516 9765 -2983 7614 1821 2304 9709 7551 4112 2851 9088 3247 6158 6496 8726 1317 -2906 4509 3121 5423 3728 6459 2867 6443 4811 1093 6984 6490 9346 9081 7170 8363 9461 9422 9197 1511 8130 1723 7680 7574 615 2252 5027 7110 3838 6548 9389 2578 1543 5837 1083 4753 2422 7406 8312 1761 7474 7386 2670 8538 426 417 715 4726 9663 7030 4843 3270 6249 587 418 4321 1843 3467 
7854 7263 6033 341 7266 3880 7389 9629 8337 6828 1463 4971 4195 335 7079 4764 5193 5479 7413 9485 143 6679 6712 7049 4461 7713 3933 9109 2169 7929 5068 7100 3394 2790 257 1236 3992 7212 8457 2500 6225 7106 3538 7693 4730 5065 3687 6264 4400 422 4789 531 2733 9909 4935 9255 5321 569 6723 6985 8345 334 4991 3244 3350 4963 1649 1018 2230 7442 4189 8206 2909 9355 6482 1369 8811 1286 2606 
3406 8838 2485 6136 4573 9695 4446 698 873 9603 3590 9110 1560 7949 9914 8143 9516 1371 4335 4799 8349 4627 4118 1287 9344 6061 2555 5881 6007 346 5525 4825 8757 8334 7845 8850 4285 2960 8116 8238 4339 6274 2498 5105 2318 9636 -8298 9704 8048 9509 6679 8974 5420 6690 7842 317 9647 4614 3491 5459 7533 293 9505 4776 3801 7856 8567 3462 996 5826 9589 605 8455 2728 8392 609 7140 2682 3640 
1373 7349 881 6470 7058 758 8208 9329 8698 2899 3950 3673 4188 1531 8410 5078 4493 4491 9486 3616 469 8005 136 7754 5084 7590 6255 4851 383 5906 8845 9671 9541 8428 9387 4431 1389 6806 9729 500 6085 9703 7161 638 1749 6673 6840 6240 6985 9086 5804 1634 360 260 6059 1783 5505 8857 1128 1439 5792 7843 6497 133 2776 1461 4134 8349 8193 270 4597 5811 -7599 6848 2359 1609 7390 8330 6304 
5157 3949 5774 5526 6886 8134 684 2572 6094 5974 7787 3720 6878 1682 9406 9955 3344 -6411 6447 7416 9220 7655 8230 9688 3672 4877 7939 2736 6487 8290 3877 9744 7655 6224 2266 7898 3528 8570 1212 5437 4809 4200 5238 7170 9143 6837 4546 3414 2656 7079 2637 6147 1170 4775 6509 4008 9364 1317 3704 1681 1329 1168 2873 6514 936 1243 9221 4273 6970 9815 4933 6251 8391 3031 1387 9410 3975 2476 2480 
6663 2561 76 7934 14 9920 6928 2678 3343 4478 3393 9922 2637 9210 3360 4189 1518 2230 2504 1971 6890 7171 4402 2840 3190 453 4530 7111 202 7758 5514 -557 7005 5873 -3662 6572 1206 8849 3554 1676 5807 365 4017 8441 8589 8378 1689 453 7753 4872 361 3483 5842 2794 334 3236 5856 2982 3715 5826 7059 3116 7092 8499 9198 1093 2846 851 2593 416 8013 4774 4248 7698 1596 7676 8447 6356 2764 
10 6686 8975 164 5497 1726 7845 606 327 3247 867 9646 9943 5962 6062 5956 928 -2079 1974 5108 7866 5954 6788 528 6807 1110 6223 6095 9538 7985 275 3122 7085 9213 2019 6703 5008 9694 3081 7329 810 5339 8139 6324 7345 2358 1514 7114 6836 8738 7468 6615 1339 936 3477 3028 9 48 3734 7954 9741 9013 2044 321 3698 6389 3224 4946 9614 995 174 8415 5407 8949 4976 7999 2846 6069 5359 
7746 3343 8924 4166 5845 3798 -6304 5524 4125 8073 4361 3122 2276 61 6023 2743 728 9393 8755 9643 5813 7046 3261 4733 1622 2854 2043 5563 2368 372 1865 3512 5280 5223 2305 9532 5998 9254 9703 5146 3555 1896 5795 8106 1537 4388 4339 6303 8731 7360 8960 3519 5153 8870 3665 4810 7586 1028 1000 7431 4067 31 2450 1953 -8792 7451 9695 7760 3559 771 4627 546 5617 2884 9063 8882 9113 8970 9914 
9816 3044 2902 4802 5382 9858 957 1678 1879 -8847 2532 5448 6478 711 2349 8238 7635 9832 2941 9986 3851 4281 8016 8467 5925 807 2491 4852 2691 9543 2272 8729 5091 7581 5650 7694 6752 1819 8558 7254 1523 5059 1742 4636 7614 7174 3229 3423 778 6077 9319 3686 8906 1466 7230 1712 2412 4537 5448 4925 335 2149 -2113 796 5238 8896 491 4852 2521 4282 7683 2395 3843 1939 1588 1525 6301 3283 1413 
6034 5803 1984 2907 4750 2539 8562 8609 7801 7015 7080 2789 -2992 2984 9751 4779 7150 7327 7880 827 4958 1353 -7142 5347 4182 9764 5094 9204 6778 8046 7236 4687 1880 941 1303 -7016 1874 6572 5034 3767 2268 2989 6462 7093 6022 9198 5403 9976 5112 271 6347 5599 9821 8278 5673 6906 783 1070 5755 1276 8245 4523 6933 4077 9710 2876 9657 9950 9434 4181 7997 9979 573 1718 3050 9114 8631 2243 6032 
3789 6091 6163 2939 9084 1763 2228 4423 5215 7221 1625 4819 8084 6173 1872 4688 5789 7904 593 8520 6765 4711 3979 3993 5256 7948 4605 7006 2109 6109 2351 8846 8480 7383 7874 6039 2320 9179 3637 9903 4996 3421 4964 1566 9831 4296 5485 1410 714 8391 4105 4411 8948 8033 1614 2039 323 3597 692 3329 522 6586 5590 1692 6787 8610 1890 8156 2721 555 5780 350 7730 5412 6217 4933 8947 7965 9532 
5408 888 9999 496 5108 2319 7751 3717 5306 6805 9254 56 3422 7363 1463 3639 63 3084 7315 5222 417 1387 6431 5480 9919 7543 1808 3897 5955 2969 321 8220 3825 5103 157 2105 862 6652 6145 4956 9464 6231 2350 621 4484 36 1912 7888 3677 116 5579 5984 1934 8693 9142 151 9295 8664 3745 9884 8950 644 4185 8889 2247 2107 4140 6932 2326 5933 8229 6239 6477 2422 5263 9963 2040 8810 3557 
3215 7907 9924 2092 8547 7527 8402 1484 5756 9450 88 4868 6309 3589 2753 2839 6968 998 6290 7697 5498 6755 1268 1515 8668 2145 7676 9903 9500 9206 164 933 4906 8680 2988 5295 7802 4172 4114 3061 671 8134 4584 1593 2501 3264 4889 2020 3661 4039 2989 8938 7293 5659 7946 5276 8894 3150 1832 1454 3349 6587 8728 6399 855 6645 657 6071 663 6840 7083 3883 8701 8822 -4374 9958 7898 4281 9188 
4803 928 9860 4333 5664 1441 1965 2820 8243 9866 4065 6929 3653 1643 7940 5825 1319 4463 1305 4732 4179 4263 7290 9653 7913 6400 1528 4761 7799 454 6463 2636 8167 1013 9601 553 165 6545 1498 7128 9427 1696 7049 3584 8208 8678 8710 5967 8695 4043 1838 6141 3802 242 7570 3857 5095 3113 3401 3024 3936 7753 7623 9473 1872 6364 2137 1933 8090 8483 7723 8074 1069 6427 3262 2075 173 6100 4495 
5385 1568 201 3526 5265 2971 7306 7862 8844 134 8095 5610 571 3486 4689 4825 215 7298 1853 1803 5029 4103 373 8589 1762 5072 8952 5715 5490 9184 1449 8968 -3128 448 7042 267 5424 9688 5840 406 77 1241 9309 1734 4089 6161 6558 9040 8252 8542 9711 9282 342 4345 5207 2386 3516 8080 2970 9862 3082 1215 2643 3257 6919 -2493 9973 8850 9986 1920 4205 5952 4733 3785 5206 1427 4780 5378 -5682 
6146 8770 3599 9833 8461 9288 5226 8252 7093 2857 4507 3104 172 797 2130 6790 6021 4387 8455 373 5929 10 6553 7577 4606 4353 3409 1645 8899 6398 7481 7281 8014 2273 6079 2036 9289 6393 6464 3456 8434 8400 9896 4562 7622 704 3014 5517 4765 1135 5558 117 2536 2170 7181 8705 7027 2343 6613 2518 1309 5985 7472 241 2126 7855 8989 2984 1732 4106 5161 5984 3109 8850 2238 6039 2858 4273 5261 
7932 320 7760 3763 5750 5168 3342 656 1600 9515 8780 6945 8562 3793 3762 1736 5544 399 4393 9879 748 941 3743 6810 1458 1408 5506 6915 5507 7618 3950 3163 3745 8324 262 3584 7215 6501 6324 6533 4236 7677 3568 9892 2420 9096 9012 9119 6697 1827 5854 3006 8664 6377 9707 499 5986 8114 7141 8605 6775 8050 8773 6915 7680 7567 7338 3384 3579 1836 3771 1870 8451 5944 -743 1106 7135 3983 1563 
1345 7245 8841 9355 3159 9632 6012 4970 1042 190 9131 7532 6078 8872 1256 3413 329 9622 1618 7177 3104 2499 9682 6063 9892 5021 8138 2817 4519 557 6387 876 1332 1526 3912 600 1748 6772 7882 4539 8841 5874 9786 5366 8655 188 3028 1285 6247 5657 4307 6545 5066 9726 3515 5150 3527 1314 2021 -1812 1896 2904 5205 3122 4411 5554 1960 8397 8730 9326 6470 5447 3747 9054 9834 8543 1165 8699 3482 
3331 4925 6835 5279 6345 8232 6768 3590 6367 8867 5546 7268 1661 7320 4874 997 9304 810 5205 5574 980 7217 9536 9701 8998 4727 -2542 2219 9077 7316 3236 8044 4228 7334 2871 6623 3444 1357 -6541 2019 9881 3010 4589 7953 6488 8559 1787 1704 1698 2825 7321 7525 4027 4098 8641 1005 1142 6738 1883 -7899 7291 7751 5793 6609 8017 3388 8188 9575 6955 2835 3975 5193 8720 3409 2646 5413 8090 6266 5511 
-6634 6102 2904 6018 1390 1404 7150 3313 9568 2582 1936 1961 4767 4768 6900 1520 7799 5269 9770 9362 2915 5769 7149 7528 605 -7360 4562 3479 8957 760 2502 6806 2118 5297 1041 7406 9984 6306 9151 5167 -6606 8724 9888 4717 7825 6954 7630 2479 7791 2175 1853 5483 7824 4650 2648 2360 2865 1885 5551 9340 4933 7886 8774 1778 5499 9033 1978 5342 7599 2808 1304 7930 8956 882 4031 9971 7387 1258 9569 
9169 279 3447 8973 2806 6437 9683 2144 6650 1902 2208 5925 374 908 1862 3497 8766 748 4964 5755 1000 2342 7419 5596 1392 7939 6190 391 8674 3935 3144 3520 8845 2804 1425 2937 7056 2654 97 626 6260 1799 9747 5071 4479 8929 1329 3956 3338 1356 256 391 1869 4623 3482 4404 4184 2018 9175 4382 -9959 9432 7366 8342 5383 7669 5714 -1010 7508 -1123 5994 738 3795 8938 9521 -7648 4496 4427 539 
6415 9025 2567 314 620 2721 2441 4336 7886 8288 6192 1183 690 3781 5231 6052 1495 8316 935 3089 9652 9117 8500 5970 3020 8243 1512 6414 8852 7680 7989 7425 -2316 3301 5150 235 8383 -423 472 2200 7852 3891 3764 7167 1007 9294 9827 2929 4443 3621 8246 4665 972 9533 1351 8340 3454 233 2821 8880 8458 4240 2219 8585 5449 5059 6147 366 4349 5622 2258 7888 6382 4674 5041 3102 2520 1108 4413 
9908 6425 4125 8382 6753 1979 583 6285 9964 4394 2675 1154 9639 3555 1329 750 3113 4073 9567 7912 6743 5676 7872 3008 3525 5661 5549 8846 9570 1561 6251 5550 6276 8768 5486 5918 6248 4706 1543 6002 7366 9253 1750 4871 4242 7094 9809 8018 3051 2777 3446 9809 9079 6761 5172 6107 9597 5737 8137 2311 4111 5045 5431 196 9087 2294 -857 8223 3356 3737 2586 6767 1880 9831 6100 214 6098 1842 3089 
8879 8479 7424 -8047 5425 979 3934 9914 9800 3858 4499 650 4779 -6592 4875 1034 3570 5117 2050 6728 5741 3593 8076 4320 -9769 9170 1167 8769 8440 7456 646 5966 8906 391 7446 807 9912 9017 6477 -3381 9418 2222 7761 6230 3531 142 407 4624 8407 2805 314 1028 9473 1384 4593 8867 9810 7711 7986 2532 6274 8071 2407 2298 7685 2344 9619 7664 3874 7555 2656 -7777 6692 721 5997 7916 7367 6807 2811 
61 4917 1681 3088 7914 7294 5420 4898 1620 8558 4955 9953 1625 -842 2400 6857 9920 9489 9998 1776 6588 9162 8011 1935 1771 8046 8753 3637 1641 1369 7675 8289 8132 4931 2927 9726 9223 8639 6433 559 3887 5722 5560 4341 5707 7140 2894 6272 5177 6881 1509 6175 7255 5267 6785 2951 6108 3296 2747 6686 7542 8158 7902 3464 2062 2226 4123 8726 4526 9598 2854 5347 4397 1735 8102 5141 3099 8769 522 
287 5537 6061 1314 5490 7153 6407 414 5721 133 5787 2590 -6300 5027 737 977 4765 1080 4173 3290 6233 573 4302 1269 8853 7037 4393 7856 8492 7533 3997 3813 3019 6649 1603 9881 3635 9660 9087 6229 9983 3820 1695 385 9078 9257 6313 7693 7634 7283 1913 1601 9325 4496 9367 3860 3749 3712 2694 2394 5531 4458 2641 8998 6694 1861 9825 421 2355 7333 4782 -3485 -4438 7250 6255 55 2280 993 7224 
791 54 944 8414 3412 1046 982 531 7259 177 6150 3925 7779 8054 6699 -7099 2689 3391 6697 688 9365 8161 1872 9946 3005 8182 3821 2614 3298 7666 8542 1519 7391 7233 6837 6637 6607 8841 3312 2009 9529 6805 5518 1816 3518 6111 8984 1857 7498 4425 7795 716 2974 7827 3726 5418 8778 9009 5230 3866 8780 5732 2599 1685 1809 2349 1720 4039 6177 6776 4076 5393 901 4813 6307 6658 675 7742 6900 
5608 9630 8703 6183 9749 1962 9516 2074 7381 8670 9622 7238 6597 2925 7365 4357 1560 8290 4966 3912 4653 4216 9537 5621 6737 2330 4316 9762 3634 3547 9933 6007 476 6528 3253 1896 7361 4727 7459 -9352 7276 4354 4447 4386 8573 7877 3882 883 4312 1554 3366 1317 5900 1368 5693 7882 2776 9018 6963 566 6919 6896 3676 4577 6466 7139 1655 1139 8169 4713 3107 7842 9953 1544 5726 7291 6386 5227 4573 
6869 9634 5623 6931 657 9439 3800 9004 5438 788 503 5090 217 81 5586 7878 4787 763 5804 2035 7408 2940 4302 8897 -1269 1015 4558 7957 7349 1716 7711 8949 3147 9504 2308 5396 6122 7191 3170 3938 1124 4671 5759 6415 1984 4848 5677 7618 4647 5779 9463 4645 7398 5732 -4241 4454 7711 2625 4643 395 1133 3995 6887 4839 6496 9480 3882 8241 7336 8799 9899 4773 3311 7140 8136 3201 9138 1477 4963 
1286 307 2332 6196 6923 3424 6694 148 2041 5673 624 3675 9716 8003 4873 8209 388 3484 3144 937 5546 4203 8032 6143 916 3708 4309 -211 7420 9911 1543 1156 9916 9146 710 4043 1663 7728 27 6617 3819 2673 6840 8378 3448 9363 7516 7589 8056 3650 6887 1747 7785 4624 5028 2135 7906 7645 1028 8061 5527 1909 6965 7017 5076 7942 4053 6915 7150 2826 93 8711 6862 7919 5976 1702 9259 4717 9975 
1547 9942 5158 2698 8496 2856 2163 4284 8839 2449 1927 5134 255 8103 6217 4015 3121 412 2805 5509 9440 5021 5683 9831 3921 1084 6442 9878 6867 8683 432 6082 6972 9960 6819 6110 686 2185 789 744 1250 8115 233 3784 6966 186 2349 3298 7976 1867 2111 5576 7023 7515 580 565 6134 6259 5000 6796 6449 2475 8732 3108 1184 2159 5712 4441 4156 1384 8373 6058 4535 2405 8998 4090 5732 6170 1195 
124 5551 4724 1538 5778 1003 8004 6247 2984 793 7919 870 942 8707 1284 9001 9838 785 482 2181 2978 5070 2957 7018 667 1973 9964 802 3821 9050 6924 641 6808 5249 9386 7596 9907 8418 9121 8747 5278 410 3701 9713 3307 3275 2292 -8070 469 2803 9242 5195 7362 8171 1612 137 4618 9685 2024 6238 7784 -3074 6633 6593 8556 2627 2172 1065 6002 9858 8064 9616 9178 6190 1098 827 6872 4477 5168 
8390 6868 8802 2493 6183 5613 1706 4081 8919 871 6867 3743 1330 26 221 9257 3686 569 793 8485 -9891 2492 9917 1884 6794 2718 8166 5197 4631 7817 3928 3555 8424 1465 6681 3475 8694 5739 2219 5586 363 6555 7911 8132 551 536 5461 4482 5601 6373 7639 7085 2630 1629 9844 5682 9664 537 3681 6332 5459 175 7795 2617 7011 9055 6052 4404 7473 3266 947 5721 5741 2894 5377 405 4714 4598 5276 
6644 3682 4221 1477 6788 5213 699 4462 9984 4608 8847 2249 2015 1381 7627 5146 3017 9583 9702 973 7105 7188 2296 9434 2008 8366 7184 834 7410 4395 8759 9389 817 9781 5776 -3621 7898 5452 7498 9683 7036 3835 7625 689 8545 7172 6114 1095 8260 9643 4454 7111 8910 7083 4986 9978 9716 6217 1154 9806 6748 8959 444 821 3556 1071 3456 412 9772 6347 4216 358 199 8695 -928 3550 866 1501 9152 
8723 9502 1270 8191 2177 1556 3386 3290 8017 2522 9326 3996 7075 5604 4066 9344 1026 8092 1825 5078 5064 767 4643 5102 5804 4253 413 5948 9636 2775 4615 1270 1128 1051 6036 4654 4357 3694 9979 8732 2382 6279 6570 1188 4241 9611 3784 4912 5404 4114 73 8846 6161 3360 9000 5206 2383 834 5294 7211 8710 8098 5293 1641 1530 2730 6901 9754 4090 3734 7801 2276 8650 7339 9395 7113 3375 2819 3693 
902 1289 3462 6772 2106 -3036 2236 6756 9508 9147 2968 9250 6696 1404 1909 5564 3353 7052 7210 7793 2726 1317 4294 1099 4592 7461 8952 6124 4 7154 1354 8278 7064 6139 4081 1796 3450 2818 6148 7007 1231 2451 1529 9892 6207 5680 5167 8093 6771 7649 3022 4873 7741 602 3427 8093 4284 6309 6966 4966 2920 2609 6974 1626 1900 1230 1072 2760 1439 808 6665 5798 5552 5273 4028 2783 7808 1404 9037 
53 9992 2571 947 6561 8256 8797 3347 214 5095 5717 4036 6379 3949 7071 -3324 8336 9771 3976 3742 2368 -7253 2590 2734 2107 6733 6510 3889 6904 4846 5212 6100 7017 3209 9467 2572 1227 6961 707 970 3895 9116 675 7884 7128 7860 3195 7335 760 758 6444 6757 6074 1 9446 978 1927 6063 286 4908 3693 775 2946 4623 2436 2911 7211 4788 7491 5137 9861 5971 4173 8741 8647 579 9783 9593 2946 
2021 4117 3919 1837 1312 598 8703 7952 4716 3701 3201 8848 6910 4332 56 2232 6467 3171 3050 2208 1545 7953 2951 190 9686 904 1800 934 9564 8392 -5797 276 8111 4443 3102 3761 7076 7512 4927 5686 8648 4424 1753 5707 762 7268 5857 5463 2603 9997 9971 6956 4602 9436 57 8549 4182 3551 1009 9340 6923 5883 623 3601 3481 6767 1026 1121 2582 746 4069 2149 3185 5729 4764 926 1310 8475 9448 
7842 6520 5011 819 4439 9296 8177 1985 455 879 7341 8324 8661 7124 245 8507 8342 1943 1569 8013 6390 5858 9386 9218 1648 1587 8387 6859 3083 1290 1404 3094 8108 2686 5063 2554 1033 4339 6387 864 9364 787 6589 2554 1724 8232 2864 8305 7224 8058 7510 5854 958 2750 1734 167 4005 6731 2888 2031 2992 840 5011 3824 4470 5744 5329 3365 4035 6328 9136 1567 2236 912 3031 5270 4958 674 8808 
