75 75
9858 2916 -4492 399 1744 7751 8196 -6457 2662 1456 9810 9433 2383 -6699 3136 -9959 1782 8926 -6483 3910 5801 885 5145 4629 -5469 4839 2129 3530 8133 6586 4080 594 4118 -5753 -8330 3138 -5049 5393 7438 5103 -885 -5303 -3813 9397 4782 -5495 1357 4593 -5509 -2619 -426 -4548 6660 -6425 654 -1741 -7357 -9460 -6117 2277 863 5261 7707 -8115 -485 2787 3760 2765 6460 7348 7597 -2329 9425 8682 2937 
-7659 -9901 -9560 5069 -6526 -5255 1417 -8378 6116 4440 -7929 4596 4593 -1154 9382 -5069 7435 4796 2520 2394 1149 -9665 9651 -7772 2129 9967 8742 9598 2845 -3033 -1869 3111 8720 6860 6125 6338 5454 -7151 5935 -9862 8990 8315 9299 9425 3055 -9350 -1208 9399 -3196 -2978 2810 8503 2919 2987 -3862 -1100 9955 7678 -5670 7106 -3928 2106 7526 -2232 4601 -213 -453 -2013 -3348 -9255 7328 2793 -7947 7713 2010 
9134 -2991 736 3942 8568 -5114 4876 1982 9823 -666 5851 3550 6630 3086 9733 -2962 1214 -6831 1075 6048 1535 -1782 9375 4341 -1835 6853 -4157 8187 -8121 9671 1645 3486 1751 2870 1361 -3113 1325 2567 -5836 6535 399 4798 -241 1675 -2646 -6093 -5007 -4154 -5352 545 711 -2074 897 3787 6996 6129 -2371 3947 -3447 2577 2115 5801 9721 5571 -2566 -6475 8860 -1653 4196 791 8585 4543 4827 1019 -5941 
-6233 1021 9030 5101 -5952 -2830 3975 6070 2095 15 -4530 3503 4841 2855 -7464 -6859 -6769 2099 9559 6737 -5085 8617 -9315 1210 -5392 1294 6271 -3827 3347 7600 3721 -8154 4198 3513 4742 -4552 3663 2654 -3402 866 -2375 8476 4501 3472 6842 7305 8772 -3873 7763 -4920 1205 -2524 5361 5155 9975 -6495 2003 8731 -5010 -9681 4835 9754 -1768 -2648 -6736 4105 5469 8933 -6863 4478 3698 -3505 -584 404 4829 
6240 374 3866 -2419 2771 1093 4877 9962 401 2178 7320 -9900 -4807 5989 -6836 642 2604 1717 -4878 9571 1545 5210 3412 7489 -4023 4657 409 1918 -2908 6649 133 4513 2616 -1400 690 9599 6705 -6174 6928 3926 -4919 2271 8437 3485 -7813 1728 -2070 -766 1996 3845 2632 5015 -6046 5958 9629 6465 2316 8186 5393 -1220 -472 8250 7784 794 4936 6800 2537 -8795 6532 9060 9085 -4688 -5477 6364 128 
3809 8681 2058 8474 9377 1861 4042 8127 -9976 6914 -5550 1461 -8301 -6058 119 8228 -7066 -1555 -8699 7608 1062 6981 -3736 6564 9511 5418 -4264 8363 -2118 8950 944 6116 -6895 9950 6153 6462 8555 3818 8141 -9762 9328 7416 7882 9266 -7453 2744 3899 4861 8684 1050 7944 6602 4720 6501 6593 7498 3216 -3426 9961 9405 -4300 2726 -6478 8138 5443 -2570 7687 -7256 3593 -7917 896 6545 8076 -8286 965 
6836 -1655 -2666 9871 -2663 -507 8074 -7058 -8745 1172 -4020 -7431 2825 9765 4935 3684 2121 2223 2848 2853 6022 7300 510 -1016 -1387 2034 7202 3885 -7073 7214 -2592 9716 8219 3032 6022 55 30 8018 1808 5978 -761 5969 5700 -8469 -3800 8818 4852 -8997 8308 -1365 3956 -6329 1728 -2898 1186 -9177 -7126 4588 4709 3298 -9502 149 -3315 2078 2869 7769 3886 5808 6888 9587 1556 679 323 -4503 -8084 
3695 9597 5080 6787 -139 -9600 8181 3858 5777 -23 -277 391 2866 7349 4518 -1700 8460 9497 1200 9748 4883 5659 3562 2295 -3595 3427 9673 1373 6291 7514 1861 -9864 2930 -9045 4024 -2039 740 6270 -9563 2938 -5119 1966 -8209 7628 -4592 1512 5689 -9718 6862 -2101 2233 -2361 9329 -601 -9801 7066 -8762 -7024 -2631 4954 2140 -4895 2473 6316 8287 -5011 8091 7975 -7001 -2927 9182 2117 5195 1693 -4238 
3223 65 3076 8357 9467 134 5300 9901 8549 -1571 1501 4596 3498 3694 6883 -6354 -7975 1241 7643 -3664 9359 8486 -7506 6022 -7386 7648 2248 2059 -1932 5465 5035 8435 2784 2101 -3795 -3573 -9057 -4952 6201 3703 1207 703 9772 6931 4703 3105 216 1983 401 5471 -3265 2355 4085 4063 4801 4520 -1080 -6030 8985 -9247 3005 8109 1736 330 -5069 1069 2013 6509 -2772 -2289 -4076 7849 1788 3615 -7484 
-1083 9850 9702 9214 120 -1817 -7164 -3439 8220 3660 186 4499 3245 7859 -197 3407 9857 -6582 -1948 8039 109 3012 -3712 -8281 625 1503 1773 5242 6253 4933 1778 -1808 6988 -8910 1474 2229 6178 7672 4419 6411 -2508 -9817 4035 466 7317 7679 -743 -5762 8246 -799 9351 8421 4868 6926 -4395 -4573 5585 1980 7053 -1375 7079 2502 7419 3045 6595 8471 6194 8637 1617 -6610 7962 -4718 -4021 9385 8036 
-8626 -4113 207 6800 7745 -5734 -41 6002 -2137 8247 6905 6628 136 5270 7406 3220 5713 -6391 6801 3611 4878 -3398 7405 9010 -6856 6222 1715 7859 8452 680 3818 -5640 -6489 5732 -2770 2049 8899 5331 338 -3425 7840 -9547 6 -9246 5893 9823 4799 -9475 1691 6206 8249 3139 5292 6459 3501 9881 3104 5067 1737 1275 -239 -8127 -4326 4331 369 7451 -2439 -3174 428 -4705 5995 -7624 1859 8184 8892 
6982 -8143 -2390 3244 4225 -9263 782 -1589 -6216 8705 1676 -2689 1980 -3671 -8622 5472 8229 -5438 6235 1331 -3079 6041 -327 3868 6809 8004 3341 7710 1742 -2228 4735 -2364 -2152 5521 8307 2630 4854 7834 867 2050 315 2812 7420 -4856 -8117 9721 -5496 3557 8937 6340 -4385 -5118 -9364 7857 4524 5109 2629 2319 3479 8697 -6594 8737 5591 2367 606 6260 9002 4286 7099 9479 9489 -3975 3309 -261 3724 
1825 985 -9211 4306 1458 6354 3413 1406 4896 7446 3133 3103 8418 6966 5236 2236 1960 8903 5609 1475 -2782 3527 3441 4430 8983 -3496 6785 9488 9497 5978 -9477 6485 -1230 -7321 -3217 -531 -2102 1406 -7820 958 -3726 9301 -9264 6750 -8210 -8224 9633 -1653 -1179 -1829 5558 4751 2322 -9698 -6753 672 1352 5409 6728 -6876 5707 405 2460 817 -1758 1795 2561 8445 4187 9442 -7622 3327 -6145 -2939 5175 
-4909 213 6469 -7703 -7326 6622 5679 2495 -9647 1065 -3967 9131 -9795 5732 1806 7764 293 4927 -2909 -6629 3105 -7846 9944 3670 1733 951 885 5579 2698 38 1787 -1634 1610 8460 7608 6404 5722 7280 -9415 4329 3140 5429 4746 1784 1800 754 -1282 4443 5465 2562 1953 -5204 7046 1438 6213 7248 7169 -616 -2547 8378 -6104 4050 -9125 -3809 -8401 5992 1078 4578 1774 -4280 8340 1448 -6353 9297 8417 
9559 -5978 1615 -2627 7494 2749 7408 -3332 -2167 3274 -5058 2252 6687 899 201 1380 -7893 2497 645 2005 2185 5021 9509 -5478 -6853 -132 1162 8387 6810 5398 2327 6195 -6198 1622 723 9813 3678 4513 2963 7224 6147 9622 -3846 6120 6957 1829 -954 -2922 9389 7289 -1517 925 -4771 -1044 4679 -4583 -8262 6007 3326 2494 -2570 9729 1938 6867 1002 8847 7721 9806 -3647 9020 -5765 123 5550 163 9082 
-537 -9139 8418 4384 4487 -913 2559 8265 -178 4327 4247 1039 4406 2885 7081 6805 1715 -3895 7257 378 3510 9117 -3010 -750 -6424 -6859 -1001 -4698 7617 6093 9865 2613 3981 272 8283 -7465 3637 1018 4421 5301 5762 4594 -4190 -36 8151 6477 -3710 7767 2273 -4498 6438 2376 8787 2883 4028 2498 2470 -1278 -79 6350 9115 7171 711 -9314 -5300 3777 -1265 5420 -6672 7721 2583 9738 -6416 -964 7392 
4439 105 -6542 5558 9383 8853 -1966 5600 4009 6911 9882 2256 -733 7837 2375 2345 4779 7241 4068 7632 731 -8165 1088 9896 7104 -8045 4641 1000 8466 -1560 432 4940 1291 2177 4693 -779 4274 3960 7611 -3115 3100 8171 -6077 6249 2986 4643 7150 231 3717 8608 -9808 6292 8535 2683 6014 -4840 2615 2736 581 657 -5065 2077 -997 5535 9487 9274 5556 9605 -6412 -9855 3508 6760 -246 2030 4582 
6130 -7174 7427 -3833 5206 -7793 2927 4556 4858 -6810 140 911 6836 3832 3550 2866 3154 2224 8253 6830 -6356 -8079 2185 -8970 -5240 1647 5125 -9851 343 2241 3774 -6752 -6185 -1075 5143 2933 8198 6917 -9030 2616 6062 -5005 5129 6291 -7855 -8505 8611 7640 2231 4694 1313 2379 -633 2492 154 9364 3168 2741 7035 4720 -1260 -5400 2354 3657 6022 1378 -3357 9209 6882 8348 7245 8642 6866 4341 9681 
6876 5571 8786 -1178 2053 9484 1141 439 -2057 -272 7777 6044 -2456 3290 -1732 5972 3906 1113 8859 -9774 7954 3342 -9376 5560 8110 5449 -6857 -1077 -8128 6778 4372 5564 6216 3947 1255 2610 -907 272 4839 1865 3015 3283 -6963 8995 9089 6135 -7693 671 2112 2320 -7519 501 7191 4118 1529 2835 5451 -3249 -3998 -47 -9470 2887 -4770 -5504 7666 1922 6373 2578 2112 1563 53 -7318 7774 -9503 7259 
-919 2314 481 3014 9261 3540 6924 -8859 4838 -9909 -4643 -2429 3991 -9342 -63 7507 7224 9785 7774 -853 -5319 6826 8026 -1706 3788 -3500 9206 -2098 6596 9829 -278 3204 -9421 910 3844 -8260 -319 5567 1987 1319 8480 210 6093 4878 6443 -7813 6953 -1414 -4183 83 3075 8937 1713 5804 -911 7554 3539 -8679 4016 6100 -5334 -5335 5290 9577 -5064 5306 9795 -1464 4701 -9242 7013 3822 3724 6524 7826 
-7467 -8502 -4435 -820 5480 397 7825 4961 4257 4985 -1719 -4819 7459 -9280 -9813 7876 4046 -1163 -6285 2550 -7291 7157 7209 6845 1041 3088 9411 -4934 226 7507 -3229 -931 878 8961 1556 9485 2969 3820 1177 -7023 3000 2721 -1663 5248 4854 3166 -8746 6506 7764 -6495 8185 5679 3980 2254 6673 -6933 5734 7251 7561 3893 5410 7151 7715 -3747 8673 3109 4853 65 1055 7994 6213 8826 -7063 2148 362 
-6430 -7877 1455 4422 9485 6230 4625 6331 -7933 5887 1985 4424 9019 8971 -9340 -202 -4170 7184 1675 -7859 -7071 2027 -9258 -7594 6785 9931 6746 1132 9010 727 5091 2454 -6103 6475 -3047 -5999 -4423 -4763 -4580 -6454 4408 2072 9644 3614 4992 -3925 4203 1884 1366 -3184 -5185 8510 -8939 1311 3383 -6935 7709 9110 243 3709 -3787 1271 3357 -579 8492 4701 9815 9839 5563 7595 4483 6005 1295 8309 6501 
2886 9386 -1127 -1643 -5868 928 -5018 -9907 -4867 3380 9981 5978 9153 -8225 -8932 3677 -2974 -9497 4782 7693 8984 -3239 -5857 -5981 -9097 9526 1593 2973 -7476 1541 -809 6942 -1130 1064 3041 1836 2140 3939 3578 -8257 5783 6208 8519 9249 -8 5447 5588 -5972 6754 3144 -7213 -3392 -3631 5727 -9048 -2836 5135 9047 1976 9560 976 -6422 6393 9529 3991 6390 -9913 5952 -4759 -4055 5416 8354 9537 -7650 -3525 
9980 1306 6432 -3271 3258 8574 9715 5542 6587 4711 6127 9219 75 7168 -6845 -1206 -9419 1411 5081 2993 9071 650 3801 3346 -7390 7396 -9108 2666 1537 2816 4230 5316 -6465 6196 6665 4755 9691 7891 4573 5347 4306 -9021 2872 4662 2792 -6139 -2760 8728 -2406 2200 5205 -4433 7043 7015 -1517 6610 -8081 5202 6891 6123 -7217 -6092 -8536 8304 8068 -9192 1866 3170 405 1501 -3024 4066 9138 -5034 -8261 
6917 -7314 2234 3102 4740 -1803 6888 401 409 -3123 8942 3199 3643 -4242 4437 -9537 7206 5312 9394 8508 5804 5145 1385 3288 3673 1496 1971 -4893 5840 8244 8686 5311 3191 -17 5291 -3690 673 9081 9054 166 6231 7923 -7713 -6770 8824 9980 9456 3240 8426 -5688 1175 -6771 3023 2992 6624 -9705 -889 -8326 -4330 2248 2047 8957 5386 -9672 -6125 8488 -4436 879 2077 6118 -2665 9263 6075 -1539 -5535 
-9861 9622 6720 5444 34 2919 6790 -9506 -4524 4452 6518 6131 3483 8184 -6625 -3119 5066 -3690 -1882 3220 -9388 1304 3092 -7264 -6008 8249 -2829 2044 818 5438 -7681 -7775 1305 -8541 -5287 3519 2503 7457 -2738 1251 -4056 -884 -4457 -3162 -6955 -309 -9863 235 -8327 -8755 -4240 2192 7140 -9801 7908 6574 12 2 7385 1651 2416 605 -5507 4007 7734 1589 -2281 8489 9708 2727 9664 -8035 8011 1111 4278 
-3474 -9631 7687 344 6560 -2364 8640 1280 -5350 6167 4685 5049 3538 4614 6476 8552 2492 1521 -2472 3966 3046 3340 -3474 4143 4008 6551 3846 3493 -8527 225 5635 1187 -4399 6234 -3532 6437 2331 -7907 -1771 8861 3599 5667 2504 4039 -1416 403 2662 4535 1341 3999 9551 3476 4916 9749 -3294 7123 6744 7910 582 8231 6826 2638 3531 -9053 -3706 6730 5946 1051 -9859 2124 4761 -8904 -9013 -5877 2764 
647 -491 -3900 -2901 389 4190 3769 8878 8855 3280 -2133 4938 9715 9422 3779 6058 -6102 3644 7722 9052 6433 -6139 9082 -3824 3730 -9237 6209 1531 3532 9910 7907 9757 8571 7105 2178 -4285 -1602 661 4769 5179 8234 -6529 5058 7853 954 8772 7976 -3546 8690 -2816 -7423 408 -2155 569 -1411 1573 7215 -3130 -7884 4648 1085 1582 -4945 -5461 -4536 -1487 2178 7216 3961 599 -2209 3962 -6900 -6381 8250 
9093 2977 5474 5760 9494 7297 4246 -1996 -1297 5486 1226 3743 -9411 5210 646 1534 1766 -9275 4391 -2610 9307 3006 8041 2021 -1085 3141 3242 2373 -7744 -6920 -9845 -7922 3658 3947 -154 4684 4681 6105 7651 -5640 -3662 1390 9530 -5322 -262 5578 6762 4162 -2595 901 1149 -7081 331 761 4084 -4216 -1890 -1089 -4367 -9351 -5018 8428 -7074 5429 7521 8950 307 -468 5155 6663 8645 2912 -8177 7129 8203 
-946 6123 4842 384 3475 9135 -8392 -862 7452 1660 -7358 7116 -3139 9331 8164 5233 4629 -3320 2318 -6735 -3529 -8579 5890 -770 5739 -1069 3546 1321 -3939 63 -1882 5413 9912 1656 3580 -2070 -7523 4985 -9419 -520 3010 -848 -3586 95 6158 -1141 -5212 7969 9584 9188 8938 5376 7839 7923 -8053 -5129 9603 6637 2397 -1241 1301 1535 -3278 8500 -1889 -7103 -4265 -6190 8365 6204 2078 -9997 -44 -1751 3064 
9945 9185 8577 8142 8477 8220 -6221 9388 -7028 8540 157 5258 5555 7384 1127 -7037 -5087 9779 7724 757 -9236 1845 4768 8320 9308 -2676 -4144 4926 3277 -8846 -5974 -5899 -8913 -9663 181 2390 594 4076 -9904 4533 6679 1546 849 -5734 -9810 -3332 6019 -3498 -4303 7707 1629 -7387 6966 6685 -8522 649 2420 4213 6342 -9299 -7258 5156 -7694 597 4202 -5693 8549 -9440 1789 2519 6610 -3562 5318 5825 6464 
-6099 7666 1392 -8019 -7494 -6860 6846 -703 6875 6049 -7057 1425 7773 -6398 5371 7957 -3291 4022 -1882 1875 -2308 2812 129 470 -1267 -3723 8848 8945 -6488 4126 3885 3492 3219 6930 5320 8906 7322 6877 833 -9793 9409 5604 1570 -589 2856 7767 1510 8013 -1 2676 -8657 7280 4824 33 3955 112 6598 1819 -8659 -8780 8955 7321 7073 5625 -7519 -7069 9753 3193 2746 -7771 -7663 -6232 -500 -1152 6938 
9399 9517 6008 0 4159 -7177 9562 9259 7420 5490 -379 3798 8310 8092 6690 4526 1947 -8567 7558 -1715 -9727 -1352 3238 -5374 4121 6428 -7899 3499 632 -2583 -8564 2020 4309 3179 -1641 -4505 7518 681 7560 2997 438 4501 -420 -7352 6644 -186 6823 874 1491 -2239 -4356 5995 3128 2606 4998 4705 1378 -3442 -667 3892 5210 3766 -5347 -6168 498 1166 7929 -735 -8675 2698 2761 6773 -6236 6088 3081 
8591 -9706 4426 8841 9067 -5031 -9921 -9159 9457 3203 744 7568 -6008 3463 3494 2974 -4461 8935 7709 8869 9255 3409 1251 3222 -6404 6626 5178 9710 2811 1315 -6676 -74 5557 3876 -4054 4254 331 2863 -8958 5298 3292 -3978 9387 8001 8825 -9916 5986 6731 6066 8859 7809 6652 8255 5008 -4187 6978 3472 9675 -6790 -2927 -7601 174 1318 1297 7883 6774 8593 -1531 -7532 -1269 394 3910 -3681 3009 -1238 
4667 -3375 926 1128 5820 7849 4128 -5817 6307 7517 -813 -7914 -7510 6285 -2942 2961 -999 -7279 8656 6442 -8139 8131 676 -5787 -7744 -4055 4113 3828 1258 5065 7481 -147 7162 -2855 3117 484 -8199 5405 8775 -1821 -7254 9910 -4738 -1230 9597 -7015 8199 5362 -5027 4876 -9549 -519 3828 -1222 2659 9575 9821 8789 4237 -868 8694 8427 3297 792 9893 -4015 -3781 109 6529 862 9103 9355 8295 -4259 8766 
2230 9622 1370 -7635 -1485 4081 -2137 -3369 -847 8953 8285 6574 -5540 9718 6891 5029 -8664 -779 -3720 3118 8213 2810 -2508 365 2330 7357 7771 2521 1757 -6292 3443 -7816 4507 -3374 1775 -4153 2532 6631 6938 1087 5788 -587 -7361 -2584 5379 880 9556 3904 9703 3265 2559 -70 5967 255 6379 1646 5875 -521 -8481 4235 1827 -3311 -8298 -5189 9973 6133 2716 4241 1794 8113 8271 -7839 -7751 661 -4757 
9917 8238 -3016 7562 -745 4062 -8380 7551 9731 -3138 6199 -6288 5049 6332 2505 128 1986 1339 8175 3747 4005 7630 9003 1862 3011 3589 -7216 5945 -5282 -9411 2641 -4696 2110 4574 2860 8474 -7619 9564 8297 -243 -4348 -2929 1660 295 5592 3244 9224 9497 -8859 3679 5819 4614 4373 8729 -5725 8730 -9043 -8928 4904 222 5494 -9729 617 9952 -7905 -2637 3193 4335 2631 -8690 7881 2490 94 -5000 -4441 
8914 -423 814 -9216 -3358 718 -816 -7305 6794 579 -9781 5629 8034 -8468 6205 9108 5774 6205 5137 4993 7046 5712 6299 2793 658 -9133 4713 -8954 7601 -1326 6051 1472 2345 -9908 -1853 2254 -8689 -9663 -7750 4272 -369 2881 -7906 -747 5255 -2450 7268 -7668 1542 6062 -3211 7578 -2125 1118 152 -16 -7677 6128 3826 -6325 380 -9458 2840 8186 159 6210 -4619 8665 9820 -1942 -1347 -8970 6739 -6422 8362 
4496 2566 389 -3884 952 9823 1514 4340 2941 5079 -3311 2454 -5042 9560 4984 8676 8651 8922 -882 318 1058 5051 2657 531 3650 9371 -879 -882 5437 2202 5259 -7705 9738 8 8919 4255 3176 2367 -3224 7552 6157 2745 2045 5969 -8112 5266 -2258 8281 7815 2009 3455 -2958 7108 -8211 9333 6830 -8469 8517 349 -5714 5598 9633 7535 -2544 -6683 -185 4904 1539 356 4388 -2194 6314 7904 -297 512 
-6436 -2565 523 335 8156 8098 -5988 -909 -8540 9144 34 3678 -3195 -8604 -6831 -5839 3724 -7572 266 1143 7429 8155 1816 6556 -9127 4202 536 7958 9176 6155 5441 9680 1128 -3507 1969 3678 7117 6865 -4569 9306 -6611 8588 6677 -4074 816 -6711 7750 821 -5566 8666 2195 9920 4762 8681 2343 8757 4029 -414 5959 -3487 4139 -8960 6527 5182 3929 -302 212 -8354 7209 -7615 -6590 3884 -9604 -8203 9717 
-2496 7568 -5635 5858 4563 -2724 6775 1457 1829 -4420 4004 9276 -9008 -4342 415 -5434 5678 4310 3456 3884 9027 4547 7752 4127 -7581 3983 -1013 5704 8292 2038 8377 -5692 638 7837 -3610 6930 -7188 7556 4001 -3805 -4525 7826 -3270 821 1047 8633 852 9513 407 2128 3552 -825 7049 5388 7670 -6346 6013 -8748 -7164 8724 -3021 6470 266 8160 -4039 6206 1617 -4436 299 9205 9557 -7022 3786 6282 7269 
8616 -5960 7396 575 -9565 4737 -9029 -3179 4737 -5016 5550 1407 -3173 -1053 -3238 -7244 3539 3849 2003 -3726 5022 4728 3889 7289 5498 8076 2645 -7384 6298 8378 8744 -8997 -2448 8785 1383 145 5332 7168 -9030 -6841 -1647 2836 -7852 7549 -1815 1672 -3616 3044 -1616 -6429 5675 7479 -5611 9754 -7191 8162 -3155 1155 -6029 2274 -1775 -9360 -795 -2482 9827 -3246 7791 -3943 8613 2430 8250 -4506 8595 -6182 1559 
1850 9351 1170 -6544 1564 8545 -9789 4647 -5881 -6509 6618 6375 -2343 -7948 243 7878 4713 6204 6285 7332 -2941 -7608 -6397 -3882 8087 4765 9021 -1187 9262 -1118 2478 -2094 8188 -5644 2067 -8142 9356 441 -8458 1666 2212 2168 6199 2266 -4196 -3067 9010 7203 3791 6077 3144 -1704 2892 -373 -1886 -8751 -4844 -3458 -8197 2830 -531 -4446 -4466 2924 -705 8265 2985 2548 4919 1852 9668 -8963 9868 -2325 8939 
7366 8149 5239 5262 5629 8898 -3078 -1992 5491 4810 2549 1319 9553 3962 6473 6392 838 -9913 3884 -3688 -6229 2224 2058 -3425 -4824 -22 9505 4784 6818 6612 4888 1332 -5881 8251 4940 3007 -5824 -4648 -5280 1423 6561 -3995 -9704 8127 9680 7035 2262 1413 -2414 -2253 8161 3526 3758 -5043 -8629 4460 4795 1909 8356 6533 7110 -3804 -9242 1553 -4209 1823 -8630 3694 7569 2025 7974 7789 -7664 6881 7054 
-9743 -1536 -8022 8638 3859 -718 6070 2719 3008 9736 7218 2988 2786 -6945 -7901 4010 588 2784 114 774 5945 2215 4975 -5264 -5471 6599 -2253 -9007 -7617 -2418 1896 -7582 -6349 -7963 -8331 3689 3643 4627 -4122 -1968 525 7550 3632 3284 8121 -2011 -9678 4164 -8185 -1011 2238 -9860 2996 6610 -7895 7363 1556 -5589 -7552 2963 -2013 9830 5748 3417 9352 -918 -6451 9264 6216 2418 4468 9689 1403 9786 2434 
-2844 -1098 8483 -5355 5010 4541 3758 4937 7830 -2352 2860 9997 1306 7033 8794 4213 6951 3142 1509 4380 -5808 787 9945 8748 3357 9140 2930 6487 6956 -5008 7076 -4280 2949 -9790 9714 -8082 -1841 7024 3617 7042 -4187 4917 1692 1301 7821 -1321 8515 5989 927 -4754 8705 7785 -542 3551 6359 206 7881 516 -3992 -8314 7702 6526 -6704 5954 -9413 8035 -9132 -8341 -4412 4439 996 6258 3107 -1026 6356 
6904 8449 1662 1979 5596 -1881 4528 2298 -8703 -8862 1326 1402 2102 9592 8786 -631 -5176 -854 3324 -7587 -236 9548 2764 5210 -7234 2695 4985 -9863 2724 -9920 -9524 9997 8102 -8030 8793 3588 8092 -8152 952 7889 4962 1849 -3291 -2938 672 679 -7659 1149 -7325 8792 -2118 -4270 9774 1370 7113 7416 1999 -8649 1584 -7448 9050 -7175 -601 4012 253 2067 7599 5315 2114 9196 9411 5093 -9133 -2887 266 
-2834 7718 2772 594 3981 4191 -2403 -5785 7773 -1179 6301 2447 9267 -8480 2749 -2457 -1441 -8351 -4871 6423 2894 7513 1322 3526 -1330 -6748 -7264 -8972 1844 1440 9203 9858 9985 6468 -5845 45 -2084 9072 9543 3078 -8953 4433 -4597 -5568 1631 -5010 2457 -867 -2517 1257 -1122 -7125 580 2836 3365 9457 495 -4162 7994 8477 -8467 8032 5896 1449 7586 -5241 5563 3041 3500 2540 383 6668 -345 8122 -6724 
-3025 -7358 5313 9839 8951 -4934 7148 6786 -1966 -245 -1881 2531 -8749 3720 8270 -2832 1676 2355 -7901 -1546 -3346 2970 4831 -1256 9054 -2996 -4126 -8098 -2348 6532 -7733 -5256 183 455 -4757 8256 7226 -9277 3577 307 1216 -7666 4680 531 -799 -8123 -9806 1946 7660 1372 7851 9665 5959 9347 4760 4249 6136 -2275 2762 6498 -9227 -9154 1616 -4484 -7782 4399 1822 8709 235 -8999 5010 8365 8932 7268 3812 
7674 9565 9674 7196 3695 -9669 -9179 421 3414 1886 42 6179 -377 6272 5540 -1604 7980 -2547 -9408 7692 7143 8954 9791 3020 -8368 -1089 -6948 7722 -1710 1136 -3819 5618 -2199 -939 4574 4277 -112 -1037 -664 7005 -3983 8176 7639 9578 5038 -4143 -693 5376 3617 -8630 8439 8928 4775 2113 -9585 -4310 -3720 6696 6400 -7983 2964 2418 6024 -8557 3876 -5329 6594 -3699 9857 -7483 5497 5789 7563 2241 91 
4020 7487 7544 5272 9471 2155 2278 -1000 7726 8111 8938 7734 1693 6590 9637 3457 4221 -7062 2853 7102 -16 5526 5337 9695 -8109 6660 -1286 1439 7304 -4278 7725 7788 7036 -7041 617 -5893 2731 7407 -256 -6648 9856 -8175 3828 9267 7957 -6460 9113 1583 748 3581 -8947 1610 -2413 1330 8438 -9621 7375 6289 9181 8922 -960 5272 2452 -2439 -2326 3220 -3517 9417 328 -9690 3503 9857 -4247 -2910 8166 
-6550 5740 3313 2830 2667 -581 2998 8423 7071 8500 8743 -5730 5055 9734 2302 -1481 4928 5687 -7082 -8605 -3066 -4826 5565 4028 1005 998 6017 5207 4259 7174 3639 9378 3497 401 -2774 1003 546 -2556 51 -1484 234 3769 -3640 7400 2220 7888 9161 5332 -8907 -339 4863 -1012 -3575 7543 7602 -5590 7089 -4987 -2719 5216 4024 9333 -6360 7187 -7572 7143 85 1792 -5899 -8428 -6917 7390 4587 2140 8716 
7884 7907 9196 -1370 3254 1066 3732 -4214 -4744 2129 1269 662 9374 4808 5019 4397 9585 -9079 9665 2524 -7949 -5504 160 5526 -1002 7594 115 -8635 6044 8473 1990 9077 3866 -7992 1290 2291 8567 -5003 -5745 7003 -9580 5487 -1424 5105 -9381 6432 2721 37 -4095 1530 3711 -8668 3597 2653 211 -9757 -5315 -2738 2729 -6270 -9301 6338 8847 -8870 888 1420 9913 8158 -77 -4495 -7547 8216 4040 1881 3133 
740 1878 5209 -4643 -4490 4355 2410 4786 -1409 -9293 3638 -1470 5229 7484 5292 8750 -3564 731 9317 6497 3533 7007 3268 3065 2974 5609 5999 4123 3772 4994 -9319 5287 -6423 7751 -2279 7258 405 -5570 6118 4993 8098 542 955 8292 -4236 8558 8079 766 1293 4733 -2533 -6745 -749 -5821 -6779 6152 9134 -3855 -544 8835 7476 9898 -9893 -6206 2808 -392 -5264 -5071 -3535 4249 7383 -6246 6517 -1033 8211 
4666 6532 3388 6300 -4137 1444 -8734 2269 -9173 3080 4045 -8508 9068 -2320 -3797 5656 -2578 -927 6665 9952 -2749 1918 616 -4582 3478 2707 3719 8579 9490 4352 -2347 -1925 2278 6050 -6636 4575 -7884 -1152 9310 6019 407 5179 9709 8018 5926 -3497 -5319 7712 9208 -2755 8757 6175 3908 3593 9307 -8765 4052 2627 5505 610 8212 8810 6518 1345 5890 6427 -5617 9857 7195 5295 7805 -4417 8955 -5594 -5619 
834 8918 -5680 -3256 3142 -9627 9780 4940 -7661 -475 8615 4964 7771 4924 2306 501 6409 9944 -9895 -1393 -1334 -3365 8445 6917 9808 538 -3579 6600 1351 -7533 829 250 6324 -2225 -2602 5394 -1609 -3924 1301 -2613 -865 -6316 6256 6726 -2774 3292 3127 1669 668 799 6864 5051 -383 -579 8414 8097 -6980 8791 -8930 7107 -1118 8466 8810 -4047 -6241 4670 6312 1706 9817 5460 -4962 -3556 -852 -959 -1879 
3510 6703 -198 3298 8661 7527 2452 1351 3177 5985 653 2355 5886 5872 7685 941 -6996 -3622 -1924 -3805 665 3862 6057 2281 -9059 7598 5227 3273 177 4528 8627 2664 -536 3347 4931 2716 3298 -8635 5168 5504 -7093 -1972 4146 -465 -3092 307 1917 9189 5770 -87 7606 8559 555 -8481 3908 -3652 9768 -6061 1657 3635 -8032 -1210 -6189 -3408 -5769 478 6781 -8959 1484 -7517 545 -9260 3970 5581 9624 
3630 6554 146 4849 1087 4358 4385 897 9164 -5785 6432 -7602 3030 98 550 9285 -581 7926 -697 -9785 1311 7460 2094 4518 -5613 -934 4433 -9990 -1969 5523 -7371 3106 5353 262 634 688 3203 4059 -6018 -8993 9447 -9304 6972 8018 -3253 1545 7124 -2507 490 4312 2123 5510 -8822 4540 4083 -3217 -4216 9412 6653 6585 2471 2559 -3518 7698 6990 -2765 -6623 1415 -942 1859 4876 6708 -8852 -7154 9408 
-7062 -722 8343 -7603 6710 -7953 -4783 4298 7576 5124 -6915 6731 5740 -6424 8427 -7723 -3272 -5926 3435 8032 8575 7299 -7973 5859 998 -340 7149 7829 6115 4094 -9109 2683 8925 -6195 -2664 -8827 3651 1031 2437 7639 2091 5123 -9289 952 -3411 254 9743 1362 323 4052 2952 -8172 3863 -961 -9401 4143 -9697 7162 -3565 -6027 2008 4516 4314 3476 7710 5249 921 -6425 4 -2482 634 684 7850 3631 4878 
2954 155 6963 6986 -1390 9589 8020 -9166 4232 2858 9678 594 8720 9442 362 5465 8648 8657 6534 2571 -9388 9664 -1007 7978 -4322 8747 6301 -2823 -3003 986 -6480 3976 2263 -6951 5073 5382 -2561 4330 -2761 1105 7722 -8885 2016 -1574 4583 -6139 5409 7330 803 4121 4347 5255 5443 5323 -6656 -1126 6556 7273 2838 -7323 1440 2535 4650 -6159 9001 -2967 -1649 8572 4746 -9990 5739 2654 203 9756 -7062 
6552 5808 440 4215 3600 450 5201 6675 5498 4465 7381 6782 2109 501 8872 3493 9724 3858 -895 9359 -4570 8290 -2996 1766 -5181 2381 9293 7481 -8621 245 -6166 762 4578 8719 5298 2461 -3752 6248 8429 1922 -1127 -192 8913 -6064 5332 7449 9030 3725 2939 -9507 9197 585 5801 1578 9548 8419 -4389 9779 -6723 6110 -5503 6503 108 -3135 7276 4779 3041 1036 7213 4855 5316 2718 -232 -3086 -1372 
-2301 1343 -5509 3407 -9369 -1244 3499 2325 -3844 -918 8212 -8835 -3107 1146 4851 -8302 -8824 491 -8658 3920 -5707 -6720 9282 -3368 -7185 4582 2211 7878 -445 7387 3129 4841 2431 -690 -6500 6038 3670 -8273 634 5311 -7634 388 3898 8360 1136 2585 64 2583 1209 -8511 -6437 5649 1189 7033 8903 -1539 -3058 -6298 8217 9417 -8934 9516 3423 7483 -8649 -2962 7732 7950 -3452 1848 5327 9384 4436 -712 4172 
-967 -2025 5063 -8512 -1269 4640 -2655 7309 -5181 -4379 -7334 9860 6933 -2474 317 5942 -2945 -1506 8556 3863 3107 3840 3484 7916 -8270 -3093 6295 8170 -41 8036 -86 57 7883 -6105 2124 5563 3029 -7572 9092 645 5702 9532 -3250 1108 -6212 8116 5744 -7098 -2846 5113 -6346 861 9966 -858 2285 792 6106 -2419 3920 -7453 -943 2225 -4876 3113 3899 -6652 6340 8614 9865 4766 -645 8810 9125 9470 4193 
-6150 5455 -835 9760 -5262 3959 7957 -9051 3170 -1198 9463 -5239 -6401 6324 -2546 -2338 4677 -861 3679 -8942 4201 4788 5805 915 7075 -208 -7151 5880 -1880 -505 2721 -5060 9935 -2160 -4957 4923 550 744 955 -7750 -8007 -7487 8573 7597 6533 6482 -9779 7765 725 2994 6281 -2513 5540 4598 -3826 5283 7672 4694 1829 -1002 -8645 -2037 3517 1295 8122 4620 7521 -8777 943 -5313 7794 7468 5420 3646 8034 
604 581 4612 3459 1157 -3794 -7888 7280 794 -9488 3903 -2922 -3646 -5959 5730 1621 4176 -7773 3662 -8754 9951 -8808 1287 8316 -5697 3861 -6749 495 4099 -9533 6451 -3321 1205 7024 -4259 617 7204 2455 -2544 -4650 -1627 7988 -8892 8440 2778 -6254 836 7413 8299 -7871 2214 6673 -8464 7541 1493 9880 -4363 1092 5791 -1064 9974 5673 8496 8156 -5193 6148 510 3092 4806 -4466 -9193 1049 -5850 3247 7784 
4386 4325 -4446 -7511 -8726 303 3559 -5563 5159 4679 -7033 606 -704 -9351 -9464 8416 9824 -7854 -6190 -8707 656 9092 -2577 2311 5067 1888 4481 -2798 6841 -8444 4788 247 9634 -5869 -551 -273 4343 -5692 7485 -2948 3070 6547 2674 4543 8824 6831 -1783 3993 6254 -7585 3017 -2570 666 2326 3006 6059 -9391 -7354 903 -7266 6526 9821 5567 8152 -9211 -6181 3454 -5798 2594 -1710 6379 8428 -9190 -603 7357 
8476 -1329 -6579 -4604 1503 -2207 -8820 3838 -1912 4417 7835 2833 9137 -6680 -4615 2672 1618 -6246 7460 1951 1287 8993 22 6225 6196 9542 511 -8379 -9768 -2297 -6391 6535 -8715 -8901 1680 371 -3513 -178 -452 -3174 -5092 1052 6464 27 -6589 65 2076 7416 5882 7800 -6913 -8581 -2796 7234 -8247 -8964 -3109 2946 3691 6081 -8192 6589 5448 1638 7764 5620 -5331 -1111 6306 4335 6260 7013 99 6138 9087 
1137 9428 4493 5432 -6188 614 -5256 -8242 6501 2487 -6743 -355 -4686 -9529 -2018 6493 7601 5914 -5694 -5660 1371 7585 5839 1204 9085 672 3395 297 6540 7889 9366 5579 -2093 544 -7122 -1874 -5616 7776 -156 4518 2660 -1660 920 8171 7990 9653 1545 1033 3963 1138 2681 3686 3284 -1651 7420 535 5586 7810 7971 -9586 5551 9707 -46 4818 -9232 3249 2198 7311 9215 9758 7911 4647 6550 3648 -1757 
-3297 4655 421 4823 -4270 4442 318 9474 2730 5211 7841 9323 8614 4587 8119 4185 6496 1933 9788 2632 2229 9794 -6100 5054 197 438 6178 8120 2005 -3116 9398 -7812 246 6635 -2008 2066 -7661 -7413 -5054 -1177 82 -9439 6713 5124 4489 6211 -6934 -3236 -8664 2656 -9321 2281 -1793 3140 9353 6054 5163 3548 -5782 5541 -1488 2254 9989 8184 2920 7591 8451 8127 1774 8412 8071 -8273 3285 1120 -9989 
4171 -6914 1384 -2851 8143 -8434 7443 -1663 2238 2921 5880 2197 -3480 -6225 -2192 2764 3341 9589 3259 955 5554 -1761 -6483 9881 -2807 3162 1732 -6986 698 7561 -4824 6171 1668 3620 80 -3998 5911 6033 9001 6236 9727 4508 8027 -6903 -8965 -7780 8338 1454 5766 -4420 9428 4302 2014 -3475 4283 5891 3542 8925 1571 3473 5651 9845 6378 813 5293 7264 4646 -9684 -550 4637 -7070 -3819 9638 1945 114 
6715 4152 9133 5534 2397 455 7792 49 1429 42 -2088 1846 3770 -7238 5671 7809 -9674 9872 2534 5213 1868 4209 1964 -9052 -8208 -9238 4703 8602 5037 3728 3360 8675 5762 937 -6172 4777 359 5420 -8090 2124 -629 4395 -3894 3257 1120 9340 8498 4247 2751 -2877 3623 -4725 3179 6188 5018 8925 3748 -8435 3529 6987 -3302 6970 7219 473 -7236 6140 -8469 3412 1444 -5643 1012 8377 1578 3135 -8195 
5013 3287 -5219 -7293 1650 8936 6407 5770 9262 9855 6484 2962 3691 1435 3510 690 72 -8790 -820 714 8621 4040 -9316 6148 -913 -5284 8975 3583 -7531 -4540 -161 -7942 9334 -4877 7967 5588 -2647 3607 -2885 4753 -9593 -4118 2551 7378 -74 -5177 3797 5844 -9015 819 -9991 87 8801 6793 -230 6221 3391 62 2893 -174 5766 -3486 -7853 9679 -5348 6394 3413 8033 4271 -8017 3613 6116 3540 8450 5650 
936 7103 8834 5815 3437 2017 -4177 9155 -964 -2867 6263 -4667 -9271 -5081 -6374 710 6538 -7719 3037 9671 5844 7766 7700 8868 2732 9860 -1371 3466 155 3502 9693 6927 3698 -8504 3928 8700 8395 9939 4030 3000 3641 5903 -7878 -4611 2268 -2610 8320 9281 9131 -590 4479 -1424 3327 9388 3655 -5435 5971 647 3592 3668 7106 7096 7360 8393 5289 -2761 5911 -9773 7353 6794 -195 5964 4762 -5730 -5769 
8837 6406 -8128 7456 6005 5089 7650 8882 241 -7016 2740 4276 -8955 8076 950 -5277 1743 8054 9867 1557 -5334 3442 194 -4969 7779 2049 4653 6511 5579 4226 7245 8066 4688 5275 -4135 4338 -4607 2590 -6336 -6112 -8864 -3778 8002 2610 1179 7429 7653 5610 -3070 942 -5302 1921 4573 1123 2750 1936 -3686 6481 7530 -4676 1779 3630 -332 7131 9694 -7463 9440 7574 -1358 8463 6286 6690 4427 -2099 527 
-7082 2609 3444 -6827 -5736 972 5006 -3965 5114 9648 -1969 5962 3698 -3689 307 -241 -9272 -7199 -3084 6870 2090 5730 3706 -3139 7052 740 4367 7605 6413 8024 5607 8259 9184 7364 8244 6259 -827 7716 9838 5997 240 2254 7158 -8549 6742 2499 -2873 4371 -2461 3219 7824 -3733 4650 5721 4696 8197 4110 8602 -2916 -3091 -5124 -2209 6723 8491 5614 5008 6189 1710 -4855 -625 9674 6212 7375 5407 2853 
