84 90
1495 6499 6307 -9309 1623 5685 1643 8760 9357 8618 5192 -430 3441 7798 4429 9703 6438 1960 3775 5599 6874 2813 86 6698 9622 -3998 6864 5056 3380 5479 8304 2909 9973 -2906 1936 7401 1258 -2377 -9093 8392 2717 8994 1317 7461 9456 -6461 2015 2107 1025 3984 7464 6882 9458 -3074 -4527 -449 6145 149 8957 8921 8984 7837 3868 6657 4930 812 7559 -5608 -7206 -1928 5664 827 8675 8476 3851 105 -5818 1485 8421 5174 4724 5486 7265 9377 2588 606 1210 3721 -5472 2222 
5806 413 3716 7634 4950 76 -4571 6136 2395 541 -2429 5128 -9868 2617 3245 -4589 6479 4879 4991 -3938 4252 965 1621 6786 6770 -3088 -2227 2478 4558 1786 3714 6568 2883 717 3869 3643 6911 4628 5073 314 9744 4552 1006 8360 8866 -3227 856 7426 1112 -7487 8826 8774 5034 8647 1782 -52 -8113 3551 -107 1486 7406 4230 230 4883 2937 2660 9562 343 647 8435 -1341 -314 3158 1085 7460 3001 -7641 347 -6492 4363 -1755 4364 -1416 6230 2212 6115 2509 5409 2497 9063 
9507 999 5677 7141 328 5850 3360 4582 4429 -3873 8763 5664 7204 2908 9392 6771 9733 4812 2068 7824 730 903 7132 -2180 9540 4515 2841 2869 230 1210 -1049 4712 5427 785 8431 -8006 285 8141 3644 4945 1219 8247 1557 3787 2544 6298 3838 1644 -2873 -1292 7548 4286 3373 2638 115 -196 -7264 9907 -2073 1320 857 -9437 3530 7717 3966 4711 -8708 -3183 8316 -4474 1870 3537 -2716 9619 -9028 5342 9469 2310 9899 4931 8785 8636 3414 9225 5737 8657 3372 9735 235 8300 
-1591 -9845 -116 9532 2970 3871 1001 8748 647 -5708 5748 -1445 4070 5819 6191 3294 -8905 -2214 4704 -8058 5678 823 7333 1529 -3584 9392 -7949 -6024 -1438 2768 -5635 -4273 2269 4431 3615 4510 -8912 -3596 1709 1187 754 4633 7102 2302 7455 -9288 1321 6441 4780 1901 2157 6514 5134 1533 5904 -2745 129 2064 -4226 7243 2725 -3325 5257 7350 8230 6765 8471 -9228 8274 3839 9196 2521 3024 236 9015 -6052 6020 1304 8837 -558 2642 6647 541 -8004 -9031 7134 4865 -2735 -3803 5713 
-6225 -789 4183 7950 3755 4979 7894 5108 1679 -5206 5164 2149 2287 -5956 1962 7977 9563 2529 3555 2620 6961 7072 2994 9806 6341 1050 -5819 -8405 7510 3192 -7702 -8478 -6026 5541 946 4651 -7929 -9381 -2852 -725 913 3238 3313 -6540 3490 -4528 7467 5373 7292 9732 9235 5684 7875 2784 -8521 -8749 9986 -8296 8640 7248 1663 1247 2656 -3061 5803 2691 7175 5551 7598 4652 4689 38 -1922 5703 -9397 256 3938 -8950 -1111 8727 4964 5157 2376 8540 4901 8784 7971 6544 2624 5807 
-4969 5228 9498 9438 8563 6254 5038 -5099 4202 5861 1947 1645 5401 -5844 3389 7292 8053 8922 9729 5998 320 4060 -4902 6213 -5784 -5743 3344 5956 6042 -4872 4008 3934 4866 4219 2265 2662 8398 7001 8790 -1702 681 1026 1406 -1858 8855 -2104 -1099 417 1043 7905 1780 3078 -3141 -9048 3157 9455 -730 6405 -2677 5996 1987 3304 -7781 -4734 2521 3720 5104 1549 9053 5410 48 -1671 9728 8310 2570 -7298 18 -2125 5302 8977 6382 6018 -3715 5456 -4802 2007 206 6875 -5655 4261 
7591 -3370 6434 4476 924 6448 973 5518 1361 3089 -9062 9835 1380 7456 9517 5497 668 8190 489 754 5280 1901 3605 2036 6522 4602 9677 4919 -8531 5974 8888 9519 6549 9345 -8967 -1761 4851 9282 -5637 1164 -3602 415 7540 3397 2154 3120 3973 7379 7429 3662 2261 8618 -5751 5370 847 -8463 7189 527 8694 2361 3559 4694 -2840 -2986 6252 7598 -2014 -9266 4847 6401 2398 798 6691 5040 3206 5368 8877 3458 2737 4512 -9911 1941 5261 5465 9192 -6506 -6117 8350 7781 -7908 
2323 8110 9417 653 6986 -6699 8980 234 7593 6188 -7648 8925 1239 3191 5147 5033 -9726 4497 7829 2259 1098 -1035 1695 -5591 4892 5611 8891 8016 -9755 533 7424 -8908 1766 3095 7542 -2272 -4904 3984 5347 3750 9548 5745 8659 843 -4688 9407 -5369 5416 5112 -4929 5061 3780 7160 6050 -3785 7182 6107 9444 8621 386 3279 -3203 9624 8416 6285 1056 5243 -31 6510 1278 -5598 -8557 7114 6962 -2782 -2206 3149 8668 2674 7025 589 -8365 -7980 -4138 5591 434 7662 6825 3682 -9891 
-3319 2103 4507 2780 -3306 1678 3911 6634 7788 2518 -372 7554 9122 2817 -325 582 7012 -6451 8111 8982 -3689 5073 490 -5682 6054 7574 -6182 1394 7996 372 1339 -5680 2145 621 8641 7993 -3247 2882 8780 7854 9561 1544 -9192 3647 5168 9967 6487 3401 4260 -3312 2212 7770 8814 4722 4119 -4208 633 2977 526 5803 8592 4558 8793 6262 -9703 5666 2284 2746 3376 2190 -9010 -2864 -4573 -9770 1720 5718 6327 -767 5231 3850 -6672 1472 4945 857 9470 1865 -1981 7845 828 9443 
569 -2216 8124 4393 9305 4402 8693 -6138 -3476 5211 -1292 -1281 88 9120 2360 198 9620 8438 -5340 2321 9837 2221 4218 7085 1450 6969 -8548 4334 9311 8436 5897 7348 7635 8729 8585 8399 9975 8132 6319 5516 -6976 -5578 2468 8719 -5005 -8751 2407 7794 7051 1044 -6351 2994 2197 1454 5441 6768 7199 7099 9502 7448 8867 2753 7938 5866 115 9429 9685 953 6469 1406 -2878 -1592 -5617 6681 2282 2200 9597 999 1541 1623 9142 9706 6768 4192 -9081 2586 3677 6610 -1051 3703 
8936 -2317 214 -5086 6347 -5830 9003 6858 -2522 2821 5359 9227 4194 1105 3142 -1316 5706 9023 2732 7738 9165 5475 9647 855 8156 2061 490 1531 372 8090 576 9846 6886 4085 -6516 -7018 -7119 137 1533 7695 80 1263 6068 9972 5014 2913 8662 683 9345 1326 6987 6662 6687 6005 9662 5794 5052 5235 9151 1345 4390 -6520 1544 4806 5940 2672 8032 9886 7863 7918 -9752 312 -6394 -9861 -9409 3223 -2108 5524 5711 3352 -1848 1815 118 4222 3749 -7317 8222 6543 6524 -418 
635 8996 3418 7570 5888 -2531 -6293 -9820 -5293 4380 9183 -7988 4497 -4307 -4382 4696 1772 9347 2674 6870 3556 5309 5980 1554 65 8845 8587 3398 4280 608 -441 1254 746 9020 -8217 -3869 161 8070 8139 9282 5941 8607 8941 7248 6499 -5873 -8286 3838 7866 -1507 5447 8420 -8572 -7330 9753 73 -7625 -1761 -7737 3510 9283 5978 1552 -5913 7916 4303 -5379 8887 9994 624 5916 -9860 9373 8390 1495 1353 -1675 513 2707 7418 743 -1722 -7443 1873 -1586 5522 5430 4792 -2766 -6335 
4133 -7905 -6290 -4743 9854 9416 200 -3749 5708 2080 7664 7789 219 5452 -216 9208 7303 7705 2290 7171 6434 5164 370 5658 -4485 4819 8999 5215 7841 -3641 1729 -2307 -1066 1956 1978 8632 5333 4162 -9754 493 2266 3227 5960 4281 5840 1453 579 5629 -306 9870 6088 -7593 -4678 8294 9383 7118 7875 5622 3375 8666 7726 5313 -5038 1051 -1681 5946 6530 7997 7142 -2710 -3434 5092 -9222 149 4342 5571 3571 4282 -5066 -4538 9461 6331 326 267 4109 3313 -9521 6951 549 506 
-7175 7046 7501 328 298 1570 -6448 8020 7820 6597 5517 1600 9980 7447 -5565 9224 1749 6717 6508 7167 6411 5620 7599 2007 -3065 6264 -3203 1707 -666 9004 -6155 -7200 7946 9590 368 121 2662 3080 6121 -1680 8946 -9377 8604 3808 -5581 -8268 2653 1893 6993 7953 2671 -5321 2748 8278 -5857 6101 -8692 -9495 73 12 6535 -2208 -489 -9872 5097 8393 8084 7884 9861 7904 1334 5870 3762 6229 6031 8882 1089 -7451 9061 -5884 1534 -2576 986 4308 6286 -7174 7787 7691 6393 7227 
1773 2656 6242 -9710 5682 2348 -3139 6553 -6514 280 7297 290 -5431 1050 7064 3886 7362 8624 3267 4817 1276 6619 6340 -2889 7940 8265 3317 2888 5995 1115 -5047 2133 5305 7940 9826 6279 7957 8347 6536 8141 7546 4318 91 9462 1641 8950 432 -4236 -7825 -1832 7970 3449 6967 743 5040 -6557 -5578 1515 -6605 5007 8046 -1404 1658 9673 5488 -7614 -2860 8723 9140 -2378 2648 7757 6647 7635 2382 2992 -8402 3570 6697 5589 2794 160 -5659 2566 7873 1149 2276 7210 6133 8107 
4991 4577 2669 3656 3923 -9471 1905 217 -2732 4287 58 9160 5973 7076 9439 304 6095 3634 -8511 -1221 4086 -172 8776 3111 4227 -7717 7081 -7240 3372 7148 5524 4822 369 7042 -5043 -4233 3959 557 -6038 9130 3959 -9626 -6439 9640 -4625 -1277 2604 -6506 6710 2120 9268 5282 2346 5294 247 4976 -9240 3847 8346 3064 8491 -3610 9155 -6610 8437 -4247 -6773 5829 557 7900 5361 -7428 -6963 8167 -662 3678 8338 7758 2310 9929 5153 3469 9528 1688 -6668 9013 5037 -570 4825 -6532 
-9160 7399 117 2086 6525 5089 -603 60 1126 -9207 7868 1673 -1975 8114 -7363 1140 6003 9159 -1928 2796 -6036 9145 -3849 9098 3890 9652 7625 9893 1999 7464 -7555 6393 715 -860 610 365 7499 747 2874 9983 1855 5725 6919 3994 7233 3792 8010 -8216 -3233 8159 5538 4308 -1901 7993 -9571 9448 4661 -8092 2719 -483 2066 8974 7355 8060 7860 8806 8662 3492 7788 6817 8882 8522 6804 9159 -8165 5670 6115 8269 9969 -7928 4451 4622 4587 3393 3616 -1190 5988 671 1381 8590 
9051 4933 -4019 -2959 -5862 9148 8187 -6726 9514 8323 286 1902 9872 5845 -9547 3620 4306 -4373 1996 -803 -3045 735 4387 2825 7777 -5534 -8957 5948 9309 3396 -7633 2558 -4232 8925 1519 4676 8699 -711 2497 -7984 241 -6306 9858 -2357 3983 1626 7801 8504 7488 7583 7988 6439 -519 4613 9422 -189 5313 4458 5314 2109 5536 530 5316 2921 5663 8106 9048 2365 7903 78 7677 506 2845 7875 6698 1166 6446 5942 5535 5325 9678 3223 -3645 -7333 747 5769 -60 9393 8560 5956 
-4073 1929 -4466 1843 9650 7814 -758 9243 5698 7866 6386 4649 4787 -1986 -3095 -8833 5524 160 -2109 -6426 6493 8202 999 7536 -8748 2409 -966 5571 7597 7571 3917 -1553 823 -9207 4134 7191 -7057 1322 611 6152 2119 -5699 5758 8431 -5028 1837 6243 -1223 340 8831 -7392 3457 4254 8396 6710 4464 1309 7505 2358 5671 2036 2951 -197 9964 -1923 -5580 4080 6589 5372 3786 9619 -7670 -7998 3049 7113 306 6711 -1765 8949 101 8310 4716 8392 -461 7113 9511 1501 -5839 14 -122 
7545 9718 697 3940 5357 6233 -8035 3627 2806 2207 4159 1297 9078 1084 9933 6443 1300 5372 920 -1712 -4965 5617 -3684 7134 1196 -8660 5130 2859 3756 5056 7738 7794 91 6365 -4121 457 -8694 -2555 -1058 8239 -1225 4530 3332 6464 9762 -6931 1273 2591 7010 5479 8523 -4067 2691 7567 -2626 4934 7935 -3709 -9244 4998 -4001 4304 -6071 961 -3708 4692 3129 9923 -9003 -2573 -4348 4256 9027 2302 8361 -8425 -8138 -7270 -7222 -6894 1045 -8895 1687 1804 5255 9026 -6050 5180 1343 8393 
-8557 -7497 7446 7464 4520 9226 3718 9308 -5067 6883 4252 -8768 6555 -8223 8291 5171 235 8158 1065 1095 1473 4879 3081 4077 2812 7155 6253 8475 1256 3164 7034 4186 644 7767 7115 4717 -9418 -9129 3335 2896 2717 8406 7254 1655 -333 7535 -251 7933 -2513 -9465 5646 3554 8364 4137 6160 1323 7049 6637 8194 -4326 4626 1439 870 9268 -8613 6903 8685 -5937 2981 8752 1444 7427 3491 -1650 -7471 2614 2504 4197 5239 9695 6637 8526 4840 -5859 -1369 5877 -9890 5830 7578 -6070 
1301 -3465 -5211 8940 -4343 9902 -9787 1675 -1012 8962 3145 1879 -2083 2906 6368 6319 7678 2572 -2880 2160 2808 -3617 9718 -2220 -6053 -3714 9076 4724 5234 536 4738 -171 7812 1667 1991 6625 7124 6004 6012 -3450 2906 6857 -8875 -654 215 1372 6412 16 1024 1858 -8878 4136 5820 9689 1316 4077 920 3742 5268 416 8785 -4672 7338 8950 2452 1833 6079 9899 1239 5737 5557 -7749 1611 7523 9493 2823 7419 -5473 7765 842 4652 8834 5480 6242 6190 6049 1949 6381 3970 -1709 
-4864 6469 6624 9518 5806 -8501 2047 3831 3468 3385 485 108 5885 3780 -1582 -1098 2001 -2166 -7445 6657 341 6589 7437 -7746 3003 389 807 6418 -6523 5644 3419 4317 8954 4357 -4545 2551 -9849 405 4331 6497 2196 -342 5513 8747 9283 2367 5920 -8083 7077 4935 -5517 7158 7950 8541 -875 -2939 9823 337 9607 6398 7797 9739 -7175 -1079 7391 -6672 4275 8022 -5268 1578 9820 8647 3539 6166 8137 847 4072 1254 1450 4790 3160 4329 6507 7537 551 3356 2830 8612 -586 308 
-2790 3126 3114 5022 -3236 134 -1160 -8160 -641 3743 4604 6588 2696 1115 6911 975 -978 -694 -4090 -1079 1159 5567 -8978 6648 6761 9104 870 5220 2312 -3331 253 6317 -9774 4285 8942 210 -740 -9871 3575 6455 8967 -1974 -8792 3685 4596 3290 1613 6865 4012 7773 9331 2932 7136 9224 -6915 3452 3570 147 3096 5100 6896 2078 4530 1643 -5924 4416 -5103 -9741 4738 -2446 5548 6514 8800 9856 150 3210 9735 -7428 6128 -689 -1151 9835 -5433 3256 518 3461 4394 5573 -74 5113 
3622 2095 9097 5661 7250 -2938 6471 5047 7854 8065 3356 4249 2181 4086 6502 6577 8207 -9246 5884 4946 5832 9707 3186 5691 9878 2267 7631 4056 9828 -5613 7040 1004 5772 3773 8907 -6039 -6849 7479 7319 -7646 1966 8420 1962 2724 6760 -5555 -3312 -5802 3464 9694 920 7333 842 1365 1053 1673 7111 5828 4317 5403 7537 2852 9518 -7001 8158 7717 499 8525 5084 -7 9800 5527 1933 6934 2761 7913 -9726 2139 703 3091 8343 2799 -4325 5271 5958 5658 7196 -6109 2169 1078 
5335 -5288 -5220 -6787 3320 253 364 3804 -7091 9326 725 2914 1790 56 -9361 -8927 -6331 162 7195 6596 1463 2408 -6500 3441 4940 3064 5676 1332 3871 9114 -1199 143 2114 4173 -4030 -2526 4248 3084 6560 8390 6173 1184 8029 1865 8805 -7889 -8506 1279 4493 1447 3644 1334 -9388 -1449 5300 6291 3250 7356 6545 -2406 7453 -5158 4572 4954 2168 9000 2006 102 -1238 5894 -3363 6459 9870 -8362 6400 6770 9196 6101 5705 2726 1194 -323 956 -2268 -6488 1437 -8581 5280 869 -7217 
706 2244 8876 -5406 5868 9591 -955 1685 -4938 -841 5761 8519 7395 3138 156 8183 4196 642 8903 -3032 8959 4386 -3153 1348 3702 -838 -8153 6775 1724 3139 -7214 8841 9415 2351 7409 4748 4506 -2743 -7087 2436 1 5701 -2395 504 4802 215 7685 1269 5107 3693 -7995 4709 -4711 4597 520 3059 5527 3072 9483 -1369 3346 -2052 5710 9328 2820 2732 3655 7335 6096 1954 3372 3261 3351 8515 188 -5598 1461 -1425 2728 5158 4190 9815 1448 274 -3426 564 6151 4667 -1888 2576 
234 9550 -311 1956 4119 724 7889 -949 -4432 4002 652 -4403 963 -6539 4065 2719 576 3945 -6956 5562 4077 9740 -1987 8181 7637 -6200 4509 6902 8988 1860 3493 354 3488 6033 5630 3706 3341 7686 577 5258 504 3233 -4688 -236 -8613 -3744 1736 5989 2850 -283 -6746 8539 -8349 5834 -7641 3479 1669 843 4461 -654 -7955 398 4444 -3357 2988 -2366 9751 9250 743 -456 2315 1409 238 -3282 9427 3550 -4794 3906 5162 7172 2780 8872 9829 -9985 1311 9084 1514 1955 9873 656 
-6358 -5301 8996 5704 3862 -6338 9612 7786 5917 1252 6702 12 9673 5515 -2839 -6290 5088 -5573 -1346 9927 -6056 8215 6072 4631 -4498 9540 9654 3677 4701 3193 6125 6958 7108 9740 8382 4400 4532 -6056 -6038 7683 9152 7104 7514 2923 7882 3753 2603 9684 5879 -9662 1422 6769 3708 5222 -8116 -3499 8399 3945 6749 -9203 3729 2764 5466 3998 6652 6720 8754 6727 2726 2846 -8305 4619 9411 856 -695 4193 7828 -8335 1047 -7798 -5614 4014 -1128 6214 5853 5426 6677 4472 8514 5953 
472 8617 783 1041 9195 1478 8595 7844 4874 9389 -425 -6715 3850 1183 -6094 1403 -6143 -8138 705 8343 5684 2902 9027 2924 1642 5106 5833 3052 8589 -1106 7116 4098 -9112 4043 7050 3889 1868 6046 -2395 3436 -9542 7266 3358 -5860 3166 6577 -3280 9458 5896 2086 4670 -8095 -3723 -3574 -2392 5605 2778 8353 9827 1505 765 600 6910 3519 -9015 9253 -3675 -8696 2653 397 5852 6823 3791 5270 1002 -4293 -2256 939 -4537 4046 -4381 3097 5993 9534 9689 880 -8156 198 7565 6305 
47 2451 634 1798 -1568 991 6001 1212 -6232 4964 8395 -1500 6444 557 5620 4616 -9499 7959 -4644 321 6572 2238 -4575 4551 3280 3698 9460 2520 1881 2044 3418 7834 6330 8240 2073 -3569 1559 9547 612 3787 2993 6012 3585 8694 8747 7281 9750 6553 -9142 4312 5649 9819 9988 8543 1113 -6606 9220 1973 6916 9793 -685 9378 3898 -5088 5717 -738 -526 6453 -7298 6365 7658 8774 7902 665 1968 1842 5599 -9522 1275 7871 5234 3392 1980 5999 9728 7409 -2770 2962 3214 5588 
1957 7534 -7158 -2831 6286 5901 1574 -9515 213 -3034 -8358 9739 5 6137 -1002 3980 4273 3817 -4274 937 4030 2495 5006 7339 4061 2817 9013 -5745 -1347 8075 1618 5584 -5588 7564 5793 1548 1946 -3561 1484 2823 2667 6278 770 -7532 2784 9385 1256 8969 1567 6088 5618 1162 5002 7990 5995 8441 -5397 6865 6713 4249 -4665 -4121 5944 -4812 7603 -1233 9131 608 9097 4346 -8417 5590 -628 4822 2953 -8694 224 5736 5966 -2706 -7973 4444 8477 3817 3571 -1449 8894 296 6010 -7452 
9804 6545 6869 -3612 8842 -8104 2553 -7241 9826 8769 3247 8856 -6604 9299 6441 1665 3745 -7188 1214 6061 9310 6241 1100 8500 -80 -8038 2097 3961 8871 4917 4175 5458 5229 -2729 333 4367 6004 4941 -501 1130 6147 7487 7346 2288 1269 4242 -9607 4944 8360 1109 -5014 -374 -3952 -5508 4035 8433 -7728 9219 9884 2678 7836 3847 4654 5138 2407 3011 2486 8905 -9601 -5956 6510 -873 -9033 9037 7762 -2876 -4285 3323 8523 4442 -6551 5205 -7840 2208 -5361 4672 5597 4292 1931 3616 
-7817 -8120 -6138 7143 -5180 -2314 8760 -4745 7605 8314 5480 2599 197 8217 4665 5542 2131 9899 6837 7909 5497 5953 8110 4225 6437 7088 1091 -7850 5274 -2163 9032 4844 -9415 4805 -5376 338 7522 3241 -9393 1924 1879 7820 -9878 9478 -6652 7810 4504 8598 -9892 4736 6630 2553 4073 2805 8516 347 -8805 7895 7887 7793 6599 -4451 -7825 -3802 8760 -7715 4165 8210 4329 -9361 3801 3290 9808 8557 3552 -9378 1370 7807 -2882 -5691 -1987 3893 4739 3811 9679 881 8028 4687 -809 -8583 
-6518 5728 7956 8587 7763 5842 7359 -1960 7009 7200 -29 7812 2519 7195 -6215 -5606 6210 722 -2992 3071 5184 -432 4832 8103 9786 8311 9742 8454 3663 979 206 -6811 -3891 6797 -5561 2134 1015 5917 5292 9289 4625 -8285 7263 -5647 -6919 9396 7797 -4004 -7793 7295 5699 -9876 8738 -2850 -8947 5469 -5507 3431 5386 7775 5447 -8272 1373 2442 5573 3696 3012 -1083 747 -3239 3569 6296 7054 -9252 7698 3392 2036 5494 8730 4581 1935 8472 -7403 9467 -802 3796 8185 -816 1188 4435 
1257 -7569 680 7075 -7718 9022 8799 8985 9481 -3834 -3830 9753 9835 2728 2683 3046 4459 4106 -6505 9647 1747 5358 -6980 9149 3686 3295 889 -6014 4678 8077 -3891 7243 145 1994 6035 1859 3123 4621 8621 3230 3342 173 -9507 2421 6883 -2333 6891 1326 1308 1210 5334 2654 -6178 2303 8048 8890 8716 6556 1433 -476 5191 4548 -8956 -4534 -148 -9967 1673 -9558 924 7347 -5042 7941 -8984 5701 3815 918 4026 -943 -5484 9085 1481 -8950 3135 8274 7141 699 7909 1942 9358 8100 
2374 1797 1611 -3139 9522 -3330 6852 -2161 6877 1147 2120 -7043 3454 5696 8671 5188 1324 4083 1129 672 9426 9672 2526 6043 2004 4318 3577 -4019 6769 3976 3301 184 1197 -3007 2685 -7080 -5342 1902 4244 5339 118 -3926 1588 8922 3168 -1081 7124 2289 6693 -7553 -8257 6559 877 6135 -8682 2921 2919 -8540 3201 6541 4436 5758 -6235 6548 -1660 7677 9211 -616 3877 -7371 5172 -9831 8937 9529 1254 9106 7909 6720 -1418 -9356 4999 6535 7684 4651 -7318 -6760 -5458 2576 525 4088 
4249 2470 5951 2960 6886 7234 5192 4023 -8548 8660 6960 4600 5381 -7505 432 2442 7775 9348 4826 -2441 6393 4420 6823 2987 6276 -1796 1350 1513 6245 5778 3431 7520 -4771 -5299 1509 -8062 9620 6296 -5672 7480 885 1632 3242 -2556 8887 -4778 -5823 -3127 1011 -8391 9009 -4597 6190 -5751 3443 8408 488 9631 -5582 1731 8788 -5747 4818 6703 -432 4611 6357 -7069 4472 746 4541 -2746 2582 6538 6762 92 1676 2836 4020 8693 -5570 9164 2950 -7013 6399 -3423 2961 5771 4921 1776 
8507 -9759 2797 8438 5262 1794 1974 9269 6293 710 2485 -1190 7591 2194 7792 2100 2164 82 8913 3180 5627 876 -7234 6859 -8550 -7448 3217 7344 -1780 2465 5590 3073 -9025 -4929 -7747 7691 -9583 7165 1976 1084 8109 3606 4011 8088 4656 2992 9592 79 6621 3303 -2742 2681 -3313 1728 5156 2185 7379 -7708 8008 9339 -8522 5856 -2578 2312 8240 7309 979 -2834 4171 9538 2238 1753 -5450 3491 8992 -5813 7792 8601 6726 2785 -4275 1623 -3993 255 1680 -6753 -1552 3973 3625 454 
-5291 1548 -6619 5274 -1017 4626 -6132 5865 -271 -8423 8317 3739 3531 7635 -7943 -5634 -3759 4036 -1677 2297 8725 4533 7024 9460 3483 -5276 7882 9368 -7460 -6368 7805 -9537 8153 1167 -3446 7048 5724 1596 -7857 912 7642 -8472 -4221 -2484 8610 7651 3666 9474 3969 -2340 8264 -7688 4647 -2440 1508 3456 6667 2895 2580 6330 -3929 5167 504 9997 8666 -1820 -589 2754 1159 5657 9317 4097 -7271 9256 7342 2564 -6029 8587 4696 2224 8691 -9061 -1492 2021 1057 4256 -7470 1681 6934 7774 
-9336 9119 -7201 -1480 -6449 1382 1186 7378 4676 -3874 5343 9789 -3896 3919 1699 1370 3380 -2913 466 4762 -8338 -2402 4653 7821 1804 5238 -8007 2841 7986 8159 2306 9881 7303 932 9493 2920 -7462 611 4696 9086 2744 5109 5211 -4063 7733 8562 -2014 -190 6098 9320 8228 1521 521 8842 1846 6752 -7105 7863 7157 2862 7108 885 -1140 4469 2312 6806 -351 -1340 -931 261 9482 3568 1108 1412 1965 -5950 -3804 803 1105 833 9502 8182 7476 3205 -9217 7390 -9530 -8662 834 -1100 
3816 5600 6051 -3534 6666 -826 -4785 -7240 5838 753 -9149 -7046 7857 -9313 8404 2524 5043 -8475 487 8523 -152 -3838 -608 -3406 3631 1402 4890 6768 7450 2656 -3526 -5861 880 -4389 974 -5686 5742 -9038 7786 6886 -2215 7513 6565 8769 5681 57 1641 3054 5835 870 9904 9471 -8703 -7194 5901 5589 -8503 3569 -540 6939 1725 -360 5449 1401 -5066 3716 -157 9483 1046 1511 4983 5586 4588 5269 7255 7713 2910 3940 1567 8480 4139 -4885 5828 -5762 -6021 3229 3748 5500 2753 2315 
2477 2100 2343 9449 8937 -4975 6002 -3246 3649 -2059 7459 793 506 7242 926 63 9313 9735 7718 -4085 -641 7868 1797 5284 1204 -5882 5707 -5539 -5753 6724 2498 690 -758 4802 2365 3961 9899 -2140 9280 576 9720 6882 2467 8455 5554 -8598 -7180 7428 8248 -3717 9628 8850 7267 9217 -9018 8862 -4654 -8433 3466 4093 7643 546 5378 9997 5760 9723 7412 2370 -296 -6089 3261 7312 -5660 -3381 7138 -3617 6243 6413 3310 6106 3674 -2848 -4361 8454 -1437 -1736 3238 7617 -396 9812 
3211 8481 4221 5305 2001 -7740 4753 1548 3176 7561 8335 7261 3478 4881 9076 7039 3567 -7314 1663 5887 -2321 7511 4714 5426 8816 1494 -7998 7764 1387 3974 -7520 631 -4967 6720 -7106 7533 501 1715 -1977 1728 8000 -2049 481 -739 252 3992 3256 1122 -6717 9987 1250 5439 -9980 6872 -65 2729 2069 4956 -6568 1189 3989 1570 6375 376 7356 4663 -4001 3819 -3184 9723 5064 -572 2247 2163 -9070 -7651 7159 7187 5288 7705 4593 7869 9492 7560 8246 966 9815 -1382 2863 8173 
5839 20 9409 604 -1043 2172 5613 3509 9954 -3807 2727 5931 3661 39 1550 -8614 8229 -1874 3755 2462 -9588 5038 7508 -4760 5590 5693 4700 -2801 3503 -4516 3423 -8496 1423 6234 6133 3341 -1663 6361 -1839 6329 6303 -1541 -6865 7147 9121 -7650 -4253 7859 -2143 3938 3020 6851 -1652 2356 2431 -4742 5816 5719 6257 8872 3784 -1889 7837 -9574 32 -9792 9666 6616 4727 6151 2753 3987 9345 1938 4521 -3340 2696 6190 72 6926 -8968 5662 6286 3486 4415 -5492 8844 -990 -560 9026 
-475 -585 -4261 5764 -7808 3179 2292 -3775 4945 4236 7230 -8677 -2925 2725 8596 8482 3143 -689 8835 9100 -9223 637 2161 7069 -8965 3701 5949 533 7424 -9979 1274 16 6971 5281 8823 5716 -7698 7033 -7334 -1040 9566 2555 6100 3818 -1189 9045 8502 -2386 3413 3863 3294 3933 6292 9949 9283 -5592 -9134 1018 -1497 3865 9552 -4680 6949 8956 -1432 8022 324 -1372 1387 9795 2583 8355 5705 3549 2125 7778 9608 185 1213 -4082 1215 2761 3457 9602 1841 4189 -2575 5275 -543 9808 
7744 3292 1121 6553 6540 7946 1614 7464 7346 161 424 663 5751 -2223 4626 5510 1357 5164 5101 5966 9331 4436 643 9540 4149 1287 1803 9289 5192 7829 -8855 4291 -5799 3225 2745 -759 795 5302 158 1283 8943 3451 836 3032 3139 8291 3816 5809 4490 -8096 -5515 3755 2004 4988 8275 2884 -7517 3866 5875 5268 6992 6860 1165 7791 -4563 -4466 125 6770 337 7933 8598 6134 5096 5486 6282 -9230 8399 4220 440 -1383 -4207 7648 6799 -8113 5318 -9680 1574 8265 4846 5326 
-295 1793 -5903 -570 1122 -852 -8416 1511 7508 2165 2313 9403 6875 3127 -561 -2093 1635 -7602 8023 2921 3052 1964 3714 2166 6190 2222 -1285 9924 2653 8224 2868 8259 391 4767 2331 7154 8967 5423 9656 -3481 -6846 -3577 3603 9930 3325 -8480 9181 -7737 5224 5804 -5624 5095 5210 3012 5481 -7998 -6859 3627 -3387 2695 7724 9478 7268 -819 6464 4260 3446 1380 -6474 788 6912 -8128 3743 -6301 5617 5802 2561 7071 5923 6333 4889 2283 8585 5893 1263 2294 1060 5395 -4089 2692 
1168 4223 6082 -4169 9256 7097 513 8937 -1776 5033 5888 4520 9283 -8203 4034 -680 7119 -5832 2121 8327 6721 5218 4260 1944 1130 495 2583 -9224 9317 8126 8843 -3721 -9943 9702 761 7570 3562 4648 4304 7912 8183 -9378 9294 -2214 8529 -4424 -1741 5589 1710 7904 -3182 5401 9588 5589 136 41 4993 -3580 8661 7040 -4589 1508 -8455 1436 6338 -506 2410 4860 6688 9316 -106 -6279 2757 -7528 3572 9265 2931 -1732 -9467 2211 1185 2804 526 9001 5530 1394 4067 8237 9077 7500 
6005 -4301 5702 3093 5698 9366 5185 1048 6749 1849 6333 6735 -8911 1221 3578 -3487 1177 7322 2510 -1062 1939 3602 141 3091 2350 -9652 1111 5335 -8156 1738 931 1628 -2370 2565 -3720 4687 4918 -8792 3205 4768 1245 8724 8528 136 4173 280 5583 -3345 5124 6154 6803 8163 3321 1054 6146 8016 -7552 -5283 1442 -5690 -8005 -257 1964 2816 1565 3474 1601 4299 1925 5443 8234 -989 -4911 2988 -4834 4623 5889 166 8764 1123 882 1790 8328 7247 -7055 8741 5958 -7928 4562 868 
4053 9951 1080 -4353 2762 382 -5444 -1172 9085 -4308 6190 -5852 9173 5372 9055 8937 -4862 6139 4171 -762 -2910 -1364 577 -4627 -7021 625 -7521 5010 5746 5791 6600 4464 3079 2802 -8800 3422 -9620 779 295 9379 7933 -3022 7493 7148 -1611 2468 700 328 -4847 5213 -2589 4084 5691 1248 1203 5791 3422 -6514 -3456 2558 3633 1811 6466 417 2722 8120 5126 9644 -1379 8497 3101 1872 -574 -4354 -2109 9516 3669 3984 -2096 4738 -5373 7040 6041 -8948 9646 1136 -6601 -2746 -816 2414 
5532 8107 8639 -3900 -3448 -9051 2756 3668 7770 -9851 43 6162 7839 4157 -2463 8822 784 6033 -3497 2043 9023 7298 4976 5615 5052 7707 -6879 5739 3291 -7443 5812 -9908 1218 8444 2962 -4174 6330 1682 2926 4413 6327 -7980 -4469 729 7413 -3953 4860 211 -4482 -2320 4213 6162 5327 4536 8695 2323 8117 5084 1395 2113 1997 -3456 15 9782 6517 -4064 9809 -1537 5389 -7477 3402 339 7163 8104 1786 9199 -972 -9879 3843 8232 -5499 5736 1630 1769 5060 8502 -8399 7793 -4447 -6221 
8645 3894 3619 709 6107 -1402 6362 5731 4255 6374 4825 2105 789 7615 3005 2771 3571 -31 7472 6741 -3800 8278 5574 4112 -5014 2301 5673 2376 -7313 7967 -9789 8 -4198 -773 -4025 6062 -2361 -1215 9640 -2335 6070 -6145 7200 9904 4633 5199 -1096 2110 -470 -1345 -2355 2146 2090 -7773 4214 -5000 3381 -1624 8565 -3978 434 -3613 1380 -8493 2092 6148 6062 1428 1316 -873 152 4279 -5951 -2915 7867 3554 2400 132 629 5466 3923 -1051 4003 9886 -7281 9500 2427 -3696 7741 7122 
-4356 -6723 9178 6447 5938 6678 5845 1899 -1062 4874 -3144 -8635 2408 9678 6906 4939 9197 99 7493 3562 -582 3127 -3974 -6898 9182 1914 -1594 9931 -3538 3036 5746 8350 9073 9503 5414 -8418 -1002 3929 4773 8780 2500 7767 8766 6643 60 616 5141 4652 2172 9833 1041 6750 -4826 2112 -8855 -5530 6164 8595 4446 6472 3252 1110 -7931 9606 2936 3042 9012 -377 8131 1872 1809 -9539 8000 -2833 9025 7 3700 5696 5931 8325 1473 1935 -7531 4790 4911 1768 9020 1228 4128 2852 
6714 2760 -2437 8551 1864 9158 -4401 -3787 3082 7067 -3915 4404 8726 7637 -5599 5572 7545 9591 8635 4264 8781 443 5483 -2091 -7195 3637 3009 -3510 8531 4287 4673 5232 3112 7969 5775 2660 5752 5819 7497 -1689 -9869 1618 -561 1321 705 -1365 -4861 -5269 -9708 5911 2608 3880 8810 8014 3880 -700 5079 1981 2015 4014 -7756 4530 1103 -7826 7286 4292 7037 849 2173 -8484 4958 5109 2303 6527 220 9317 3244 8247 6429 3517 -5361 -4143 2251 -791 6268 -4080 6629 -1472 8210 8280 
7872 1469 3178 -754 9337 2051 3644 9342 3378 9554 4197 2581 7042 4679 4869 -908 4316 5635 9074 6426 5620 5098 6028 9807 -3156 6468 -3217 5423 -9506 586 6348 -7045 -348 -6835 4596 2336 1589 7866 3618 4549 -6960 5453 -1514 5444 3836 -3323 -6307 985 8032 8610 -5411 6619 7529 -5674 2068 62 4099 1204 7977 -6382 -9366 7050 4596 -3115 6147 8005 -2483 137 4471 -6819 9817 3976 5118 8477 -8339 6216 -6413 -5484 -3779 6959 -638 -5043 -2588 5825 -4447 -4663 221 9993 -9751 1732 
1909 -313 9163 -6695 8859 1014 7027 1656 6291 -1457 8261 683 3822 9350 9818 6206 5860 6990 7426 2675 5255 5441 1804 6102 781 -6647 -165 4095 -4335 4765 1794 7720 4166 7577 7933 -6243 8052 3130 6454 -8585 3975 2731 1582 4784 -2484 9525 9740 -8400 396 -6363 5648 8204 -6479 -3051 2326 -772 3576 1801 2584 -2301 6077 1937 3901 4860 3233 2367 3104 5624 -433 -153 3085 -7708 6156 1720 9431 -8785 571 3851 2930 3256 -6315 -880 1498 5718 3442 -3293 3031 4835 8271 -1171 
7735 -1765 -2308 -1741 3384 69 -2420 -2363 9027 9514 -5778 -673 -8431 9544 7857 -8025 219 5096 9520 5970 4591 9036 -2704 2478 -6752 8705 8607 640 9212 9610 1327 -7489 -6832 6194 7666 6693 108 7854 9880 4946 6944 2713 5935 2153 -5819 1933 -1454 6817 4518 7784 3198 -3145 1370 7624 1410 9836 2347 8200 4945 6158 -550 5731 2812 1113 -9414 -8126 -8235 1065 9081 -3645 -1394 8342 1857 3847 2797 -5341 9462 7433 8885 1538 1046 4695 5530 2381 5929 4840 1069 9749 1251 5163 
-7243 9104 -5963 3249 2534 5179 5349 -5077 5188 -3728 -4596 8230 2095 7819 2405 9077 834 8961 -3129 6423 3699 8600 629 4354 5142 9471 7805 -9411 -972 5532 -3632 -9190 -7087 3297 1778 291 -1684 540 3121 8664 6301 2236 5235 1694 5913 -3648 5463 598 8378 2759 -5257 -3492 -4152 8119 3369 7215 4635 9491 -1116 3722 9472 2768 6288 2143 5265 6169 -7802 2619 -3469 8266 1719 8520 448 3390 -2529 6480 2606 2415 4920 9895 4855 4364 1164 6592 7295 1500 6152 6010 -748 5777 
466 9564 -9681 6538 8671 1027 5590 5953 8474 9348 1560 2644 -1843 -7544 5138 -9368 7083 6025 3992 6610 6409 -2683 -1297 1016 -6833 6722 4281 6301 7903 5671 3674 -7802 5752 4748 1567 7097 3473 -2034 2525 3668 -620 8134 8782 7121 4704 6430 6128 3168 -5207 9019 6661 4078 282 8775 210 -7283 -8713 7269 -3922 -570 -7312 -9279 9002 -414 -2197 2351 2105 -3335 -7845 1722 8741 1849 918 5821 6176 3867 7171 6215 -7197 4775 -9490 5792 6204 4710 -7074 3553 1411 -6700 8402 3935 
5242 -9927 4562 8239 7471 9702 -4729 465 827 7570 -1541 6788 -7345 5730 4678 -2471 7190 436 -3406 5672 -6257 3306 3783 9121 7318 1720 -8977 29 -9177 9944 7108 6447 -8636 8046 9017 -7025 481 3193 2291 3755 7975 -9011 2243 1130 766 2043 7839 2239 3177 1879 -6747 7920 4113 3327 4385 5079 2040 -8022 3345 429 7021 -5882 833 2453 6852 1859 2178 3438 9029 7838 -8453 8676 -6771 -2150 2379 -7239 5087 704 472 5223 7664 3919 403 8933 5922 1101 -7991 497 -3401 6424 
4222 4474 2235 2222 1888 -3419 -380 4923 5315 7267 3764 9786 3177 6180 9764 -6449 4593 4834 279 8896 462 4488 8453 3740 -6275 5675 2437 1434 3172 6605 1644 -2208 -773 8073 8751 5053 -247 966 8341 -7562 5057 9034 5768 5900 3137 5084 -8410 9588 3309 945 9540 2468 4393 1108 440 1117 969 5943 -5439 5947 4130 2118 -7681 8052 1236 -5829 6580 852 6705 4965 5300 8794 9346 260 9821 548 5100 2705 5174 7655 7011 8602 -7538 5139 5169 9359 9606 795 7029 -6561 
7680 6622 2766 3595 5471 3767 5766 860 2240 8172 5624 6101 4822 5394 147 3577 8307 359 7882 1136 3434 8784 5644 468 1712 3272 -2615 -4316 4759 7499 7789 5826 -8029 -2433 5285 -9401 9661 1443 7853 -4040 9019 3244 3564 -9907 186 339 -6975 -5696 1375 8828 6494 810 9683 5189 9062 2455 2647 1785 -4659 8861 5278 1665 9930 -2703 9036 8150 7934 8625 -9522 1370 4562 9564 9562 6426 -174 1988 9615 -7063 951 9751 5545 -818 327 9004 -8681 5826 8635 1558 5219 5614 
6857 1183 4038 5484 1219 2604 3961 -9471 8443 -8266 4877 1403 4082 1490 2617 1596 192 5830 -9753 4358 -2823 8358 3660 -2699 3516 337 4831 2669 4310 7160 8258 4029 -3090 -2547 9559 3013 7918 -5927 7534 4216 -1122 -5674 -7610 560 5077 -4582 5103 -4226 5532 -922 8306 9775 4155 7077 9662 4293 5856 655 -7468 5878 3393 -9526 5190 7251 6585 6173 7155 -9510 6620 1334 9079 7014 8567 3784 2446 -5861 9396 8745 1098 5773 8667 6335 7406 -3646 8852 2031 2414 1396 9134 -3413 
3195 2093 3961 5369 -9229 -8379 -49 -4519 698 8257 8079 9121 4135 1571 5690 4598 -9090 -7160 -342 4180 7156 1390 3061 -9638 5584 9267 -2247 -7258 9800 6697 6580 6996 4523 7111 4490 -6788 -2352 8718 1832 2291 2828 5702 -2477 -316 1752 8010 -3471 9719 2041 1382 5578 2939 9747 4355 9115 5490 701 423 -6912 -5103 -2314 -5475 9859 6676 2103 -7387 -4356 509 -5695 2601 -2021 7074 -9354 1904 5567 2141 1615 2415 2426 4115 2537 5336 1142 8616 6953 9095 2711 6335 3915 3190 
2726 4400 2859 8262 -1472 2652 2162 -7944 9431 8870 -6786 -8571 -8488 6249 7813 1022 -237 522 2277 9309 1241 2049 6222 -961 8945 4136 2346 -3101 -6855 8114 461 9688 6569 -7280 8456 -6152 -6235 -7483 -3800 6493 7134 2494 9042 1808 8556 6556 3471 9902 638 3770 -2946 -805 1165 9406 5422 7429 7605 5545 3152 -7796 253 9774 136 9869 8997 6406 2777 3715 4235 3265 6405 -810 2247 7862 4537 -2965 44 -5612 5781 9411 573 5793 7899 -9844 -7860 4949 3247 9029 2961 3213 
9386 9446 4405 7202 8396 -1258 -8133 6076 -8882 -8906 7529 305 2681 -3884 4533 -8261 2695 4399 -2837 2347 -1376 8898 6042 3426 4810 3203 -166 285 1409 -5727 2436 300 4915 3945 9092 5797 9392 -9156 3501 4974 3311 3717 4073 6117 -5945 -3054 1302 -3261 8819 8233 4590 3281 -4717 8607 -4996 -5459 7123 6541 4526 8753 7942 -2042 7886 9272 7627 -5638 -4047 -9011 1814 -3503 -9153 9045 -301 2825 7636 2873 1048 -2081 1743 -393 7815 -2782 -8140 -5206 3091 6223 3284 -1035 1611 4323 
3969 5917 5332 1075 2430 1341 4601 5818 9218 2758 977 2302 7508 3787 8733 7032 6629 5394 9586 3015 5490 181 -4666 2321 1009 2179 5778 -2702 9862 3034 -724 1364 7666 5773 6898 8813 7139 -6498 2620 -576 -9733 -1006 4192 3977 4945 3515 9865 7375 4399 8502 4406 3820 8005 -5795 -1048 8006 -9452 3608 6296 2183 9615 176 9481 7922 -6570 2401 9413 2443 -3008 5097 9486 -491 -7343 7081 -5726 -3856 2504 2931 428 8227 7792 2658 8273 -220 6080 -3674 -9664 5449 2281 -5497 
4169 1394 -7301 -9144 -6833 3122 -9643 1207 9630 8734 9961 -7578 -1727 7493 8557 7376 1203 9369 486 4093 5887 7543 -4222 297 959 1355 7010 -992 432 3785 5066 4625 8324 7452 512 -2320 2315 1321 -3172 -4238 9016 2577 2050 8742 -9539 2845 2459 -3479 9943 -4604 2244 8920 6567 4179 6897 -9580 1651 8236 -2335 1701 3191 396 -9922 -3661 4962 7499 4814 -248 9106 1058 9929 3482 8904 6719 1680 7114 888 2590 196 -3010 7513 -7693 -9478 8125 1950 2811 -5399 -45 -6149 1243 
6951 5095 6637 6345 -1661 8444 7167 1925 -7922 8297 3620 -9130 2542 5810 -5844 -6783 4677 5568 -3526 -7365 6081 4757 7017 686 902 -5322 8723 -7295 3542 5510 6819 -5699 -1994 1805 6912 -1983 4317 7883 198 -2693 -4975 3620 9118 9585 3285 7938 5968 8028 686 -3440 6750 6524 5536 3414 -5423 1873 -6716 3636 2457 1839 -1813 5715 -3917 7270 -5300 8030 1145 -5498 4565 1913 7190 9453 3183 3462 8195 8939 9997 2991 2388 -7162 8574 8470 7706 -6651 4312 4422 -6572 5853 6005 5930 
2484 7477 7536 475 2284 7970 9776 8358 -2966 947 703 6744 3908 1112 9658 4527 6334 3711 8364 6850 5846 -6022 2648 8786 8915 558 6394 3079 6947 -888 -9696 -8998 3457 4071 6676 7778 -4792 9410 8713 -2753 4315 8230 -7309 9578 9693 7860 9295 5460 5234 1017 4937 5527 4258 9871 1086 -9316 -6307 946 9732 1403 5906 4253 3001 8326 4268 9097 -8801 6473 3039 1661 -1511 9350 1482 3372 -8528 -4016 678 7466 -7996 -6679 3371 2368 6939 -1440 6453 1428 7293 -6239 4400 1614 
3706 3052 4653 837 6187 -619 594 4452 8210 7354 -1015 869 4612 5745 7462 -717 341 1241 4683 942 1075 8963 6897 5763 7391 847 6710 5212 3281 1799 2436 2143 3537 6435 3124 720 8039 3359 4359 6092 4856 8108 7052 -5149 7077 2891 6311 -4354 9853 6776 3577 17 9373 506 1733 -1540 3723 9622 829 678 8061 5833 6875 8165 468 7515 5159 -684 1196 2750 4841 7999 9943 6864 3089 -5850 -7989 1585 2372 -7479 3009 7467 -5515 5808 3939 5032 2669 6824 -9481 4121 
2127 653 -6398 3271 5739 785 -7689 -1862 7155 4653 8704 7322 -9063 -1687 5925 841 -3955 6717 1231 -833 7630 1501 350 3671 -9743 -718 3129 4071 9640 -3632 9142 6179 8727 6177 4663 9689 2504 5803 4142 6549 7035 -2116 -9731 3250 5655 -7386 8481 -1987 4325 9011 6315 5337 7152 1331 7618 4055 2128 -2527 5260 6167 5451 6295 9184 7627 -6672 4162 4555 68 4431 9475 4922 -6548 6920 5792 1616 7465 -8131 5662 5155 6615 4255 -8125 7571 9460 8352 -5177 390 -2850 6225 -9281 
-5730 1869 906 5210 -1598 9913 7154 -6518 6304 5854 7854 2842 2917 -2594 2441 8330 9672 3124 6463 6131 8422 6135 3031 -5976 1165 9481 -3710 -8214 -7596 2086 9592 -7488 6406 441 5294 1253 7090 -1457 9268 835 6036 2071 -9892 -8101 -7163 9594 3237 9393 4796 5335 -8970 9540 535 1573 1212 2686 -5494 1788 7886 4496 2173 4492 6765 6157 -1611 7336 9183 8991 5686 7961 8283 2556 -5078 8983 1546 -2838 -7365 7056 9760 2603 8775 4696 -6110 1778 3303 4310 4992 -6804 9727 3960 
4050 3708 -6882 1756 -3322 -2638 5950 -4728 7303 -6977 7310 -8625 8818 -4628 6525 8163 -4990 -3013 4868 1651 8936 484 996 -3435 6931 -5373 -4554 1894 -4012 16 7971 1596 -4389 -5620 194 2573 9646 8974 3264 414 2223 396 2147 3204 1278 -9890 9594 -2438 218 4186 6299 -5821 2965 6971 -8700 8259 -2817 -6628 5033 9672 -579 7484 5564 5089 -2900 -9872 -5297 9883 8784 4963 7248 7573 5633 6726 9140 8996 6070 8672 3939 8523 -7401 4274 1550 9951 7798 -4405 4404 3807 8569 7776 
3667 4259 114 -2292 -8074 -6459 -2392 4802 5050 172 7146 1886 616 146 4498 8420 -6989 9126 2943 3594 2963 2070 8000 5439 6209 4174 878 2505 4740 7836 -2882 -772 7794 7056 -2821 2090 2362 6590 1241 4955 9856 3393 9126 4881 -1695 -5659 3284 8654 4153 7391 4682 3456 9036 4909 -9255 -142 -153 5850 644 8119 -3850 2277 -4301 1442 7485 8208 7842 7980 8987 466 -4424 1 7792 -2321 -6775 495 -3927 5946 -7396 1231 -2320 3144 1236 -1433 8448 2922 3107 3141 6751 9542 
9079 603 9175 9476 4030 -1965 6805 9028 -1370 939 3 4694 1854 7609 3173 -1234 1217 2730 9654 8494 -9300 1796 3245 2437 1361 -1624 5311 9278 -78 2450 1419 7522 1350 -633 -4563 2838 -8052 2520 53 8140 5306 2966 2093 1553 -8653 -4221 7738 -1535 4435 2664 3204 7722 7724 2180 6 5338 9422 9067 5979 -222 5074 4407 4537 6768 -5049 5749 1140 -3505 -3330 2413 3369 4331 -4087 -2366 3257 3439 8739 6121 9432 7550 8328 7448 -3493 2654 5932 -2496 2998 -4676 3337 6640 
576 5673 5903 -2738 7456 -2515 2400 -2712 1795 9711 9184 3849 9989 6669 9484 900 4422 6243 -1101 8625 5529 3430 5820 -2832 -1597 9732 6808 -6964 1937 -4758 -1385 1956 5940 7983 6942 4146 -1803 7879 6633 367 -544 5686 9042 4857 9452 2432 3990 -5861 2193 -2454 -5882 5106 659 -4266 -9974 6803 5955 9192 8764 6993 7924 5389 8689 -3720 2151 -6737 8418 9440 3084 9161 -4958 -6657 -2334 -3947 -5852 8535 3125 -5404 -7728 2172 4940 -2352 1171 3389 1464 668 282 5072 7625 3742 
5476 722 5080 4418 6914 -8524 1062 538 2817 -6382 3454 8819 -5648 3402 -6587 1966 3777 818 -5024 -8515 -5104 1026 -7171 9700 5503 -678 -8265 61 2330 3676 -681 4097 1771 1215 -1667 121 -9208 8364 43 2858 6373 9263 -6534 1061 3039 3717 5454 2091 -8944 1408 8781 3181 -6954 -6060 3837 5027 585 2183 -811 -7685 8982 9901 30 -1588 6909 9666 9826 8959 7289 -9722 6347 4816 4762 6427 3100 376 7051 2773 9368 1970 -8548 2476 -6983 2958 9729 8234 3604 -413 66 209 
5497 5252 662 -2368 7067 6235 5049 2656 8545 -5944 -2813 2399 2918 9170 3069 888 1497 6842 -7230 5841 -3988 1592 3730 7270 7379 -2757 6920 7560 -444 8913 7479 7725 3639 914 -6061 5878 4764 9519 -6709 8622 2703 -5926 5672 -4256 7527 3725 4505 -3212 1717 3330 6766 -2247 8046 515 -2200 9356 8622 6599 3966 1049 2152 2209 4167 2709 1191 714 -2584 -3030 7218 -9313 8132 8392 4633 3126 5028 2047 -2414 1680 5991 8969 7955 -3470 5969 1131 -634 1222 4039 3627 4966 -1559 
4462 228 5526 2079 -5900 6539 6817 839 4877 4497 536 9800 1863 6071 120 -3800 4184 2486 6818 7476 3984 7728 -2925 5750 2444 8101 -6759 4549 2989 6388 7004 -8381 -7575 -2087 6574 4499 8967 8006 9598 1918 7588 4953 9126 -7144 -7511 2485 2893 2464 5191 7127 -8429 9082 4623 1683 8451 -6945 2631 9841 -8070 -4468 1092 1369 7102 -7534 -6646 779 412 4459 437 9183 -9859 3277 7878 3605 2951 7690 -5878 -592 188 4015 5654 2315 -133 9354 8115 2985 2531 4899 1815 3095 
7283 4270 5403 -8666 3956 7123 -3412 2574 9276 4498 3053 1691 9032 7854 4883 -6551 9487 6509 6400 1326 7032 -8372 1085 4012 6053 9562 2526 7646 2177 4981 -5449 4663 5968 9817 689 220 4469 -5272 585 -6847 -2198 1917 8936 7672 4642 5742 -5378 7751 4670 5458 5579 3123 4624 1973 -7112 1530 4592 7795 9365 -7703 6097 3874 132 1979 4496 3748 4511 -7277 3553 8545 1589 -3036 6096 3135 -4755 8729 7349 -4292 6132 2701 2263 588 8019 6278 1716 1833 -2661 -5389 7959 6724 
-8346 7593 6928 2697 -5914 -1511 7743 3484 5991 5704 2854 -7741 -7486 150 8839 -8367 4082 2063 4483 9168 3382 6899 4130 1886 7524 9457 -3874 1102 1062 -909 370 2606 -2870 -8478 -7162 6151 1570 1017 5379 909 9350 7144 4491 6759 2027 -2004 -6398 5849 7085 3333 5066 255 -8192 4374 -2061 821 5074 8288 2133 9586 4153 8425 965 6838 6940 2817 -8921 4055 -2043 217 9593 6928 4985 7516 5448 1501 9591 9102 8803 9518 1229 3583 -8567 220 2094 5150 -7955 7093 8584 8209 
5582 1021 9632 -2467 6237 8482 4452 8476 3405 3100 4714 -9633 9820 6915 -7617 9046 -7542 9727 145 6398 9227 7961 -3105 6096 4981 -9951 5682 6555 8804 4374 3030 4945 9357 7458 5994 7416 1291 7339 8376 1756 5093 884 1659 -46 2417 5933 5313 7215 8104 -9956 9201 9249 842 973 -2676 -4985 7390 4389 1721 4612 4485 2085 -7520 -8520 9379 1426 6464 4729 9577 5170 230 894 -3955 8770 -4286 5201 3628 590 8123 -3038 5052 1273 -3494 -9209 9340 9962 9887 -7004 8440 6912 
