84 70
4246 1433 4337 8893 8186 4690 6975 2599 1154 4159 9074 5303 8445 1303 9190 240 8045 460 8097 -7458 -446 -1224 23 -4314 4738 3134 7092 82 6089 -4266 -1331 -8903 4030 6574 3101 9481 892 -9 9527 8950 6994 8777 6214 7754 1828 9165 8904 1948 4043 5316 6318 7085 -3013 2400 6897 -5300 -8295 7128 3929 -8068 9041 8595 -1756 1788 9639 5038 8347 3785 434 7203 
2603 2561 9341 -9295 9306 4551 6537 7604 -9784 9340 2582 8136 -3989 8340 8500 -992 -5625 1335 847 -1542 -670 7582 5677 7481 2701 -9799 -8288 2661 8904 1878 3946 2183 -6988 9973 3340 4935 3482 -4925 8577 5840 9883 5362 -5776 5088 8807 7546 6802 4371 5193 9999 6601 605 7012 9113 8831 -2614 -4073 5277 1541 2630 2278 8407 9228 439 5865 7053 4866 7860 1655 6873 
3975 4650 -3171 6814 4367 1963 9497 -1149 9980 5676 4949 5279 8980 3039 3596 3094 9039 -1130 7385 -2877 6767 9210 7224 9400 3843 5811 6133 -3215 6200 338 3295 5125 6365 6311 8742 917 3567 9435 9763 7991 7059 7150 835 1337 8483 1972 -5741 4918 1854 167 -5729 7156 3869 6493 5798 4513 9584 -6545 9290 -8004 -9804 -7131 -6107 4171 9575 6230 8656 7550 7964 -9014 
2546 -6212 -7261 -966 3713 -1001 9250 -405 6859 9597 7143 -6583 8920 4939 5933 3571 3352 6435 6700 4112 4924 -1060 -9519 4693 6590 -6658 8746 4907 1254 5731 3755 4590 9885 -663 7819 4898 -6491 3175 7023 1907 625 -5265 -342 2288 -673 6582 2903 6773 3969 -7355 8876 3226 3770 -8053 4057 5241 2223 487 -2818 8321 3136 1239 5693 5991 5852 -8057 5399 7264 5222 7880 
9179 410 4059 -5964 3746 9172 5672 -7819 7416 7191 -2558 7022 4179 8552 1405 8654 6273 7709 190 -6382 4751 8786 9600 4345 9394 7722 5272 7284 8148 475 8554 168 8460 -927 1342 -4922 7831 2596 -3558 650 -3944 2844 6451 3470 7339 6882 1159 4 -6363 2168 7063 4620 432 9710 7396 5201 3700 5257 7442 4270 810 6435 8951 9128 3802 -1393 5935 5842 6292 9860 
4752 583 5900 317 5987 -1255 336 3178 787 8232 40 8756 -7847 -5533 2651 8039 -7651 4818 8071 4729 2930 7026 5885 8597 6628 1301 1704 -440 5759 1909 1422 -5092 5519 3280 4460 5657 9969 7482 9663 449 4030 514 4855 3376 9828 4410 4073 9269 46 8595 5874 3006 -4169 -7945 -2212 845 4265 1480 748 7395 8752 5276 4038 5645 8857 2082 2398 555 9694 1718 
249 8514 9098 530 206 9433 2067 3397 9338 -8282 -9793 -7410 1389 -2596 2123 -5012 7480 3845 9213 404 7650 5337 -9233 5578 6837 5398 4115 9622 8585 4182 8748 6092 1441 4550 3537 7096 8289 3632 1779 5063 -3753 6567 5149 418 8667 6519 -6335 2967 -4120 1171 4213 -2819 5186 4578 1993 -204 6254 4039 6683 5642 2812 4188 9022 3926 5270 -5057 3347 2157 3190 -1084 
5121 3392 -784 6206 -1763 6698 -1552 1139 1095 51 -9474 -5603 3883 9046 -4502 3737 3278 1771 -6970 -826 8724 6537 8231 6931 8732 3595 9131 4225 2325 271 8558 594 8794 9285 5501 4899 9406 -114 -1454 7842 2724 6602 -4590 1915 -1120 -5269 3490 4131 -6307 2334 7207 5822 7878 6301 -8277 -32 2277 -55 9952 9479 6930 3296 6032 1855 4924 4711 3689 -5482 668 6348 
6511 8725 2212 3538 2270 1697 2471 5194 3908 1184 9820 3870 -408 9215 2084 -9416 1208 809 4356 706 8413 6055 9219 4737 8618 -4500 8968 3588 8153 6518 2057 630 -2672 5677 6887 25 7993 7344 9666 933 2037 5763 1887 4189 5626 8142 2508 8124 2109 7359 9301 -1887 4063 7746 6712 8460 4884 9400 -8312 5817 7158 4688 8755 -5599 8811 -7951 -7392 5623 -821 4842 
5273 2582 3946 1906 1746 6418 -6586 599 1091 7887 9733 9500 2346 2019 7622 -6307 8015 8812 5399 2346 8785 7482 6923 9704 -387 1758 -616 -3325 6617 9844 7573 1937 8944 -5723 9534 6446 -3775 273 10 2536 8896 2443 9413 599 -1987 1842 8829 8610 2605 -7681 6471 2902 7757 1565 -2373 2272 7551 3071 5330 5331 -1653 5418 7849 6282 4121 8249 8800 163 4003 4899 
-3393 6548 4888 6264 7851 2738 8627 2579 5109 5605 4700 8983 6623 8986 9994 3458 9794 7512 8181 2603 8516 1266 1935 -1702 1507 3133 227 -3272 -1650 2874 -7705 2719 1695 6185 3563 -3205 4298 2038 8863 8979 6062 3787 -1531 9878 765 377 -6566 7257 8838 6571 5323 3487 7885 9139 2918 4224 4471 5865 8567 1507 9680 2328 9064 -5857 3843 2527 6078 8213 7624 4017 
-4691 1961 -8478 5855 1429 1161 2547 1500 6500 3377 6427 1658 -8055 4974 2705 -9092 4573 7112 7334 8377 3956 4198 8837 -6257 3112 -2049 -7423 8496 904 8705 3852 6704 -6562 5587 484 -642 -2839 9761 9067 6441 -5804 4983 6696 9064 -4691 9866 -1260 5227 3730 5365 1187 -2474 5315 8034 181 3619 3612 924 9741 1809 489 8689 6552 -2951 5397 -202 -9135 5780 617 2824 
964 1901 641 1720 2335 5933 -4280 9867 992 7469 -5667 112 3704 -7777 1661 2763 7032 -5341 1434 5412 7233 3922 6074 9258 7704 3003 8023 5255 5881 6406 5323 4777 1544 158 9760 6154 -6595 3063 -1348 -4388 -1772 6072 2513 2272 -9033 8926 1875 -691 4727 8015 5634 3655 7764 8659 3768 4551 7691 5584 -4828 3093 938 8215 3211 -9612 -9745 1643 121 7012 5422 221 
8440 5633 5404 6874 -6754 7320 8845 5308 -7129 1544 -5678 8385 7450 -1143 -2329 -2581 4027 -1718 8386 3416 9665 8024 4845 -8348 6260 1707 -7536 -3945 6618 -151 5923 4012 8409 5303 2214 5303 7411 5439 7638 -6452 9651 512 7444 9016 -4989 8649 9770 9106 -5535 6818 -1089 -9261 3105 3287 7099 -794 6257 7266 8090 9556 7796 412 8040 9937 1123 7690 4717 3129 4269 1665 
4530 2194 -2071 -4609 -9405 2808 -1529 9110 -8235 4181 4762 9012 48 6188 5009 9378 3644 2877 4777 5084 1984 -1913 9730 9873 5351 3381 5090 4343 4004 7450 8444 360 4410 6989 6492 672 5795 4758 6329 524 2463 4324 2976 5333 2376 6348 4464 4107 -4741 952 1827 832 9259 -3114 826 7018 278 3982 9873 6558 1101 6501 1294 2640 3591 574 9712 6514 -4081 -9233 
4563 4297 3068 -36 5095 -1455 7795 2393 5003 1398 2487 8388 9478 1574 5835 8418 1024 2760 5870 -2454 564 2386 6625 4021 1645 6127 4800 -3842 -6295 6165 -3209 6236 7363 7054 9476 8152 7003 1170 4544 1839 7434 1128 3903 -8416 4202 3739 -2004 9979 5821 8404 5180 5971 -3412 1644 9542 925 1110 4855 183 -1026 -2244 2419 9800 5615 2108 717 -1005 5274 3449 7960 
-5498 3749 4736 2398 2372 9817 6373 7890 923 7843 -9998 -2998 2678 9270 9667 -9774 5289 -9843 1116 6246 5215 8060 3917 4678 3010 -2021 840 4471 472 7140 -1477 710 -3609 -2456 3175 8048 -8378 5276 6638 6639 2156 2556 5662 3742 -790 5063 1931 745 -1424 8653 -5711 9312 1734 8160 598 -2375 8157 2107 525 7449 9148 9083 -2630 1575 4769 1384 970 8215 -5633 -2369 
-7039 715 6593 1189 4006 1438 4121 1274 2162 6234 1871 479 5526 9567 3065 2250 4764 -8018 1330 8423 2082 2210 2601 -8374 5010 4725 6423 4932 6942 4424 556 -4274 8420 6845 8148 7173 3036 4146 6276 8169 8749 5734 5751 -167 1375 -1967 3642 -1163 8697 2483 9077 -2907 6889 9444 7816 -3608 -1237 6868 -538 9802 3774 1248 4694 5904 -5271 -4469 7945 6299 1176 -908 
2943 9450 6070 3532 -851 3788 -5008 3122 8761 9477 9997 3365 -3581 3581 -7652 -6457 -6331 5336 793 1657 2343 7607 2386 4042 -8963 7752 9270 8538 6330 8145 4371 520 3738 351 9965 -9230 6473 -2751 829 4966 4610 4130 4088 1300 9295 2717 2514 4370 9736 -6180 -2510 3062 9276 5525 1001 3653 6734 6041 -8899 8950 7538 5643 8365 6798 5919 2033 3139 5102 4067 5282 
4492 5559 2821 4283 9345 8373 8307 2823 6005 5384 7867 7291 5774 555 6387 -7932 3233 3100 -3372 4127 9156 5841 9995 -884 3104 7 6293 6124 113 -6801 5969 545 6800 7150 3677 4118 2607 6843 4629 6376 8942 6881 1361 6258 7059 967 2936 9673 3994 1975 2570 -445 3075 6649 -4443 5556 6717 242 6769 6107 605 -4934 -3655 6624 6811 4816 8856 7699 3558 3049 
4090 2078 8901 7423 2341 -3889 183 1189 1711 -6640 -3448 8817 4943 183 -9090 8986 3200 308 1091 7846 6775 9509 183 -7980 4655 741 -4197 9380 8939 5740 834 -8132 -9335 -9862 6671 4576 9626 -9995 9437 -1646 8746 1269 8995 9746 -3344 2611 5595 9528 9 2155 1413 8352 5179 5016 1423 9124 6855 4381 8986 6831 8248 2253 9981 3558 6991 5507 3845 3058 9995 8071 
9586 9272 9320 2649 1230 3754 9983 -4548 -2116 9639 6601 9049 8485 -141 7629 1385 2381 7609 3388 5271 -4202 4297 4880 3146 -5278 492 -254 6928 4276 3197 9967 639 5897 2886 9461 1433 -4769 2646 1339 6665 -9384 5281 1645 4515 3442 9031 1482 3775 -7526 1519 7311 3372 -1885 3064 -1865 6412 3587 1486 7130 6120 -2144 1735 3222 5248 -2736 5997 6989 4655 -5928 7979 
3898 2312 8787 6148 6189 -6664 9299 -587 4691 9512 6854 328 1332 -6092 8157 3146 9288 4533 -9591 1114 9600 9318 131 4203 3322 3501 3725 9461 1525 8394 9520 6078 -7208 1405 4785 1328 2628 4123 8255 -1228 1637 7479 7915 9841 7134 3290 3655 4134 8688 2682 6942 3908 -1809 3310 -7527 706 -5435 5051 1513 2604 1258 7151 6931 7725 1279 3449 7820 8883 5320 1653 
5813 1944 5876 1525 4769 124 8426 7652 7916 4626 8331 6960 1125 9353 8251 7270 4895 1456 425 8668 3948 3754 -2648 2489 750 4353 8033 6735 -4523 7765 3081 6694 9417 9365 292 6489 7287 9342 4818 2967 6520 -6436 6217 646 2712 8180 -4555 1181 314 9710 -8363 268 9033 3464 678 8666 4978 2008 8202 7489 862 2114 7519 306 1178 6815 1865 25 6882 1634 
600 1382 2696 9329 9632 3114 6985 8019 1499 5076 2693 3430 433 6191 1098 -9229 4889 1371 9996 5566 6941 11 2121 -3899 -1236 -6693 -4577 -8072 5187 3729 5613 7071 1142 -7373 -152 4970 7595 8074 2659 7122 5853 -7901 6240 -6187 8840 2633 -4619 1712 7972 3593 4966 4004 6382 3400 6755 6294 -4864 3619 7058 5855 9303 6628 3960 307 4100 958 6450 4611 5121 -2325 
3082 7255 2544 8602 8207 1602 9572 7218 8609 7317 7425 -3828 7139 222 864 4408 5297 4227 816 6827 8364 7153 2943 5821 9050 -4336 -5781 2119 1302 -7147 8553 2560 3482 7372 -4478 -5204 7978 5758 1028 1343 -2665 114 6862 2072 6565 2417 6264 5679 8227 9670 5614 6740 2303 7422 6174 3216 -9704 1495 8850 -8632 8634 -8206 -6519 5703 -5969 9855 4628 4471 3680 5386 
8664 8928 7668 -3017 1398 7427 235 9624 9178 3701 3992 6854 9940 9424 1486 -1110 4961 4608 -5046 -7213 -4779 3494 3815 -498 159 7600 4908 -3155 5263 5545 -9960 770 -5175 410 1475 9582 5436 1537 -4158 6505 -4841 616 9922 9218 8495 1395 6363 7829 -7726 156 965 2829 482 9214 2164 9899 7068 5493 3824 2034 6236 5913 2331 5765 3865 2154 1719 1974 6552 465 
-2180 3576 6993 4977 -6552 2088 2937 6884 5872 -8466 8326 8052 1407 2117 -4456 9988 313 9823 8815 1350 -3322 3060 -850 6475 -6343 7423 6965 -1266 136 1243 8925 -198 2295 8447 6928 1446 -556 7953 1068 -7063 9803 6849 6041 7983 8462 6957 3587 5507 2609 -4820 9799 8560 2422 5318 -5233 368 1053 5281 6525 6674 7468 240 7983 3552 3754 8134 2038 6849 159 1799 
7265 6076 3571 9615 6971 1232 7041 4393 7424 2543 995 3361 680 8251 7242 6519 7018 9129 4780 9325 537 2930 4892 3702 2482 4109 6634 4254 -1371 4985 -5564 5746 8183 5157 1098 5188 819 1082 8660 5209 9021 856 9599 8391 5959 6824 990 5823 9843 874 2530 7764 -9148 3695 8815 9189 6772 8679 -7958 6933 8386 3812 8511 6436 5289 7818 8084 3812 -5091 6431 
4240 8196 6954 6419 2187 3236 6227 7699 8970 915 -8679 1527 2171 -1383 7904 5039 -7458 872 397 6172 4171 6559 -5566 2152 -240 9940 -8463 3607 293 -7569 -5595 3468 9436 4433 2251 2155 1448 4628 4201 9480 3982 6996 4248 -6220 -1219 5524 -4806 2281 -7395 4230 -8677 5455 6330 -9475 -9407 2426 4848 2975 2498 2743 7884 5009 9860 5379 9526 9449 9335 3124 8566 2056 
7721 1403 1613 1866 1812 3457 -1171 1460 -6387 1851 9826 9822 5422 8475 2503 -9318 5713 9102 -2384 3919 3562 7343 989 9214 9224 -7875 2039 534 8358 6217 859 -9001 8238 8166 4736 5215 9740 -7018 494 768 9561 7500 9600 -7493 9639 7306 7012 7229 -1915 6836 8930 332 5852 -356 7776 430 6262 3149 3442 -9046 5675 4824 4982 6552 5732 8208 4252 5047 1103 1976 
1609 7034 -8609 -3621 23 -8931 6021 6836 3788 -9090 5990 4774 4450 9166 -6292 9721 4735 2883 1366 4348 2675 1774 7877 4754 2266 3367 -2741 8767 9396 3544 7085 7972 9723 5032 6622 395 2851 2412 1569 -2049 9903 3123 6897 120 193 626 163 -4520 2394 1868 3077 4289 9701 8782 2552 1572 8588 343 7341 8871 9588 1561 3191 7911 4673 8012 8370 8006 1506 -2926 
2315 -4818 8982 8661 8167 1220 26 1945 9156 2608 -6848 -7579 7469 2714 1241 -9499 4754 -9617 2354 -7570 6275 9993 2641 9882 5755 -1285 3763 9974 9957 6347 6204 1921 5439 2709 3442 2221 4728 8671 -6851 -7679 1901 6038 6230 983 2018 6660 8560 5894 1889 6923 4636 7484 1015 5299 -338 5686 3537 2840 9975 -7206 3769 8164 7851 2082 9281 -2274 2498 -7722 -4894 9816 
7386 6912 7883 8013 4616 3646 1200 9812 2841 7202 2337 6852 5963 1974 7810 2965 4791 3311 4809 8215 8680 -8727 2745 9398 -1089 8587 854 -5192 9059 537 7148 213 -3340 3136 -1151 2901 -2928 8996 3625 1449 7795 5276 5224 8914 2789 7832 3761 5550 1289 1926 4028 5688 537 8316 -316 5967 7859 -4964 -1281 4656 -2239 5268 1484 5143 6584 8564 1150 4804 3077 6262 
521 8935 1206 3544 8907 9537 5768 6532 -9049 6987 432 8723 6126 7526 7040 -8260 7435 2325 9117 6489 7797 4877 1556 8966 7500 2066 6393 1502 1749 9556 -1706 6360 4628 3529 -4415 -2223 9122 9265 4583 -8938 -3933 -9676 8315 3813 8431 6177 4828 -5005 5971 446 8752 1080 7127 -8485 3676 5274 6435 9338 9337 8984 8100 -5929 3860 -4469 8106 2525 6062 6386 -5394 -3011 
3033 9107 7624 -4768 2084 -5305 3776 -7725 9537 6820 6207 -4846 2579 1082 -9988 7444 8226 3489 8505 4922 981 1663 6285 -1150 1658 4690 1684 5478 9711 6606 -4667 9424 6588 9465 1665 2172 -109 -4240 2440 4287 -5818 8684 -1789 -7953 -6837 8041 4309 601 -7359 -4846 7086 9298 8791 4746 4203 9380 5202 2335 8775 591 3179 8532 3442 -203 8505 1299 3949 -6299 -3655 1824 
8763 5810 1872 9339 2363 3570 -2417 7001 -4869 -3348 4676 3185 -65 3933 -9483 3900 6654 -6495 2541 534 784 2485 -2886 2959 7692 474 9556 6638 5766 7111 6691 2167 6508 2362 6511 7287 -96 9257 609 7538 5320 4055 -3678 9039 6455 -5205 5294 1227 3319 9649 -5454 9263 193 8823 6646 -3812 2721 -5113 -8796 7867 9351 5447 -7252 7649 7033 4071 144 -983 -8980 4969 
3511 -7068 -8858 5338 8539 6213 -4526 993 1327 -7480 -5328 5907 9242 1378 1397 5809 8357 826 -8429 4908 1006 6914 4669 9224 3079 254 3061 6404 1517 1042 2346 8192 5146 7015 8658 9113 1251 1746 3216 4861 146 -6006 7576 6805 2026 -9407 6789 7306 9054 4693 7388 4983 3559 6664 8146 8807 4121 -6358 4854 1417 4554 4658 2181 -6148 9898 5736 9949 4943 5879 161 
4380 2917 2225 7995 -424 3181 4097 -775 5538 -6270 -9718 -8130 7730 2662 -4185 -7826 9119 4 37 9181 3836 9599 3891 5745 -3606 -2051 5943 7210 8073 951 9649 4497 1214 5384 -3466 7186 9856 -1702 8885 8548 2846 -9620 2004 3921 9818 8763 6797 9189 -2359 8022 825 3193 9192 9832 2156 9165 77 4852 8960 1134 8251 3548 5324 5012 3004 6791 870 1302 426 2321 
-9370 3037 2993 -3381 4554 3054 -7258 6845 2849 -6436 -9893 6138 -8970 -7908 8946 2572 2019 -9536 7613 1709 5149 -9611 8890 2462 6967 7866 2436 9465 -6289 8791 2647 -9697 795 8367 323 5272 9765 3542 8707 149 2036 5083 9405 5862 1338 -5915 7233 1431 1212 4262 -8883 -3429 -2863 4915 7973 -3027 1253 -7537 2649 1939 6241 3615 4386 755 3730 -1050 -6494 1949 3912 -4674 
5394 5948 753 -272 6427 620 1556 9445 3136 6763 -7863 3357 7294 475 9135 -8009 7217 -8273 9998 2248 5303 7646 8075 271 230 9772 3248 1603 5483 1215 5746 8768 5732 8394 -8340 7075 7614 836 9077 2604 3354 -8179 578 9077 3643 1417 8743 -7702 6283 5388 1459 -4765 2076 4840 2940 -3531 6802 3250 6576 7610 244 1615 -4189 6398 7639 7143 1529 2074 -115 3520 
-397 411 566 -3756 5765 8012 -9758 -6576 430 3910 -5 8013 2162 61 3110 2511 -869 6027 2071 7962 4222 -3514 7605 2064 6140 -824 8687 4306 229 5862 2721 -989 4204 3736 6287 -6377 -7726 347 9914 4694 4611 5847 5534 3606 7274 5991 1213 6425 5535 9968 5731 5366 7387 7609 -8143 1082 9826 8521 5612 7804 1044 -5725 6786 902 -9602 5323 4589 9052 -9259 3410 
3395 -855 2928 -2385 1210 439 -1972 1825 7032 2635 9945 -3604 -3605 3719 6395 8619 9968 8123 6611 -433 8489 6755 1473 9440 7066 2452 6104 6777 5140 -1247 4260 6190 -7660 1297 5493 1127 5904 129 -3049 3604 2766 3176 3007 4663 6827 7077 6799 -7458 5840 1501 448 457 7412 127 2736 6994 2869 5485 3276 3241 6122 9157 7721 1190 3107 7368 8370 -4208 6179 4921 
-8458 6531 7320 1055 6318 -9525 6365 1694 5645 6745 9481 3813 5657 2531 8712 5281 7131 4294 1725 2091 6397 -4687 5960 4817 202 1524 1361 -1019 9860 9151 9417 2489 3743 3229 5049 2889 -7774 3427 8529 3878 1603 2368 5921 1669 2327 4414 5769 3559 1806 -1946 -6189 797 1341 -8421 8006 718 2707 5426 -5749 2861 4008 -5981 1997 6951 9464 2391 3413 6448 -149 3141 
1097 9741 9896 2633 2225 -8568 4780 2213 8250 2111 3426 4556 -5420 -5203 668 2090 5173 1708 5049 8617 -7283 3558 7557 5739 -6954 6967 9089 3038 9372 9876 3215 -9384 -2911 2640 -4583 2606 2065 3442 895 3106 7516 6761 4555 -8094 7334 5664 614 5599 835 8792 7595 -9189 192 -6778 -3549 7089 2349 6319 8627 8441 -6465 4608 1163 7976 7583 8803 -9806 -7186 6128 -9385 
-777 5366 9054 8560 -8312 1544 4794 2449 1367 590 -7920 7271 5300 7785 -4801 7079 -5745 3944 1557 -3965 8043 7979 3405 1951 8844 2148 8581 7679 5220 6883 -6905 5244 5388 2093 347 1718 -3399 7844 5986 5053 -8164 6148 1696 3437 1019 -6738 2515 8446 2560 7607 -1339 4844 7266 6439 7599 6122 1414 8491 434 7876 4555 -3454 685 4192 6726 1144 7410 6685 -2311 5071 
5555 1572 3550 1509 8216 -5834 4905 505 5092 2515 1301 -6449 6461 9167 329 5225 8154 -9852 7519 9688 9431 969 1971 2698 877 5016 3702 -9655 163 5744 -5004 9148 6600 6068 2233 3063 4048 5975 2332 7301 9882 1746 -3189 6080 107 2088 -754 9754 6292 5321 -5157 2324 6884 5192 8919 1106 6408 98 3766 6279 1797 7806 153 6581 5215 9441 1489 -827 6421 317 
7529 2223 6389 3025 5299 2344 5664 7694 -8022 8416 9050 8065 5527 -6897 8036 -6080 -7297 9514 3564 8653 425 1179 1376 8607 8713 9623 9255 5406 9779 1983 5334 5787 8402 5663 4254 -3276 4131 96 5369 9633 8613 6871 9206 753 -655 -1690 428 1072 1580 1288 6565 3043 -4777 2086 3433 -1732 9835 1089 7991 9408 5859 9391 5745 -543 8227 -6208 1465 507 547 8891 
7595 4672 4776 1649 719 5634 1939 6735 9581 -6795 4323 5688 9781 -4528 8934 923 9815 6941 6055 6898 -8104 7441 7153 -4848 1887 6552 1582 6300 3923 7392 4675 8558 4694 492 709 -5010 -7158 -5035 1701 3910 4102 908 1772 3466 2399 8064 6426 6634 7546 6173 5424 8133 1381 8551 9271 329 8340 929 8054 5525 1339 -3133 8006 2604 2113 381 4535 5984 5696 454 
5287 3371 -1527 317 7154 8109 3516 6967 5475 2568 3507 -9966 -528 8491 1931 1693 -5389 -1936 6736 3136 3991 4785 306 -2911 6077 2561 -7677 4167 875 5224 3286 4355 6194 9118 5514 7106 7955 7468 368 4040 3289 5480 7583 7293 6849 7214 7150 3392 3994 808 1705 5886 1104 5677 5783 5579 440 1248 7095 5210 1389 8651 9975 8266 5268 2371 938 9296 8365 5008 
2544 9750 6694 3557 2204 8266 4975 1640 -396 2228 7837 -2745 8808 2566 3793 2704 -7406 -8782 8139 8232 7488 5671 79 296 4743 4322 8437 3115 5584 4065 -7062 8107 9826 5895 1663 4329 -1093 7787 -4708 7064 8107 9004 5118 4420 5513 9843 757 5212 1910 7831 8233 1762 -7743 4235 9150 3415 7085 4082 4018 6122 98 3137 4097 5664 9143 5748 3014 3267 8290 8303 
-4336 7950 719 9269 6416 71 6425 647 3894 -5407 -4159 4083 -3376 8942 922 8742 8392 8961 -7736 3312 2744 398 -3965 5645 3992 1416 2539 2064 6131 5372 -3818 5885 96 2290 737 5649 632 5665 -1163 7779 9992 7334 -3558 3547 6298 1501 -9617 8024 1279 4618 -892 772 7279 4508 786 9017 981 -1213 8460 -3454 1860 1398 3629 9509 8196 2021 -4602 990 141 1854 
6466 -4089 6078 77 -8321 3142 -9385 7832 -4933 8080 807 -8960 3644 6115 4361 3900 8775 -3792 8433 -8085 5347 8003 855 6656 5129 -5530 -8270 7746 8329 -5290 373 3564 9985 9600 -2976 5551 2532 4734 7111 9361 -3190 808 7889 -2096 6695 4661 5063 9302 845 1932 7885 2545 4529 -7731 4315 8651 5064 4932 9059 -9708 7723 6592 -3363 8963 1298 4559 2076 -6429 -5047 7956 
5615 1910 6769 8730 7459 -7398 4172 249 2617 562 6242 8581 5628 5689 8324 2358 1067 -2278 3825 676 -855 267 812 -6381 8039 446 3726 3895 -14 2635 7587 7194 6774 3956 3336 4947 -6804 9851 5258 2950 5617 7558 1674 9394 1993 7966 9386 8717 8735 3235 2374 1205 6056 9278 8247 8334 -3297 -8048 1181 9291 4605 7635 9300 8653 9045 -7192 7551 1987 1280 8424 
-5434 7426 5058 8195 3985 1223 1949 4112 7615 8040 6475 1959 2996 8223 1233 3599 7891 4394 -8928 5073 6598 4644 1015 2467 7130 140 1666 5485 9719 3608 6195 -8194 -9566 317 3985 5291 8571 2991 9222 -32 8278 7737 7066 4874 6385 4068 -2755 5832 3515 6639 3853 -2142 9045 9363 9382 -5166 2411 9283 4600 4930 6136 3513 5320 9176 320 4157 8187 4715 9565 6531 
-2009 5074 6615 6682 2377 1567 -7056 7437 -1204 4932 7085 6812 8819 4987 7673 7681 6181 3662 7752 9066 8501 8232 6694 -7906 4436 -8203 4139 4559 -5133 4971 4744 6837 3439 690 6443 -3858 7517 -7788 5452 6314 -2269 5968 8159 500 5572 2264 -5267 1205 3324 -4358 8252 6333 -5067 5954 5574 9043 8373 7609 5595 6594 4259 4603 -2422 2028 5253 8490 2151 7322 1405 -5752 
-6887 -4838 2789 2115 8511 9033 925 6758 442 8196 7153 3479 -224 3726 2038 3980 2589 5043 1858 140 1735 9942 6463 4792 3083 4835 -7687 -6116 3501 5320 3318 662 6404 1876 1592 9184 1390 -7105 5429 5991 5407 7470 5443 5769 -3060 6793 9895 2124 4950 5818 -7808 2474 9996 2105 -4315 418 4392 -594 2440 -4095 6942 5073 6944 -51 -1212 1527 8185 8871 3492 3722 
776 9965 -3588 -3870 509 1068 -6713 7054 1685 -9006 2015 3842 -4049 2818 390 8056 9558 3977 -9401 4439 718 227 -4817 796 6427 6641 485 7671 7909 9672 5587 7134 2653 5279 736 6904 -7251 -5484 9087 1674 -6191 726 8615 1218 9327 -791 6053 4308 -1938 -4207 7706 9640 8784 9114 7551 7603 3792 5105 3029 -2662 9980 3850 5151 635 7225 6367 6400 -3441 191 1904 
5273 2764 9927 8518 2457 2599 8498 3089 7710 6457 6603 7830 -2589 1193 8215 3537 6573 8603 3627 7127 5083 8925 -5733 5417 5490 -3727 1801 -6214 8007 9706 4654 6294 6295 8367 7245 -4649 265 9393 5394 7812 6296 4335 4946 5409 -5407 836 4633 -2988 945 3204 8929 8953 1907 1913 1914 7987 715 -9903 8042 -7775 -2136 6968 2058 9304 1099 5698 8604 6283 4730 1010 
2352 8655 1874 5482 9649 9355 1313 -8370 667 -2888 8957 2326 6984 3368 -7906 7646 2427 3184 4080 3599 4151 6281 775 4778 6605 4262 5514 9811 4927 683 -3191 8443 6917 1229 1070 1398 611 4303 2894 7791 9494 -7161 -3603 4054 2338 9764 9440 -6666 2691 6370 631 9511 5456 -3043 3551 9643 -1529 1822 5734 6989 800 5234 9011 6982 -9589 258 -1173 257 6826 9589 
5306 9398 -1605 3641 -499 1150 -825 3128 6151 4600 320 3223 -3777 4754 -3745 530 1668 1168 2165 1930 -7494 7416 2820 8218 3207 8560 4812 7076 6790 8229 2998 9469 6674 113 8735 7247 9628 -4084 -3041 4949 -7041 6197 -6117 5423 7661 3424 338 -7664 -3510 -7215 7158 3390 2127 5839 3312 6234 -8578 -8570 9278 628 2632 2210 6947 8174 1908 9941 1648 8296 7866 -7812 
7421 543 6837 936 4928 6473 -971 2679 8030 -5441 7565 8644 1807 8411 7948 -7379 4963 3904 2996 9731 6578 3673 4200 1717 712 8761 5751 255 2697 961 -8278 3076 3194 4382 7093 7160 6428 195 5048 9151 9500 5031 935 -1690 6668 1803 -7690 9066 4022 8787 8729 -7378 1412 2739 6778 -1069 3918 7138 9140 4736 6626 -4639 5513 8645 -1151 -4525 240 8159 6611 2044 
280 3910 9253 5284 4009 4580 5329 3482 3531 -8146 6296 2883 -3160 -7817 -9834 2468 2218 -9025 1948 8348 8726 8414 5724 8351 5345 1594 2786 7862 4654 -3868 -5631 -6456 -6283 2883 6959 6120 -5317 4079 5122 -3394 -4049 8660 7310 -496 4054 5948 8436 9001 6349 5505 -7265 2923 4359 1394 5010 3316 5190 9312 49 2590 1645 3612 -1842 -513 -30 3704 4405 -1602 -5681 -2558 
7022 -1689 5721 4520 2101 5010 5032 2421 -1584 -9093 9369 6285 1740 8526 5971 2127 8204 9212 1395 7778 1100 7236 -6269 6757 3598 2828 4024 8763 -5264 6354 2364 554 9709 6849 -7149 -8508 5449 2875 7694 2006 -7186 5043 -3233 1038 2007 9011 7021 972 5142 8653 5164 9896 9474 3774 4170 9547 4269 9239 6978 -7238 5759 3813 -6344 8018 -5517 6858 -5305 1231 -1746 -1168 
663 9680 -9786 -2001 5294 9691 4287 -8935 5411 4413 7825 6496 7561 -4237 4487 3338 2260 9779 898 -9753 4761 5611 9876 6157 7662 5421 7786 3966 7251 7473 6365 4806 7613 2609 8293 7078 5917 8959 6746 7473 9122 -7066 2320 5188 6154 2117 -7573 4430 8169 9211 3421 -5991 8749 6104 4517 2889 6511 2466 8793 4822 4970 1423 7613 104 1948 8380 -8280 7229 820 -6167 
7774 4252 5288 -3664 -425 3676 -4372 9948 1281 4943 2543 9671 4190 8341 9899 6080 4052 8493 466 9077 3723 2588 9078 4992 6830 850 3997 -8850 4264 3909 6573 4407 3139 -5602 -3579 5083 3863 114 6283 -4429 849 607 -6953 -6640 4600 114 9794 9789 250 -3181 7598 8021 -4182 -7432 1940 1694 3397 -2238 7787 6885 3753 5601 962 1673 3990 3730 7731 9579 3700 9049 
843 -9917 7061 2545 6293 1724 6318 4272 2744 9750 -2127 -2478 749 1347 8242 4437 2138 2415 -1501 2523 9961 415 3958 3238 3769 113 1308 -8406 -2775 5640 9378 -503 3467 2368 2936 9510 1968 8455 9129 9870 5276 9338 5440 6519 9317 8648 2559 8923 1385 5514 2374 -3234 3999 27 -4474 -1645 -6917 7290 1210 9254 5387 5521 3175 4913 6243 8301 5026 1665 8982 1589 
6949 3574 5776 1377 3467 501 -4915 2307 4709 -6626 9737 6815 2046 9961 1835 8789 7700 9477 -7650 3338 3462 8908 4288 6211 2227 1248 8390 6849 2939 8077 8517 378 8227 8370 5167 -339 9196 9437 1251 7637 2519 1437 7082 -502 6530 5340 2535 3634 2685 -8562 4929 2195 -6118 -1635 4061 1436 3501 9279 5659 1211 2935 147 5736 4047 3544 -5474 5439 7689 3083 6768 
8649 9565 9577 1366 3406 5974 2242 697 3757 -828 -459 2991 140 2781 7207 8877 1225 6914 2517 -9147 1614 2902 1529 129 -4858 2750 -6229 2052 7685 3061 -6269 -9464 371 4239 6166 2585 -3259 6000 9660 1057 1809 286 -878 2364 789 5328 -4356 822 9566 9938 5338 2432 320 5014 1669 8278 6797 606 5500 -8549 4222 -3046 4320 -9927 4887 1356 4801 2719 -3585 2476 
-8903 1386 -2024 544 5969 -9376 8926 5743 -5193 5594 8639 -8729 7107 4178 2244 -2040 8792 1246 5953 3006 8828 1253 3812 1909 -8674 -5831 3414 -9564 6198 1930 5054 5463 -7145 7303 8753 6422 6339 -8016 304 249 2567 9647 9969 5133 8671 2330 8963 -4865 3503 8587 4833 2985 4314 3333 6498 9020 5805 8730 7970 3632 1740 -5797 256 -6617 9400 -6476 8778 -8441 3737 651 
2926 267 5258 1218 529 3231 2038 5219 3918 7147 5656 -1887 1150 7193 -5629 7966 7291 8219 2946 6571 6218 7658 1913 -4224 2324 1423 6450 6671 1792 5928 8147 6117 3326 3088 1767 6786 80 1122 8068 592 7566 1948 6059 4872 3384 -4555 8306 9064 1282 5912 -8638 8259 9214 8450 9210 4699 1677 -7193 4788 5553 -4412 35 1546 7644 8918 -6612 5926 9270 5979 7990 
7404 9406 6907 2235 4766 8430 3347 9371 6620 4023 -323 6457 179 -7054 4441 1128 -4319 -6353 458 650 -766 345 8349 9593 1119 5481 6046 332 2540 7 -3571 6731 3461 2261 3912 3997 -5416 6000 5951 9393 -9805 9681 -2966 4850 1083 -8527 5890 -3202 8805 767 8201 8421 7070 5585 25 7647 1697 6005 6112 6662 9689 6494 2533 3947 9630 -6519 3205 -466 -3609 -9705 
7095 9450 -4997 5845 5758 2161 5865 -4057 7470 1978 2043 -9363 7926 5992 1649 2049 2832 9589 4600 -4037 8431 6548 971 744 9479 3007 -4360 -1662 2458 7543 6861 7240 -5604 -6181 5987 -8075 3178 9161 1185 -5560 3138 4043 6498 7064 4234 9008 -4682 4241 6808 918 3091 5513 9897 -145 1864 6998 1638 8153 7509 559 -441 4471 -3996 8520 5556 3146 7624 -9943 2769 5372 
7977 5189 8186 7166 7085 3216 2983 5514 -4907 3740 329 7829 3501 7770 1588 684 2062 2073 -9050 5215 883 3545 2552 -9979 -5616 678 -1517 803 7386 8406 3728 6507 9022 6420 601 5319 2245 -7556 1840 3041 5632 -6037 9183 6439 -4897 6503 3089 1064 -6815 -7030 3745 7310 8618 6493 7995 9034 8711 -9461 -588 8128 1387 4939 -6365 6910 4945 6407 -6201 2806 1078 8351 
8666 1272 4399 -572 8535 6041 5747 -9277 1696 8024 -2973 164 148 3899 4451 7478 1771 2811 -8815 9596 -1030 6086 8141 8298 -6768 -8413 3076 6145 3438 4395 7566 -4212 4750 5608 -28 5048 7996 1893 -5213 840 8272 -5575 9616 5845 -1470 -2160 -7166 -9036 -6485 1246 741 4889 4894 -1239 3493 9921 119 -1613 2634 840 9213 6469 2569 913 9851 3343 6243 8771 6556 4591 
2924 3535 8870 4398 4932 6134 3184 -934 4586 9987 2753 -8269 97 8702 4503 5159 4596 429 1752 5886 6697 2107 2951 -5929 6324 -5968 -5720 7075 6076 -2227 899 -4282 9767 7382 9299 7071 4389 1443 4749 3536 1898 -2151 1210 4557 -3655 -9827 3435 5252 3737 8786 698 -6671 2182 3356 3489 6102 2028 221 -6428 8788 -122 -9944 -1010 9520 8196 1906 1456 -6811 2010 6198 
6048 1037 9653 6036 7662 -1787 5424 3523 7475 4424 1798 8184 3670 3233 8417 9664 9236 7601 9385 7004 7090 7309 8447 7358 5273 5003 2408 2101 897 516 7287 -6388 5776 1489 -6165 5713 -9989 3963 1184 8096 8325 1458 925 -1470 8978 3380 9087 4257 2254 2342 7341 5832 302 6193 -8686 6247 20 7281 7078 7297 -8398 4593 5999 8514 -1585 3208 523 4050 5197 8945 
-867 4636 7402 -6908 1305 6185 7796 2767 1027 6097 8725 2896 9614 1297 7084 8109 1935 9204 8593 8915 3709 6067 5586 3969 6296 -2066 4481 8796 4246 5441 6378 4009 5255 693 3477 3785 1776 -8732 3760 7378 4198 3778 1533 1396 2221 9587 -3679 398 -2000 4576 4995 5475 -7748 2062 6105 -991 3333 1607 4971 4272 -636 7150 -599 3076 6846 9335 -82 8533 9060 -5970 
333 5902 6652 9502 5862 9235 4290 -1022 977 44 6450 7387 9054 -5094 826 7482 8781 1256 6959 7161 -2438 -9077 8751 5451 5906 -5891 -7248 7245 2386 4633 -817 9098 3114 -1219 155 7389 1579 -3005 3146 9507 2969 2471 9345 2914 8661 400 3402 9119 8166 2297 -5077 404 1161 5239 6394 -4937 458 -2335 8723 9697 -4084 2821 3000 604 8774 8618 782 8655 -2000 6427 
7631 4953 4185 6092 2729 -3664 1879 5346 2856 9896 9811 -8120 -9235 2240 9460 2749 3919 5521 7967 5942 4162 8081 -7761 8530 9904 2912 3745 5393 -4669 3511 8277 1495 1275 5379 5303 4794 -3388 9764 7767 9355 6396 7946 -8158 -5295 9403 8825 4098 6001 9688 7524 99 6803 5248 2059 3083 2423 8303 6538 279 3073 6567 1567 5653 4952 8703 -4329 -9021 6634 -9205 1098 
-4844 8219 7512 -2907 8807 2463 5371 4878 5496 1410 -3167 4811 5896 1787 9225 4102 766 -4985 4602 4706 3745 -8032 -5038 9577 217 9898 -7577 6113 7216 264 5039 399 8903 1301 7429 9106 8021 5555 1711 5157 1474 1665 874 2190 1925 240 6983 9922 -9183 4330 8873 -4326 6490 7418 5745 1546 2086 590 -4341 2066 1272 2000 8159 9412 6743 6015 4100 2873 -6511 2568 
3442 3584 7969 8676 -7340 7388 4476 7553 3141 8067 -1755 -9416 8493 4624 -3275 602 939 3480 -5813 7616 -5789 5631 8918 5418 1125 8179 1504 2930 1258 -9071 9409 7795 9968 1383 -3054 8964 8109 3582 149 9887 6780 2585 8043 770 7336 -2014 -3 9994 5868 2033 4187 -7990 4235 2289 2671 6799 3358 2429 9737 7040 -5853 7252 3079 1583 638 -7761 6672 8588 1117 6241 
8338 9060 5779 8832 326 2820 8424 7437 502 3075 6444 2100 7248 3278 2236 5366 9031 4193 5869 7165 -4328 -335 3972 6590 -9038 9122 9256 6431 4578 1420 823 -3652 5732 -5582 67 -1032 2395 6983 9185 2355 3616 -4780 1246 5371 7195 4901 1385 7822 -366 -9569 2368 4870 2337 786 5699 9250 9087 3849 728 -9581 4693 148 633 3894 7842 -9389 5329 1580 3524 847 
3740 7007 8541 2174 9421 3410 9704 -3090 6942 -5889 5184 5468 1647 -688 -3050 2862 9161 2799 7917 9875 -977 4482 -2453 1734 5407 9067 4412 7187 1939 9066 1732 8042 -4991 8156 7222 7513 7386 3654 1349 9648 7664 3746 4909 1756 8452 9078 435 6857 9947 -6394 2546 8651 -7732 5955 1820 1213 3825 2054 2049 6341 1389 6597 9894 5908 -8075 -5398 6509 5996 9389 -6830 
