24 12
-8626 1211 -1271 8204 4757 -3958 -9460 -4041 1227 -1888 -5093 8495
8619 6628 6214 7617 2175 9961 3922 838 -6833 -677 9848 9539
-4671 -473 -3610 819 5924 1048 -9397 38 -2840 -1322 -870 1749
-6637 9809 -8838 5318 3465 9604 5803 3081 8337 6349 -5549 -9111
-1993 -8617 4854 -2198 -7557 2180 5387 6905 -5706 1748 -9647 -8835
-2024 -8375 -3686 -5785 5442 9294 -4201 -8254 8676 -4735 -9520 -7432
8838 -1617 4561 4113 830 -4151 8458 -1954 3169 8425 9596 -9458
2865 1472 7807 -5331 -4278 8231 -6684 -505 -4506 2488 7229 2138
1969 6773 -5398 -1601 7278 179 3256 -1383 150 -2549 1255 3449
-6076 9863 -8886 -9333 -6844 5118 -2651 3155 9904 -8495 1359 3216
-6528 6660 -6677 1767 5574 -1746 -4192 1704 744 2461 3630 -8062
-3688 1699 4840 -7840 8813 9095 -844 -490 53 4174 -7725 8477
1391 1833 -135 5405 511 -3603 -7769 6420 7185 -2152 -836 -9858
1664 -2968 6686 -1135 -2791 8970 5507 2952 -6280 7266 692 701
4562 -8994 3578 -2350 1793 6188 -9693 -9582 7130 -5002 -9897 -1373
722 -725 2229 3002 -3657 7774 3301 5861 -8992 -3793 816 -9931
883 2443 -4889 -5720 -5778 -702 -2538 -1467 -3460 6848 8457 -9754
8601 5596 -7809 -2330 9102 -3515 5229 2876 -2496 3837 9331 -7213
-3598 -1676 -3216 -3147 -74 -7255 4660 6197 -7910 -1485 -7360 5004
1732 9658 -5384 6639 1104 -5103 -1538 9843 -8959 -1408 -2304 1425
2550 2127 2666 -4609 -8885 -2934 -3138 -1824 -5791 -8640 9762 -2820
5078 3997 -4069 -3801 2350 -9932 -1832 7307 5216 -2646 -2586 407
6135 -2661 -6243 -6688 1600 1882 -2277 -4450 -2149 8640 -864 9068
-4085 6087 -8808 6712 9696 -3951 -7396 1592 -3912 9887 4410 -6217
