22 33
-8626 1211 -1271 8204 4757 -3958 -9460 -4041 1227 -1888 -5093 8495 8619 6628 6214 7617 2175 9961 3922 838 -6833 -677 9848 9539 -4671 -473 -3610 819 5924 1048 -9397 38 -2840
-1322 -870 1749 -6637 9809 -8838 5318 3465 9604 5803 3081 8337 6349 -5549 -9111 -1993 -8617 4854 -2198 -7557 2180 5387 6905 -5706 1748 -9647 -8835 -2024 -8375 -3686 -5785 5442 9294
-4201 -8254 8676 -4735 -9520 -7432 8838 -1617 4561 4113 830 -4151 8458 -1954 3169 8425 9596 -9458 2865 1472 7807 -5331 -4278 8231 -6684 -505 -4506 2488 7229 2138 1969 6773 -5398
-1601 7278 179 3256 -1383 150 -2549 1255 3449 -6076 9863 -8886 -9333 -6844 5118 -2651 3155 9904 -8495 1359 3216 -6528 6660 -6677 1767 5574 -1746 -4192 1704 744 2461 3630 -8062
-3688 1699 4840 -7840 8813 9095 -844 -490 53 4174 -7725 8477 1391 1833 -135 5405 511 -3603 -7769 6420 7185 -2152 -836 -9858 1664 -2968 6686 -1135 -2791 8970 5507 2952 -6280
7266 692 701 4562 -8994 3578 -2350 1793 6188 -9693 -9582 7130 -5002 -9897 -1373 722 -725 2229 3002 -3657 7774 3301 5861 -8992 -3793 816 -9931 883 2443 -4889 -5720 -5778 -702
-2538 -1467 -3460 6848 8457 -9754 8601 5596 -7809 -2330 9102 -3515 5229 2876 -2496 3837 9331 -7213 -3598 -1676 -3216 -3147 -74 -7255 4660 6197 -7910 -1485 -7360 5004 1732 9658 -5384
6639 1104 -5103 -1538 9843 -8959 -1408 -2304 1425 2550 2127 2666 -4609 -8885 -2934 -3138 -1824 -5791 -8640 9762 -2820 5078 3997 -4069 -3801 2350 -9932 -1832 7307 5216 -2646 -2586 407
6135 -2661 -6243 -6688 1600 1882 -2277 -4450 -2149 8640 -864 9068 -4085 6087 -8808 6712 9696 -3951 -7396 1592 -3912 9887 4410 -6217 -9479 -2797 -2384 7213 8005 7090 -4658 2885 -9525
1046 -146 2012 -7451 2474 -9070 -4901 6757 1457 -8151 8909 7540 -5317 -6107 -8432 -1246 -3591 9883 5765 7912 -4927 -3444 -7224 8221 -157 3052 8099 9865 -8108 3097 9723 -7079 760
6891 -5496 4615 -7010 3639 -3425 5577 -751 -4048 -6271 -5180 7371 -5221 -2534 2891 7147 2645 3210 -8444 -3887 2895 -6883 2872 -9155 -3731 1028 3956 3485 -6677 7711 -2237 1129 -1550
-9708 9477 3603 -7078 4203 -6995 -1891 1619 -4003 7878 1406 -328 -1863 7989 -3400 1951 6609 -3561 9443 156 3591 -2025 1425 6972 -603 -5983 -5919 6593 7467 -1709 -9169 -1565 -1176
-171 7771 2548 7862 -7179 1635 2533 8467 -6222 -3964 -2558 9598 9406 4865 2145 2705 -6078 7535 7150 -2348 5462 7921 -4568 -4574 5072 1662 -4285 5220 -6387 -5012 1703 -8717 -2503
4526 7471 3916 4277 5479 2410 -7194 5130 -7145 6692 5348 -5867 5212 5166 5263 8323 1828 -1553 -5019 9234 4282 8145 -1204 -9793 7513 8486 1217 -8619 513 -6753 8970 1242 5160
9590 -8422 2979 -2536 6672 1687 -6982 5862 4299 8458 8386 -2182 8115 8234 8200 -5316 3685 2783 9202 -4654 9384 -1348 1597 -527 8289 -7522 596 5716 3959 2043 -9686 4743 -7914
3473 -2609 2793 -8978 6723 7335 -8150 9686 -4972 4125 4835 -5311 2252 1890 340 5870 1566 723 -5647 5554 9308 6464 -7969 -566 -2325 7096 3672 8685 341 -6688 5413 1089 7221
-9721 -4112 2412 -6024 1934 1576 4691 723 -4287 -3710 -5680 -4788 6376 -5654 1847 -8722 8519 -9078 -4524 -1934 3128 -8443 -4733 7671 -5027 3262 -5847 -5272 -208 -7236 7121 -7455 7426
-5552 -7023 345 -10000 929 7565 5338 2968 -7878 1705 8868 -38 4010 -4950 2999 5780 -6107 -6748 7110 -4945 5745 -4068 -524 8371 -5422 9455 -510 7448 3468 3906 2099 -3092 -410
5247 7885 5211 7215 -8326 -808 -3538 5663 -3591 6174 5988 -7658 1842 8801 -7090 -5706 -5453 4171 -7082 1366 -142 -8624 4818 754 9912 -3443 -955 -2944 -4416 -423 8698 -8404 6385
1955 3363 6529 4177 3049 9723 4088 8707 3635 2242 -7769 9939 8950 8464 -9465 -7080 8346 -1127 -4099 -6004 3014 7118 4768 9806 5124 2866 -1609 -2637 -1087 1585 6560 -3711 -9297
-9708 -376 3141 6282 -2107 -2323 -7742 589 -7866 3801 2764 3469 -3525 -6816 8198 9023 7257 3456 7356 -9738 -7617 -5315 -9383 -721 -2652 -9736 2052 -6301 3493 6671 -577 -8229 2386
4609 -6489 1043 2853 -7070 2362 -9618 -4444 4230 -5228 -1157 -2341 -6279 -2744 -7352 -3642 5154 9589 9401 -6396 53 -9051 5125 9500 1230 1219 -7054 8440 -1232 2834 1415 -1480 5258
