56 48
-8626 1211 -1271 8204 4757 -3958 -9460 -4041 1227 -1888 -5093 8495 8619 6628 6214 7617 2175 9961 3922 838 -6833 -677 9848 9539 -4671 -473 -3610 819 5924 1048 -9397 38 -2840 -1322 -870 1749 -6637 9809 -8838 5318 3465 9604 5803 3081 8337 6349 -5549 -9111
-1993 -8617 4854 -2198 -7557 2180 5387 6905 -5706 1748 -9647 -8835 -2024 -8375 -3686 -5785 5442 9294 -4201 -8254 8676 -4735 -9520 -7432 8838 -1617 4561 4113 830 -4151 8458 -1954 3169 8425 9596 -9458 2865 1472 7807 -5331 -4278 8231 -6684 -505 -4506 2488 7229 2138
1969 6773 -5398 -1601 7278 179 3256 -1383 150 -2549 1255 3449 -6076 9863 -8886 -9333 -6844 5118 -2651 3155 9904 -8495 1359 3216 -6528 6660 -6677 1767 5574 -1746 -4192 1704 744 2461 3630 -8062 -3688 1699 4840 -7840 8813 9095 -844 -490 53 4174 -7725 8477
1391 1833 -135 5405 511 -3603 -7769 6420 7185 -2152 -836 -9858 1664 -2968 6686 -1135 -2791 8970 5507 2952 -6280 7266 692 701 4562 -8994 3578 -2350 1793 6188 -9693 -9582 7130 -5002 -9897 -1373 722 -725 2229 3002 -3657 7774 3301 5861 -8992 -3793 816 -9931
883 2443 -4889 -5720 -5778 -702 -2538 -1467 -3460 6848 8457 -9754 8601 5596 -7809 -2330 9102 -3515 5229 2876 -2496 3837 9331 -7213 -3598 -1676 -3216 -3147 -74 -7255 4660 6197 -7910 -1485 -7360 5004 1732 9658 -5384 6639 1104 -5103 -1538 9843 -8959 -1408 -2304 1425
2550 2127 2666 -4609 -8885 -2934 -3138 -1824 -5791 -8640 9762 -2820 5078 3997 -4069 -3801 2350 -9932 -1832 7307 5216 -2646 -2586 407 6135 -2661 -6243 -6688 1600 1882 -2277 -4450 -2149 8640 -864 9068 -4085 6087 -8808 6712 9696 -3951 -7396 1592 -3912 9887 4410 -6217
-9479 -2797 -2384 7213 8005 7090 -4658 2885 -9525 1046 -146 2012 -7451 2474 -9070 -4901 6757 1457 -8151 8909 7540 -5317 -6107 -8432 -1246 -3591 9883 5765 7912 -4927 -3444 -7224 8221 -157 3052 8099 9865 -8108 3097 9723 -7079 760 6891 -5496 4615 -7010 3639 -3425
5577 -751 -4048 -6271 -5180 7371 -5221 -2534 2891 7147 2645 3210 -8444 -3887 2895 -6883 2872 -9155 -3731 1028 3956 3485 -6677 7711 -2237 1129 -1550 -9708 9477 3603 -7078 4203 -6995 -1891 1619 -4003 7878 1406 -328 -1863 7989 -3400 1951 6609 -3561 9443 156 3591
-2025 1425 6972 -603 -5983 -5919 6593 7467 -1709 -9169 -1565 -1176 -171 7771 2548 7862 -7179 1635 2533 8467 -6222 -3964 -2558 9598 9406 4865 2145 2705 -6078 7535 7150 -2348 5462 7921 -4568 -4574 5072 1662 -4285 5220 -6387 -5012 1703 -8717 -2503 4526 7471 3916
4277 5479 2410 -7194 5130 -7145 6692 5348 -5867 5212 5166 5263 8323 1828 -1553 -5019 9234 4282 8145 -1204 -9793 7513 8486 1217 -8619 513 -6753 8970 1242 5160 9590 -8422 2979 -2536 6672 1687 -6982 5862 4299 8458 8386 -2182 8115 8234 8200 -5316 3685 2783
9202 -4654 9384 -1348 1597 -527 8289 -7522 596 5716 3959 2043 -9686 4743 -7914 3473 -2609 2793 -8978 6723 7335 -8150 9686 -4972 4125 4835 -5311 2252 1890 340 5870 1566 723 -5647 5554 9308 6464 -7969 -566 -2325 7096 3672 8685 341 -6688 5413 1089 7221
-9721 -4112 2412 -6024 1934 1576 4691 723 -4287 -3710 -5680 -4788 6376 -5654 1847 -8722 8519 -9078 -4524 -1934 3128 -8443 -4733 7671 -5027 3262 -5847 -5272 -208 -7236 7121 -7455 7426 -5552 -7023 345 -10000 929 7565 5338 2968 -7878 1705 8868 -38 4010 -4950 2999
5780 -6107 -6748 7110 -4945 5745 -4068 -524 8371 -5422 9455 -510 7448 3468 3906 2099 -3092 -410 5247 7885 5211 7215 -8326 -808 -3538 5663 -3591 6174 5988 -7658 1842 8801 -7090 -5706 -5453 4171 -7082 1366 -142 -8624 4818 754 9912 -3443 -955 -2944 -4416 -423
8698 -8404 6385 1955 3363 6529 4177 3049 9723 4088 8707 3635 2242 -7769 9939 8950 8464 -9465 -7080 8346 -1127 -4099 -6004 3014 7118 4768 9806 5124 2866 -1609 -2637 -1087 1585 6560 -3711 -9297 -9708 -376 3141 6282 -2107 -2323 -7742 589 -7866 3801 2764 3469
-3525 -6816 8198 9023 7257 3456 7356 -9738 -7617 -5315 -9383 -721 -2652 -9736 2052 -6301 3493 6671 -577 -8229 2386 4609 -6489 1043 2853 -7070 2362 -9618 -4444 4230 -5228 -1157 -2341 -6279 -2744 -7352 -3642 5154 9589 9401 -6396 53 -9051 5125 9500 1230 1219 -7054
8440 -1232 2834 1415 -1480 5258 -1472 7847 1115 7889 8743 -1602 -2660 5325 5046 -8190 -8550 8155 3162 1370 -96 -9994 1507 3662 9096 -6367 -806 7465 -2921 4421 -2848 -2787 3657 -8910 -7867 -3898 -8400 -3003 2805 3346 4249 -2717 3941 -210 3345 8110 -5791 -2735
-5049 -2449 6504 6169 -4781 -1675 4408 -4494 7754 8850 6287 -172 1313 -9887 -537 2618 1307 -9705 7884 8313 9706 735 -9342 4779 7231 4440 934 -9273 -9090 6025 8270 -7534 -3053 7980 8839 5960 -6075 1556 -2606 2809 -8927 -2638 -8302 9335 -6355 -8948 3461 9088
3634 -6189 -2131 7042 4763 -1060 4733 -1838 5168 2466 -7350 -9336 7434 -1467 8348 -4724 5596 -5269 -4195 -57 3770 3171 7265 3707 -2040 5539 -9757 -6118 6546 -2289 -9367 4540 8084 9800 -2984 -9212 4801 6449 8510 8408 -2963 707 -3208 -9190 8928 6739 3408 -4884
9363 -2035 3305 -5096 6028 6612 6188 -1000 4488 -6718 9592 -6623 7209 -1682 9773 5538 -1073 -2055 -9554 -1103 -174 8549 -5980 5888 -5422 -8430 -3689 4004 4863 7704 4968 -3753 -447 3457 9658 -2469 4546 -931 8255 9861 9266 -7406 7465 -1907 2323 4547 3720 -9230
-8108 -7334 5826 8072 6647 6732 1156 -1203 -2233 6704 -4785 -7897 2103 446 -3777 -6554 -8292 -646 9696 4156 7124 -9397 7575 2086 -4367 -6930 3059 6568 -4937 9333 5385 -9 7188 -3179 4453 2739 -7542 -928 -8263 -2549 9420 -6540 -2731 6556 -6722 -9905 -2174 -2173
5379 -4856 671 -6665 -7016 -6330 8521 7195 5092 -4591 -5548 -8997 -2641 4673 587 3131 -7682 999 7036 -1818 4863 5402 8933 6854 3385 2962 -3907 -3620 -4086 -8917 -1875 -5735 -7931 7714 7580 -7725 -872 -4898 -4538 6497 -8239 -796 4924 -1607 2334 -1088 -9809 -4519
-177 -3045 4038 -6060 667 -2281 -5977 -2140 -189 -3510 -2731 -9117 -5829 7927 8675 1683 9528 3947 -8288 7640 8613 -4146 -4628 -7853 -6307 -5512 -2157 4416 -4701 9749 264 -518 -4229 2117 3306 1513 8126 419 -7961 6758 -9239 -9156 -7440 -2158 2067 -4101 1685 7402
2354 -8748 2147 -8259 538 -7579 7628 8995 587 5603 3058 -8884 9134 1272 6196 3878 -1441 1864 -259 -3555 4734 -7578 1044 2412 3639 -2262 -7549 -6235 9330 1540 -2339 -5270 2005 4561 -6015 -6741 -1262 4537 -4685 -8764 1645 -2199 8858 -5303 9879 -3351 -5125 3584
-8725 3731 -6802 3456 -3600 2756 -2470 -7780 2893 -9543 5946 3729 -5188 2483 7320 123 8514 -4441 -4167 -7672 -9433 -669 -9033 -7436 6605 -7158 5700 -3686 4881 6378 -291 -5259 3937 5103 8705 8881 -8262 5151 2938 -9342 -7643 751 801 -5179 9092 -1793 -6260 3247
-8852 652 -816 5415 -6738 -3882 -4766 -2681 891 -6725 7866 -9422 3049 -1399 -6528 -1933 7469 6242 5627 2593 4276 9266 1426 730 5667 8471 1065 -8123 5103 -5559 -7695 1185 -6382 -565 -5969 8654 8578 -1291 8378 -1700 -1370 267 -771 -8849 9310 4461 -2471 2653
-9866 -963 5695 -63 -8332 9444 887 -5568 2448 -8874 2503 916 4976 -6718 6018 5458 7549 5294 -2176 899 -8013 2674 -5027 6885 -6008 -5063 1875 -8133 -4613 -3893 -1086 -4120 -2172 542 6062 9562 -390 -5344 -4751 7669 9358 -2733 -2308 1053 -9715 -9632 5851 3337
1224 3655 -8156 5837 5553 -4816 3549 -6323 664 -3612 -9985 9751 -4478 -5462 -6191 -6068 -1286 -8093 -8998 4204 -7925 5660 -7393 -7999 7868 -778 -3524 3343 6670 -2785 2546 6299 -9409 -4259 -5567 -7439 5838 -4720 -3098 6732 -9395 -7073 -3211 -9317 -4722 8627 84 -3760
-1732 -4495 -5040 4964 3039 -3483 -5800 -7852 8312 6795 -2729 -4093 -9043 7731 8825 -7320 -9796 -3122 -883 -6958 4827 121 8789 8350 -5083 -328 6156 9196 -1661 -5420 2058 4389 7997 8066 -7124 8671 126 1836 -516 473 -5108 -241 981 5911 3394 9803 1217 7864
415 3943 -7828 3309 4067 -978 8281 -5754 9611 -55 6301 -2429 9220 8831 8319 2779 -8441 9581 -672 7958 -6039 5506 -1876 -9616 -9524 6340 3463 -408 7994 -2279 7445 -3521 3836 1922 9764 271 6013 -7084 7047 -5765 -4403 9253 7011 -543 2366 797 2957 9019
-44 -2557 5906 -1711 -50 3427 -8393 4088 -6234 -6564 -5884 -711 -2928 4477 -1661 -9123 1331 6505 834 -4564 -900 4773 -2184 9382 -8935 6219 2071 1300 -6297 -6117 4528 9920 -4236 -2807 -4886 -5875 188 -7690 -3092 787 7921 -2383 9105 2392 -3025 9685 1391 5730
106 -6864 7039 1619 9350 4192 -8160 -6867 2754 6949 7987 4242 -8364 8584 1025 -2382 3686 -1585 8582 -6412 2033 7264 3296 4488 187 6381 -1604 3936 -7574 6828 -914 -4445 -9350 -2165 3108 6908 -4967 -6434 -1031 -692 2652 8581 6596 4698 -1103 5359 -2509 -4840
-4710 -9593 -8414 -6214 -1305 4888 4955 2645 446 -3151 5847 -9889 5120 5582 772 8280 5115 1594 -5483 -9376 -2799 -7019 5110 4437 7830 -560 82 2038 5024 4896 -2894 7466 -6885 -8708 -5517 -8921 9298 3457 -4638 8271 -9658 -6535 8007 3004 6324 -6626 3293 943
-6133 5062 -2292 -4479 1208 -9685 -5097 -4295 -2658 -3097 3629 6734 3220 6172 9603 -7850 -6354 -4594 -6035 983 -4589 1075 2408 7916 -4462 256 6238 1504 9323 -8539 -8543 -3302 -3459 -2583 -7233 -9062 -9135 -8145 5530 -6595 2990 -2190 -3688 -3321 -5387 -6078 856 5629
2238 -5015 2648 6877 -4771 -8712 -985 2559 -2125 2706 -325 3830 -5948 -5190 -3155 -6128 6641 1483 -1558 4921 614 -3371 -8430 4709 -4676 5813 3854 5750 2037 7543 5877 9684 6488 -9265 608 8962 9592 5434 1735 -4556 5130 -2403 7567 2652 3222 5019 4147 -6788
1358 -1005 8255 5108 -4310 -2796 8704 -3256 4936 -8816 341 4403 -6430 6279 -8385 -487 2030 -5716 -7278 -623 6142 -673 5117 3212 -6763 -3904 9013 5681 -3758 2761 -4364 4768 -9432 -8442 -1017 -3838 3360 8784 9649 -6299 -1455 9798 8113 -3616 738 5539 -3083 -1094
9850 -3822 -2946 6555 9780 3805 -6389 -4494 8481 9134 -2089 -9593 -4862 6677 655 561 -7549 268 5148 -7357 -5948 2808 6189 5016 7157 -3659 -802 -8192 -7910 -8274 -3033 5870 6503 7994 -6742 -1109 4310 3253 6711 -9416 -7591 3156 6743 -9034 -2408 -3651 -8146 4703
1815 5592 7068 -4004 1483 -6122 9740 -5997 5786 6385 766 9969 4726 9974 5151 -8427 -9930 -2643 7409 1064 -4248 -9087 1894 -4164 -9071 407 7669 -2107 -8688 9081 7646 -324 422 -3475 3306 1088 5734 -4231 -5922 3759 -6819 8872 2391 5195 8886 2860 8037 -8235
-3734 2564 -9404 6556 -6144 -9303 379 9555 9416 -5847 -9821 -8452 8576 4849 -9958 -940 6554 5033 5798 -5556 9766 -3756 6645 -3314 -9869 7842 2007 -1150 -2492 -9680 7339 -7433 8900 -5090 -3926 -752 -1898 -9423 -706 -3401 -8912 1827 973 -8623 -9969 2664 -1260 4912
9871 -7070 -9672 -2470 -5722 4585 -5635 4923 -6857 5653 7428 3364 -5531 -1407 -8454 6570 1459 -5981 197 9967 5185 7048 -512 -579 7031 9 -6343 -95 -5702 2221 -7062 2460 -3769 -9051 9479 7924 4162 -3539 -9608 4762 -243 2794 -5974 -933 6868 -4619 -1961 4843
3780 2888 -617 -6124 8925 2930 9330 -9442 -8648 9806 -8811 -4262 2430 4758 5478 -9250 6677 -8449 -7650 3349 4944 5839 -2043 -195 -7488 8405 -5940 -3319 1616 -2777 2350 -6655 7298 -6945 -4223 2975 -6685 -3829 -2116 4359 -345 5828 -1145 53 8661 1936 -5243 -3205
2213 -596 5165 2820 -7262 -1221 7502 -5703 -4011 9628 8458 -3042 -8316 7647 -4613 2609 -3654 -836 138 3290 -6156 2829 -9610 -4093 5695 -5910 5138 1067 -9762 -1751 -1023 -6269 8372 5305 -1100 562 -3930 -2072 3265 -7924 3210 1351 -9950 -9005 -295 -7914 2475 2424
7374 8207 3212 5006 -1508 4437 7801 2572 4627 -4249 5477 6108 -9446 2288 -4582 -1099 -9284 -7444 -85 -5148 -2268 4617 4351 -4373 5856 -4381 -5819 2957 8004 3504 -1940 -8654 4466 -4702 6926 -8608 -8555 -7261 38 4539 3327 -7304 -4887 6685 7884 2620 -1886 3536
7361 -2607 8818 3743 652 3653 -7283 -2594 -8459 1126 3340 3864 1358 6549 7155 7166 6076 -5032 -3576 -4311 707 3368 -5724 9497 -5479 9125 4615 -4514 8158 -5701 9659 5295 -8465 -3333 -1143 972 -8503 -3196 -3166 -4871 4465 414 -9862 -8359 8319 -1634 8285 1639
1102 -5300 -855 7168 1476 4472 932 179 4533 -3253 -364 -9972 124 -2663 -7868 -7454 494 1588 1881 -6230 -8435 9585 -9095 4595 -2654 -2926 4342 -6450 -5645 6481 -4013 1448 6440 -3525 -9856 -7263 5315 2108 -889 -8673 5340 541 -4281 6034 2470 2930 7316 -898
6130 -7883 6647 6129 -1536 1526 -6728 -5704 5821 -9657 -572 -793 1491 -6073 -4213 -4106 -6543 -5115 5170 -9325 9291 2829 3756 9639 8647 4321 -4281 -7042 7779 -1461 -7910 -1256 7772 1984 -1549 -4263 -5811 3153 642 6546 -8633 -7380 4400 -3867 -667 -3746 -95 -3921
-9626 -4740 -6274 3748 -1151 -7059 -5161 9807 572 -1367 213 -3384 -8496 4358 9436 8944 9507 -2240 -6776 6287 7264 -1783 -7544 535 -4434 -4304 3759 5803 6810 1506 9193 -8800 -6401 4550 7617 6012 -6049 9288 5257 -1195 3037 5596 8703 -5688 8049 -8198 -9305 7089
3905 -1767 -5860 7548 -3346 -6054 7165 2050 2441 -5759 -2599 7949 8116 589 -8118 -5850 -7783 -7161 -8418 4031 -6855 2434 2195 2452 7420 -8923 8942 -7421 239 6790 9503 6278 1226 -8991 -9603 -3925 2811 7161 63 6899 -8764 -3492 -9648 6445 -4791 72 2312 -2135
9365 9855 3163 -9015 5128 3848 6991 6878 -872 1652 -349 5938 7585 8439 2138 -7397 8779 7928 -1690 -7333 -5080 2965 -8574 6024 8012 8033 -2914 -4787 8742 -4958 -24 -7247 8407 -8457 4697 1861 -8715 4933 -3820 1486 -2269 3691 -5365 2583 -7859 -2877 6766 -5293
9277 -1451 -8195 602 -6777 -8451 -8634 746 8153 1062 2926 749 8343 -2199 -7464 134 -8147 173 8055 4917 8778 -7952 -5691 1620 1977 -9146 -3169 7534 -6127 3913 2869 -6429 -388 -9251 1543 -1561 8040 9575 3611 -1084 -3193 147 -4816 6192 -8855 2344 5013 7825
-6054 4177 1543 3701 7896 8198 6807 -2954 -2616 2948 8444 -8551 -4703 -7476 -5537 -2247 -2041 -4668 9747 -8571 -531 -5542 -1638 -7503 -9965 3149 -3718 -1310 3418 -4248 -8215 8872 6934 5850 1891 -4523 -8626 5028 -5345 -1104 -9389 517 8474 1239 -3895 -6254 -5293 1326
5736 -6520 -7940 3677 -592 -9866 3877 -6117 8789 -1684 4092 -4340 7431 1100 -5421 7218 8959 3593 -1560 5459 -1289 -9767 69 2810 -8462 -6009 -7351 211 -4762 -745 -790 7410 2119 -5808 6546 9511 2182 -882 -8901 4951 -1707 3202 95 7499 4728 -5848 5849 -9620
-7829 6572 2219 1330 -1948 -7812 -4829 8348 -8076 3357 542 1316 9951 6429 7958 6184 -2375 504 9490 -8181 -4348 839 7988 340 9584 3755 -9861 -5765 -7673 9180 1658 -5201 -7974 6152 -4157 -8 -8988 -592 -3174 795 5768 9496 -6275 316 -6483 -4049 -7509 -6494
-6696 -8801 5595 1120 51 -5667 -8203 3624 5551 -4376 -1137 -6348 -6499 -7112 -2559 -8178 -1309 2926 -3992 2651 -1873 876 -8297 -7816 3005 6671 -8862 7300 -4000 -3862 -4778 -3264 5998 -3669 2926 8252 1732 -9165 9927 8999 -8975 -8404 6742 242 3369 6908 -9283 -8377
-107 -4914 2660 -7960 -4599 5776 3569 6241 -8082 1473 412 -326 7877 898 -3888 -8474 2035 -3488 -2157 5395 9090 2735 -6603 7651 -3302 7441 -5451 6939 4448 3439 6489 -6979 2660 -8877 3330 4649 -582 3525 -5202 -9874 -889 -4850 -6363 -4036 2110 7819 -8249 5970
-4838 -7317 4945 854 -4003 7000 97 5834 -4975 310 -9756 -7284 7755 -5059 4740 -7228 -8825 4263 5349 -2219 -8509 -5705 -4038 2827 -1329 -5833 -4370 -9692 4684 -2761 8123 -2737 8280 -8811 9363 5109 -2802 2085 2072 -4337 4412 -6628 738 -2709 2948 2940 5295 -1416
2630 -1424 -5813 -8233 6223 -725 4769 5822 -9442 7796 9938 -3250 9191 8109 6479 4695 -4731 -4021 -8695 7046 5200 1545 9819 108 -6685 -8956 -1561 4161 -2687 3118 -7746 7790 -6835 -9771 8765 1113 -1812 -6568 5439 5425 -7125 -6632 -3808 -1921 7826 -1538 -1947 6465
