292
5 4
3 -9
-3 -9
-10 -12
-11 -8
-1 15
-7 8
5 -14
-2 -15
-7 11
8 15
2 7
25 -12
-22 19
-17 -7
-15 25
-10 -21
20 4
4 32
26 -28
30 10
-27 -1
27 -13
25 -5
24 21
-12 13
10 -3
7 25
32 -29
45 21
44 29
46 -25
-4 24
-36 -48
10 -46
46 -24
-54 -16
52 -34
-1 -27
-42 54
-45 -38
40 46
-55 -29
45 38
24 7
33 -8
56 10
2 48
30 29
68 0
-45 -4
-23 60
-72 -58
1 -54
-85 -81
59 19
19 65
-42 47
-35 13
67 -23
-93 81
97 -63
-20 55
-66 -14
54 -61
-52 -52
7 -43
40 30
31 -72
47 -64
-66 -33
37 -114
4 116
-92 -6
-110 6
-5 38
-37 -76
128 -17
-86 -52
-22 93
41 65
-18 49
79 -87
42 -120
121 -66
48 -10
138 52
-117 -64
-77 -48
-51 -34
153 111
-89 -125
145 -33
83 45
55 -78
-78 -25
-40 151
-118 -138
-8 -172
-137 100
-87 170
-129 172
-72 -151
104 179
141 166
-61 83
-178 -66
-28 -110
115 -89
55 153
-71 -176
-195 47
-170 -169
-52 186
-196 182
-73 199
-102 71
71 107
-198 -116
-103 173
-208 -204
130 -93
-85 -145
-212 79
-201 -100
177 219
-212 26
175 -116
155 136
158 -78
-48 -183
-138 -208
-88 -193
116 63
162 -150
-44 241
217 -209
-182 -172
-40 -92
191 -24
-74 243
-160 -148
-93 -115
250 -44
-191 71
-25 -121
-49 -222
-2 -75
119 -245
-170 -203
-146 -146
-80 -22
67 107
149 -209
-189 -144
249 203
-55 246
-217 161
44 199
-46 -176
223 -5
164 -57
-68 -202
-125 -108
263 275
-173 228
136 120
-244 148
-152 -303
-292 -259
268 61
-174 -213
-198 -193
-38 119
-162 -298
151 -251
135 -146
-145 122
-261 322
-322 -190
-320 -331
109 -178
177 -1
-263 -311
291 22
47 154
54 -140
87 274
304 -35
284 -298
-172 128
261 -117
302 -6
292 -290
279 -359
-188 -288
-67 177
-323 -344
-194 -357
-345 208
-282 258
-308 -17
96 174
150 44
197 -101
271 -250
-230 298
259 -178
-91 243
-95 -112
-177 280
-366 325
-332 170
-364 -265
178 400
-245 380
-19 146
213 59
83 -87
-17 -189
-387 338
296 249
-307 242
258 191
71 -68
29 119
376 149
-391 -422
404 -213
422 -184
-240 378
161 -208
88 341
-361 248
228 -237
205 -194
131 11
-406 440
191 346
-178 432
286 -65
230 176
-302 -350
-156 455
-318 -354
444 207
378 -300
-236 350
-142 211
-437 -234
56 -184
-6 294
-449 109
-280 420
280 -478
-346 163
61 -386
239 -13
-204 -70
-308 467
457 -414
-131 349
-337 -154
-186 -508
160 417
513 -42
241 37
414 -61
393 -262
-300 438
-151 -449
-256 -329
-430 61
388 373
-336 306
11 455
100 477
31 313
-181 407
-190 73
-186 -447
276 -235
-326 271
187 203
-44 -474
-103 264
-234 503
118 296
-503 2
90 -233
35 161
-460 -404
-317 -217
-348 322
-546 334
23 -158
-12 384
-80 567
233 -115
-408 12
-521 6
571 -495
450 570
182 577
-423 -186
337 518
78 310
384 -196
358 16
-160 -266
-564 103
474 -597
534 438
-274 515
-463 227
249 -74
435 480
32 562
42 515
-413 -505
-364 -138
41 602
-516 -294
-98 311
-401 -259
-26 599
-295 570
463 -592
-508 -387
400 -455
545 -128
-316 -453
254 -577
-175 464
457 -177
476 544
422 -273
-549 584
-492 602
646 129
108 432
-625 380
-75 530
408 456
-224 487
478 -394
-654 -136
-540 -272
616 302
-496 207
152 581
668 -581
454 410
-551 -241
-330 320
-219 573
139 -577
569 436
-201 585
37 -436
641 -50
201 262
522 -506
27 554
136 688
545 569
87 615
694 -323
-435 269
686 296
141 -633
459 -724
-645 -67
463 -267
501 475
-605 460
-154 677
-538 -126
-326 -252
-110 -530
-710 -180
-483 349
489 422
-633 -505
-515 382
240 594
-749 -411
334 643
719 39
231 705
-422 -705
594 -499
-693 -361
-142 -423
-515 366
-345 -667
193 -307
296 -598
472 140
627 -579
787 461
468 299
743 -404
-495 -584
778 324
306 -770
-581 -739
-795 -348
-129 566
135 -807
-661 -639
-670 -287
606 -517
722 212
-87 398
-154 480
-438 -307
791 -821
190 -279
721 -448
-379 -669
-350 718
-554 -98
534 667
465 204
-584 274
584 371
666 -566
844 -632
-753 -557
618 -822
-737 566
-553 528
-657 181
842 185
-685 643
262 -316
-529 -588
555 -845
-50 -748
-384 -755
-666 -132
-215 476
856 619
-824 -150
-416 -632
415 -808
395 666
755 -328
-169 638
-531 -661
788 -108
-9 554
403 528
687 -329
-609 493
-134 -390
-822 875
-385 192
-466 -557
875 -748
-20 468
-388 849
-586 -630
389 773
-612 -44
-845 -673
738 391
-242 780
-481 -137
813 -312
405 -299
-358 849
-450 145
906 -845
100 457
761 332
-832 -123
-888 -264
584 -451
816 -915
347 938
947 681
-487 855
-329 840
554 597
826 954
930 -567
-540 -454
-136 -559
-360 -310
431 748
859 949
-801 470
878 -685
292 -464
324 -803
-192 768
189 787
396 447
770 -489
525 -878
-676 354
691 776
-988 518
538 -481
-334 801
-616 -281
-863 -368
-350 -83
903 988
-767 854
407 -191
709 530
999 531
900 753
167 972
625 -859
407 863
337 937
-444 854
918 -152
731 344
-429 85
624 -318
1006 -202
-391 -1019
-307 -402
-116 606
949 -310
845 -388
317 519
-786 -538
-684 -334
456 -454
605 335
-317 -733
1022 557
-98 -755
765 -224
-967 -888
1051 714
396 968
-961 -917
-180 444
-344 -614
844 295
-768 404
-838 187
-941 -433
-100 -846
-458 450
766 -396
-53 -467
726 -727
-905 -564
-957 2
-325 -928
-577 460
-1007 -313
149 893
1082 -1009
108 -479
-962 -368
-531 580
86 1097
-1073 149
-637 821
748 659
454 865
166 -727
719 808
1034 -332
-617 321
393 154
991 573
888 -955
-465 1050
474 -854
-608 835
-746 -719
744 390
728 472
663 454
811 -59
-1096 134
18 354
504 51
729 871
-499 505
954 -1130
-645 469
-633 -944
809 -561
-1000 -706
1050 272
-838 1021
968 -1149
-339 -833
-916 -185
439 921
-1030 219
-550 836
-240 388
963 -257
-1164 837
-642 1114
899 157
429 -152
17 -799
1139 5
1109 362
-935 -624
-1132 3
1159 162
1134 1172
1036 152
-35 468
-60 982
-702 -363
-880 484
355 -1208
-1068 -486
260 587
-1120 -619
99 1130
-1216 361
-1135 479
-408 453
-269 -877
-1193 382
980 1056
1185 284
-992 -1182
-697 -715
1122 -218
624 -27
-927 991
736 542
804 1103
-21 -1188
202 -1163
225 -676
-475 -350
-905 -305
-1077 402
-752 600
809 540
-1012 731
-1220 1070
1262 -929
600 918
954 -153
365 815
-999 315
-688 433
-691 36
1151 648
304 1237
1155 -233
820 387
-628 -977
-241 -900
863 -1194
-608 -1007
-863 1075
1125 -80
703 1095
-187 1242
189 365
-268 863
843 -180
-310 496
1226 -602
1136 -1118
1261 369
631 1043
-1233 -998
-328 -1298
640 -1007
1238 -697
-1034 -638
390 -1073
934 430
-791 308
355 539
-969 988
924 1124
-286 -1323
385 -117
-655 -1141
458 -381
1138 141
602 -746
-511 -1200
-1032 981
623 -966
-140 -1111
1163 842
-1342 361
1024 1175
-155 -931
900 769
-1230 -922
1348 -435
-1021 -604
-632 -785
-683 755
972 -1024
-211 1129
-333 -1202
1387 -243
-1249 -411
707 245
1102 763
1117 -504
-974 312
672 1331
1096 889
1283 -721
1151 -1229
-1113 -834
1199 1043
482 -634
-26 -481
-78 -872
493 -1349
-51 -1052
-996 -139
-148 1000
1005 -1237
-1343 -457
861 -1421
-343 498
852 966
858 -383
1376 -624
370 -1063
-1182 652
1412 211
576 1137
1447 241
-826 1419
-223 -984
645 -343
1276 -1106
-495 877
-832 1329
492 -1252
-1199 -1073
-1318 511
-558 -1197
-581 -111
-449 -1132
1050 -803
1019 -863
692 90
-695 930
-1114 -88
-502 -1248
755 1465
-1300 -1200
1273 824
-1318 -888
1029 1078
638 -1164
1377 1078
-1384 -1120
-62 504
657 -125
-60 1037
-1020 1004
335 475
-798 734
1118 -965
1349 -446
1394 900
394 1113
-1266 1099
1215 -873
916 -256
-1464 -1408
-970 146
-382 -131
645 1520
-636 782
-1195 -794
1316 -1167
145 1485
416 887
-814 -909
932 252
285 -62
951 -1049
-875 -393
625 1156
-816 1120
-233 -1337
-1214 -704
1277 590
-330 941
501 -723
1438 -1108
-1083 -1060
221 871
1278 -163
254 1259
-1123 -68
-355 800
1602 -72
-617 1253
-857 548
-1118 1316
-881 -1019
19 758
897 -338
-607 -400
468 -1050
613 603
-1158 -342
-766 -1136
-874 1515
628 178
-108 -1512
1160 -832
-65 -1416
1139 -942
1225 350
977 1083
-1537 -159
-1385 -466
-1358 579
1148 415
-1476 671
-117 1653
1648 920
-1591 1416
-333 -1042
-1500 384
-956 1339
804 707
-1242 -1346
-1512 862
-1247 -1018
859 -1259
1613 1092
1622 -1181
732 1497
216 -1172
1592 -279
317 -1287
941 -1619
-949 -1012
-1287 -1353
-219 -1576
855 -316
-1001 9
-1592 347
1623 512
-1476 1227
509 213
620 -1686
1226 1285
-1246 -963
379 -901
1371 464
-1347 113
-339 -1096
-184 1410
199 1134
792 -1681
354 -799
1520 1411
1385 1001
1181 1409
-1570 1152
