298
-1 -4
4 0
-1 0
2 3
4 -3
-4 4
1 -2
-3 -4
3 -2
2 2
-2 2
-2 -3
3 3
-3 -1
-5 1
0 5
1 5
-6 -1
-6 4
5 7
-4 7
-5 -9
-9 1
9 -7
0 -9
10 -7
8 -10
10 8
5 -11
-12 -6
12 6
6 -12
-10 -12
-12 9
-13 -5
-8 -13
-14 -11
-13 15
8 15
-16 -13
-11 18
-18 -5
9 -17
-18 9
17 -8
16 -8
-19 -6
-8 19
-10 -20
13 20
-14 22
11 22
-16 -22
23 -16
-23 12
-23 8
23 11
26 -16
-26 6
11 26
26 19
25 -28
28 -15
-20 -28
6 28
-7 -29
-7 -26
28 11
-9 -29
29 17
-11 32
14 32
-21 -32
13 -34
18 -34
34 -19
25 34
-33 23
35 -25
-35 -15
-35 21
21 36
24 33
-33 -17
14 35
35 -26
34 10
37 27
37 26
-17 36
15 -35
-37 21
-27 -36
21 38
36 -10
-36 -22
-20 44
-42 18
42 34
-19 46
-45 12
27 -42
-15 -46
-27 42
7 41
32 46
-25 47
48 16
-28 45
38 -49
-26 -46
-30 47
-38 -51
-47 -35
-46 -14
49 -21
51 -32
-24 51
52 -41
40 52
-15 -51
7 -47
52 30
38 -50
-54 -20
-49 27
54 24
15 -55
36 -55
-52 -27
59 28
-53 17
55 -42
-56 10
-31 59
58 -44
59 -24
55 -23
-25 -57
-39 61
44 61
-17 57
63 -38
16 63
51 38
56 29
18 -61
-64 45
20 -64
-28 66
63 16
-21 -65
27 -59
-66 43
-67 -49
-22 66
-47 -61
-66 42
-59 49
57 14
-60 14
66 -23
-60 -31
-64 51
65 -25
-61 -18
-65 52
12 -68
74 -53
-71 -48
20 75
46 -73
-52 72
73 -53
66 41
78 63
70 -21
70 -56
-59 -40
17 81
-41 70
-48 72
54 -71
-73 31
-71 -27
-84 23
49 75
85 29
-86 49
-42 -71
-37 -83
30 77
-74 -54
19 -86
-51 -87
68 -85
32 -79
-81 -50
84 56
-90 31
-75 -89
-92 24
-80 13
-92 -52
47 89
-61 84
-29 87
-31 91
92 73
-67 83
-30 -94
-96 -43
-94 -72
56 82
90 -19
92 -39
-94 -37
-29 -90
82 13
99 69
-99 -57
98 25
-22 84
43 93
-36 -86
-95 -72
-24 -100
99 57
-46 101
-78 90
-101 20
-53 -93
-65 101
48 -76
-107 77
87 -99
65 106
-81 97
-84 -107
-99 -24
-102 -43
-106 71
30 109
62 110
41 -100
100 -62
-88 -111
33 105
-49 109
95 68
83 102
33 111
84 108
-89 -52
-79 116
118 43
111 74
117 44
117 -82
76 111
88 118
-114 -63
122 -97
123 95
-123 -37
43 112
68 -122
-32 -120
-120 78
111 -18
-127 25
100 40
79 -127
-34 -118
58 -126
101 86
108 -82
24 121
-39 -115
-83 -122
121 -31
39 -96
110 -33
94 -123
-133 96
22 -106
120 94
-104 -79
-34 135
109 133
71 -127
-44 -131
73 117
134 -47
86 -131
22 -132
125 58
-127 54
-111 -45
-80 -132
127 106
-128 -98
-108 -40
41 -139
125 -93
-128 -112
-95 136
-54 -139
-85 -136
-136 -39
128 -14
109 142
133 85
-48 -143
19 -142
87 -126
-126 -89
-126 56
62 -140
139 33
-79 -144
-82 138
145 124
-105 -142
40 140
42 -146
-91 -146
-91 -148
-93 -148
140 -78
144 -113
-147 113
-154 126
-85 -150
-140 62
-157 -108
119 152
39 117
80 -140
57 -150
133 -33
139 53
-118 -151
-160 -54
-50 151
151 30
-154 -94
161 -30
-162 48
-132 -30
121 -90
104 -135
161 39
-168 39
61 -168
-41 -166
162 -112
-139 -168
165 -135
162 -69
103 -147
-171 50
170 125
79 166
-160 -58
-167 -109
-78 168
-153 40
-112 168
135 -166
-164 55
122 48
113 175
164 -78
128 174
150 -85
-137 85
146 -173
-51 -173
180 -36
-162 35
-62 180
185 -110
184 -121
178 104
-45 -188
-156 55
-151 -41
183 53
-125 178
61 -167
-165 133
47 -188
184 136
-131 -190
146 -185
-32 -190
-192 83
188 58
-193 78
-152 -38
189 149
106 -180
-104 -194
-178 -77
196 -151
-188 118
180 100
185 -109
165 98
72 -172
-192 -143
160 -45
-178 -99
144 -170
191 -67
-139 181
-140 182
-125 -176
-187 -76
-166 97
118 203
-93 -193
-118 199
150 -199
205 -101
-146 182
90 -194
183 79
207 -92
-43 -176
201 123
-117 171
75 178
-197 -58
-141 -195
-40 -163
50 -186
45 -163
-69 214
-207 -56
215 -67
164 205
210 73
-123 162
-196 144
-105 188
211 -44
210 154
-137 187
-133 218
-211 -138
29 -217
167 205
216 37
-190 -119
-90 203
-211 -48
177 -218
71 174
204 166
222 154
-203 -120
-214 -62
-212 128
-135 207
-206 92
213 96
171 -222
123 218
45 204
-226 -156
135 -224
-193 -157
-149 -226
222 -64
-40 152
-38 231
229 -182
-225 114
-145 -202
77 219
-224 141
46 -228
-115 -207
-159 -221
-174 235
-50 213
198 127
-237 37
-229 -170
-239 62
-202 -121
-108 241
83 212
-143 191
228 64
130 235
244 200
67 227
212 59
-44 230
86 240
-233 -59
64 -225
-74 240
124 216
242 208
-189 -223
-239 175
-250 -222
194 -110
-241 184
226 -149
101 -233
60 -247
-96 206
-220 88
231 125
225 92
248 -84
81 252
170 -196
245 153
-247 50
-248 193
248 -88
-180 -248
-183 212
104 -230
-63 231
88 242
227 -101
-231 -181
260 104
-221 91
-98 -239
-257 -203
-157 -252
-231 123
-124 249
124 214
265 -60
267 165
98 244
-186 260
-77 179
213 -264
-233 67
-182 234
141 -258
-111 -271
-55 248
-76 -203
64 254
-240 -145
-188 263
215 -260
119 -257
-113 -268
-148 -252
232 -202
-63 -270
72 -246
-141 246
-249 -187
-232 -103
242 102
-253 -80
178 -253
114 -263
31 206
154 271
76 269
-98 245
-163 275
163 228
82 -280
-266 71
74 265
-243 -195
277 -80
-234 141
247 209
-286 151
218 -175
-158 286
-56 283
-107 -231
-175 -210
214 275
-103 -271
201 -266
-72 -288
-235 159
102 -276
114 285
166 255
60 279
-262 126
250 94
278 -226
-268 95
295 262
271 209
283 -63
130 -245
197 290
-247 -296
50 -275
193 -292
-227 -87
-251 -111
-172 -293
-285 -116
221 87
152 282
171 -251
278 -114
-296 -169
-150 284
-293 -206
-88 296
233 148
-283 229
-276 -187
265 183
-168 256
-58 232
281 -160
-230 -293
-177 -241
-100 299
292 107
93 261
-279 86
247 -141
243 -284
141 -221
-293 -183
303 -236
-69 204
-290 255
-260 213
-282 -123
193 -305
-129 -284
291 -185
-294 -77
168 307
-298 193
-301 -115
-280 -104
-308 202
-77 -301
-278 -217
-120 296
69 -309
288 247
-172 269
-100 -300
301 121
-271 113
306 134
313 215
190 -297
-184 297
236 67
272 -125
-144 301
-189 273
304 223
290 -84
-301 -160
107 273
287 -321
-220 -291
326 -136
279 -69
211 292
-327 200
328 146
-156 -269
127 330
237 304
-287 -66
181 -116
257 309
187 283
-62 -306
-326 -281
-333 -279
93 320
-57 319
-310 54
322 172
-311 195
-159 -276
-313 89
267 306
-103 312
-124 -336
297 -205
-82 321
219 259
31 300
-68 -305
-340 -216
69 -346
260 342
324 79
-255 189
299 145
140 343
-319 -103
-113 262
-344 -91
-72 327
-339 -125
-248 130
335 173
-122 -307
240 323
330 272
-97 341
77 345
337 -216
-202 -295
-296 347
-281 328
-351 241
-101 -280
-337 -246
-329 -137
-350 -230
331 -180
-237 348
289 -228
-324 76
-195 353
-314 -275
-83 297
311 162
337 100
346 -130
-345 -274
350 -74
331 -73
-343 270
-230 -330
-362 65
361 122
-257 146
78 346
-195 -344
-279 360
352 137
-245 176
-351 124
158 -343
-147 368
350 -134
-57 -281
-372 -320
-131 -354
-352 103
-358 271
-43 -356
271 -342
110 -272
-298 -347
-314 -263
359 -95
-325 -270
-173 -351
333 -91
-58 -335
-358 -81
339 267
-336 196
273 -360
-199 328
207 -362
-76 -366
379 -310
360 -249
-227 326
272 -369
-368 -74
-377 -220
298 -383
238 375
376 108
-373 -172
-384 -65
290 358
126 290
376 135
-324 134
-384 69
-282 -244
-318 -60
342 227
268 366
-379 199
245 -330
391 -297
367 -298
-161 388
263 -340
53 -318
145 327
262 356
238 353
-392 330
-165 -385
297 402
-337 -175
368 -189
262 -364
-217 -387
396 -277
-228 381
377 -165
-352 403
394 216
314 -198
264 -399
-223 277
-305 -96
-344 267
273 -361
394 -117
-340 211
399 99
-269 -409
-408 -171
402 -249
256 -81
-393 338
339 -298
-376 288
285 373
255 339
112 393
-290 -186
401 -107
-267 -302
320 -363
-176 295
-89 -384
354 70
377 -254
-170 392
374 -207
-415 164
-274 -349
361 -272
-347 160
-401 298
-68 -418
359 98
-115 -391
168 -420
366 -415
-419 252
418 232
179 -392
390 229
113 -382
-214 -398
-424 170
418 147
-153 -386
405 -129
368 289
415 -133
356 -229
108 -425
285 420
-75 -365
372 -434
415 -313
401 195
194 -416
-119 394
404 107
243 416
-438 76
244 -417
-349 422
336 -436
-357 415
-325 -423
