298
999141 -999773
-999954 999267
-999774 -999549
-999114 -999479
-999044 -999877
-999296 999551
999050 -999259
-999219 -999399
-999438 -999456
-999076 999696
-999164 999373
-999078 -999587
-999741 999740
-999777 999985
999380 -999843
999230 999960
-999522 999592
999807 999248
-999373 999979
999939 -999687
999000 -999970
999527 999834
-999695 -999443
-999063 999036
999446 -999295
-999083 999972
999434 -999660
999077 -999863
-999861 -999720
999588 999852
999310 999244
-999372 999303
999113 999732
999339 999033
999284 -999904
-999402 -999647
-999069 999072
-999488 -999843
999831 999141
999605 -999833
-999647 -999420
-999299 999788
-999497 -999759
999740 -999187
999044 -999054
-999806 999551
999622 -999452
999960 -999977
999597 -999004
-999879 -999381
999219 999498
999474 -999968
999620 999090
-999908 -999419
-999555 -999866
999691 999722
999275 999626
-999799 -999521
-999471 999860
-999835 999559
999340 -999221
999657 999948
999643 -999741
-999370 -999353
-999122 -999416
-999543 999720
999004 -999750
999155 999906
-999921 -999729
999967 -999883
-999307 999740
-999745 -999228
999451 -999349
-999428 -999814
-999834 999668
-999847 999104
-999969 -999142
999313 999281
-999998 999945
999357 999979
-999165 999112
999180 -999436
999695 999003
999089 -999817
999487 -999653
-999580 -999549
999119 999348
-999942 999816
999348 999483
-999239 999426
-999208 -999094
-999799 -999162
-999728 -999023
-999492 999383
999168 -999954
999813 999523
-999865 999136
999531 -999418
-999499 -999597
999874 999408
-999346 -999837
999524 1000000
999953 -999976
-999807 -999292
999451 999208
-999493 -999921
999727 -999540
-999068 999098
999315 -999983
-999783 999461
-999695 999920
999133 -999493
-999235 999327
999844 999264
-999383 999841
-999613 999277
999193 -999186
999228 999456
-999691 999377
-999708 999825
-999622 999428
-999059 999510
-999330 999828
999082 -999702
999406 999749
-999471 999389
999946 999067
999564 -999367
999309 999702
999806 -999722
999265 -999769
999519 999765
999888 999182
999544 -999132
-999572 -999113
999819 -999129
-999291 999544
-999795 999509
999312 999079
999370 -999029
-999272 -999138
-999101 -999768
-999975 -999168
999495 999464
999743 -999441
-999699 999610
999035 999538
-999256 999410
999715 999819
999211 -999953
999198 -999303
999253 999465
-999124 -999741
-999070 -999895
999161 -999691
-999313 999072
-999437 999496
999189 999676
-999780 999184
999913 999414
999480 -999018
-999672 999964
999645 -999402
-999804 -999644
999499 -999728
-999882 999472
999129 999492
-999379 -999001
-999470 999298
-999935 -999983
999400 -999193
-999981 999876
-999632 -999593
999336 -999791
-999163 -999723
-999918 -999700
999988 999718
999412 999893
999651 999980
-999744 -999023
999436 -999759
-999608 999413
-999749 -999301
-999331 -999281
999814 -999073
-999700 999704
999109 999174
999276 -999636
-999420 999310
999579 999763
-999317 -999899
999008 -999065
-999601 999154
999111 999873
-999350 -999306
-999461 -999004
999458 999351
-999946 -999367
-999201 999149
999667 -999667
-999514 999982
999238 -999614
-999956 999770
-999889 999655
999480 999524
999511 -999236
-999425 999444
-999690 999739
-999041 -999776
-999785 -999577
-999363 999407
999735 -999422
999508 999883
-999271 -999355
999700 999554
999406 -999607
999626 -999357
-999693 999712
999784 -999635
999632 -999595
999402 999585
-999291 999454
-999447 -999643
999105 999628
999666 999890
-999852 999595
999996 -999251
-999700 999123
999841 -999522
999953 999772
-999436 -999997
-999071 -999283
999999 -999102
999801 999589
-999532 -999690
999931 -999169
-999347 -999337
-999345 999039
-999248 -999224
-999469 -999822
999859 -999703
999880 999034
999870 -999586
999642 999841
999540 999316
999504 999227
-999620 -999122
-999456 -999502
-999405 -999097
-999520 999696
-999427 999993
-999041 -999300
-999619 999170
-999290 -999185
999674 -999124
999929 -999466
999557 -999064
-999187 999888
999815 -999329
999409 -999236
-999063 -999658
999609 -999302
999082 -999528
-999725 999782
-999122 999365
999285 999498
-999599 -999003
999411 -999155
-999413 999781
999932 999732
-999828 -999066
999374 999776
999265 999885
999510 -999882
999276 999325
-999903 -999689
-999580 -999214
-999019 999092
-999565 -999982
-999801 -999800
999864 999011
999914 -999170
999497 -999091
-999975 -999454
-999927 999692
-999653 -999499
-999876 -999382
999761 999018
999546 999641
-999980 -999839
-999866 -999719
999937 -999424
-999778 -999220
999232 -999388
999407 -999833
999999 999741
-999611 999278
999705 -999300
999905 -999383
-999134 999921
-999348 -999869
999482 999159
-999681 999460
999707 999382
999924 999987
999877 -999818
999929 -999226
999076 -999088
-999838 999153
-999744 999986
-999365 999396
999967 -999671
-999919 -999950
-999213 -999568
-999030 -999949
-999954 999491
-999071 -999720
999934 -999454
999106 -999128
999959 -999737
999113 -999035
999431 999804
-999450 999503
-999791 999592
999183 999040
999600 999834
999293 -999262
999106 -999371
999282 -999512
999340 999698
999310 -999116
-999464 999053
-999564 999854
999127 999820
-999535 999342
-999307 -999571
-999068 999884
-999290 -999731
999918 999707
-999072 -999514
999200 -999714
-999352 999722
999721 -999612
-999566 -999673
999088 999370
-999133 -999822
999985 -999857
-999448 999015
999397 -999262
999173 -999299
999654 999775
999627 -999572
-999464 999105
999572 999540
999648 999458
999602 -999093
-999635 -999961
-999922 -999179
-999733 999898
999925 999262
999619 999398
999254 999625
999577 999328
999927 999856
-999393 -999970
-999688 999906
-999011 -999778
999197 999489
999467 -999630
999878 999120
-999419 -999881
999884 999751
999726 999301
-999004 -999076
999550 -999343
999127 999058
-999798 999069
-999964 999851
999004 999743
-999998 -999896
999979 999457
999157 999904
999819 -999249
-999820 999097
999687 999461
999969 -999844
-999143 999307
999291 999225
999424 -999815
-999340 999245
999950 -999753
999078 -999837
999494 -999462
-999660 -999511
-999862 999891
-999289 -999897
-999347 999898
-999830 -999157
-999199 -999251
-999979 -999368
-999123 999980
999880 -999299
999500 -999718
999416 999377
999467 -999615
999660 -999809
999778 -999715
-999534 -999994
-999467 999911
999792 -999329
-999838 999352
999405 -999211
-999210 -999663
999921 -999044
-999861 999329
999775 999559
999081 999383
-999195 -999834
999287 -999244
-999069 -999147
999839 999915
999323 -999045
999550 999981
-999984 999924
999881 -999811
999281 -999209
999984 999985
-999599 -999635
-999977 -999150
-999964 -999089
-999775 -999828
-999906 -999042
-999429 999300
-999023 -999069
-999848 999817
-999120 -999460
999628 999814
999994 999304
999040 -999365
999964 999358
-999918 999923
-999303 999924
999408 999148
-999921 -999745
999103 -999322
-999093 999791
-999847 -999220
999879 999641
-999246 999246
-999501 999955
999956 -999827
-999239 999192
-999110 -999513
999258 -999788
999919 999279
-999046 999517
-999134 999231
999316 999711
999991 999517
-999792 -999172
-999445 -999283
-999829 -999800
999504 999323
999673 999129
-999950 999817
999121 999428
999364 -999566
999700 999299
-999651 -999783
-999470 -999834
999367 -999059
999096 -999901
-999524 -999607
999329 999051
-999908 999229
-999591 -999465
999372 -999770
999059 -999590
999598 999320
-999528 999885
-999365 999735
-999767 999835
999728 -999623
999450 999670
-999289 -999020
999347 999933
-999997 -999583
-999079 999848
-999885 999564
-999782 999262
-999199 999071
-999338 -999103
999965 999914
999147 999510
999022 999931
999186 -999745
999144 -999309
999037 -999886
999394 -999224
-999031 -999528
999171 999209
999294 -999550
999871 999996
999089 999387
999901 999787
999538 999930
-999569 -999120
-999262 -999541
-999802 999774
999535 -999792
999596 -999550
-999762 -999081
999670 -999507
999760 999931
999121 999950
999912 -999673
-999386 -999714
999421 -999997
999676 999494
-999932 -999419
-999003 999578
-999051 999224
999604 999743
-999795 999365
999689 999438
999158 -999356
999668 -999107
999465 -999499
-999564 -999051
999475 999855
999877 999369
-999036 -999161
-999466 -999674
999414 999275
-999510 -999689
-999887 999318
-999582 -999740
999358 999427
-999919 999350
-999581 -999749
999460 999632
999107 999659
999579 -999557
-999729 999251
-999655 -999681
999351 999195
-999331 -999378
999117 999060
-999045 -999951
-999458 -999136
-999743 999805
-999159 999562
999715 999014
999837 -999813
-999124 999196
999971 999878
-999052 999620
-999833 999899
999391 -999811
-999073 -999513
-999393 -999194
-999982 -999074
-999614 -999574
999533 999207
-999175 999929
-999184 999534
999933 999940
999526 -999346
-999474 999378
-999793 -999508
999197 -999491
-999651 999011
-999726 999711
-999273 999826
-999823 999619
999071 999213
-999790 999065
-999318 999089
999498 -999576
-999790 -999946
-999678 999304
999215 999237
999719 -999669
-999266 999770
-999385 999767
999755 999809
999026 999170
999828 -999468
999695 -999138
-999255 -999210
-999280 -999271
999976 -999825
999328 999460
-999399 999271
-999941 -999291
-999677 999801
999949 -999052
-999973 -999854
-999400 -999426
999835 -999154
-999072 -999231
-999305 999527
999708 999800
-999669 -999083
-999588 -999001
-999142 -999090
999651 -999598
999974 -999237
999903 999243
-999276 -999286
-999107 999080
999570 -999374
999966 999587
999361 -999185
999710 -999314
999114 999091
-999914 999710
-999746 999879
999894 -999593
-999595 -999020
-999258 -999553
-999933 -999687
-999983 -999956
999469 999643
-999102 -999777
999964 -999118
999971 -999537
999915 999384
999064 -999656
999146 -999186
999637 -999636
999109 999311
999770 -999243
999268 999350
999018 999627
-999089 -999826
999616 -999790
999219 999933
999826 -999069
999393 999036
999207 -999726
999911 999387
-999762 -999091
-999271 999024
999011 999539
-999483 -999198
999279 -999771
999824 999675
999181 -999243
999796 999486
999029 999225
999815 -999221
999437 999290
999881 -999234
-999384 -999406
-999761 -999744
999606 999761
999307 999357
999696 999101
-999588 999092
999300 -999842
999736 -999331
999030 999439
999326 999416
999812 999653
-999482 -999286
999925 -999802
999314 -999420
-999891 999730
999834 -999121
999072 999368
-999716 999846
999922 999694
-999384 -999144
-999007 -999680
-999378 999294
-999037 -999039
-999167 -999737
999601 999540
999009 999799
-999184 -999075
-999902 -999408
999825 -999906
999387 -999867
999915 -999634
999611 -999743
-999944 999823
999862 -999017
-999343 999992
-999190 999765
999335 -999095
999423 -999641
999722 -999582
999748 999606
999172 -999552
999900 999432
999191 -999555
999431 -999314
999449 999580
-999693 -999954
999889 -999501
-999054 -999530
999223 -999258
-999575 999385
999233 -999168
999157 -999192
-999105 999809
-999235 -999488
-999709 -999677
-999189 999312
999906 999149
-999020 999603
-999556 999024
999153 -999032
999195 999352
999078 999570
999153 999582
-999036 999015
999809 -999458
999066 999003
999781 999212
-999594 -999789
999968 -999654
999956 -999616
-999639 999047
999539 -999379
999002 -999746
-999851 -999191
-999618 999653
999598 999861
999882 999134
999752 999254
-999629 -999864
999620 999703
999673 -999821
-999772 -999882
-999272 -999929
999266 -999848
999889 -999267
-999752 -999114
999793 -999128
999817 -999349
-999590 999930
999668 -999032
-999345 -999587
-999398 -999079
999031 999975
-999070 999925
999597 -999281
999554 999932
999774 999932
-999666 -999537
-999926 999923
-999408 999269
-999191 999177
-999044 999758
999422 -999738
-999737 -999375
999239 -999095
999363 -999872
999836 -999968
-999876 999570
999418 -999760
999317 -999934
-999751 -999591
999902 -999852
999416 999945
-999241 999723
999180 -999985
-999295 999796
-999868 -999846
999262 999436
-999546 -999453
999763 999861
999801 999321
999583 -999925
-999438 -999150
-999535 999153
-999763 999228
999287 -999601
999331 999204
-999582 -999158
-999822 999637
-999308 -999047
999284 999556
-999380 999878
999051 -999019
999800 999198
-999212 999576
999569 999546
999280 -999089
-999597 999848
999572 -999326
-999281 -999872
-999543 -999163
-999872 999598
999383 -999149
-999579 999442
999237 999813
-999676 -999667
999899 -999790
999350 999690
999145 -999705
999639 999867
999499 -999022
-999568 999399
999562 999669
-999639 -999206
-999787 -999551
999777 999300
999086 999463
-999570 -999171
-999953 999206
999339 -999535
999493 999580
-999655 -999929
999995 -999339
999229 -999504
999356 999631
999371 999755
999388 999662
999092 999178
999523 -999686
-999168 999212
-999007 999293
-999119 -999987
999026 999899
999077 999842
-999563 -999502
999920 -999090
999569 -999206
999367 -999702
999308 -999405
-999140 999560
-999818 -999024
-999376 999476
-999137 -999617
-999607 999497
-999208 -999237
999401 -999026
-999780 999068
-999277 999796
-999415 -999796
-999316 -999197
-999416 -999838
999507 -999142
999760 -999030
-999667 999788
-999784 999401
999884 -999995
-999082 -999590
999436 -999648
999515 -999480
999527 999910
999485 999097
-999800 999103
999959 999263
999981 999407
-999888 999884
-999105 -999110
999910 999018
999726 -999855
999404 -999483
999189 -999874
-999893 999576
-999164 999571
999934 999500
999460 -999920
-999717 -999531
-999723 999522
-999468 -999323
999363 999974
-999238 -999048
999871 -999573
999806 999613
999058 999397
-999321 -999136
-999740 999604
999931 999764
999453 -999505
-999777 -999639
-999198 -999447
-999000 -999179
999887 999372
-999140 -999619
-999226 999569
999580 999276
999346 -999766
999716 -999065
999950 999799
-999110 -999922
999554 999118
-999551 -999863
-999175 999239
