293
0 -8
999910 999992
-6 3
0 -1
999943 -999919
4 -9
-9 -3
999954 -999958
823 839
-999974 999973
-821 -925
9 -1
-10 4
-999999 -999953
-4 -3
999971 -999989
-999963 -999958
999969 999946
999945 999962
999932 999904
999919 -999977
-999989 -999911
-999917 999934
838 893
-7 8
999951 -999933
-999901 -999921
-894 -870
999973 -999964
886 813
-2 -4
999989 -999971
999994 -999934
-999992 -999900
-999987 -999972
999961 999932
999951 999914
916 -942
999974 -999991
934 810
-999993 -999967
-910 -839
-999929 999920
999946 -999921
945 -818
999902 999936
1000000 -999950
999992 999962
881 839
7 3
-999981 999972
-821 827
1 -6
999940 999964
-932 867
5 5
826 813
999967 999975
-999920 999900
999962 999982
-999957 999943
990 -988
-915 862
999972 -999915
999925 -999974
-9 -10
999992 -999965
-999947 999901
904 -812
-1 9
824 883
999953 -999925
999986 -999946
880 -839
-838 -835
-999964 -999984
-999920 -999980
999963 -999971
819 -802
-831 873
999950 -999987
-999916 -999961
814 923
-999921 999933
-999902 999903
-823 -993
970 986
-999900 999991
-999925 999914
-998 -893
-914 -982
999972 999932
6 6
999965 -999926
849 801
-999923 999986
858 -843
999905 -999917
-999978 -999935
-999981 -999948
-999941 -999909
999914 999925
999900 999944
-999902 999989
999993 999945
999929 -999949
999985 999931
850 803
-999907 999987
-923 818
999917 -999913
-872 -912
-975 840
999926 999985
810 921
810 -921
-999946 999900
4 -2
-999965 999902
999934 -999966
-999906 -999930
-999906 -999953
846 -972
-999976 -999990
-999950 -999936
10 -4
805 982
-999946 -999965
847 -854
-5 -9
3 0
999973 999982
999967 -999984
-932 948
999937 999938
-999912 999912
-999904 -999975
969 -808
-908 912
-3 10
-999991 -999972
999954 999994
-999947 999997
-999940 -999974
-903 944
884 -887
840 -909
-999982 999971
999920 999977
999991 -999923
-893 938
-999930 -999969
-841 962
-999926 999951
999942 999912
840 911
951 -984
999988 999998
855 831
-829 958
-999945 -999928
923 964
-999955 -999918
-875 923
999910 -999933
6 -10
999905 -999927
934 979
-827 943
999957 -999903
826 998
-999952 999966
-999919 999938
-999956 999901
-981 -930
999900 -999949
-999963 -999945
-999942 -999985
943 977
-999954 -999904
999978 999956
999995 -999925
-999976 999950
-999903 999929
-999924 -999946
999911 -999991
-812 -969
854 -883
-999969 999907
-922 -987
870 -816
950 850
843 -896
-999900 999953
-1 10
-916 -923
-999911 -999999
833 -848
-999965 999997
963 811
-999934 -999997
-999989 -999944
921 -989
818 854
999953 -999987
823 938
999931 999906
999920 999966
-999978 -999970
-999948 999977
-999960 -999992
999959 -999906
999990 -999952
999927 999931
-999917 999904
-1000000 999928
901 929
919 856
-999904 999986
824 908
-1000000 999987
-801 954
905 844
-999950 999919
999915 -999954
999929 -999947
984 981
871 904
-970 -982
999902 999994
937 -840
999944 -999941
984 958
999917 -999994
-893 856
999982 999925
968 -841
1000000 999943
-987 -832
-867 -817
-867 946
802 907
999924 999907
-952 937
-999995 999902
846 -941
-950 971
999921 -999905
852 844
849 855
916 871
999947 999906
-999955 -999926
901 989
962 981
858 862
-918 -862
978 -834
-999930 999950
-999948 -999989
936 -875
-926 -953
-999927 -999920
-848 -922
-928 -848
974 -805
973 915
-899 -968
999943 -999901
999947 999937
-999951 999935
-977 -878
999939 -999968
-999961 -999977
913 944
-999928 -999934
-849 -969
-999999 -999916
931 -981
999998 -999947
999939 -999970
870 945
887 -858
803 -841
-999992 -999920
-999973 -999929
-863 985
-806 -824
960 -863
999984 999955
-999967 -999964
-999985 999949
999933 999908
999976 999908
-949 986
818 -805
-6 6
-880 -844
999971 999973
999911 999998
-900 935
822 -943
963 -859
-865 998
809 848
-999961 999989
917 -985
-877 953
804 824
999946 999975
808 907
-896 -946
-999986 -999900
913 -938
-999928 999926
996 -921
842 973
999924 999915
-994 -807
-999984 999918
-999979 999954
-999980 -999940
-937 974
-999945 -999913
820 -932
897 -842
930 892
-816 -899
999991 -999927
999903 -999938
-999960 -999969
999936 999949
-999996 -999961
999907 -999945
999901 999959
-811 -804
881 -835
999975 -999917
-879 -950
-999931 999990
-978 -803
-999998 -999918
992 859
861 963
844 953
999942 999968
803 879
931 -961
999999 -999935
999990 999985
999933 -999993
-983 825
948 -803
999935 -999959
-999949 999972
968 865
999957 -999919
801 848
999919 -999905
976 855
-999994 -999982
-826 -901
-999938 999961
887 984
-999926 999903
-951 -849
-899 816
943 -821
962 -992
-983 -809
-999952 -999988
-832 -993
-999971 999984
918 -852
-999998 999964
-857 -939
982 -809
829 -936
-999931 -999962
999903 -999988
-999974 -999979
987 852
999965 1000000
986 -849
-887 983
919 950
955 831
-840 895
-951 -881
-999905 -999931
999985 999968
-999983 999917
-844 -986
999962 -999938
999988 999927
979 900
-999958 999922
999998 999947
-957 -934
985 -818
-814 889
-940 -852
-894 -889
-999912 -999963
-939 -845
-920 866
862 -973
994 -863
999904 -999967
-999929 999996
999949 999915
817 948
-827 -967
-998 -941
959 -944
866 961
-877 -815
863 826
999986 -999916
-999982 -999939
-1000 832
-926 878
841 -882
-978 822
-999991 -999910
-999996 -999931
-999908 -999963
991 -917
914 -819
-936 968
-947 829
-980 885
949 893
-972 -804
-855 -966
-875 834
-912 990
999983 -999910
862 992
994 867
999901 -999981
-961 -1000
999932 -999994
947 905
932 994
-873 -896
-849 -800
999955 999993
982 -859
-999941 999993
802 -949
-960 842
821 -840
-914 -802
947 -942
999963 -999924
936 840
-999908 999956
991 922
942 -975
-999994 -999908
-999909 999942
-850 941
999999 999922
999921 999946
950 914
880 -845
-838 898
999907 999967
920 815
-941 815
-860 801
980 906
-832 -844
999960 -999915
-999970 999918
-975 -912
-999911 999967
-874 -810
909 -970
-999993 999910
999945 -999966
-800 894
-999916 -999943
-871 800
954 825
-900 -977
999959 999980
999931 999954
-992 -838
-831 -915
817 -819
-948 878
999906 -999997
999918 -999996
-959 851
989 805
-895 -970
-938 803
999976 -999908
937 -871
888 -964
-898 -926
-825 -929
-999933 -999906
965 877
-962 -915
-892 -820
935 857
-903 -813
898 -876
847 920
831 954
-871 -955
-943 858
973 -894
864 942
-999956 999961
980 820
-879 937
967 -891
-901 932
-997 837
-960 979
-807 975
989 902
-814 -997
999978 999999
999912 -999996
-999907 999951
-999988 999945
-829 -988
999922 -999999
999944 999909
999908 -999990
-861 881
-863 947
999955 -999944
-986 936
-999983 999913
935 810
-965 868
807 860
-846 -968
999981 999909
-997 -945
814 922
-965 886
981 -837
828 -875
954 984
800 -898
998 946
-999935 999991
-813 820
-880 906
-984 -930
-977 -832
915 802
-995 -836
-818 952
999906 -999980
974 896
854 821
889 -990
999915 999999
-809 -945
-938 879
918 -874
-839 964
809 847
853 -952
-911 -836
-957 -887
-834 951
-999997 999921
-907 886
-888 -821
-886 -812
999916 999953
801 966
805 890
877 805
999926 999992
970 -949
-892 800
-940 -975
-999943 -999995
999996 -999960
-855 973
-980 872
999908 -999930
-916 -935
831 910
-999914 999996
-806 974
-984 -878
-948 -826
903 -913
-999997 999941
999948 -999983
964 846
-959 850
-999940 999916
940 -860
-812 -908
930 960
-999951 999911
-988 902
-953 884
925 863
999987 -999902
-986 894
-891 -831
-868 -829
800 988
-985 884
-809 -958
-979 -906
-964 913
-990 903
-817 860
812 -898
-824 883
828 992
-999924 -999986
-857 818
999970 999911
999997 -999948
1000 -951
975 -829
-999922 -999981
-919 874
821 -980
832 857
955 -855
999925 -999957
804 895
808 924
-981 819
948 -964
-999985 999920
-999933 999980
898 -806
999983 999929
999923 999990
999948 -999937
-958 -873
-999903 -999968
861 929
-866 912
-999966 999924
956 804
890 -954
-858 966
884 -956
998 870
-906 -857
841 935
886 969
807 -995
844 985
-837 -977
-802 921
993 859
-824 978
945 863
949 819
999960 999905
-823 978
971 -831
-999980 -999903
-841 -946
-897 849
961 -854
834 -891
-982 835
-993 -843
-868 -997
-911 -981
833 -933
-818 -948
894 949
-861 961
-987 -880
999928 999917
965 -934
-969 913
885 996
-890 -813
-833 -987
-835 963
933 -881
-826 934
851 -999
820 -952
956 983
-955 806
986 955
-854 -947
999968 -999911
-913 991
-901 -951
999987 999921
-860 947
999997 -999936
-905 991
-999914 -999978
-931 -873
-835 -991
983 -879
-999919 -999901
-819 -947
-873 -933
992 -890
999923 999976
-999934 -999912
926 827
-999925 -999940
813 -980
971 811
806 918
897 -972
999912 -999922
999940 -999904
939 -816
-941 -994
-990 -808
-989 847
812 -976
999982 999924
999938 -999982
-988 -850
975 808
-968 -820
877 -928
999970 -999907
-852 874
-999936 999983
-999910 1000000
-909 835
872 -954
866 -996
-885 999
-994 812
890 -825
-924 824
-891 -801
927 814
1000 -838
-843 949
875 -948
-907 832
-968 829
-888 -994
999935 999976
852 -906
-993 -911
-979 -837
-906 809
985 834
813 -936
-936 -814
873 925
-822 917
-817 994
-820 -910
-881 -983
-850 995
842 971
-999990 -999992
815 -893
892 968
-810 -901
999977 999939
-807 990
995 -864
883 999
911 -999
-830 -983
869 987
-864 -955
-820 -869
977 -842
-999 809
-935 854
-996 -909
-985 887
-999968 999940
864 -996
938 -800
999969 -999902
988 908
-999988 999960
-999938 999965
-999990 999923
926 915
-999971 -999923
904 -874
-884 -963
953 828
978 957
-858 -967
-859 957
-954 808
-989 858
977 842
-816 -917
-837 877
903 -801
999956 999958
-839 993
933 836
-999910 999995
-803 -876
834 982
902 -986
972 -883
-999909 -999985
-999972 -999924
-999918 999969
-810 -924
-885 956
999928 999910
-956 -867
999913 999979
-898 969
922 987
-822 -871
-999964 -999979
869 997
925 -989
-815 898
-800 943
-813 -984
957 876
859 -1000
-999901 999984
999913 999969
-999943 -999975
999989 -999959
853 -943
967 -824
874 -953
-802 -918
-992 -888
-999967 -1000000
995 942
-919 814
-896 -998
940 -814
997 -868
993 -867
-853 -974
-956 -895
-878 976
-930 890
-974 885
-876 -998
-876 1000
-815 -932
-999922 999965
-929 -833
837 -939
868 989
-856 997
996 876
-982 -914
-847 995
-801 897
-964 845
999918 999979
902 -830
-922 -807
894 -806
-828 960
888 -995
-927 817
-856 -966
