300
0 0
1 1
0 -1
-1 1
-1 0
1 2
2 -1
3 -2
-2 -3
-4 -2
2 -4
3 -5
-3 -5
-2 5
-6 2
-3 -8
-8 5
5 8
-6 -8
9 -7
9 3
10 7
-10 6
-10 -4
11 4
11 -3
8 11
8 -11
-5 12
7 -12
4 12
4 13
14 6
15 -7
-15 3
-5 15
16 4
-9 -16
-17 10
-4 18
12 -18
-11 18
18 14
-19 -15
-19 -10
-11 20
-20 -9
16 20
-21 9
-17 22
22 -16
-22 9
5 23
-23 -12
-23 -17
7 -23
-15 24
24 -18
-20 -24
-24 -9
24 15
25 -21
-9 -25
25 -20
-8 26
19 26
-12 -27
-16 -27
27 -17
-27 19
28 8
28 11
29 -6
-29 -24
12 -29
20 -29
6 -30
17 31
19 31
13 -31
-31 -26
-32 -6
-7 -32
-7 -33
-33 -10
33 -19
-33 -13
21 33
20 -33
34 19
-34 27
-30 34
22 35
-35 -11
35 25
36 24
36 25
-28 -37
6 -37
38 7
-28 -38
10 -38
-21 -39
39 10
17 41
-16 -42
42 29
-32 43
-43 32
-30 43
-26 44
-44 16
-27 46
-25 46
-47 -20
30 47
48 17
-35 -48
48 -15
-12 49
35 49
41 51
51 -39
-51 -36
51 28
-52 36
-42 53
-53 35
53 -19
-53 44
21 -54
54 -23
-54 30
-55 34
-55 17
55 33
-57 22
-22 57
58 -21
13 58
-34 -59
-18 -60
-60 -34
29 -61
-61 16
62 48
-62 -14
62 -14
23 63
18 63
-63 14
-63 -40
-29 -64
65 -42
45 66
46 -66
47 66
-14 67
26 -67
-26 68
68 -47
54 -69
43 -69
-69 -53
15 -70
-70 40
38 -70
-18 -71
34 -71
-72 -62
-14 -72
-45 73
-13 -73
74 -40
-74 54
65 -75
32 75
-75 -35
76 -30
66 -76
76 -54
26 76
32 76
-61 77
77 57
14 -77
78 30
-78 48
-78 41
64 -79
-79 28
-25 -79
-47 -80
-13 -81
81 38
-82 -61
61 -82
83 51
83 -68
-83 36
-84 -51
-84 -13
23 -84
-58 85
-31 85
-46 -85
86 37
-54 86
-41 -86
87 -62
87 70
40 -87
53 87
-88 23
41 88
88 56
-89 29
27 89
89 37
-69 -90
-90 -57
-91 -72
-91 -25
92 54
-65 94
-57 -94
94 65
71 -94
66 94
94 -22
-95 69
95 -44
-70 95
95 -43
96 -58
-97 74
97 -53
-97 78
-41 97
98 58
98 21
40 99
-62 -99
58 99
-99 -57
-100 -46
-100 -28
75 -100
68 100
-102 -36
30 -103
104 -49
-37 105
-44 105
-87 -105
-66 106
-36 -106
107 39
107 -85
108 -67
-108 27
108 -59
109 21
109 52
81 109
-86 -110
-110 -78
-110 62
111 77
-111 50
112 89
-113 -78
70 114
-75 -114
115 -46
33 116
61 116
-92 -116
117 42
92 117
117 -34
-118 47
-51 -118
-88 118
119 83
-119 -26
-79 119
-119 -49
-73 119
-120 42
120 32
-120 -91
-94 120
-93 120
49 -121
-40 121
-121 -65
122 -92
-122 -87
-36 -122
100 122
31 122
106 -123
-72 124
80 -124
-40 -124
-92 -125
-126 45
44 -126
31 -126
72 127
74 127
-48 -127
45 -127
128 -45
-128 -22
129 73
70 129
129 108
71 -130
130 -89
-24 130
-130 39
-131 -31
131 91
57 131
131 -52
39 132
132 -77
103 133
-77 -133
-59 133
133 -98
134 52
-59 134
134 -83
-37 -135
99 135
-135 84
-135 56
46 135
136 -52
137 78
-115 139
73 -139
-139 84
-140 40
-90 -140
82 -140
140 -41
-141 -44
-141 114
-74 142
86 142
142 -41
89 -143
-143 -56
-144 70
-144 -68
-56 -145
-96 -146
43 -146
147 81
-148 92
148 107
-121 -148
-123 149
-149 86
-149 13
150 68
-150 123
-126 150
151 -122
151 117
78 152
-94 152
152 -32
100 -153
37 -153
-42 153
67 -155
130 155
-39 -155
156 75
-43 157
-157 -43
59 -158
159 62
-73 159
159 -35
160 50
-99 -160
-132 -160
-161 109
-162 -100
-77 162
-162 143
162 -119
-106 162
-38 -162
-136 -163
-163 -95
121 164
-131 164
142 -164
-164 95
-117 167
-169 67
148 -170
-58 170
37 -170
-170 -47
69 170
171 -99
133 171
-172 60
172 118
63 -173
101 -173
173 115
-71 -174
174 -97
-39 174
125 174
-174 -109
175 -82
50 -175
-175 71
-66 176
123 176
127 -177
-177 -101
-177 115
177 106
67 -178
178 132
97 179
-180 124
-180 138
113 -180
139 180
69 181
182 -84
182 -116
104 -183
183 96
-183 129
50 -183
-184 -51
127 -184
185 -120
138 -186
-186 -103
-187 -65
187 81
59 -188
-81 -189
90 190
139 190
52 191
-191 -133
-50 192
192 -45
193 -149
-146 -193
123 -193
193 165
93 194
-194 -130
-194 -144
42 -194
-196 -144
-153 196
-196 74
197 -106
128 197
-166 197
-50 -197
-197 -150
-136 198
-198 61
113 -198
-107 -199
-138 -199
-200 -63
119 200
200 145
-200 -131
-129 -201
-201 121
-139 -201
-201 61
201 -119
56 201
202 80
-132 202
202 72
-38 203
73 204
80 -204
-65 -204
167 205
-127 -205
-206 -114
-49 -206
-133 -206
207 55
-118 -207
44 208
63 208
125 -208
208 138
-208 87
209 91
-82 209
-210 45
-210 -158
210 -134
-211 -163
-211 -28
-170 212
72 -213
168 -213
213 -156
165 -214
214 -151
-87 214
-115 214
-215 60
-215 -93
-68 216
-216 53
124 216
-179 217
217 -141
218 -89
93 -219
-80 219
-220 128
-221 -64
-164 -221
222 59
173 222
-130 -222
-116 223
-154 223
-67 -223
-122 -224
-161 224
-71 -225
163 -225
-225 -117
226 102
-227 -98
160 227
154 -227
-83 -228
229 -131
-230 -90
-230 -80
-231 -50
91 232
152 -232
-233 -187
233 71
-233 -83
198 -234
234 179
60 234
-235 193
235 -75
-235 -145
-172 236
101 -236
-236 205
-236 200
55 -236
-237 -63
-89 237
-76 -237
238 103
-154 -238
238 -55
-239 -174
106 240
205 241
-241 182
-49 -241
-106 -241
-241 -190
88 242
242 -95
242 -129
-242 -74
-243 -138
244 -55
244 -66
79 -244
-193 -244
-245 -48
-68 245
245 80
-67 245
-102 246
246 110
-160 -246
246 113
166 246
49 247
-247 -58
-103 -247
-45 248
190 248
-145 249
153 -250
-60 -251
-252 -195
-116 252
136 252
56 -253
253 -56
-152 254
200 254
255 -73
64 -255
255 191
60 256
99 -257
-257 165
-156 -257
259 -165
-259 -125
-259 69
-101 -259
259 -181
191 -260
141 -260
218 260
-103 261
-158 -261
-262 -148
262 161
210 -262
-264 -81
-264 146
-265 112
-183 -266
-266 125
118 266
-207 -267
267 101
-267 169
-48 268
268 -221
268 -104
146 269
-269 -187
90 -269
-270 -233
-270 172
77 270
-220 -271
156 271
271 -212
194 -271
-271 187
122 -272
-95 -272
272 207
167 272
-148 -273
-203 -274
-275 201
-276 -186
276 113
177 -276
-217 276
-276 -97
276 202
-277 98
278 -102
-147 278
-278 193
-174 -278
-278 92
204 -279
-279 -104
126 279
-46 279
-279 102
-129 280
281 194
-217 -281
103 281
-159 281
282 204
164 -282
-282 -161
-52 -282
-109 -283
283 38
-208 -284
284 64
-284 243
-284 -217
285 -179
-76 -285
-285 -198
286 79
82 -286
-286 -202
201 287
-108 287
288 65
-184 -288
290 55
-290 -230
-244 291
291 -190
292 175
180 292
-293 -134
-64 -294
294 107
294 -115
-295 -50
206 -296
114 296
-297 59
-297 169
91 298
126 299
-206 -299
-81 -299
-300 -185
-234 301
301 111
-207 -302
157 -302
303 -112
-123 303
-244 -303
303 103
-209 -303
112 303
304 207
304 79
-86 304
-305 -172
185 305
-158 -305
219 -306
149 306
-308 219
309 98
309 -117
-309 188
310 -246
-310 90
102 -310
-310 235
311 -211
312 131
166 -313
313 247
-142 -314
207 -315
315 -249
316 111
316 -135
317 -141
-317 185
317 -60
-243 -317
174 -317
-318 -93
205 -319
319 236
75 -320
320 -258
-320 -168
146 -320
264 321
-321 226
-254 -321
-321 -222
47 321
322 231
322 -233
-322 -96
121 322
323 -220
324 -74
-324 134
-324 101
-64 325
52 -325
-179 -325
326 -231
326 -226
-326 -120
-138 -327
-189 327
328 72
171 -328
328 -178
278 -328
190 329
-153 -329
-193 329
-85 330
-105 330
-237 331
331 -115
138 -332
145 -332
-150 332
-333 -147
155 334
-334 225
-254 334
334 188
334 -239
-223 335
335 -200
-335 83
-249 336
273 336
336 289
336 256
-337 -108
270 -338
-338 100
158 -338
270 338
-339 269
-339 -191
339 -208
215 340
85 -340
341 -268
341 -192
-163 -342
-133 343
239 -344
-344 137
-345 88
-104 346
-346 -96
347 -207
-347 -262
-347 -192
-128 -347
348 210
-101 348
348 -76
240 348
229 349
349 212
221 350
-281 -350
-350 286
180 350
-351 -128
240 -352
352 225
284 -352
102 352
-56 -353
216 -353
-186 353
-168 354
-354 -251
105 -354
-355 -161
355 -121
-356 217
-357 -167
141 -357
-114 -357
357 -137
-358 -101
251 358
-358 -154
359 192
-266 359
359 -113
-359 183
213 359
360 -156
254 -360
231 -360
-125 -362
-362 -259
-104 -362
-363 126
364 -297
364 -294
-152 -364
-85 -364
