76
-73 -95
94 40
96 -8
-68 94
31 100
-71 -76
87 8
-72 -21
30 -73
-82 82
97 93
-91 84
67 -47
60 35
84 79
76 -74
-83 -36
-47 86
-69 -81
34 -18
-89 80
-25 57
-16 61
30 60
-64 95
-44 -13
61 -38
56 89
59 93
-13 -92
13 -91
-50 -32
47 -87
-93 -17
93 87
-62 -62
62 51
27 -46
22 39
59 74
93 76
-46 32
8 46
25 38
-46 -43
-3 72
-86 -34
98 39
41 95
53 75
0 -60
99 -6
94 -61
-9 -51
51 -8
90 40
60 64
-56 -9
-54 -72
-88 13
80 -19
-59 -24
-91 67
-83 9
81 54
1 3
92 -71
100 33
-98 -69
-64 50
49 2
-44 -75
-98 -90
84 -64
50 -19
50 43
39 -7
24 -78
-89 -10
100 61
-29 87
57 65
82 -77
-100 -44
-99 -30
-19 83
-2 -11
3 -9
0 10
-41 23
17 -20
-100 50
67 35
-49 23
91 29
-13 65
-82 -24
23 -54
72 76
-70 33
-16 66
-45 -18
-20 -37
-15 -60
20 -89
-61 57
64 -11
51 -54
-99 -15
-9 28
-86 94
-53 58
-47 -83
-72 -38
-57 31
-32 21
-27 -53
-81 69
66 3
-31 -65
46 48
-8 -55
-17 -16
81 8
80 -85
13 2
66 86
-52 -85
-30 -1
-18 18
41 -89
-94 58
57 -20
96 -75
40 97
53 13
-54 68
-6 56
-51 78
90 -32
-17 100
-49 56
97 -42
-55 -7
-59 -79
77 48
77 -23
68 -65
-55 -98
-33 -68
58 -88
-57 99
-22 67
83 -45
-79 83
3 73
-78 -61
-79 -25
74 -86
-77 -27
79 27
-66 -25
44 -52
8 70
-37 -57
-52 -16
-85 -100
-63 73
-10 -97
-11 -33
79 11
-60 99
22 37
6 -95
33 42
19 -2
-35 -30
47 66
-95 36
31 -98
-10 -76
18 98
-95 59
2 -100
16 60
23 -92
-75 -83
82 -35
46 71
24 -2
74 -90
-92 5
-40 18
20 97
-93 -13
-18 78
65 98
-94 70
-51 68
-20 44
73 -50
-22 -56
44 43
-90 81
19 -12
15 -66
-73 -68
34 89
-87 20
72 92
99 -48
-77 -81
87 -58
-21 -82
-1 -33
89 54
89 88
48 27
85 25
45 -51
-87 -78
-78 41
-81 32
-66 -35
49 -23
-45 79
-5 19
-27 69
