294
0 0
0 -997
997 -997
-997 0
997 997
-997 1994
1994 997
-2991 -1994
-1994 2991
-1994 -3988
-3988 1994
-4985 -2991
-4985 2991
4985 -1994
1994 5982
3988 -6979
-7976 -2991
4985 -7976
2991 -7976
-7976 -5982
7976 4985
8973 -6979
2991 -8973
-3988 -9970
6979 9970
6979 -10967
-5982 -10967
10967 7976
-2991 10967
11964 3988
5982 12961
12961 3988
12961 4985
9970 -13958
-13958 -9970
13958 -8973
-6979 15952
-15952 5982
-6979 -15952
5982 16949
-17946 -3988
-13958 17946
-17946 7976
-5982 18943
-14955 -18943
-14955 18943
11964 -19940
19940 -12961
19940 15952
-15952 -20937
14955 20937
-20937 -5982
-20937 -12961
21934 -16949
3988 22931
-22931 13958
23928 10967
-16949 23928
9970 -24925
18943 25922
17946 26919
-26919 17946
26919 19940
16949 26919
26919 -14955
-26919 9970
-27916 6979
-27916 20937
28913 -4985
-10967 28913
-23928 29910
8973 29910
23928 -30907
30907 11964
30907 -16949
-31904 -22931
-25922 31904
31904 8973
-22931 31904
32901 -18943
32901 12961
-12961 -32901
-9970 32901
-33898 -14955
33898 -4985
-33898 13958
20937 -33898
-34895 -21934
7976 34895
-10967 -34895
15952 -35892
-37886 21934
37886 21934
-16949 -37886
-25922 -37886
-23928 38883
-38883 6979
10967 38883
-28913 -38883
-8973 -39880
-39880 -13958
18943 40877
-41874 -31904
-42871 -15952
-9970 43868
43868 -11964
31904 43868
-12961 -44865
-24925 46859
46859 8973
46859 36889
-8973 -46859
-47856 -32901
-41874 -47856
37886 48853
48853 27916
38883 -49850
49850 27916
33898 -49850
22931 50847
-50847 14955
-34895 -51844
51844 -36889
51844 36889
52841 -21934
52841 -22931
-52841 40877
-30907 -52841
15952 -53838
29910 53838
-24925 -54835
-29910 54835
54835 -20937
41874 -54835
-54835 -34895
54835 -19940
13958 54835
-55832 23928
29910 -55832
-55832 -11964
-37886 -55832
20937 55832
-56829 34895
-31904 56829
44865 57826
-57826 -26919
-11964 59820
59820 -47856
60817 11964
60817 14955
43868 -61814
62811 48853
14955 -62811
62811 25922
25922 -63808
-46859 -63808
25922 63808
24925 64805
-11964 -64805
41874 -64805
-65802 53838
-54835 65802
42871 66799
66799 -45862
-28913 66799
-67796 39880
-35892 -68793
69790 50847
69790 -43868
-69790 39880
-69790 -44865
21934 -69790
57826 69790
-44865 70787
70787 -48853
70787 -31904
-43868 -71784
-60817 71784
27916 71784
-56829 -71784
73778 -42871
-73778 16949
-74775 -29910
-21934 -75772
-75772 -52841
75772 -65802
-45862 75772
22931 -76769
77766 -61814
-53838 77766
77766 -26919
16949 77766
59820 -77766
-78763 -62811
78763 30907
-79760 42871
-79760 -17946
-21934 80757
45862 -80757
80757 -24925
80757 51844
-18943 81754
-43868 81754
82751 -17946
82751 52841
83748 30907
-84745 69790
-84745 19940
38883 85742
85742 -38883
85742 -75772
-86739 -27916
-72781 -86739
-86739 -33898
36889 -86739
87736 -30907
87736 -25922
63808 -88733
89730 61814
-89730 -58823
-89730 -25922
89730 62811
-90727 -40877
-91724 72781
66799 -91724
-91724 32901
-40877 91724
49850 91724
-40877 -91724
17946 92721
92721 -60817
92721 -72781
-62811 -93718
-93718 -51844
-60817 93718
93718 -72781
72781 -93718
-51844 -94715
-94715 24925
94715 28913
95712 -27916
-95712 -74775
56829 95712
-71784 -96709
-98703 79760
78763 98703
-19940 98703
55832 -99700
24925 99700
56829 -99700
-100697 55832
-29910 -100697
36889 101694
102691 35892
-82751 102691
84745 102691
-102691 59820
65802 103688
55832 103688
-103688 74775
-68793 -104685
-63808 -104685
104685 -58823
-105682 -76769
79760 -105682
-81754 -106679
107676 -74775
-108673 78763
-108673 24925
-68793 -109670
57826 -109670
110667 -68793
111664 -23928
-47856 -111664
112661 49850
45862 112661
-36889 -113658
-113658 33898
-113658 -23928
-49850 113658
113658 46859
-44865 114655
115652 51844
34895 -115652
28913 -115652
-116649 -70787
-116649 83748
116649 80757
117646 -53838
118643 -90727
-119640 -29910
119640 -78763
-120637 70787
104685 120637
71784 120637
120637 42871
120637 93718
-51844 121634
121634 -59820
74775 121634
-39880 122631
-122631 75772
123628 22931
-96709 123628
44865 -123628
50847 123628
35892 -124625
-124625 -81754
-124625 -88733
-88733 125622
126619 -57826
34895 127616
127616 -28913
27916 127616
-18943 -128613
128613 82751
-19940 128613
-129610 94715
-129610 68793
99700 129610
-38883 129610
129610 73778
-59820 -130607
-130607 -98703
130607 85742
-73778 130607
-131604 -101694
-96709 -131604
-132601 47856
-35892 133598
-134595 -116649
-46859 134595
72781 -136589
-136589 94715
42871 137586
-137586 -60817
35892 137586
138583 72781
138583 109670
-138583 -41874
-87736 139580
-49850 140577
-103688 -140577
-140577 61814
63808 -141574
-45862 -141574
141574 79760
118643 -142571
-63808 -143568
-143568 82751
-143568 -85742
-75772 -143568
144565 101694
-104685 -144565
67796 -144565
144565 35892
145562 60817
53838 145562
-146559 -28913
53838 -146559
115652 -146559
-66799 146559
-146559 68793
146559 -39880
-148553 -36889
-87736 -149550
64805 149550
121634 -150547
-90727 -150547
-150547 -114655
-107676 151544
-88733 -151544
-151544 -81754
64805 152541
152541 -124625
135592 152541
153538 -94715
-153538 -96709
97706 153538
154535 44865
154535 -56829
-155532 -89730
116649 155532
-155532 -105682
-130607 -156529
-66799 -156529
-156529 -122631
-156529 -139580
50847 156529
-114655 156529
-157526 116649
86739 -158523
-97706 -158523
158523 88733
-159520 87736
-100697 -159520
-97706 160517
160517 -110667
-106679 161514
132601 161514
-162511 44865
-126619 163508
-164505 -87736
164505 124625
-72781 165502
166499 49850
-166499 63808
-32901 167496
47856 -167496
73778 -168493
168493 33898
-53838 -168493
97706 168493
168493 -119640
-169490 76769
-169490 37886
169490 -40877
169490 -41874
-135592 -169490
76769 -170487
-170487 130607
170487 105682
-170487 125622
171484 145562
-171484 -110667
171484 92721
-171484 -89730
-30907 172481
110667 -172481
172481 -107676
133598 -172481
172481 -117646
-173478 45862
-120637 173478
-173478 60817
-102691 173478
76769 174475
-174475 -123628
-132601 -174475
-175472 -77766
175472 57826
-176469 -125622
-176469 -73778
176469 -69790
176469 96709
-177466 -42871
-177466 136589
177466 -80757
-80757 -178463
112661 -178463
178463 105682
-58823 -179460
-42871 179460
108673 -179460
179460 -131604
179460 -111664
122631 -180457
-101694 180457
-180457 144565
-152541 181454
-80757 184445
-104685 184445
-184445 -70787
184445 139580
-186439 110667
-187436 159520
188433 -85742
-117646 -189430
-190427 -108673
39880 -190427
-190427 117646
122631 190427
-36889 -190427
191424 141574
81754 192421
-57826 -193418
193418 -107676
47856 -193418
-193418 166499
-193418 -48853
193418 45862
-194415 64805
-195412 -162511
195412 -43868
195412 141574
153538 -195412
-50847 -195412
-195412 73778
196409 146559
39880 -196409
-197406 -90727
-62811 -197406
-32901 -197406
123628 -198403
199400 126619
-160517 200397
-201394 126619
202391 -136589
202391 62811
-202391 67796
-71784 203388
48853 -203388
40877 204385
-99700 -204385
67796 204385
173478 -204385
-205382 -83748
-205382 -65802
-206379 -112661
159520 -206379
-147556 -207376
-207376 -126619
-208373 106679
-208373 -128613
157526 209370
-209370 165502
127616 -210367
211364 160517
-212361 -95712
65802 -212361
212361 83748
114655 -213358
-64805 213358
-118643 213358
-59820 -215352
215352 -157526
-216349 86739
-65802 216349
216349 -100697
-162511 216349
-216349 140577
-217346 -45862
111664 217346
178463 -218343
-58823 -218343
-219340 -50847
-219340 -46859
-101694 219340
40877 -220337
88733 220337
151544 220337
-135592 221334
221334 -101694
-221334 47856
-92721 223328
-145562 223328
-223328 190427
-223328 117646
223328 -126619
86739 -224325
225322 132601
225322 -84745
-52841 225322
226319 -56829
226319 78763
124625 -226319
100697 226319
-227316 144565
175472 -227316
227316 -92721
-144565 -227316
-119640 228313
229310 143568
-106679 230307
-149550 -230307
134595 231304
71784 231304
-232301 -177466
-175472 -232301
-232301 87736
96709 -232301
134595 -233298
157526 233298
108673 -233298
128613 233298
-233298 74775
233298 -84745
-157526 -234295
234295 132601
-180457 234295
170487 234295
235292 -186439
235292 88733
-164505 235292
-235292 172481
236289 -183448
-136589 -236289
-48853 -237286
-64805 237286
-237286 168493
-197406 237286
237286 143568
102691 238283
238283 166499
239280 154535
-125622 239280
-240277 -112661
152541 -241274
-107676 -241274
-168493 242271
101694 243268
109670 -244265
174475 245262
83748 -245262
-246259 112661
133598 246259
98703 246259
-246259 183448
-147556 247256
103688 -247256
58823 248253
190427 250247
139580 250247
-251244 -97706
75772 251244
-251244 89730
-115652 252241
-252241 108673
-252241 37886
-196409 -253238
-253238 -160517
197406 254235
147556 -255232
160517 -255232
-77766 -256229
-48853 256229
-189430 -257226
-257226 58823
-199400 -258223
-258223 -106679
61814 258223
-259220 148553
260217 -82751
227316 260217
-260217 -67796
93718 260217
-261214 201394
-142571 261214
-261214 199400
-262211 113658
-262211 -186439
262211 84745
262211 170487
68793 -262211
263208 -180457
-263208 -78763
224325 -263208
-263208 198403
-186439 -265202
-265202 -73778
265202 -142571
185442 266199
-98703 -266199
-154535 -266199
-266199 215352
-168493 267196
-267196 97706
268193 -207376
-268193 89730
-269190 67796
217346 269190
94715 271184
-152541 -271184
-114655 272181
-272181 107676
274175 56829
-274175 -98703
275172 106679
275172 180457
-105682 -275172
186439 275172
276169 167496
-94715 276169
109670 -276169
-277166 -181454
277166 97706
-277166 169490
-194415 -277166
-225322 277166
-278163 -119640
278163 76769
96709 -279160
81754 279160
279160 -194415
180457 280157
-280157 -87736
281154 232301
190427 -281154
58823 -281154
281154 -82751
282151 -166499
282151 -59820
117646 282151
-283148 -181454
283148 100697
74775 -283148
283148 52841
284145 240277
284145 -199400
-285142 179460
-126619 286139
-286139 133598
-112661 287136
209370 287136
-288133 219340
-85742 289130
289130 176469
194415 -290127
-291124 -183448
150547 291124
240277 -291124
-292121 -201394
230307 292121
-211364 293118
293118 170487
-293118 -108673
231304 294115
294115 -57826
139580 -294115
91724 294115
-294115 -164505
228313 295112
-199400 -295112
-70787 -296109
-296109 -223328
-227316 -296109
-298103 189430
298103 -176469
-298103 -177466
298103 -226319
-78763 299100
-255232 -299100
-299100 -35892
299100 86739
300097 136589
-300097 -148553
158523 300097
-302091 95712
-83748 -302091
-302091 110667
-303088 122631
303088 -127616
-303088 -244265
-209370 -304085
-174475 304085
221334 304085
305082 159520
-305082 192421
-305082 96709
-189430 -305082
-81754 306079
-306079 -118643
254235 307076
79760 307076
-70787 -307076
-307076 -208373
-172481 308073
-308073 -225322
136589 308073
207376 -308073
-308073 191424
309070 150547
-309070 199400
-187436 -310067
-311064 211364
311064 -125622
-311064 111664
312061 -165502
131604 313058
-313058 227316
-313058 -200397
243268 -313058
-241274 314055
314055 109670
143568 314055
205382 -314055
-314055 -187436
315052 -182451
-249250 315052
315052 207376
-151544 315052
-258223 316049
90727 -316049
-125622 316049
224325 -316049
196409 -317046
-117646 -317046
61814 317046
318043 90727
68793 -318043
-318043 265202
-137586 -319040
-319040 111664
321034 -159520
321034 134595
-321034 41874
-321034 255232
323028 208373
-121634 -323028
206379 -323028
323028 -200397
223328 -324025
324025 -220337
324025 -92721
-178463 326019
185442 -327016
-118643 328013
88733 -328013
84745 -328013
-268193 -329010
329010 245262
330007 -50847
-150547 -331004
-121634 331004
331004 -212361
332001 -182451
-77766 332001
188433 332001
-332998 -66799
146559 332998
-204385 332998
-333995 -247256
333995 -118643
-76769 333995
248253 333995
333995 -273178
334992 -253238
-188433 335989
-99700 336986
337983 -137586
-109670 337983
337983 -114655
-82751 338980
248253 -338980
338980 41874
125622 -338980
339977 65802
-153538 339977
280157 -339977
-340974 -285142
340974 -240277
341971 -139580
107676 341971
-271184 342968
-342968 -132601
-61814 -343965
344962 271184
-344962 142571
-255232 -345959
345959 196409
106679 345959
197406 346956
-346956 149550
346956 -83748
189430 -346956
-210367 -346956
347953 301094
347953 -132601
348950 268193
264205 -349947
-349947 -215352
114655 -350944
350944 -66799
350944 -162511
-61814 352938
143568 353935
354932 128613
354932 227316
-354932 -206379
203388 355929
131604 -355929
-356926 -167496
230307 -356926
356926 -290127
147556 -356926
130607 356926
-291124 357923
148553 -358920
358920 -187436
358920 -135592
105682 359917
-200397 -359917
