49
-88 -85
-50 54
-18 50
57 51
56 -2
49 19
3 76
38 -73
20 59
73 5
31 4
-34 -23
-14 -5
83 86
23 -49
-97 87
16 93
22 -7
9 -83
48 -61
76 75
-52 -83
45 -44
15 -70
-62 20
92 -43
-7 -52
38 8
65 -64
-5 -97
61 -39
4 78
35 -39
35 -73
73 59
58 -14
-30 23
-70 -82
43 68
-24 -2
-18 -81
-79 61
-91 -6
70 45
97 36
49 25
-96 52
-94 26
29 -64
28 41
-95 -87
13 -89
28 -21
71 -27
81 -72
-80 62
-83 40
88 -72
-84 23
-37 -62
-21 25
-3 37
-69 36
-94 56
5 54
57 63
-76 43
-76 32
-13 -11
99 -56
-2 -22
25 37
-1 -14
-40 -29
-49 82
17 75
69 48
12 35
-1 24
79 73
-34 -33
-66 -48
25 -52
-44 61
-100 92
7 8
23 3
27 -98
-62 74
60 97
13 4
33 -88
34 19
-66 30
62 79
69 53
-100 -27
-26 -99
-97 -43
72 -46
-87 -50
4 -99
-93 -77
-86 73
-86 79
-22 -18
90 -12
70 -10
61 -29
87 -47
-9 -22
82 -84
-71 -44
-15 -33
91 -94
-27 -38
81 3
-3 90
17 46
-92 -79
-10 20
-29 41
-42 70
-19 -98
2 -3
-31 -93
-7 17
-79 82
-20 88
-36 -67
-30 99
-84 -70
34 100
21 -75
96 -1
-52 98
-49 89
-54 -59
39 -61
-78 -45
-24 -95
0 -81
-41 -97
-63 -19
26 55
-61 -78
-67 10
