54
-100 -83
-78 -83
-7 -73
75 3
55 53
-15 -5
78 59
-81 -23
41 -27
94 44
37 78
13 -46
-97 -19
97 -53
-15 -64
33 83
-2 97
-44 99
14 44
-46 49
1 100
-42 -85
-23 47
-27 -17
17 99
32 82
12 19
15 52
97 60
34 -87
-10 86
14 -27
-47 70
90 80
-23 -89
66 -16
51 -58
-20 -93
-70 13
-20 -9
48 24
73 57
72 77
-48 -91
21 20
-24 94
94 79
-9 -26
-1 -40
-95 -17
-54 -33
-26 17
95 41
-70 82
-77 17
-100 -65
-98 -93
-14 19
87 -55
91 -45
-12 -82
-34 47
-8 -78
47 -77
-59 -10
24 -55
27 21
-46 -28
-49 -74
-86 -58
78 97
18 100
-27 21
-33 79
-44 -74
79 -87
-82 71
13 -88
-58 -90
26 -96
46 46
7 14
-7 41
82 -1
-31 85
-5 37
-18 -14
-65 -35
-59 -60
20 42
84 -19
47 -52
-4 -88
-31 -7
-98 -38
-66 -92
-53 39
-96 -37
-21 -49
24 98
65 45
-42 -15
12 -2
-78 75
-4 83
-8 18
91 52
61 15
56 57
-71 -6
-56 30
-80 -14
-68 87
5 66
59 68
-60 -15
71 84
93 13
-25 49
-91 74
49 -90
44 -54
48 32
-52 -99
-13 -94
-87 -18
60 -66
5 -12
19 -1
2 35
87 4
-99 56
-92 55
-87 75
-47 32
-96 1
17 -97
74 -43
67 -5
0 -95
19 22
16 -37
-86 85
-77 -11
76 -95
92 86
-83 36
96 6
-84 -29
80 -9
-29 77
-26 33
-43 -56
58 -30
63 16
-93 46
41 -30
34 -76
-25 -75
49 -54
-55 -38
-21 -44
