189
58 172
-134 84
107 -86
142 95
-48 -5
-22 88
-130 194
93 -137
147 95
31 -1
117 -2
-193 69
-159 140
-7 195
-179 -122
45 115
106 -124
22 -170
39 -173
68 132
132 -3
-161 131
-11 188
-200 -155
-192 17
-83 -121
49 -47
81 -56
105 109
63 -73
-135 -107
-2 -97
-21 194
133 -148
185 21
125 -69
155 -196
-3 198
175 -179
-96 -179
158 79
173 -76
184 -66
94 128
8 139
-68 -73
-88 51
-101 -139
59 -174
-69 119
25 99
25 -79
-137 66
159 -12
55 70
157 22
90 105
-61 64
49 60
161 -190
81 102
-193 -84
8 131
95 -184
89 -165
188 40
-106 189
-111 -5
34 57
-114 -74
-158 -15
-30 -180
-75 75
193 80
173 -34
-112 -67
-194 55
-159 49
-99 120
196 -100
-36 -34
-105 -152
100 144
-165 22
144 186
54 187
193 -130
69 -102
-32 -32
105 123
124 192
134 90
-136 20
3 -128
179 48
60 172
-80 2
-13 -102
-16 187
190 -152
-171 30
94 -62
194 -18
130 137
-62 -157
157 -137
-30 127
104 183
-90 -91
102 73
191 -132
124 157
-28 156
-137 76
-94 67
56 193
156 185
-168 -53
62 189
-110 118
-20 -69
79 42
-111 -87
132 19
92 60
-78 -43
-56 -107
125 66
-190 149
-12 50
-163 30
-177 57
-91 42
50 -184
-140 103
4 -149
100 -72
-186 -47
30 -70
-29 43
-197 119
24 110
47 -150
-176 68
-27 -63
95 -124
115 -30
-61 28
93 -190
-6 109
195 -136
184 -135
-92 37
119 8
-57 59
-42 99
-85 -140
-135 -72
145 178
165 -21
27 -21
-195 70
-138 -168
-82 -93
-43 129
130 -59
-175 192
9 -83
85 142
-42 196
-117 -158
39 -41
80 35
187 191
-187 3
-101 46
178 -53
195 -4
-145 -35
-55 169
117 -50
-147 47
-60 106
118 -75
9 69
-190 55
-52 -98
102 114
-186 53
120 -12
-198 -181
-185 -149
-59 -15
84 -127
-144 -119
38 46
141 20
91 96
38 -134
-74 102
-29 -182
-73 155
83 28
-18 6
78 148
52 169
-85 111
60 62
16 180
-154 145
40 -25
-41 10
-41 -186
178 -7
-73 -150
89 197
28 126
-28 71
87 183
24 -189
179 -58
-89 40
67 -180
50 50
-165 -103
-170 -153
-175 77
-177 -135
146 145
190 186
-196 -189
68 -154
-145 -182
90 13
166 188
-142 21
162 92
67 97
-146 116
-50 101
-143 -100
-181 -155
-54 58
197 116
-19 -187
-49 -28
-64 152
-166 120
-45 11
-7 79
-134 -128
-71 81
79 43
-45 -117
-122 -192
-173 98
52 -19
-57 -16
-142 88
-79 -94
-184 47
88 197
-34 146
148 -170
197 -112
143 157
113 181
-131 -166
62 -87
199 -18
-12 165
122 -97
186 -166
-47 -165
144 37
-133 -156
-19 117
43 -199
120 -45
104 176
192 170
196 48
122 -141
-58 32
182 152
-36 31
-144 98
-94 -115
-180 195
175 81
21 26
82 -37
59 -30
147 51
-194 -33
181 -175
86 25
200 -27
-80 -58
194 71
-5 -156
-109 -96
185 162
-9 78
-181 -96
57 -133
-138 178
99 -186
65 4
-136 -90
-66 64
136 -10
-148 -116
-113 193
126 -108
42 -112
146 -193
-37 -70
-102 -145
-83 72
84 136
61 196
-50 2
-110 -138
-9 -199
172 126
-112 184
-200 -19
-168 -24
-116 184
-132 143
-67 181
189 32
-192 167
-156 -98
-164 -181
-195 144
-114 -36
129 -171
133 -121
-143 -74
-120 24
-39 -172
181 -29
108 -59
-133 53
-187 105
27 -55
5 -36
-140 -197
2 -65
-124 -104
-113 -153
-5 31
-179 -43
47 137
19 74
-147 41
-132 -146
72 -88
142 -81
198 -50
-183 83
180 -125
34 -191
103 153
-171 -193
-123 164
76 12
-160 58
168 135
127 185
-157 0
192 180
-185 -66
-125 133
129 132
-170 147
-82 -169
61 -88
-53 -95
-51 -197
23 128
200 12
-105 -167
176 174
-150 -130
-182 -79
55 -126
160 97
-90 198
72 -157
-99 -38
-98 -90
171 -139
101 -119
83 139
-88 136
-160 29
88 -191
-100 175
-196 158
5 -196
19 -133
-150 147
14 -115
158 142
-11 107
57 -134
110 86
-33 164
20 -104
-197 -83
-86 191
-152 -31
-139 156
-81 -126
-58 89
134 74
35 -13
152 -89
-37 129
-163 -147
-78 -75
119 -55
123 -146
108 -25
199 15
-128 151
-169 -91
53 38
-76 158
40 -85
-72 200
-18 -141
6 -183
-62 -32
165 -185
-149 -177
-198 -49
92 -14
41 199
-48 -169
-122 151
31 149
152 -52
-59 -177
182 171
-173 33
118 -122
78 -26
-89 165
174 -51
106 -172
148 -46
180 155
-68 -118
-116 163
16 -198
109 -176
65 199
-182 107
187 -94
29 163
-178 94
-199 -67
91 -77
77 -176
-189 -113
-127 -64
-148 -31
163 9
-199 -16
-107 118
-4 -56
3 -111
191 -164
86 114
110 -167
-149 10
-31 -81
-25 -60
143 -92
15 -95
198 108
-16 -160
-71 -178
167 -164
-153 -57
17 -10
174 200
2 127
-154 161
41 182
-164 83
1 -185
112 171
171 162
186 -63
-166 -131
109 -195
-191 -42
-52 -11
177 -183
-189 -14
-24 -188
-127 117
150 108
-117 11
-55 190
85 -198
141 -163
113 -103
22 -3
101 130
177 -188
-188 -113
162 80
-191 -175
149 110
167 -41
-120 174
-34 179
-131 89
-155 -195
42 96
-129 173
168 93
-172 91
160 45
123 13
138 -144
20 -158
139 -187
-155 173
36 -200
-188 -84
188 5
131 45
-63 -200
-56 175
-152 -127
-174 115
35 -4
114 -178
-31 166
80 -140
189 190
-115 167
163 154
-66 -194
-84 -111
-97 90
-176 -144
128 34
140 -116
-151 -54
-183 54
-72 -89
15 182
126 179
145 125
-162 9
-32 -108
-95 -163
-156 112
176 -6
