159
-15 27
138 157
-181 -155
14 -60
59 140
157 80
-2 -165
41 -138
-45 2
27 8
-38 -5
26 183
158 -180
193 -66
11 -59
107 -34
-80 -48
63 -64
124 -100
115 -112
-68 -140
48 143
43 11
-196 -37
58 -153
61 -190
-36 53
-81 180
46 -195
-111 149
180 -1
166 181
-180 2
167 -63
-73 -88
107 -53
144 45
120 84
151 -151
-18 68
29 -118
119 -144
-56 180
192 -146
136 -108
66 182
-95 139
-136 184
155 -68
-138 81
23 -67
66 33
-111 111
11 159
122 169
-183 -191
-131 -137
-7 -113
-8 -128
-43 167
1 195
-135 -3
-65 87
-109 84
-158 116
-88 -23
191 -86
147 147
176 48
-87 -5
114 154
-145 -130
28 -164
-113 151
75 -76
143 -193
3 -174
75 -1
97 -198
74 24
-128 131
-144 -10
-193 184
171 -188
172 -32
48 -54
38 -191
158 -149
6 -163
132 16
84 -151
174 -187
188 -8
-7 152
-89 -141
-84 -34
82 116
60 -127
199 -131
47 -51
45 168
110 75
199 106
-45 -32
-136 -149
-162 110
152 121
-115 125
-187 -29
12 -76
92 -115
-52 -54
-188 -42
-79 175
-170 -17
-200 85
-8 -13
15 172
71 -66
46 21
121 -58
-29 -127
-6 -113
39 -182
-107 0
103 -115
-154 -86
119 107
-143 -11
-96 -150
-51 -71
44 189
164 -87
192 141
-41 22
146 19
147 134
-61 -137
-94 155
-178 -82
-72 -166
-172 83
30 90
-9 66
89 171
49 162
-166 -52
88 79
-139 -157
-195 121
-31 9
61 122
1 125
173 -61
-16 -48
-131 18
-113 122
22 -70
-104 98
84 106
-13 -110
47 39
-138 -51
175 52
136 109
-152 -171
-143 -42
-15 -92
122 158
106 192
-23 -114
6 -38
-78 33
39 -107
42 182
153 -89
53 -181
-37 -85
128 -27
-135 -104
97 -175
103 -162
16 151
0 -184
-104 200
-194 -91
29 0
-180 170
-193 160
-5 -49
-94 -52
-116 -173
30 179
-144 47
-61 -7
12 58
-140 189
134 198
156 60
-89 163
151 -91
135 40
79 48
-1 -182
-73 -161
145 63
187 127
98 165
-198 -109
-53 -145
-69 -71
-182 -27
38 -128
4 199
-62 -36
150 188
-200 54
128 114
32 156
-19 50
-146 120
164 -175
-110 -7
-102 -23
62 32
64 50
155 61
-93 175
171 13
185 147
-88 -184
123 -16
-20 -46
167 -50
-165 -101
-175 179
89 -135
57 196
-195 45
-40 140
-127 62
79 -81
-77 144
172 137
-181 31
165 -159
139 49
-153 108
-99 139
193 -101
-188 -186
76 -194
-183 -74
185 -31
121 -110
182 -152
-139 87
-105 -135
71 -43
90 27
-115 -131
86 161
-5 71
190 -157
-97 200
138 -50
-134 197
-189 -102
34 64
-171 -161
-82 190
-125 -18
196 -141
-190 -168
101 149
-160 -33
-43 190
-2 132
-146 -87
-14 101
104 198
137 111
166 -94
156 71
165 -11
-114 -125
-39 157
-93 163
-165 -49
188 29
-57 -102
-172 20
25 20
54 6
-54 183
141 185
-106 -129
-14 191
-87 -22
-3 -173
-154 -74
-82 -153
198 85
59 -79
-189 21
-191 -38
-192 -65
-167 136
-25 37
23 145
88 188
-141 187
100 -123
-166 9
81 64
-182 40
42 99
-119 83
-4 172
174 -163
194 169
133 132
-101 136
4 -120
-67 91
181 -185
154 -39
5 -108
144 -104
186 93
93 144
-101 -64
-167 -139
2 -10
69 4
154 114
-53 -134
63 -189
-160 127
-174 138
53 80
-123 -94
133 68
139 1
198 52
-159 -125
114 -198
-110 93
-147 191
161 124
-191 -190
-179 120
-23 14
-52 54
-99 1
93 -196
22 -152
74 170
-85 38
31 105
-24 174
-75 -172
-27 -193
-184 98
189 -155
-199 164
-122 56
-31 -120
-102 23
26 -188
200 26
21 -105
3 30
-196 -139
21 -194
98 117
-194 -192
14 -25
-145 -169
118 -189
160 -103
-38 197
-65 185
149 97
180 3
-163 193
-1 -166
15 108
195 70
90 -85
64 7
-50 156
-153 145
-129 148
-155 141
68 53
41 -143
-140 -67
-24 -200
-134 46
-198 -44
36 -83
-152 56
100 -118
112 -97
117 6
99 -180
148 15
-56 15
-156 -147
-48 -165
106 160
194 91
-158 95
-197 -4
-16 4
-199 107
129 -103
7 -60
16 195
197 7
-80 -196
-46 -93
-11 61
-62 -63
-33 13
-109 30
85 -17
-125 -195
181 77
-190 95
-151 -167
-192 155
160 -192
175 -106
125 154
-63 -132
148 31
115 -150
-186 -105
-132 166
197 138
96 -172
-47 90
129 168
113 192
-27 134
-171 130
58 171
126 73
190 199
200 -100
-137 -84
183 -77
-22 -200
-100 60
-100 193
187 58
104 -18
173 42
40 -199
-21 -186
-60 131
191 -136
157 12
-162 -126
-64 77
143 181
-155 -36
116 66
127 -178
78 -58
168 42
-79 159
-184 14
-170 -160
-173 -88
