133
-88 153
-180 100
108 -44
38 -12
-65 -43
-2 -192
-195 -20
72 -188
48 152
146 -11
52 65
-185 -51
43 -95
-182 163
-8 82
-189 15
10 84
88 -103
-69 -21
109 13
-123 62
-52 28
-9 186
144 88
48 42
123 -61
196 126
22 52
-70 49
-134 31
-73 128
-198 196
101 153
135 4
-154 -195
-29 -45
-45 22
182 60
-57 -61
150 104
-186 -116
-75 187
138 37
20 -40
82 -32
20 61
-16 -101
-9 89
139 54
100 163
128 22
31 -87
-94 23
-28 -63
24 -100
148 -22
15 -114
-167 -172
-91 56
139 -131
-134 2
-68 -34
-162 -192
-144 -33
39 -36
-155 -74
-71 -37
-127 -6
145 5
-30 26
35 130
-28 135
82 -101
172 188
196 -87
140 20
-53 -75
3 -25
-3 -27
145 64
191 -157
-179 37
-48 -125
42 -179
-91 134
127 17
-24 76
-180 197
-102 -131
188 -158
125 192
116 123
-22 -59
155 -158
-56 -30
-107 104
-155 23
101 185
-17 101
6 -41
133 -163
-40 38
30 183
17 123
-20 127
-54 89
-128 137
-4 88
-54 -28
96 78
183 176
-17 125
-138 -172
-177 106
-4 -110
-167 -169
-199 -35
64 -121
111 54
29 -148
177 62
117 165
-104 -59
34 -124
-12 12
-74 -161
8 -127
93 -28
-156 -150
-73 144
-34 132
56 80
122 -27
194 64
107 -55
-57 -176
-178 -42
-104 2
-156 195
104 -188
7 -106
191 -12
-178 113
134 166
59 166
165 152
-197 129
170 195
-147 167
142 -65
-1 -185
-94 111
63 -36
25 -194
60 -196
-119 133
83 126
-23 7
-96 -173
-10 -114
-74 156
173 -117
42 -85
-112 -104
199 168
91 34
148 -55
-119 -156
14 -128
-102 32
13 90
17 169
51 -132
55 167
174 -123
-60 65
-45 174
109 -121
161 -10
-113 -106
-179 -130
-195 -64
129 -157
-92 -47
-93 -191
-48 -127
171 -196
-140 190
-93 61
133 98
-53 -65
5 -163
86 47
138 173
146 -116
134 122
-96 191
155 134
64 -165
-78 181
98 -149
-106 58
-61 139
-114 -138
-168 -189
-172 80
151 -130
-139 52
-160 24
120 -29
-183 -166
75 -154
-186 -147
-90 -156
-46 -144
-144 182
-191 179
-183 -107
110 1
-67 146
194 29
-65 150
35 200
54 -187
36 176
3 8
187 -6
111 -108
151 -136
-164 -90
-43 -177
8 165
-138 -17
140 -199
-190 -82
200 180
-113 -160
159 -78
173 106
-152 -133
-19 -30
-165 119
-196 -35
143 -118
105 -86
27 169
69 39
52 -141
-16 108
-86 -138
-97 -120
-129 -1
-115 55
49 -47
-154 -53
76 -63
-188 -100
-43 116
127 79
-7 142
110 196
-181 27
188 -39
23 103
157 130
130 75
-177 -42
-193 63
-176 124
11 74
13 -39
171 -118
-127 -146
-164 53
-143 138
-192 114
154 -160
174 100
123 -185
-44 191
33 11
-62 171
-66 -182
74 -146
-100 158
141 -58
81 -149
98 164
-182 187
-151 -81
-170 119
121 122
-52 -69
-103 -91
-83 69
161 116
-41 19
-184 -155
25 179
-145 67
104 32
143 -176
5 48
129 160
74 18
62 -38
-37 -152
-169 -132
90 96
-130 -31
-36 -178
86 136
-192 -102
43 -165
-61 132
-99 58
-117 78
198 184
-143 -21
-198 -136
163 70
-100 82
-145 -152
-19 -103
-23 -15
165 -142
141 -45
-120 91
-20 81
-38 -128
-172 21
179 111
6 193
-140 51
108 -178
-27 178
-85 184
-7 185
-90 -150
-70 -26
-5 -33
45 127
-105 159
67 -16
190 -124
-62 -153
149 -94
78 -122
41 55
198 -115
106 171
-98 -193
60 -58
29 192
153 -179
-78 154
39 -93
-152 -53
-27 -197
-117 33
-112 -26
-3 -193
-171 -175
190 177
122 -89
156 59
182 -187
99 -29
-160 68
-194 -50
38 -180
-200 94
-170 178
-139 -168
-30 147
2 198
-199 -108
-51 -76
-157 -135
-36 13
163 144
-99 174
120 -95
-181 -199
185 30
-161 168
-75 -184
49 -197
154 109
90 42
-146 77
-29 -200
195 -153
88 156
91 -171
84 -112
32 -147
128 146
-97 -177
