259 261
234 130
170 192
250 200
15 87
42 248
60 75
28 231
134 143
10 251
205 17
213 233
58 243
157 52
1 217
202 142
222 196
190 189
23 153
132 183
5 73
159 59
84 121
182 107
249 143
206 16
228 94
255 1
27 38
226 46
16 124
48 36
69 50
114 84
208 19
235 178
233 2
184 51
193 224
167 12
102 104
195 216
55 88
114 46
195 125
14 219
138 35
77 160
179 13
230 192
212 219
139 28
146 165
221 82
9 80
119 199
81 240
165 177
167 134
177 252
136 36
238 67
106 85
157 98
107 220
87 22
194 137
199 99
94 201
13 49
257 57
198 235
148 90
29 8
164 129
247 133
248 122
73 214
168 17
223 203
187 71
152 18
249 26
242 123
147 128
72 110
11 132
6 237
110 108
79 55
239 119
173 80
197 103
27 150
133 181
34 259
163 124
117 169
50 200
33 137
70 256
81 116
250 25
145 154
15 217
116 44
194 175
155 105
9 83
3 212
78 207
151 89
43 244
63 191
29 144
156 82
174 71
20 24
198 118
5 40
53 225
95 109
27 24
162 161
122 62
39 63
131 68
11 103
210 153
93 142
229 179
230 68
222 4
237 215
171 92
214 90
163 95
65 178
113 47
151 241
101 120
101 218
173 206
188 86
218 30
92 211
238 22
127 159
96 113
37 19
146 154
30 100
111 257
172 130
129 6
185 131
61 48
85 37
33 169
213 166
65 76
61 49
175 209
148 209
31 20
67 45
183 98
26 149
171 58
105 160
174 158
34 211
240 215
18 158
118 245
176 138
123 79
60 57
164 7
255 41
126 227
125 96
204 161
189 182
243 32
186 75
54 120
102 69
64 191
109 180
70 106
221 44
228 224
23 35
93 241
253 188
24 196
247 181
12 190
135 205
168 185
10 32
170 147
72 126
45 141
227 21
115 86
8 136
144 41
144 207
259 66
184 31
40 2
91 254
64 3
34 258
150 223
156 172
204 83
97 187
59 208
234 74
4 47
253 149
14 56
186 210
104 135
66 100
201 216
99 226
152 193
39 225
162 140
251 53
54 43
108 38
51 242
25 97
62 139
145 112
91 203
202 52
54 247
176 42
7 245
88 232
236 76
117 127
128 74
121 112
77 115
232 256
244 231
246 239
111 246
229 220
140 155
56 166
180 89
141 252
236 197
254 21
