217 219
92 103
178 119
15 17
213 145
142 205
44 68
20 143
162 79
125 68
107 44
99 198
10 91
148 175
211 101
174 151
171 147
77 150
196 51
19 117
133 13
76 172
195 33
138 7
146 111
161 158
75 96
119 190
82 128
200 121
147 35
183 141
198 57
71 125
201 80
32 93
86 185
131 100
74 38
4 49
174 30
23 113
2 209
94 23
215 154
194 84
19 126
49 153
143 112
26 11
64 70
162 4
163 118
160 195
197 115
52 5
6 53
187 202
42 167
56 211
134 193
24 45
207 58
56 214
91 51
26 5
192 123
202 94
34 214
89 58
40 25
216 148
124 209
29 216
184 107
124 173
195 159
155 87
70 102
173 81
164 152
111 22
79 32
115 63
185 178
71 144
153 55
50 183
136 95
112 25
33 102
109 100
57 155
7 73
73 3
171 135
172 177
65 134
31 204
74 181
140 28
106 14
159 12
101 157
205 157
27 191
169 42
6 45
96 139
36 210
126 196
121 62
99 48
207 62
129 67
114 35
103 34
18 39
186 146
139 87
105 129
154 109
110 85
120 106
116 193
85 192
110 145
2 61
9 43
187 186
15 108
132 31
64 160
170 189
199 90
122 188
39 117
130 98
144 128
215 168
197 194
116 9
30 61
105 150
36 80
92 82
1 161
179 69
17 203
54 93
29 114
18 78
156 16
127 133
137 95
48 163
72 86
53 14
43 76
83 60
46 27
166 78
120 159
67 180
181 127
210 69
212 46
24 206
137 90
50 66
164 149
176 83
175 200
21 66
41 179
113 40
176 77
37 206
52 123
55 203
12 131
54 10
142 104
65 166
122 136
60 89
167 189
184 13
28 204
75 156
41 180
132 151
141 3
158 201
99 165
38 182
212 84
59 72
193 47
21 97
20 8
22 59
152 140
170 118
182 98
37 104
213 177
188 191
8 208
11 116
149 135
88 165
16 217
190 169
130 208
97 199
63 81
1 47
168 108
138 217
