1001 1500
1 43
1 971
738 739
1 402
1 268
1 200
1 301
1 761
350 351
1 303
720 721
1 283
980 981
888 889
1 167
1 587
1 272
1 385
1 336
364 365
1 880
1 234
148 149
650 651
368 369
1 388
1 680
1 222
266 267
1 439
1 355
230 231
1 862
1 119
1 977
486 487
1 825
1 753
1 866
1 163
64 65
676 677
948 949
1 179
1 512
70 71
1 370
420 421
1 847
976 977
1 296
732 733
892 893
1 300
448 449
1 900
18 19
970 971
1 419
466 467
1 725
238 239
1 699
1 946
150 151
1 215
1 494
568 569
1 351
166 167
158 159
1 26
1 715
1 50
834 835
1 468
1 831
816 817
58 59
890 891
276 277
1 363
200 201
1 721
16 17
1 267
338 339
1 577
1 438
1 139
442 443
1 676
832 833
1 441
66 67
152 153
730 731
1 551
672 673
1 849
1 841
1 269
1 126
1 100
1 21
1 984
1 346
1 36
756 757
1 386
434 435
1 540
1 773
878 879
902 903
1 359
1 261
1 165
1 8
882 883
222 223
514 515
1 387
1 327
866 867
1 948
480 481
1 542
1 456
1 12
630 631
652 653
1 94
468 469
1 252
1 333
1 961
30 31
618 619
1 990
626 627
1 60
320 321
324 325
1 652
664 665
938 939
1 32
430 431
1 429
22 23
1 617
692 693
684 685
1 952
974 975
80 81
1 930
1 570
1 544
98 99
946 947
1 981
1 666
382 383
690 691
714 715
488 489
1 916
1 428
1 594
1 664
1 972
1 433
1 630
346 347
744 745
1 714
416 417
1 408
1 548
1 515
1 310
1 823
1 788
354 355
1 459
998 999
1 42
178 179
594 595
940 941
660 661
1 932
742 743
1 34
1 917
1 173
758 759
1 295
1 143
1 543
1 762
1 888
1 193
1 695
1 446
1 894
278 279
538 539
1 956
1 437
1 954
460 461
1 634
1 799
1 348
1 432
1 489
1 655
4 5
328 329
1 521
1 848
1 465
1 1001
1 535
1 120
218 219
916 917
162 163
1 9
830 831
366 367
1 28
1 623
1 516
1 912
1 412
1 290
1 565
182 183
808 809
770 771
40 41
1 749
1 557
992 993
1 311
1 742
1 929
1 889
1 844
1 935
1 824
1 80
1 362
1 966
1 307
1 405
1 534
1 258
1 356
1 96
1 396
984 985
1 475
1 451
1 461
1 739
670 671
1 752
1 591
1 686
1 944
2 3
754 755
1 190
868 869
1 225
438 439
930 931
1 391
1 371
390 391
524 525
1 907
678 679
1 819
1 898
532 533
772 773
932 933
1 76
1 204
1 877
1 983
1 976
1 607
1 637
1 373
1 974
1 797
1 219
1 581
666 667
342 343
556 557
1 774
1 579
912 913
310 311
288 289
1 129
1 455
1 963
1 108
1 816
1 575
1 447
794 795
614 615
1 781
484 485
1 897
746 747
1 608
1 66
1 347
1 693
142 143
1 297
362 363
1 870
1 422
392 393
1 563
1 690
1 357
24 25
1 138
1 305
982 983
1 675
1 601
1 986
896 897
462 463
1 248
1 11
1 304
1 198
1 949
494 495
1 600
1 493
1 218
694 695
1 72
1 624
760 761
512 513
1 192
1 550
1 756
1 706
1 55
1 650
906 907
1 473
1 285
1 853
686 687
842 843
1 62
56 57
552 553
196 197
282 283
1 913
1 15
1 73
1 678
1 70
1 369
722 723
964 965
1 713
986 987
1 421
1 886
1 603
934 935
1 947
1 424
1 462
1 24
1 125
1 553
1 106
132 133
1 367
1 288
1 672
1 633
510 511
858 859
1 638
1 821
1 440
314 315
936 937
1 313
528 529
1 786
1 490
1 656
1 604
198 199
1 846
206 207
926 927
1 423
1 245
578 579
1 116
1 722
1 236
1 2
750 751
1 829
1 302
1 159
472 473
1 334
1 82
1 255
436 437
1 239
1 454
1 88
1 286
1 732
1 759
1 499
1 467
306 307
1 33
656 657
1 768
202 203
1 718
1 211
802 803
1 661
1 627
1 4
1 444
36 37
1 322
1 153
1 691
1 235
1 109
384 385
258 259
418 419
1 526
1 988
1 46
1 492
1 71
1 855
1 157
1 647
1 726
1 830
1 93
414 415
1 69
942 943
1 683
1 980
1 452
1 766
1 519
170 171
1 808
1 760
860 861
610 611
256 257
574 575
1 449
1 922
1 206
1 158
1 606
294 295
924 925
340 341
956 957
646 647
272 273
1 969
1 220
668 669
1 374
918 919
644 645
1 203
336 337
1 5
1 537
252 253
1 525
1 154
1 950
1 899
1 803
1 49
1 921
46 47
1 613
1 122
1 58
1 331
1 20
470 471
1 975
1 17
1 474
1 533
1 274
1 933
1 997
1 104
1 340
550 551
1 993
1 854
1 426
620 621
1 679
1 205
810 811
1 620
1 496
304 305
1 861
1 701
600 601
298 299
68 69
1 511
174 175
1 196
1 316
1 938
1 226
250 251
632 633
1 999
404 405
186 187
1 765
1 294
1 266
1 646
1 858
1 724
820 821
120 121
846 847
1 926
1 609
374 375
1 400
952 953
1 250
1 273
96 97
1 518
1 755
1 289
1 538
1 520
490 491
1 828
1 270
1 299
184 185
1 112
1 110
1 716
576 577
1 131
1 79
908 909
1 37
1 149
1 495
1 81
1 996
1 177
1 836
1 330
1 174
1 541
1 214
1 711
836 837
1 599
326 327
1 605
1 614
516 517
562 563
642 643
356 357
1 958
1 146
1 57
850 851
1 979
10 11
1 91
188 189
1 728
1 202
1 688
1 176
674 675
1 796
1 83
718 719
268 269
1 737
1 806
1 398
1 698
1 420
682 683
318 319
1 738
702 703
636 637
1 936
654 655
1 615
1 413
1 259
1 674
1 246
1 734
716 717
1 642
1 840
1 216
1 864
1 748
1 338
1 919
1 536
1 507
1 833
696 697
950 951
1 469
440 441
1 530
1 339
1 51
1 354
1 586
422 423
914 915
234 235
1 791
1 460
1 865
1 959
1 795
1 964
380 381
1 498
1 527
1 237
1 524
426 427
128 129
876 877
32 33
1 29
1 800
1 618
1 813
968 969
1 27
1 121
1 702
1 97
1 308
1 851
606 607
1 243
450 451
1 107
1 881
1 482
1 199
1 78
1 19
1 435
1 574
1 895
1 488
1 502
1 23
1 10
1 583
1 707
446 447
1 805
1 785
736 737
42 43
988 989
280 281
386 387
1 319
1 151
1 610
140 141
1 868
1 379
1 700
900 901
1 784
1 470
1 47
712 713
244 245
1 404
1 323
1 923
1 397
1 810
944 945
260 261
1 155
34 35
608 609
590 591
1 7
1 778
1 178
226 227
1 867
116 117
1 287
1 497
1 915
766 767
724 725
1 191
786 787
1 569
1 260
1 998
1 150
444 445
1 657
1 207
796 797
1 39
496 497
1 811
1 161
1 559
164 165
428 429
1 169
582 583
978 979
588 589
1 682
1 644
1 238
1 418
1 368
1 745
1 247
1 113
498 499
1 86
1 826
1 160
312 313
504 505
1 973
584 585
1 487
406 407
1 38
1 673
1 453
1 361
246 247
1 64
214 215
1 850
1 730
1 510
1 189
1 376
1 92
1 991
1 903
1 377
1 597
1 595
1 312
1 549
1 885
1 529
1 631
1 628
1 558
1 845
708 709
1 291
700 701
1 476
1 856
1 712
1 65
1 602
1 671
1 380
1 182
156 157
1 740
1 573
1 44
870 871
1 531
248 249
1 320
1 769
1 170
1 621
1 552
780 781
828 829
1 378
82 83
1 758
1 503
1 658
1 306
640 641
1 13
1 263
1 111
1 902
710 711
826 827
410 411
1 687
1 887
1 741
1 987
1 891
1 144
508 509
1 133
1 326
572 573
1 842
688 689
1 941
1 723
1 668
1 838
154 155
1 41
1 430
106 107
1 415
1 90
1 99
520 521
1 735
1 659
1 256
592 593
1 578
1 365
1 309
1 217
1 59
1 641
482 483
1 729
1 523
954 955
628 629
1 776
1 14
1 84
1 61
1 772
1 410
1 63
1 857
1 697
856 857
1 74
1 292
1 195
1 909
360 361
1 625
1 394
604 605
1 906
1 335
1 837
1 532
1 392
1 314
1 458
824 825
1 480
1 156
898 899
1 562
804 805
1 794
1 904
1 744
292 293
1 360
1 463
1 517
396 397
598 599
1 130
1 464
160 161
1 281
1 103
648 649
8 9
1 233
1 180
94 95
862 863
1 324
464 465
1 632
454 455
1 875
1 564
1 802
86 87
1 708
1 1000
1 651
1 181
752 753
1 852
1 955
1 892
1 102
1 612
1 924
1 382
1 484
1 352
232 233
580 581
1 896
1 590
1 501
1 546
1 184
296 297
394 395
818 819
1 970
212 213
1 445
308 309
1 332
1 364
872 873
1 395
1 764
962 963
60 61
112 113
1 611
1 341
1 669
1 703
1 547
612 613
554 555
806 807
372 373
1 230
1000 1001
1 843
1 689
1 183
1 873
1 780
398 399
204 205
1 450
994 995
1 585
84 85
264 265
1 818
478 479
704 705
1 123
1 105
530 531
1 293
1 645
1 882
1 321
840 841
1 407
1 571
1 282
1 448
996 997
1 751
1 486
224 225
792 793
1 807
332 333
500 501
1 328
1 767
542 543
12 13
1 554
662 663
358 359
1 622
1 257
1 505
1 584
1 414
104 105
1 224
1 124
1 649
1 381
1 164
378 379
1 985
1 315
548 549
1 431
1 406
1 782
302 303
136 137
168 169
1 648
194 195
1 87
1 994
1 910
1 483
110 111
782 783
1 822
1 918
376 377
172 173
1 694
1 213
1 75
1 783
1 127
838 839
1 539
1 147
1 770
880 881
788 789
242 243
1 839
1 472
1 280
1 982
1 242
1 366
400 401
1 254
176 177
990 991
1 325
1 134
1 528
476 477
1 30
1 775
1 342
1 135
424 425
88 89
1 940
1 210
1 709
1 22
1 284
1 35
1 318
1 567
1 115
1 118
1 172
728 729
14 15
1 945
1 890
1 67
1 52
602 603
1 943
1 879
546 547
1 436
48 49
822 823
1 789
1 479
1 208
1 128
706 707
1 425
764 765
344 345
1 914
1 53
408 409
1 934
1 704
452 453
1 68
458 459
1 337
388 389
726 727
1 835
638 639
1 513
1 593
522 523
812 813
1 344
1 175
886 887
72 73
1 457
26 27
1 466
784 785
1 253
864 865
1 48
1 662
1 187
1 757
286 287
1 580
1 478
284 285
894 895
492 493
874 875
1 409
966 967
1 45
1 643
1 953
1 31
1 860
1 212
1 137
1 298
1 545
1 832
698 699
1 931
1 221
216 217
1 485
1 817
1 349
1 227
1 920
560 561
108 109
1 514
1 491
848 849
126 127
1 790
208 209
1 705
1 653
1 901
1 372
44 45
1 771
1 504
262 263
1 588
1 965
1 140
1 878
76 77
210 211
1 727
100 101
1 228
762 763
1 329
1 477
1 390
124 125
334 335
28 29
1 98
1 962
1 442
774 775
502 503
52 53
1 278
1 522
1 271
130 131
1 241
798 799
1 746
1 957
1 506
526 527
1 145
1 403
1 908
1 804
180 181
1 619
1 148
1 779
1 869
1 85
1 136
1 863
456 457
254 255
352 353
78 79
1 733
1 229
1 209
1 561
370 371
776 777
114 115
1 720
1 692
1 500
1 635
1 876
958 959
134 135
1 89
1 345
1 660
544 545
1 560
1 939
1 197
1 677
1 141
1 264
1 989
1 276
596 597
50 51
1 114
1 188
1 750
1 399
1 893
518 519
144 145
1 166
768 769
90 91
1 596
1 568
852 853
922 923
1 884
1 710
1 389
1 576
1 859
220 221
1 636
624 625
1 874
1 719
1 827
814 815
1 240
1 401
1 555
316 317
228 229
1 185
1 937
102 103
1 777
92 93
1 194
1 927
290 291
1 77
1 509
1 696
1 443
920 921
1 820
1 812
1 928
800 801
1 582
6 7
1 754
348 349
138 139
1 411
1 665
536 537
322 323
1 249
1 416
790 791
1 162
1 168
122 123
1 471
412 413
1 942
622 623
1 685
1 639
1 383
1 186
844 845
1 792
1 353
1 967
1 670
1 736
1 556
1 598
1 231
1 18
540 541
1 911
1 393
1 654
1 809
1 277
1 317
270 271
740 741
1 626
1 417
1 995
62 63
1 40
1 251
928 929
1 814
1 763
1 960
1 684
1 279
1 244
1 801
1 968
146 147
1 275
1 3
1 427
634 635
1 265
1 925
1 201
300 301
1 787
586 587
904 905
38 39
1 171
1 117
1 978
748 749
474 475
1 681
778 779
1 572
910 911
1 375
566 567
564 565
534 535
118 119
884 885
1 663
1 793
1 142
1 223
1 743
190 191
854 855
972 973
1 871
1 481
1 798
1 95
1 992
240 241
1 872
1 905
734 735
680 681
1 640
192 193
1 101
1 747
1 834
1 16
1 592
1 434
1 350
274 275
1 883
1 6
1 815
1 717
658 659
54 55
1 132
1 25
236 237
960 961
402 403
20 21
1 262
1 951
1 56
1 343
1 566
1 232
616 617
1 629
1 508
74 75
330 331
1 589
1 358
1 616
1 152
1 384
570 571
558 559
506 507
1 731
1 54
432 433
1 667
