100 101
87 88
9 10
8 9
98 99
36 37
55 56
19 20
40 41
90 91
16 17
100 98
13 14
18 19
93 94
63 64
45 46
86 87
20 21
37 38
23 24
35 36
28 29
92 93
62 63
67 68
2 3
42 43
83 84
61 62
3 4
50 51
48 49
21 22
78 79
68 69
29 30
7 8
82 83
33 34
1 2
39 40
94 95
52 53
14 15
64 65
4 5
27 28
58 59
38 39
47 48
76 77
71 72
75 76
89 90
24 25
25 26
72 73
69 70
80 81
54 55
10 11
99 100
5 6
98 1
70 71
73 74
66 67
46 47
95 96
11 12
53 54
51 52
6 7
79 80
85 86
65 66
81 82
43 44
12 13
88 89
84 85
59 60
77 78
60 61
56 57
15 16
91 92
22 23
97 98
32 33
26 27
49 50
34 35
30 31
31 32
44 45
41 42
57 58
96 97
17 18
74 75
