10000 10001
5990 5991
289 290
7711 7712
8617 8618
3292 3293
6548 6549
7999 8000
1321 1322
432 433
8136 8137
7958 7959
6330 6331
4747 4748
9219 9220
2254 2255
2761 2762
3139 3140
7152 7153
3465 3466
1885 1886
845 846
1200 1201
1729 1730
9069 9070
1763 1764
2856 2857
8167 8168
5139 5140
2676 2677
5140 5141
4538 4539
4937 4938
5883 5884
2431 2432
9304 9305
5994 5995
7797 7798
6683 6684
1278 1279
2027 2028
5203 5204
8828 8829
1263 1264
5296 5297
8225 8226
3575 3576
1452 1453
2168 2169
190 191
6895 6896
3281 3282
4354 4355
4379 4380
3917 3918
9938 9939
565 566
832 833
8649 8650
8990 8991
9345 9346
4717 4718
1576 1577
1814 1815
6819 6820
471 472
4090 4091
744 745
8322 8323
8899 8900
4096 4097
5293 5294
1204 1205
9564 9565
4846 4847
4083 4084
8079 8080
2403 2404
5748 5749
9409 9410
4799 4800
2067 2068
5427 5428
1521 1522
4924 4925
2570 2571
7978 7979
9819 9820
3921 3922
105 106
9015 9016
6086 6087
9351 9352
4406 4407
4718 4719
6740 6741
8658 8659
9467 9468
5171 5172
6866 6867
4817 4818
58 59
1350 1351
6739 6740
7082 7083
2085 2086
7441 7442
7038 7039
43 44
9295 9296
3522 3523
2675 2676
416 417
6396 6397
8676 8677
3509 3510
9518 9519
2422 2423
3437 3438
8057 8058
3922 3923
8301 8302
3187 3188
6083 6084
4216 4217
4931 4932
7729 7730
5511 5512
5052 5053
659 660
9729 9730
5002 5003
5331 5332
6635 6636
3326 3327
356 357
7755 7756
5677 5678
4365 4366
9589 9590
9403 9404
5508 5509
6862 6863
3882 3883
2051 2052
305 306
3506 3507
3726 3727
3699 3700
1084 1085
9093 9094
4785 4786
5838 5839
2336 2337
4103 4104
5657 5658
4140 4141
8000 8001
5910 5911
8802 8803
1923 1924
264 265
3688 3689
7046 7047
9740 9741
7370 7371
3455 3456
1542 1543
3314 3315
7047 7048
2738 2739
4217 4218
8040 8041
3115 3116
3007 3008
912 913
6813 6814
5819 5820
1098 1099
1459 1460
2833 2834
4384 4385
6362 6363
7416 7417
651 652
3319 3320
6161 6162
6315 6316
1169 1170
6980 6981
391 392
9753 9754
2536 2537
493 494
1556 1557
7100 7101
9447 9448
6235 6236
9101 9102
5826 5827
2012 2013
7454 7455
3849 3850
1196 1197
642 643
7460 7461
7597 7598
3997 3998
7386 7387
8256 8257
491 492
8704 8705
1036 1037
7989 7990
6825 6826
3698 3699
3618 3619
1788 1789
1369 1370
5457 5458
236 237
5132 5133
4998 4999
6244 6245
8932 8933
8680 8681
9338 9339
2615 2616
4251 4252
2916 2917
5336 5337
4077 4078
6559 6560
9541 9542
6985 6986
2977 2978
4399 4400
6982 6983
6113 6114
4438 4439
1358 1359
1874 1875
6213 6214
6340 6341
9755 9756
6256 6257
5985 5986
5726 5727
4249 4250
2003 2004
8565 8566
2882 2883
8534 8535
882 883
270 271
6816 6817
1839 1840
4733 4734
7188 7189
2790 2791
6502 6503
7343 7344
8028 8029
3208 3209
9885 9886
6020 6021
8610 8611
2813 2814
4474 4475
3614 3615
146 147
2412 2413
94 95
5493 5494
368 369
4473 4474
5281 5282
741 742
1662 1663
472 473
7258 7259
7965 7966
7423 7424
646 647
5003 5004
4617 4618
2276 2277
7981 7982
6885 6886
2109 2110
9084 9085
7587 7588
6109 6110
9606 9607
2350 2351
6530 6531
9037 9038
6679 6680
1372 1373
7209 7210
7067 7068
7567 7568
9460 9461
4594 4595
6425 6426
1455 1456
4201 4202
128 129
1670 1671
7287 7288
7732 7733
6215 6216
8027 8028
961 962
5694 5695
6977 6978
8831 8832
4080 4081
3474 3475
8029 8030
9759 9760
5074 5075
9050 9051
6041 6042
4675 4676
2593 2594
8693 8694
4775 4776
9142 9143
117 118
4396 4397
1531 1532
8591 8592
4033 4034
1503 1504
628 629
331 332
5261 5262
3719 3720
371 372
7344 7345
7293 7294
6620 6621
9286 9287
5276 5277
3395 3396
7602 7603
9757 9758
8255 8256
3854 3855
5534 5535
6184 6185
7971 7972
8969 8970
6680 6681
6242 6243
3822 3823
7820 7821
4601 4602
4686 4687
5460 5461
1778 1779
949 950
3748 3749
9941 9942
2629 2630
140 141
3232 3233
4457 4458
9571 9572
1082 1083
122 123
9118 9119
3823 3824
7953 7954
9096 9097
7359 7360
8489 8490
7231 7232
8777 8778
1906 1907
8582 8583
2563 2564
451 452
4337 4338
971 972
756 757
1595 1596
732 733
905 906
9074 9075
5204 5205
228 229
5322 5323
1403 1404
7007 7008
636 637
1920 1921
6417 6418
7458 7459
7329 7330
8326 8327
4566 4567
9255 9256
282 283
8281 8282
5279 5280
3764 3765
8611 8612
6745 6746
3682 3683
6496 6497
8114 8115
2220 2221
4678 4679
561 562
2691 2692
4812 4813
275 276
8577 8578
8455 8456
2958 2959
5421 5422
3596 3597
9310 9311
3619 3620
9734 9735
887 888
6273 6274
7195 7196
3672 3673
4900 4901
8913 8914
6178 6179
5828 5829
2760 2761
8253 8254
5801 5802
3814 3815
1899 1900
6382 6383
3001 3002
7522 7523
56 57
5468 5469
4011 4012
3365 3366
7064 7065
7573 7574
9016 9017
795 796
7803 7804
2094 2095
1879 1880
1041 1042
7115 7116
3376 3377
3607 3608
9063 9064
8414 8415
7107 7108
9556 9557
9488 9489
4832 4833
8091 8092
9573 9574
5827 5828
2375 2376
726 727
900 901
1079 1080
716 717
5019 5020
6355 6356
627 628
8450 8451
7906 7907
1817 1818
8394 8395
6769 6770
8445 8446
3968 3969
34 35
7598 7599
7072 7073
2574 2575
4294 4295
6732 6733
3937 3938
7788 7789
8100 8101
5054 5055
9805 9806
4196 4197
4866 4867
5530 5531
2323 2324
201 202
8535 8536
1535 1536
1739 1740
1257 1258
265 266
1064 1065
7034 7035
3972 3973
5142 5143
8315 8316
1526 1527
1829 1830
1012 1013
4548 4549
3586 3587
1649 1650
8640 8641
9733 9734
9027 9028
6622 6623
9073 9074
3353 3354
4367 4368
181 182
5016 5017
4040 4041
8111 8112
5357 5358
9501 9502
1590 1591
1021 1022
9627 9628
8673 8674
6586 6587
296 297
6544 6545
2611 2612
6709 6710
2610 2611
1552 1553
7234 7235
2064 2065
4207 4208
3217 3218
1044 1045
1618 1619
4177 4178
891 892
2826 2827
8022 8023
9486 9487
4223 4224
8696 8697
3860 3861
8689 8690
4121 4122
1212 1213
1242 1243
4441 4442
129 130
4529 4530
990 991
330 331
4997 4998
4535 4536
1189 1190
8402 8403
6957 6958
4252 4253
4512 4513
4102 4103
4048 4049
439 440
9430 9431
3136 3137
4772 4773
1288 1289
5030 5031
7448 7449
8009 8010
3385 3386
4940 4941
369 370
2723 2724
231 232
5356 5357
7498 7499
9717 9718
6274 6275
6891 6892
572 573
1072 1073
7742 7743
6075 6076
7722 7723
8809 8810
6095 6096
3155 3156
9520 9521
2589 2590
6681 6682
4401 4402
9971 9972
1820 1821
2317 2318
495 496
4305 4306
1671 1672
2390 2391
9138 9139
5957 5958
8526 8527
8622 8623
6190 6191
9764 9765
928 929
7684 7685
5437 5438
1976 1977
9017 9018
9728 9729
2160 2161
8458 8459
7141 7142
5705 5706
4697 4698
9807 9808
7533 7534
489 490
8237 8238
7346 7347
1265 1266
6724 6725
9917 9918
4794 4795
6120 6121
1532 1533
435 436
8290 8291
4867 4868
8797 8798
6096 6097
6809 6810
7944 7945
7675 7676
3733 3734
2927 2928
3703 3704
5031 5032
279 280
6495 6496
3488 3489
2956 2957
5420 5421
6002 6003
2442 2443
2324 2325
314 315
6324 6325
6481 6482
2627 2628
8599 8600
9269 9270
5941 5942
4256 4257
7840 7841
3890 3891
7716 7717
8353 8354
7169 7170
658 659
9557 9558
7374 7375
7202 7203
9274 9275
1479 1480
3230 3231
5829 5830
7760 7761
438 439
7232 7233
4358 4359
5364 5365
5710 5711
5094 5095
4352 4353
7695 7696
8306 8307
7537 7538
1323 1324
2038 2039
7367 7368
4238 4239
9610 9611
7151 7152
3417 3418
869 870
8844 8845
6419 6420
6174 6175
6503 6504
2309 2310
3278 3279
5085 5086
9179 9180
4983 4984
1445 1446
4574 4575
7159 7160
8633 8634
4133 4134
4488 4489
2150 2151
4557 4558
1290 1291
3516 3517
2400 2401
6919 6920
2327 2328
1298 1299
1268 1269
730 731
4929 4930
3414 3415
1555 1556
3268 3269
6106 6107
5993 5994
9448 9449
9650 9651
4860 4861
6257 6258
9670 9671
9134 9135
9865 9866
9633 9634
754 755
7827 7828
8503 8504
2444 2445
184 185
9367 9368
5639 5640
395 396
4581 4582
2741 2742
6043 6044
4088 4089
3628 3629
7580 7581
1304 1305
390 391
2139 2140
7000 7001
9262 9263
1398 1399
7621 7622
7579 7580
465 466
5843 5844
5260 5261
6071 6072
8874 8875
383 384
3559 3560
9211 9212
4051 4052
6510 6511
3062 3063
7440 7441
751 752
3828 3829
4683 4684
2452 2453
3844 3845
745 746
4605 4606
2597 2598
873 874
3837 3838
7389 7390
6688 6689
4564 4565
906 907
8720 8721
8743 8744
963 964
6003 6004
2489 2490
4312 4313
1109 1110
4639 4640
1313 1314
9003 9004
5329 5330
8960 8961
5868 5869
3978 3979
2358 2359
7342 7343
2612 2613
1028 1029
8522 8523
1247 1248
8619 8620
5412 5413
8791 8792
5846 5847
6599 6600
3913 3914
2511 2512
155 156
9496 9497
3554 3555
4056 4057
6846 6847
1538 1539
9241 9242
5306 5307
6402 6403
191 192
5652 5653
5746 5747
828 829
4595 4596
693 694
9105 9106
5009 5010
1927 1928
1379 1380
6400 6401
1969 1970
5334 5335
2110 2111
4620 4621
3422 3423
9280 9281
2143 2144
3508 3509
3829 3830
8466 8467
9036 9037
1726 1727
4582 4583
5891 5892
4584 4585
2677 2678
3903 3904
4741 4742
7650 7651
7699 7700
6076 6077
8719 8720
3220 3221
1316 1317
1481 1482
6699 6700
4972 4973
8978 8979
9853 9854
2228 2229
4169 4170
5528 5529
1863 1864
727 728
1186 1187
7759 7760
6897 6898
9363 9364
9565 9566
789 790
8586 8587
2050 2051
210 211
6344 6345
3193 3194
9212 9213
9166 9167
194 195
713 714
4722 4723
2340 2341
4484 4485
3562 3563
111 112
5048 5049
2614 2615
8110 8111
9120 9121
5498 5499
4209 4210
5399 5400
4565 4566
21 22
420 421
82 83
7915 7916
7261 7262
2105 2106
7605 7606
5127 5128
3374 3375
116 117
6507 6508
1583 1584
4829 4830
3198 3199
4482 4483
5234 5235
6790 6791
1679 1680
5999 6000
1791 1792
988 989
492 493
9081 9082
9155 9156
1062 1063
8103 8104
5201 5202
6150 6151
1063 1064
4161 4162
6364 6365
3752 3753
6996 6997
5233 5234
9087 9088
9914 9915
6519 6520
9530 9531
7881 7882
1384 1385
4627 4628
2181 2182
6092 6093
2010 2011
6875 6876
6346 6347
461 462
295 296
7020 7021
856 857
1827 1828
2986 2987
405 406
8731 8732
7954 7955
2745 2746
1833 1834
4765 4766
6082 6083
1597 1598
238 239
5249 5250
9321 9322
4544 4545
2970 2971
1174 1175
4442 4443
6761 6762
3976 3977
87 88
2486 2487
871 872
9793 9794
73 74
2476 2477
717 718
9018 9019
6004 6005
8924 8925
9590 9591
2972 2973
9720 9721
7609 7610
2239 2240
3130 3131
5914 5915
7122 7123
7304 7305
2472 2473
6374 6375
28 29
5642 5643
1118 1119
3291 3292
9703 9704
7833 7834
246 247
1617 1618
6015 6016
5318 5319
2404 2405
4412 4413
8433 8434
1453 1454
7385 7386
9980 9981
1605 1606
1599 1600
2751 2752
9285 9286
4475 4476
8212 8213
5895 5896
9011 9012
9814 9815
7228 7229
490 491
7348 7349
9792 9793
4612 4613
2493 2494
6877 6878
5523 5524
2539 2540
705 706
578 579
6234 6235
9387 9388
6435 6436
81 82
5295 5296
3692 3693
765 766
424 425
2941 2942
7886 7887
1322 1323
8469 8470
1393 1394
5766 5767
1822 1823
4740 4741
5274 5275
6539 6540
8513 8514
4702 4703
5615 5616
4507 4508
602 603
4068 4069
6376 6377
2145 2146
1752 1753
5695 5696
3645 3646
1518 1519
5693 5694
1128 1129
1560 1561
4727 4728
8160 8161
4258 4259
7945 7946
1100 1101
1967 1968
7544 7545
8126 8127
2360 2361
5355 5356
1547 1548
7624 7625
9669 9670
374 375
2413 2414
7490 7491
6023 6024
8744 8745
4674 4675
9895 9896
1135 1136
8459 8460
9531 9532
9659 9660
8392 8393
9752 9753
8710 8711
1040 1041
1034 1035
2952 2953
2672 2673
9560 9561
7912 7913
4429 4430
4849 4850
4369 4370
6052 6053
834 835
1025 1026
5893 5894
7140 7141
7103 7104
7037 7038
5119 5120
5514 5515
213 214
5152 5153
9582 9583
7445 7446
3805 3806
9281 9282
893 894
3400 3401
4999 5000
196 197
4076 4077
3796 3797
2720 2721
6194 6195
5422 5423
2368 2369
6656 6657
2380 2381
5740 5741
1510 1511
691 692
9696 9697
7786 7787
4830 4831
5327 5328
9234 9235
2841 2842
6916 6917
4226 4227
8302 8303
3000 3001
2621 2622
4481 4482
1438 1439
5323 5324
4796 4797
6696 6697
9935 9936
2303 2304
3059 3060
3355 3356
549 550
3303 3304
4405 4406
9826 9827
8812 8813
6341 6342
4467 4468
6368 6369
4186 4187
9076 9077
3914 3915
5438 5439
4 5
2184 2185
2081 2082
4518 4519
2598 2599
5447 5448
4390 4391
9457 9458
639 640
5661 5662
3204 3205
3492 3493
8410 8411
3013 3014
5872 5873
3741 3742
8127 8128
2462 2463
3670 3671
6830 6831
1463 1464
8424 8425
5227 5228
4350 4351
3377 3378
504 505
2571 2572
2993 2994
1160 1161
7362 7363
5451 5452
5737 5738
1925 1926
8491 8492
8690 8691
1387 1388
8166 8167
7966 7967
1533 1534
1375 1376
7758 7759
5822 5823
6457 6458
8372 8373
7486 7487
2204 2205
2233 2234
4895 4896
8515 8516
5044 5045
7495 7496
3695 3696
3611 3612
9414 9415
4951 4952
6261 6262
5155 5156
2773 2774
6193 6194
4234 4235
1876 1877
1760 1761
1657 1658
6060 6061
1275 1276
553 554
4971 4972
815 816
4858 4859
6334 6335
5825 5826
8765 8766
4187 4188
4447 4448
9459 9460
9157 9158
7026 7027
7463 7464
3560 3561
7212 7213
1401 1402
47 48
8958 8959
8651 8652
4619 4620
5564 5565
3188 3189
464 465
1420 1421
1825 1826
4991 4992
3391 3392
4162 4163
924 925
8856 8857
5977 5978
3591 3592
1101 1102
3786 3787
1005 1006
2670 2671
8685 8686
9787 9788
8734 8735
8053 8054
6157 6158
4514 4515
5406 5407
2669 2670
2636 2637
6616 6617
4677 4678
3363 3364
7444 7445
9873 9874
2089 2090
2961 2962
6572 6573
5858 5859
2011 2012
6267 6268
2429 2430
4107 4108
3776 3777
1872 1873
8173 8174
1149 1150
6711 6712
3905 3906
6687 6688
6006 6007
6451 6452
5247 5248
7739 7740
5218 5219
427 428
8988 8989
205 206
6722 6723
3985 3986
4454 4455
309 310
206 207
499 500
2461 2462
7126 7127
7134 7135
5150 5151
3941 3942
9698 9699
4257 4258
7215 7216
7326 7327
3502 3503
5400 5401
7002 7003
2897 2898
4244 4245
9374 9375
5251 5252
920 921
3354 3355
9632 9633
1281 1282
2976 2977
6743 6744
4074 4075
4022 4023
9354 9355
5014 5015
1388 1389
7679 7680
9319 9320
959 960
8415 8416
7146 7147
759 760
6953 6954
9820 9821
998 999
945 946
7634 7635
4038 4039
2146 2147
4166 4167
7549 7550
5554 5555
6078 6079
2441 2442
7241 7242
7289 7290
9810 9811
6543 6544
2129 2130
975 976
852 853
4897 4898
7795 7796
7599 7600
3087 3088
4336 4337
880 881
4967 4968
2668 2669
1068 1069
1299 1300
3867 3868
849 850
6554 6555
5188 5189
2099 2100
6422 6423
9416 9417
3339 3340
1624 1625
7872 7873
1854 1855
4511 4512
6922 6923
5533 5534
644 645
5821 5822
8385 8386
2407 2408
9795 9796
4451 4452
2994 2995
999 1000
294 295
1248 1249
9561 9562
425 426
8499 8500
8272 8273
90 91
311 312
7900 7901
5487 5488
7832 7833
9290 9291
9608 9609
2028 2029
4044 4045
661 662
6933 6934
3320 3321
8587 8588
7924 7925
821 822
8094 8095
2967 2968
2001 2002
5774 5775
5078 5079
8823 8824
5411 5412
4738 4739
7561 7562
67 68
6915 6916
4144 4145
2121 2122
4085 4086
1136 1137
323 324
2792 2793
8357 8358
5935 5936
9778 9779
2237 2238
6046 6047
4749 4750
5448 5449
9806 9807
8201 8202
6467 6468
1956 1957
4784 4785
8240 8241
7661 7662
7396 7397
4310 4311
7721 7722
5970 5971
8206 8207
2009 2010
2581 2582
5319 5320
188 189
8722 8723
9502 9503
3449 3450
9115 9116
9539 9540
2886 2887
1183 1184
7761 7762
2654 2655
14 15
6797 6798
3945 3946
3627 3628
3257 3258
2642 2643
3195 3196
9487 9488
1856 1857
226 227
6342 6343
5933 5934
5061 5062
3248 3249
6675 6676
569 570
5964 5965
1613 1614
176 177
7692 7693
2601 2602
4042 4043
4351 4352
8380 8381
7357 7358
2960 2961
7962 7963
8064 8065
954 955
6276 6277
3720 3721
6097 6098
6879 6880
2365 2366
576 577
518 519
9870 9871
7368 7369
3041 3042
9791 9792
1457 1458
1877 1878
4769 4770
2559 2560
5680 5681
8982 8983
6730 6731
6311 6312
895 896
7137 7138
3633 3634
8351 8352
2211 2212
6278 6279
4602 4603
1808 1809
2650 2651
7825 7826
679 680
3673 3674
6280 6281
5901 5902
4916 4917
2230 2231
5912 5913
555 556
6918 6919
7916 7917
9904 9905
8340 8341
843 844
9984 9985
564 565
4298 4299
7136 7137
7708 7709
6412 6413
8037 8038
4273 4274
8878 8879
6474 6475
9552 9553
9781 9782
4764 4765
1484 1485
2762 2763
2264 2265
5129 5130
3780 3781
3635 3636
3261 3262
5005 5006
8101 8102
3071 3072
4395 4396
9165 9166
2971 2972
5454 5455
3322 3323
8558 8559
7867 7868
1777 1778
8395 8396
8081 8082
2613 2614
9043 9044
4037 4038
9934 9935
3542 3543
7975 7976
1648 1649
8504 8505
5305 5306
2388 2389
9104 9105
1435 1436
7521 7522
2685 2686
4281 4282
3948 3949
9968 9969
9546 9547
8001 8002
4789 4790
3991 3992
1780 1781
1528 1529
7930 7931
6298 6299
8849 8850
230 231
8959 8960
516 517
1704 1705
6780 6781
5509 5510
5837 5838
2517 2518
8296 8297
9329 9330
4552 4553
4054 4055
2595 2596
9882 9883
1432 1433
5706 5707
4104 4105
2411 2412
7990 7991
4700 4701
718 719
348 349
8156 8157
13 14
5975 5976
3895 3896
7302 7303
6731 6732
5755 5756
1232 1233
7527 7528
3713 3714
7474 7475
4001 4002
8457 8458
7235 7236
4414 4415
5940 5941
3530 3531
7240 7241
3033 3034
1983 1984
4164 4165
5285 5286
3622 3623
3732 3733
7363 7364
7921 7922
5008 5009
5172 5173
9916 9917
2198 2199
3543 3544
5708 5709
3518 3519
649 650
5816 5817
1002 1003
3351 3352
4449 4450
2848 2849
1276 1277
1317 1318
9066 9067
701 702
1030 1031
1222 1223
9411 9412
3122 3123
7659 7660
7269 7270
4945 4946
9542 9543
1343 1344
1637 1638
2740 2741
8891 8892
9559 9560
5762 5763
737 738
7763 7764
1483 1484
2187 2188
9923 9924
5946 5947
9705 9706
2065 2066
470 471
3150 3151
9687 9688
5608 5609
473 474
4174 4175
5698 5699
6633 6634
8180 8181
5602 5603
6358 6359
2984 2985
2255 2256
1725 1726
1845 1846
484 485
1585 1586
8143 8144
4199 4200
6772 6773
7133 7134
9960 9961
9993 9994
8618 8619
2014 2015
1676 1677
2903 2904
3244 3245
1333 1334
3206 3207
9673 9674
3142 3143
6444 6445
8093 8094
9742 9743
1959 1960
7224 7225
3102 3103
354 355
222 223
7600 7601
8845 8846
678 679
7049 7050
5066 5067
5130 5131
4806 4807
2417 2418
1027 1028
2909 2910
9312 9313
1489 1490
8278 8279
1930 1931
8149 8150
4212 4213
135 136
1594 1595
4515 4516
7558 7559
6634 6635
4324 4325
2551 2552
7591 7592
4763 4764
2374 2375
2101 2102
3528 3529
9598 9599
9224 9225
6140 6141
9168 9169
2622 2623
7189 7190
3484 3485
3964 3965
9194 9195
6306 6307
4497 4498
7076 7077
3337 3338
8764 8765
3235 3236
6132 6133
6001 6002
6974 6975
6282 6283
3662 3663
8072 8073
6198 6199
6239 6240
1965 1966
9746 9747
5328 5329
4975 4976
6854 6855
5308 5309
7903 7904
9475 9476
5013 5014
9113 9114
8632 8633
6609 6610
2695 2696
5928 5929
2910 2911
4426 4427
7983 7984
579 580
3794 3795
8888 8889
1178 1179
3263 3264
5470 5471
7957 7958
5983 5984
3233 3234
5700 5701
2999 3000
2666 2667
3777 3778
7358 7359
2538 2539
6962 6963
4943 4944
3324 3325
2787 2788
6930 6931
9579 9580
4383 4384
3711 3712
9952 9953
5613 5614
5298 5299
3152 3153
3935 3936
6033 6034
7142 7143
322 323
5840 5841
2756 2757
5618 5619
3931 3932
6032 6033
138 139
6 7
1111 1112
6786 6787
7785 7786
4286 4287
9908 9909
5963 5964
1858 1859
6019 6020
3167 3168
8467 8468
248 249
3177 3178
8097 8098
5392 5393
9922 9923
698 699
9779 9780
6564 6565
2074 2075
266 267
9558 9559
3773 3774
8047 8048
1096 1097
2118 2119
9167 9168
1977 1978
2782 2783
9581 9582
3654 3655
2463 2464
2159 2160
4006 4007
1883 1884
5480 5481
3691 3692
2711 2712
9341 9342
1008 1009
9292 9293
6288 6289
3110 3111
9141 9142
2178 2179
4833 4834
1443 1444
1373 1374
8460 8461
1958 1959
5337 5338
5096 5097
6522 6523
3436 3437
6300 6301
8724 8725
8031 8032
4291 4292
7494 7495
9242 9243
6703 6704
5083 5084
8437 8438
7952 7953
1683 1684
9721 9722
430 431
7434 7435
7574 7575
1093 1094
6661 6662
3060 3061
5443 5444
8712 8713
2543 2544
4825 4826
3753 3754
479 480
1602 1603
9891 9892
9651 9652
4949 4950
5028 5029
3350 3351
6059 6060
1629 1630
7564 7565
7855 7856
7085 7086
6990 6991
3687 3688
7860 7861
1933 1934
423 424
6126 6127
5641 5642
2247 2248
9644 9645
7836 7837
4736 4737
4965 4966
4010 4011
9906 9907
9342 9343
2448 2449
7940 7941
4176 4177
826 827
9214 9215
1125 1126
7987 7988
3769 3770
696 697
1158 1159
7040 7041
2585 2586
3467 3468
8393 8394
3050 3051
6101 6102
942 943
7541 7542
7885 7886
5870 5871
6243 6244
9646 9647
6459 6460
7937 7938
2917 2918
7496 7497
7808 7809
2034 2035
9232 9233
836 837
8232 8233
9469 9470
3270 3271
2362 2363
2391 2392
157 158
4661 4662
1530 1531
7514 7515
22 23
8583 8584
8115 8116
8465 8466
3388 3389
5773 5774
5656 5657
8032 8033
4254 4255
4129 4130
656 657
8877 8878
4125 4126
3438 3439
4019 4020
4550 4551
8517 8518
244 245
3038 3039
1255 1256
6619 6620
7352 7353
7799 7800
3983 3984
1124 1125
9617 9618
88 89
7471 7472
1035 1036
7320 7321
5278 5279
4053 4054
5292 5293
4055 4056
8909 8910
9083 9084
3386 3387
7941 7942
3505 3506
7992 7993
1546 1547
301 302
4658 4659
24 25
5291 5292
8470 8471
2996 2997
102 103
3535 3536
5958 5959
4062 4063
171 172
1460 1461
9398 9399
9957 9958
95 96
5335 5336
9154 9155
1075 1076
8760 8761
9193 9194
8683 8684
677 678
2810 2811
592 593
9335 9336
6468 6469
9151 9152
4663 4664
4341 4342
4159 4160
2497 2498
8204 8205
1191 1192
5634 5635
5111 5112
5686 5687
6411 6412
1202 1203
2096 2097
2573 2574
1279 1280
1582 1583
3421 3422
2913 2914
1806 1807
5954 5955
2765 2766
5277 5278
7631 7632
3347 3348
3 4
3514 3515
1148 1149
3743 3744
7324 7325
6285 6286
551 552
5765 5766
2095 2096
3709 3710
621 622
7084 7085
6820 6821
2746 2747
452 453
8018 8019
5974 5975
8190 8191
5589 5590
2556 2557
7487 7488
7907 7908
3697 3698
6216 6217
5610 5611
8778 8779
8636 8637
7400 7401
9577 9578
2125 2126
4356 4357
281 282
7106 7107
8112 8113
2990 2991
9685 9686
7752 7753
3108 3109
1921 1922
2606 2607
358 359
9662 9663
1818 1819
5536 5537
2304 2305
5654 5655
4018 4019
48 49
960 961
3525 3526
5089 5090
5673 5674
5915 5916
6055 6056
414 415
9005 9006
711 712
5401 5402
7847 7848
3536 3537
7341 7342
9401 9402
63 64
3260 3261
692 693
3955 3956
1454 1455
9821 9822
9276 9277
6771 6772
2222 2223
2482 2483
9061 9062
9995 9996
6195 6196
2361 2362
7648 7649
1250 1251
6325 6326
2073 2074
8276 8277
3990 3991
7428 7429
5567 5568
4556 4557
1898 1899
1748 1749
4064 4065
8657 8658
5194 5195
972 973
9818 9819
2030 2031
8788 8789
9966 9967
3956 3957
2665 2666
4418 4419
6902 6903
709 710
4510 4511
6802 6803
7849 7850
3341 3342
3201 3202
6305 6306
1996 1997
9443 9444
3091 3092
3224 3225
4137 4138
8288 8289
4519 4520
7823 7824
5065 5066
8375 8376
9311 9312
3739 3740
6289 6290
7710 7711
5294 5295
6725 6726
9545 9546
9955 9956
1331 1332
1269 1270
4569 4570
6264 6265
1011 1012
637 638
5025 5026
1810 1811
9945 9946
7870 7871
9245 9246
2425 2426
2763 2764
4469 4470
5208 5209
4050 4051
8254 8255
4275 4276
5442 5443
9851 9852
914 915
8245 8246
5424 5425
6372 6373
7042 7043
6056 6057
6944 6945
4570 4571
7360 7361
8701 8702
4992 4993
2455 2456
6277 6278
1073 1074
6935 6936
5922 5923
9594 9595
5874 5875
9987 9988
2832 2833
6118 6119
6717 6718
7576 7577
2887 2888
4842 4843
2569 2570
4636 4637
4034 4035
7995 7996
5290 5291
3715 3716
4632 4633
522 523
7724 7725
1055 1056
5681 5682
6107 6108
3069 3070
3044 3045
9088 9089
9004 9005
4321 4322
2608 2609
782 783
154 155
4394 4395
2564 2565
7818 7819
4016 4017
9020 9021
2180 2181
8942 8943
3003 3004
1175 1176
5699 5700
734 735
9146 9147
2840 2841
4308 4309
2400 7400
413 414
2799 2800
8155 8156
4821 4822
3031 3032
1991 1992
2557 2558
973 974
3446 3447
2560 2561
6991 6992
6469 6470
4329 4330
4433 4434
4922 4923
2846 2847
853 854
5553 5554
4477 4478
2937 2938
950 951
9052 9053
4279 4280
3669 3670
749 750
4326 4327
2671 2672
8527 8528
9012 9013
8401 8402
7678 7679
7378 7379
3164 3165
209 210
1328 1329
5097 5098
8943 8944
1955 1956
8706 8707
98 99
6869 6870
4142 4143
8694 8695
7842 7843
9999 10000
6590 6591
7176 7177
6326 6327
4853 4854
4398 4399
7483 7484
5415 5416
5079 5080
6186 6187
9097 9098
5696 5697
3126 3127
8422 8423
4792 4793
2386 2387
9291 9292
8782 8783
8195 8196
7725 7726
6832 6833
2122 2123
6720 6721
3082 3083
8832 8833
1094 1095
1252 1253
189 190
6378 6379
8168 8169
1548 1549
4301 4302
7410 7411
267 268
5446 5447
4013 4014
2406 2407
5543 5544
6470 6471
9894 9895
8017 8018
2036 2037
8508 8509
1897 1898
6380 6381
9489 9490
5718 5719
2855 2856
2759 2760
5951 5952
1557 1558
6535 6536
5154 5155
6706 6707
2059 2060
9314 9315
7582 7583
3724 3725
6393 6394
735 736
923 924
3731 3732
2962 2963
8161 8162
8191 8192
7256 7257
2002 2003
5280 5281
6628 6629
2651 2652
5320 5321
9607 9608
2278 2279
3088 3089
7689 7690
5926 5927
1769 1770
9869 9870
8282 8283
2491 2492
5228 5229
5258 5259
8158 8159
505 506
5525 5526
1710 1711
640 641
3987 3988
3606 3607
2057 2058
5144 5145
2191 2192
3387 3388
6737 6738
2624 2625
5897 5898
3977 3978
6796 6797
2173 2174
1765 1766
3004 3005
622 623
9643 9644
1058 1059
9576 9577
79 80
3750 3751
2175 2176
55 56
8344 8345
5403 5404
406 407
7074 7075
7424 7425
7775 7776
2844 2845
2529 2530
9392 9393
9421 9422
9323 9324
8159 8160
3411 3412
609 610
9197 9198
4820 4821
3872 3873
6352 6353
2070 2071
84 85
5215 5216
827 828
4173 4174
1889 1890
7220 7221
9780 9781
5361 5362
68 69
9480 9481
2837 2838
581 582
123 124
1659 1660
3215 3216
4316 4317
1740 1741
6934 6935
5751 5752
794 795
9047 9048
4710 4711
1890 1891
9235 9236
7213 7214
6176 6177
485 486
6630 6631
5353 5354
3636 3637
3549 3550
3053 3054
2537 2538
8852 8853
5128 5129
5221 5222
4631 4632
1026 1027
1348 1349
2753 2754
3252 3253
1110 1111
7887 7888
3185 3186
4198 4199
9845 9846
6896 6897
4128 4129
345 346
9553 9554
7138 7139
8672 8673
5173 5174
870 871
1998 1999
9503 9504
2936 2937
6987 6988
3300 3301
96 97
1893 1894
9756 9757
5747 5748
229 230
5902 5903
2583 2584
8750 8751
9958 9959
7298 7299
1107 1108
4851 4852
7162 7163
7024 7025
1235 1236
4171 4172
4630 4631
8189 8190
5969 5970
2199 2200
106 107
7794 7795
3845 3846
1609 1610
9513 9514
867 868
3418 3419
4659 4660
3441 3442
9585 9586
7843 7844
4606 4607
697 698
3513 3514
5259 5260
1632 1633
1631 1632
4089 4090
6735 6736
2722 2723
3745 3746
7655 7656
6441 6442
9580 9581
4964 4965
1722 1723
2068 2069
9355 9356
9265 9266
3202 3203
8172 8173
6754 6755
2806 2807
5121 5122
3020 3021
6905 6906
3457 3458
8038 8039
4353 4354
8830 8831
2270 2271
7331 7332
9950 9951
349 350
7182 7183
7734 7735
9453 9454
5490 5491
3310 3311
6189 6190
9243 9244
8122 8123
5683 5684
1884 1885
1089 1090
4026 4027
3984 3985
9148 9149
9199 9200
3285 3286
1936 1937
1961 1962
5106 5107
6493 6494
1963 1964
7546 7547
9437 9438
4072 4073
5551 5552
3097 3098
9064 9065
4185 4186
2348 2349
6114 6115
6359 6360
1371 1372
6939 6940
8737 8738
5728 5729
8948 8949
186 187
1677 1678
6783 6784
6532 6533
6848 6849
9368 9369
3344 3345
4885 4886
6756 6757
2224 2225
3634 3635
1932 1933
9722 9723
357 358
2225 2226
2078 2079
4543 4544
4816 4817
8968 8969
6475 6476
4837 4838
4873 4874
2319 2320
8132 8133
9415 9416
410 411
5927 5928
2553 2554
6592 6593
3169 3170
5240 5241
7197 7198
5875 5876
3557 3558
8308 8309
2817 2818
669 670
872 873
8869 8870
761 762
3106 3107
3873 3874
1865 1866
6505 6506
7059 7060
5080 5081
5461 5462
3979 3980
1078 1079
5315 5316
1476 1477
7779 7780
4506 4507
3146 3147
6343 6344
9925 9926
5255 5256
7756 7757
2495 2496
5713 5714
2149 2150
6170 6171
3504 3505
7443 7444
1154 1155
2385 2386
130 131
1892 1893
3916 3917
5313 5314
9370 9371
5724 5725
3775 3776
4611 4612
5873 5874
5053 5054
854 855
1431 1432
3267 3268
6932 6933
7640 7641
9228 9229
2965 2966
1554 1555
5418 5419
3604 3605
8650 8651
3283 3284
570 571
8819 8820
8461 8462
6463 6464
6716 6717
6465 6466
9588 9589
2524 2525
2023 2024
5202 5203
724 725
9389 9390
3774 3775
630 631
7411 7412
8717 8718
1635 1636
7506 7507
3757 3758
5380 5381
6834 6835
3613 3614
3393 3394
5852 5853
9529 9530
4754 4755
8109 8110
8182 8183
810 811
392 393
979 980
9337 9338
2176 2177
4751 4752
8317 8318
3295 3296
9547 9548
2724 2725
2409 2410
1568 1569
500 501
7565 7566
2154 2155
8880 8881
8579 8580
4800 4801
6693 6694
2793 2794
750 751
103 104
5398 5399
7104 7105
2501 2502
2197 2198
110 111
2148 2149
6652 6653
1960 1961
7824 7825
5169 5170
7780 7781
8076 8077
7132 7133
8595 8596
3042 3043
6464 6465
8048 8049
9102 9103
7429 7430
3661 3662
4755 4756
5125 5126
6881 6882
2039 2040
8981 8982
4724 4725
778 779
3638 3639
9877 9878
2706 2707
9936 9937
6553 6554
3023 3024
1205 1206
9956 9957
3871 3872
883 884
3988 3989
4393 4394
7465 7466
4417 4418
838 839
8584 8585
4382 4383
3402 3403
8951 8952
1097 1098
595 596
2182 2183
4668 4669
3943 3944
4600 4601
6847 6848
8324 8325
5938 5939
4093 4094
6450 6451
3789 3790
8010 8011
8732 8733
2681 2682
3171 3172
5317 5318
1701 1702
9996 9997
1866 1867
2935 2936
2015 2016
429 430
2912 2913
8875 8876
9654 9655
1337 1338
752 753
5056 5057
3105 3106
8113 8114
9062 9063
3327 3328
192 193
917 918
7913 7914
8564 8565
1606 1607
2060 2061
2266 2267
7196 7197
9024 9025
4067 4068
2202 2203
3410 3411
1061 1062
9322 9323
5177 5178
951 952
8725 8726
7263 7264
6682 6683
9871 9872
459 460
7043 7044
1870 1871
514 515
118 119
4306 4307
8249 8250
5637 5638
8629 8630
8498 8499
814 815
2047 2048
1859 1860
7666 7667
4082 4083
617 618
4744 4745
9754 9755
5137 5138
2534 2535
3415 3416
2069 2070
1668 1669
1905 1906
7873 7874
6988 6989
3408 3409
5153 5154
587 588
4870 4871
7787 7788
6873 6874
1942 1943
7041 7042
1308 1309
6867 6868
7577 7578
7233 7234
4066 4067
5035 5036
8471 8472
9090 9091
3668 3669
3064 3065
3942 3943
2086 2087
1427 1428
7852 7853
8762 8763
9569 9570
4890 4891
1113 1114
6428 6429
7051 7052
4815 4816
7035 7036
9927 9928
6228 6229
8494 8495
3548 3549
1352 1353
8885 8886
8077 8078
1370 1371
3362 3363
148 149
1846 1847
37 38
9182 9183
5238 5239
7712 7713
9184 9185
8994 8995
7929 7930
5433 5434
7526 7527
8105 8106
4777 4778
2659 2660
563 564
5301 5302
1029 1030
1790 1791
1150 1151
2287 2288
2902 2903
5925 5926
1678 1679
2637 2638
8718 8719
6312 6313
7686 7687
396 397
9954 9955
80 81
477 478
7654 7655
2658 2659
163 164
5253 5254
1161 1162
7168 7169
3334 3335
7702 7703
1545 1546
225 226
5075 5076
5471 5472
469 470
2032 2033
4421 4422
1667 1668
4626 4627
5738 5739
7211 7212
3114 3115
5217 5218
1467 1468
3705 3706
1144 1145
8020 8021
2242 2243
546 547
7532 7533
4391 4392
2555 2556
7588 7589
6906 6907
4359 4360
2128 2129
8074 8075
8164 8165
908 909
7219 7220
2253 2254
1461 1462
3680 3681
329 330
3371 3372
8085 8086
7764 7765
5758 5759
8472 8473
4558 4559
8687 8688
598 599
5802 5803
2785 2786
6593 6594
4647 4648
6054 6055
5224 5225
1342 1343
610 611
5794 5795
8505 8506
280 281
4757 4758
5350 5351
926 927
6874 6875
6391 6392
6883 6884
6529 6530
494 495
2891 2892
258 259
4501 4502
5378 5379
3656 3657
4099 4100
5573 5574
6012 6013
6030 6031
7271 7272
9498 9499
9898 9899
8912 8913
6146 6147
1374 1375
7791 7792
3599 3600
5930 5931
8792 8793
7741 7742
3079 3080
8604 8605
2867 2868
4706 4707
5988 5989
5672 5673
9745 9746
7645 7646
6788 6789
8146 8147
5813 5814
1588 1589
2836 2837
804 805
3918 3919
8730 8731
3926 3927
6655 6656
5535 5536
3584 3585
2567 2568
7181 7182
9965 9966
554 555
7369 7370
2408 2409
4938 4939
2215 2216
6407 6408
2316 2317
2194 2195
5010 5011
1472 1473
4942 4943
7154 7155
8955 8956
7296 7297
1764 1765
6552 6553
671 672
1975 1976
4160 4161
2293 2294
2433 2434
4472 4473
927 928
9789 9790
7295 7296
2644 2645
243 244
2249 2250
1587 1588
7542 7543
6173 6174
6247 6248
367 368
6578 6579
8562 8563
5359 5360
8594 8595
4948 4949
9230 9231
583 584
5880 5881
3048 3049
2857 2858
9284 9285
9674 9675
4970 4971
381 382
408 409
3884 3885
5385 5386
7467 7468
653 654
7336 7337
250 251
681 682
8999 9000
4158 4159
3447 3448
234 235
3677 3678
7505 7506
3820 3821
5759 5760
5015 5016
3659 3660
9804 9805
2029 2030
4523 4524
6291 6292
8662 8663
8728 8729
5547 5548
848 849
9900 9901
6649 6650
403 404
1762 1763
3531 3532
7481 7482
195 196
1598 1599
3893 3894
3675 3676
3212 3213
5210 5211
9562 9563
5263 5264
4882 4883
4814 4815
5051 5052
5646 5647
3495 3496
3458 3459
7691 7692
9385 9386
3100 3101
1001 1002
6416 6417
6144 6145
8365 8366
3858 3859
9816 9817
8755 8756
9794 9795
7979 7980
558 559
4069 4070
4532 4533
6734 6735
8551 8552
2512 2513
2619 2620
4688 4689
8540 8541
981 982
2890 2891
6550 6551
4871 4872
1559 1560
3234 3235
715 716
1573 1574
3189 3190
6347 6348
6371 6372
3280 3281
1014 1015
8279 8280
1529 1530
4699 4700
1828 1829
3565 3566
7226 7227
9799 9800
8193 8194
1390 1391
462 463
4139 4140
9163 9164
3335 3336
6025 6026
3920 3921
2492 2493
7536 7537
6458 6459
746 747
8165 8166
7673 7674
1900 1901
1499 1500
327 328
5070 5071
1819 1820
7861 7862
1504 1505
1306 1307
9422 9423
6959 6960
7878 7879
1344 1345
8971 8972
8396 8397
3630 3631
6087 6088
2798 2799
4613 4614
1409 1410
3228 3229
9379 9380
9676 9677
3810 3811
2727 2728
3019 3020
7406 7407
2414 2415
9872 9873
4017 4018
9350 9351
9282 9283
1747 1748
8920 8921
2514 2515
4746 4747
161 162
6576 6577
5670 5671
8703 8704
6508 6509
5518 5519
1766 1767
2794 2795
3472 3473
8270 8271
4531 4532
8075 8076
8670 8671
5633 5634
5024 5025
1944 1945
9711 9712
8199 8200
5135 5136
6984 6985
6673 6674
3075 3076
1558 1559
7091 7092
7403 7404
9526 9527
6480 6481
916 917
8585 8586
2928 2929
7556 7557
9731 9732
7116 7117
6549 6550
7005 7006
9210 9211
2136 2137
8384 8385
4953 4954
9533 9534
5600 5601
7075 7076
1408 1409
6009 6010
8868 8869
2505 2506
7669 7670
3197 3198
496 497
9045 9046
2333 2334
9693 9694
4435 4436
7155 7156
6111 6112
6774 6775
8441 8442
6787 6788
1147 1148
4415 4416
9419 9420
9007 9008
6260 6261
1184 1185
4712 4713
5067 5068
5892 5893
4499 4500
1314 1315
805 806
6139 6140
8615 8616
6597 6598
3014 3015
7083 7084
3040 3041
933 934
5050 5051
2901 2902
1674 1675
203 204
8291 8292
7554 7555
7323 7324
4708 4709
6654 6655
5126 5127
6811 6812
1737 1738
158 159
4756 4757
7701 7702
9638 9639
1287 1288
2007 2008
3538 3539
4665 4666
2013 2014
6970 6971
2908 2909
7175 7176
8926 8927
7895 7896
855 856
8397 8398
3881 3882
8141 8142
4182 4183
6760 6761
9896 9897
6074 6075
6748 6749
8634 8635
6499 6500
1946 1947
3491 3492
5631 5632
9082 9083
4850 4851
3124 3125
5159 5160
6886 6887
797 798
9624 9625
1237 1238
9856 9857
6951 6952
3851 3852
7097 7098
3894 3895
5648 5649
1831 1832
5576 5577
298 299
268 269
4946 4947
9497 9498
3582 3583
7806 7807
2814 2815
4547 4548
3532 3533
8590 8591
534 535
6182 6183
2513 2514
3577 3578
4898 4899
6112 6113
6632 6633
8626 8627
922 923
9645 9646
3070 3071
7766 7767
8563 8564
9969 9970
1682 1683
7069 7070
3240 3241
5503 5504
3588 3589
2652 2653
6403 6404
3156 3157
1486 1487
4419 4420
7388 7389
1837 1838
351 352
4228 4229
6307 6308
980 981
2983 2984
1300 1301
8859 8860
9244 9245
1836 1837
3650 3651
5998 5999
9484 9485
4823 4824
2565 2566
8034 8035
2656 2657
3450 3451
9867 9868
6992 6993
3951 3952
1213 1214
134 135
5649 5650
5849 5850
7547 7548
324 325
3478 3479
8295 8296
8169 8170
3356 3357
3085 3086
8099 8100
2296 2297
9431 9432
1570 1571
9183 9184
239 240
6072 6073
75 76
3256 3257
3287 3288
8669 8670
5390 5391
372 373
5679 5680
8524 8525
124 125
4203 4204
4494 4495
120 121
3483 3484
3481 3482
5924 5925
2342 2343
7856 7857
1060 1061
7831 7832
6351 6352
2934 2935
5745 5746
5118 5119
4524 4525
3061 3062
299 300
3880 3881
8186 8187
4155 4156
2923 2924
5621 5622
7562 7563
580 581
6812 6813
3975 3976
2299 2300
6605 6606
4502 4503
7273 7274
8488 8489
5659 5660
4587 4588
9663 9664
6954 6955
5375 5376
9949 9950
6047 6048
8134 8135
5179 5180
910 911
9449 9450
3747 3748
5563 5564
6558 6559
1355 1356
4222 4223
3857 3858
835 836
1702 1703
3161 3162
5577 5578
4567 4568
9790 9791
699 700
7422 7423
6972 6973
6265 6266
1223 1224
4491 4492
9404 9405
1164 1165
8476 8477
2018 2019
3251 3252
3066 3067
3430 3431
742 743
7943 7944
6764 6765
702 703
3708 3709
300 301
736 737
46 47
5900 5901
8879 8880
9455 9456
8036 8037
1211 1212
9164 9165
333 334
8230 8231
4935 4936
2318 2319
5607 5608
1855 1856
6778 6779
8089 8090
1022 1023
9033 9034
2126 2127
8759 8760
3519 3520
9555 9556
8430 8431
7186 7187
6005 6006
1755 1756
8061 8062
9435 9436
4163 4164
638 639
6053 6054
1544 1545
8727 8728
3706 3707
7504 7505
608 609
3378 3379
7918 7919
3966 3967
4012 4013
8529 8530
1534 1535
3598 3599
3329 3330
2291 2292
7575 7576
1550 1551
9629 9630
6557 6558
1488 1489
4933 4934
5663 5664
4745 4746
2987 2988
9783 9784
9162 9163
731 732
1857 1858
7099 7100
3448 3449
6998 6999
9273 9274
4513 4514
4118 4119
386 387
2329 2330
4801 4802
5783 5784
4486 4487
3793 3794
9951 9952
9391 9392
694 695
2515 2516
8123 8124
8330 8331
5242 5243
9994 9995
7030 7031
2080 2081
689 690
5103 5104
7488 7489
3812 3813
6067 6068
5844 5845
197 198
5866 5867
6136 6137
568 569
7690 7691
6331 6332
2547 2548
4692 4693
5156 5157
662 663
9671 9672
8721 8722
9675 9676
7161 7162
5565 5566
2582 2583
2393 2394
1775 1776
859 860
220 221
9887 9888
4262 4263
899 900
8148 8149
252 253
4987 4988
3470 3471
5955 5956
9395 9396
6526 6527
4715 4716
2259 2260
9396 9397
1868 1869
5416 5417
9059 9060
8078 8079
4899 4900
7893 7894
4880 4881
7548 7549
5966 5967
1353 1354
8431 8432
953 954
7184 7185
8341 8342
4115 4116
1758 1759
9909 9910
8137 8138
6575 6576
6642 6643
9601 9602
4622 4623
9911 9912
8067 8068
5776 5777
9206 9207
5450 5451
1841 1842
5953 5954
1513 1514
6849 6850
1493 1494
4480 4481
7637 7638
1700 1701
7098 7099
4957 4958
9272 9273
6911 6912
7048 7049
8241 8242
2527 2528
4245 4246
1909 1910
32 33
5115 5116
3550 3551
6383 6384
4132 4133
5878 5879
1880 1881
5888 5889
5761 5762
9574 9575
1926 1927
8839 8840
2229 2230
4460 4461
606 607
4439 4440
1294 1295
5158 5159
9249 9250
7920 7921
8688 8689
93 94
6670 6671
65 66
2084 2085
198 199
9116 9117
347 348
2326 2327
4926 4927
896 897
9704 9705
3758 3759
5162 5163
2432 2433
5131 5132
9854 9855
1994 1995
3850 3851
2248 2249
4841 4842
6708 6709
5716 5717
5167 5168
6399 6400
5022 5023
1919 1920
1838 1839
7829 7830
7926 7927
1940 1941
4047 4048
9423 9424
841 842
3348 3349
5655 5656
1448 1449
2988 2989
3077 3078
5117 5118
2297 2298
3781 3782
153 154
4651 4652
7414 7415
6322 6323
6045 6046
2894 2895
8790 8791
3162 3163
683 684
6026 6027
8536 8537
5862 5863
2827 2828
4980 4981
7317 7318
8530 8531
6723 6724
3754 3755
760 761
5230 5231
3512 3513
1407 1408
8761 8762
9858 9859
2852 2853
1641 1642
8448 8449
509 510
3734 3735
2062 2063
3649 3650
4274 4275
5630 5631
9054 9055
3413 3414
2480 2481
909 910
5455 5456
6104 6105
3340 3341
4572 4573
611 612
3299 3300
4650 4651
9837 9838
574 575
7563 7564
5492 5493
1423 1424
6829 6830
380 381
3249 3250
2863 2864
5929 5930
3010 3011
5020 5021
3428 3429
2588 2589
1974 1975
9254 9255
8323 8324
4036 4037
2308 2309
9832 9833
6890 6891
7432 7433
3017 3018
3306 3307
7288 7289
2609 2610
7959 7960
1928 1929
9628 9629
8251 8252
6348 6349
6647 6648
2742 2743
6029 6030
9701 9702
8266 8267
6551 6552
6908 6909
3973 3974
8779 8780
8041 8042
2044 2045
4444 4445
8262 8263
2395 2396
3222 3223
8707 8708
5107 5108
6159 6160
8692 8693
3149 3150
2171 2172
4667 4668
6573 6574
808 809
6250 6251
5237 5238
5045 5046
5430 5431
7663 7664
6936 6937
9707 9708
7513 7514
6145 6146
8655 8656
2919 2920
2138 2139
4194 4195
4563 4564
7723 7724
8383 8384
567 568
2991 2992
5527 5528
9568 9569
1380 1381
6439 6440
6164 6165
4509 4510
3154 3155
8631 8632
3838 3839
2484 2485
2895 2896
7586 7587
4195 4196
5384 5385
5467 5468
8851 8852
173 174
5186 5187
3996 3997
3660 3661
1003 1004
9758 9759
8936 8937
7325 7326
1138 1139
1501 1502
5603 5604
9153 9154
1794 1795
9100 9101
8970 8971
9540 9541
3311 3312
2481 2482
8096 8097
7681 7682
7864 7865
497 498
8138 8139
3412 3413
647 648
645 646
1562 1563
1156 1157
3567 3568
5784 5785
2207 2208
4828 4829
5731 5732
4968 4969
4410 4411
2301 2302
886 887
2818 2819
274 275
5006 5007
1696 1697
7149 7150
385 386
2410 2411
8095 8096
375 376
8597 8598
2134 2135
8601 8602
9288 9289
8967 8968
9349 9350
2892 2893
8614 8615
4404 4405
9473 9474
7707 7708
2290 2291
8980 8981
4265 4266
1938 1939
9683 9684
9833 9834
6923 6924
6826 6827
3552 3553
3529 3530
1639 1640
6102 6103
6943 6944
6899 6900
7167 7168
467 468
6089 6090
9641 9642
720 721
3086 3087
2158 2159
8905 8906
5273 5274
1385 1386
7229 7230
7230 7231
6292 6293
3138 3139
3401 3402
3830 3831
6385 6386
2885 2886
33 34
7596 7597
5241 5242
272 273
7066 7067
334 335
2860 2861
2587 2588
1539 1540
303 304
9637 9638
1802 1803
1378 1379
9554 9555
5879 5880
1249 1250
6718 6719
8418 8419
8962 8963
5347 5348
2985 2986
9534 9535
4854 4855
1738 1739
2083 2084
9372 9373
9428 9429
5513 5514
6129 6130
1266 1267
1816 1817
4290 4291
4859 4860
3928 3929
1929 1930
185 186
4319 4320
7908 7909
9364 9365
1697 1698
901 902
9432 9433
4191 4192
1939 1940
3315 3316
7866 7867
524 525
4655 4656
7437 7438
2451 2452
5682 5683
5727 5728
9597 9598
7013 7014
1426 1427
9550 9551
9348 9349
8714 8715
6537 6538
9640 9641
1581 1582
8207 8208
2465 2466
3676 3677
3301 3302
7340 7341
6259 6260
8052 8053
4657 4658
6063 6064
4138 4139
7581 7582
4646 4647
9735 9736
6791 6792
8238 8239
9174 9175
6124 6125
7239 7240
4360 4361
3566 3567
2686 2687
1774 1775
8904 8905
1922 1923
4845 4846
2896 2897
6281 6282
4471 4472
8998 8999
2931 2932
8046 8047
1310 1311
865 866
3612 3613
6865 6866
6956 6957
6048 6049
784 785
1396 1397
5198 5199
8663 8664
2281 2282
1198 1199
9326 9327
7015 7016
5539 5540
5282 5283
4025 4026
3799 3800
2120 2121
1019 1020
5836 5837
9500 9501
7897 7898
6283 6284
8411 8412
3058 3059
4116 4117
9532 9533
635 636
5506 5507
4909 4910
1767 1768
8789 8790
4981 4982
8083 8084
7305 7306
5145 5146
6254 6255
5742 5743
6471 6472
320 321
1106 1107
1848 1849
5426 5427
5254 5255
7316 7317
2797 2798
9988 9989
3473 3474
5175 5176
825 826
7570 7571
8005 8006
9418 9419
5913 5914
3250 3251
7407 7408
764 765
7292 7293
1087 1088
2736 2737
8205 8206
259 260
3908 3909
1366 1367
8554 8555
257 258
5124 5125
5340 5341
9316 9317
3493 3494
8435 8436
8177 8178
444 445
781 782
2 3
6044 6045
2473 2474
5011 5012
8772 8773
7485 7486
1258 1259
5541 5542
8911 8912
2850 2851
2467 2468
2954 2955
6284 6285
8363 8364
771 772
3424 3425
799 800
9567 9568
1566 1567
8983 8984
475 476
2713 2714
7800 7801
5077 5078
2966 2967
9479 9480
1074 1075
2076 2077
2335 2336
7366 7367
2052 2053
1206 1207
8652 8653
149 150
2579 2580
5785 5786
5497 5498
9444 9445
5395 5396
9464 9465
8796 8797
664 665
9625 9626
5869 5870
9136 9137
5704 5705
6057 6058
7789 7790
4285 4286
4152 4153
8157 8158
616 617
419 420
8429 8430
807 808
6721 6722
5894 5895
125 126
7901 7902
3176 3177
9178 9179
235 236
2978 2979
6863 6864
5270 5271
8620 8621
8548 8549
2730 2731
2382 2383
6545 6546
2939 2940
7492 7493
9465 9466
5099 5100
2090 2091
8352 8353
5059 5060
1121 1122
4540 4541
7096 7097
850 851
256 257
8550 8551
6803 6804
9170 9171
8196 8197
4146 4147
3332 3333
6793 6794
9203 9204
2268 2269
2232 2233
3297 3298
1182 1183
1464 1465
2566 2567
4958 4959
1781 1782
127 128
1773 1774
2190 2191
317 318
8364 8365
7988 7989
8006 8007
3569 3570
5425 5426
3456 3457
2874 2875
3207 3208
6211 6212
8963 8964
3199 3200
5034 5035
654 655
3578 3579
7590 7591
9744 9745
5861 5862
5312 5313
6137 6138
9760 9761
6442 6443
7651 7652
5768 5769
7627 7628
9049 9050
6320 6321
5675 5676
3936 3937
2306 2307
4793 4794
4927 4928
673 674
7939 7940
9022 9023
8873 8874
4206 4207
2144 2145
8638 8639
6948 6949
8915 8916
8608 8609
9834 9835
9038 9039
831 832
6162 6163
1744 1745
8609 8610
60 61
5620 5621
8493 8494
8235 8236
1381 1382
9039 9040
7618 7619
936 937
8928 8929
1611 1612
5184 5185
2592 2593
8316 8317
521 522
2533 2534
7285 7286
8280 8281
9458 9459
3585 3586
1789 1790
6758 6759
2488 2489
7310 7311
2963 2964
9078 9079
7350 7351
2243 2244
2058 2059
2104 2105
7936 7937
755 756
7720 7721
5500 5501
2580 2581
2279 2280
919 920
840 841
474 475
2649 2650
6042 6043
6690 6691
8145 8146
9694 9695
6040 6041
7089 7090
8806 8807
6167 6168
9512 9513
7033 7034
3211 3212
3381 3382
5645 5646
9587 9588
1623 1624
6501 6502
4424 4425
9840 9841
428 429
9436 9437
9878 9879
3962 3963
548 549
8244 8245
6892 6893
7418 7419
3469 3470
743 744
9035 9036
4268 4269
9040 9041
4277 4278
7397 7398
540 541
7553 7554
8882 8883
8862 8863
5342 5343
4437 4438
7942 7943
1665 1666
3730 3731
7457 7458
1345 1346
4719 4720
2578 2579
9293 9294
8989 8990
4844 4845
6821 6822
8917 8918
7972 7973
3366 3367
5674 5675
5087 5088
9596 9597
7011 7012
5627 5628
3969 3970
1224 1225
3057 3058
2951 2952
5341 5342
1221 1222
2982 2983
6595 6596
4335 4336
8521 8522
9942 9943
1495 1496
8042 8043
8355 8356
6644 6645
6779 6780
7525 7526
6705 6706
4795 4796
2161 2162
788 789
6430 6431
4493 4494
4100 4101
7991 7992
9189 9190
3797 3798
2959 2960
3861 3862
1412 1413
9921 9922
7244 7245
4893 4894
249 250
7511 7512
6049 6050
3459 3460
6021 6022
2352 2353
3229 3230
8537 8538
8855 8856
878 879
7746 7747
3242 3243
7090 7091
7477 7478
7109 7110
1873 1874
5165 5166
2162 2163
4081 4082
9981 9982
6770 6771
6999 7000
9376 9377
8974 8975
8209 8210
8090 8091
4648 4649
8051 8052
8108 8109
9181 9182
7018 7019
6658 6659
2834 2835
1054 1055
6805 6806
7841 7842
9358 9359
6804 6805
566 567
8532 8533
4456 4457
7933 7934
1950 1951
4787 4788
5979 5980
586 587
6563 6564
3929 3930
575 576
2868 2869
3083 3084
2332 2333
5529 5530
4911 4912
8833 8834
5586 5587
9277 9278
6227 6228
5775 5776
7798 7799
290 291
3957 3958
2754 2755
6889 6890
2339 2340
8360 8361
556 557
6409 6410
3520 3521
6618 6619
1734 1735
1842 1843
4797 4798
5017 5018
7948 7949
370 371
7420 7421
7805 7806
6212 6213
6926 6927
6437 6438
2662 2663
3277 3278
4773 4774
8805 8806
1652 1653
3313 3314
8248 8249
3594 3595
7964 7965
5037 5038
5848 5849
3965 3966
3583 3584
6924 6925
2693 2694
2531 2532
6864 6865
3714 3715
4266 4267
5326 5327
9784 9785
8616 8617
6851 6852
4363 4364
7199 7200
5123 5124
506 507
2315 2316
2911 2912
4374 4375
8335 8336
6882 6883
5599 5600
5605 5606
4057 4058
3610 3611
273 274
7395 7396
3157 3158
5161 5162
4743 4744
2638 2639
6570 6571
7796 7797
1447 1448
8829 8830
4561 4562
5287 5288
5388 5389
3144 3145
5149 5150
2235 2236
6808 6809
8653 8654
4666 4667
4643 4644
4190 4191
5060 5061
9313 9314
526 527
7218 7219
7950 7951
2479 2480
2209 2210
4739 4740
2803 2804
8382 8383
2562 2563
9905 9906
1066 1067
2157 2158
1162 1163
7478 7479
2246 2247
3693 3694
4664 4665
5012 5013
6262 6263
7012 7013
4378 4379
6370 6371
6318 6319
5549 5550
4302 4303
453 454
4599 4600
7279 7280
7814 7815
182 183
9369 9370
8129 8130
544 545
9495 9496
421 422
6147 6148
5788 5789
5803 5804
767 768
9575 9576
5609 5610
6767 6768
3658 3659
3870 3871
4422 4423
3265 3266
41 42
7694 7695
8559 8560
1116 1117
8273 8274
6151 6152
6850 6851
738 739
1286 1287
6231 6232
2372 2373
6155 6156
4423 4424
8793 8794
5000 5001
2245 2246
5465 5466
6710 6711
8436 8437
7801 7802
6367 6368
7620 7621
940 941
8671 8672
3571 3572
1392 1393
7531 7532
3172 3173
9375 9376
5754 5755
1962 1963
6103 6104
535 536
178 179
9169 9170
9121 9122
7925 7926
9048 9049
9499 9500
5196 5197
9986 9987
5309 5310
5550 5551
3674 3675
8574 8575
9824 9825
4122 4123
6177 6178
2294 2295
5585 5586
8836 8837
2376 2377
458 459
9985 9986
5624 5625
989 990
7517 7518
523 524
7706 7707
1474 1475
5546 5547
6446 6447
507 508
9420 9421
422 423
3074 3075
7390 7391
284 285
1050 1051
6714 6715
6672 6673
483 484
9907 9908
8269 8270
5956 5957
4009 4010
7911 7912
468 469
772 773
7883 7884
2733 2734
5949 5950
6398 6399
6836 6837
8203 8204
7028 7029
5923 5924
2088 2089
672 673
434 435
7534 7535
1972 1973
318 319
4445 4446
666 667
5972 5973
2343 2344
3629 3630
3718 3719
5047 5048
7896 7897
4167 4168
121 122
9668 9669
2696 2697
7762 7763
1091 1092
162 163
1399 1400
3148 3149
3510 3511
6294 6295
7539 7540
1672 1673
5349 5350
4366 4367
7676 7677
7668 7669
6127 6128
5007 5008
6817 6818
9454 9455
5907 5908
5790 5791
5992 5993
1805 1806
3392 3393
9332 9333
8908 8909
9302 9303
4872 4873
6197 6198
9208 9209
1660 1661
2490 2491
1159 1160
3847 3848
4157 4158
2330 2331
9862 9863
2545 2546
147 148
9528 9529
7449 7450
5792 5793
2147 2148
6757 6758
4808 4809
7023 7024
3006 3007
4332 4333
6752 6753
9175 9176
8200 8201
4685 4686
977 978
1216 1217
5601 5602
5920 5921
9077 9078
8024 8025
2450 2451
7623 7624
7165 7166
1338 1339
8780 8781
5780 5781
2446 2447
237 238
8767 8768
4596 4597
2428 2429
3886 3887
1377 1378
6736 6737
6738 6739
1190 1191
7205 7206
8549 8550
3298 3299
4654 4655
6763 6764
8502 8503
8853 8854
7236 7237
5805 5806
8572 8573
3425 3426
6871 6872
9997 9998
3725 3726
1717 1718
3022 3023
7426 7427
6976 6977
1719 1720
5120 5121
5815 5816
4373 4374
1971 1972
1508 1509
1227 1228
2532 2533
6958 6959
6727 6728
8506 8507
7112 7113
512 513
9053 9054
955 956
7790 7791
3679 3680
2516 2517
8803 8804
9897 9898
2273 2274
170 171
9842 9843
7376 7377
3002 3003
7592 7593
7 8
9600 9601
2784 2785
2310 2311
4078 4079
6950 6951
913 914
8487 8488
6623 6624
3736 3737
4342 4343
3205 3206
5986 5987
2093 2094
3637 3638
6084 6085
3961 3962
7464 7465
5647 5648
23 24
6604 6605
126 127
5462 5463
7245 7246
8528 8529
8592 8593
774 775
3960 3961
8600 8601
2872 2873
8492 8493
6138 6139
3046 3047
4282 4283
5911 5912
2707 2708
7246 7247
152 153
5889 5890
1915 1916
2957 2958
2528 2529
1382 1383
6639 6640
2687 2688
6556 6557
4588 4589
25 26
8021 8022
9324 9325
3744 3745
6461 6462
8519 8520
1181 1182
5730 5731
8749 8750
4425 4426
245 246
851 852
8935 8936
4148 4149
684 685
1270 1271
1386 1387
8771 8772
6698 6699
4635 4636
4780 4781
4641 4642
5181 5182
9690 9691
2716 2717
7647 7648
8898 8899
355 356
6050 6051
8014 8015
9890 9891
3120 3121
7466 7467
9130 9131
1137 1138
8473 8474
7070 7071
3707 3708
3181 3182
1867 1868
3153 3154
599 600
5597 5598
5297 5298
1131 1132
5041 5042
3500 3501
5283 5284
2312 2313
6929 6930
6081 6082
6742 6743
1441 1442
8576 8577
7249 7250
2635 2636
3284 3285
3605 3606
3811 3812
1988 1989
443 444
5863 5864
9156 9157
6360 6361
2905 2906
2805 2806
1647 1648
1761 1762
1324 1325
5226 5227
6205 6206
54 55
5739 5740
8434 8435
7128 7129
1108 1109
7022 7023
3911 3912
8892 8893
8699 8700
9613 9614
7148 7149
4610 4611
728 729
5832 5833
1973 1974
6483 6484
3011 3012
1803 1804
45 46
5569 5570
5711 5712
6562 6563
401 402
3694 3695
2523 2524
1404 1405
1284 1285
6321 6322
5806 5807
3119 3120
5965 5966
2396 2397
6975 6976
9135 9136
4092 4093
1351 1352
9133 9134
7625 7626
3259 3260
1462 1463
1406 1407
7868 7869
3864 3865
1797 1798
6436 6437
7337 7338
8058 8059
7748 7749
1655 1656
7754 7755
4861 4862
6993 6994
2402 2403
5243 5244
3349 3350
8800 8801
739 740
4568 4569
3946 3947
2865 2866
260 261
3900 3901
8902 8903
364 365
7270 7271
7665 7666
9251 9252
3084 3085
4135 4136
4644 4645
1522 1523
3641 3642
2218 2219
269 270
966 967
8509 8510
2456 2457
1195 1196
5256 5257
8303 8304
6249 6250
8098 8099
8627 8628
4944 4945
7260 7261
7946 7947
3910 3911
1081 1082
8510 8511
802 803
5383 5384
3127 3128
2788 2789
2263 2264
2526 2527
1218 1219
3832 3833
1592 1593
3246 3247
8895 8896
4500 4501
2697 2698
9406 9407
4503 4504
1334 1335
4687 4688
5676 5677
3712 3713
6377 6378
629 630
4237 4238
2641 2642
7704 7705
9924 9925
4954 4955
1497 1498
3225 3226
9874 9875
9595 9596
6017 6018
7419 7420
8065 8066
5582 5583
6855 6856
7674 7675
7452 7453
8647 8648
6527 6528
3686 3687
6345 6346
2048 2049
1052 1053
7619 7620
3933 3934
2737 2738
7512 7513
2643 2644
6627 6628
418 419
8738 8739
283 284
4614 4615
3954 3955
4974 4975
6115 6116
5516 5517
4748 4749
812 813
700 701
6542 6543
4874 4875
929 930
8412 8413
5081 5082
770 771
5004 5005
5148 5149
3539 3540
4184 4185
5859 5860
6498 6499
7003 7004
964 965
7853 7854
8944 8945
1482 1483
970 971
7769 7770
5489 5490
931 932
2163 2164
6794 6795
7267 7268
448 449
8379 8380
9946 9947
8745 8746
7102 7103
8062 8063
5572 5573
4267 4268
3787 3788
884 885
5200 5201
4856 4857
3384 3385
5064 5065
9119 9120
5332 5333
3782 3783
8480 8481
1540 1541
9983 9984
2975 2976
7876 7877
91 92
8949 8950
6613 6614
9264 9265
5932 5933
8637 8638
1090 1091
2424 2425
6657 6658
1614 1615
6676 6677
240 241
6131 6132
8516 8517
3808 3809
7967 7968
3463 3464
2031 2032
1042 1043
1731 1732
4487 4488
1860 1861
3840 3841
4300 4301
2864 2865
8438 8439
7391 7392
3507 3508
8843 8844
9514 9515
5239 5240
9785 9786
4591 4592
4014 4015
2731 2732
4260 4261
85 86
5814 5815
5760 5761
7516 7517
2623 2624
9256 9257
6707 6708
4229 4230
2719 2720
8026 8027
1565 1566
3534 3535
7644 7645
338 339
1170 1171
7974 7975
6665 6666
8716 8717
6525 6526
5812 5813
286 287
8416 8417
1727 1728
8243 8244
6536 6537
1600 1601
336 337
5021 5022
6229 6230
5978 5979
9127 9128
5795 5796
9572 9573
4317 4318
657 658
614 615
5702 5703
7415 7416
2811 2812
4141 4142
9686 9687
7914 7915
5032 5033
6208 6209
6224 6225
6638 6639
5 6
9563 9564
6085 6086
4061 4062
145 146
1851 1852
29 30
5195 5196
4434 4435
8292 8293
8060 8061
77 78
7009 7010
5248 5249
2321 2322
8876 8877
3018 3019
2822 2823
791 792
4368 4369
5772 5773
9667 9668
9438 9439
809 810
8202 8203
2979 2980
3464 3465
4862 4863
9664 9665
8648 8649
7753 7754
593 594
6713 6714
604 605
7171 7172
1466 1467
1496 1497
35 36
5166 5167
6941 6942
2471 2472
3276 3277
6058 6059
3196 3197
344 345
6477 6478
2459 2460
9220 9221
9259 9260
7768 7769
4214 4215
6833 6834
9652 9653
221 222
1840 1841
9902 9903
9661 9662
4364 4365
335 336
9699 9700
5625 5626
16 17
6024 6025
9139 9140
8566 8567
5264 5265
8231 8232
1861 1862
6141 6142
3231 3232
2922 2923
9879 9880
1437 1438
7079 7080
3824 3825
2397 2398
6887 6888
3647 3648
3035 3036
4836 4837
8 9
1376 1377
5302 5303
3537 3538
5574 5575
6827 6828
1000 1001
2974 2975
6589 6590
547 548
7170 7171
3821 3822
1589 1590
6637 6638
2655 2656
9772 9773
6169 6170
219 220
6008 6009
2825 2826
1301 1302
5213 5214
7455 7456
7802 7803
1951 1952
1982 1983
8310 8311
9030 9031
6755 6756
9471 9472
4713 4714
4505 4506
1686 1687
6961 6962
3442 3443
9378 9379
8350 8351
9809 9810
1143 1144
6363 6364
6365 6366
7560 7561
1750 1751
9477 9478
8846 8847
180 181
3238 3239
5151 5152
2968 2969
8227 8228
4977 4978
708 709
4333 4334
5804 5805
3183 3184
7714 7715
9855 9856
7354 7355
7902 7903
994 995
8367 8368
4928 4929
8260 8261
1712 1713
1507 1508
1197 1198
6751 6752
6625 6626
3939 3940
5820 5821
5330 5331
1024 1025
510 511
97 98
5882 5883
3551 3552
1832 1833
3487 3488
6180 6181
7783 7784
6538 6539
7430 7431
704 705
1584 1585
9655 9656
6232 6233
9615 9616
7087 7088
7053 7054
3045 3046
7949 7950
3524 3525
4921 4922
9346 9347
6105 6106
668 669
3902 3903
9767 9768
9386 9387
1813 1814
2457 2458
8865 8866
1517 1518
5736 5737
3632 3633
1724 1725
1215 1216
1076 1077
676 677
7822 7823
6238 6239
4822 4823
2447 2448
2419 2420
7221 7222
8602 8603
8015 8016
53 54
9400 9401
114 115
3490 3491
9334 9335
11 12
6587 6588
7735 7736
9450 9451
2356 2357
4323 4324
9830 9831
5968 5969
5937 5938
3553 3554
3722 3723
957 958
3184 3185
6013 6014
1272 1273
9388 9389
3015 3016
8428 8429
9975 9976
6626 6627
5086 5087
7635 7636
5756 5757
7892 7893
7223 7224
3294 3295
7436 7437
4720 4721
8228 8229
2561 2562
5257 5258
5113 5114
934 935
2871 2872
8933 8934
8314 8315
4046 4047
710 711
8033 8034
9143 9144
6677 6678
4232 4233
4386 4387
4436 4437
2314 2315
402 403
3128 3129
8475 8476
584 585
8733 8734
5110 5111
2586 2587
2082 2083
688 689
5449 5450
332 333
9768 9769
2079 2080
2839 2840
9847 9848
6534 6535
9381 9382
952 953
3489 3490
1033 1034
2399 2400
8013 8014
9636 9637
9360 9361
1400 1401
7021 7022
3140 3141
4124 4125
4271 4272
6338 6339
8481 8482
6310 6311
9159 9160
6750 6751
9859 9860
4571 4572
3667 3668
4007 4008
2542 2543
7826 7827
1627 1628
3454 3455
3568 3569
262 263
4180 4181
2800 2801
5076 5077
2092 2093
1231 1232
5614 5615
7252 7253
5835 5836
6210 6211
8795 8796
680 681
5847 5848
4247 4248
2739 2740
1934 1935
6835 6836
8496 8497
9307 9308
3876 3877
4771 4772
9140 9141
2124 2125
3967 3968
9308 9309
868 869
9034 9035
1088 1089
5562 5563
7664 7665
7476 7477
8133 8134
3345 3346
1852 1853
6701 6702
4296 4297
4331 4332
8858 8859
2942 2943
2250 2251
6335 6336
7740 7741
352 353
6540 6541
19 20
9209 9210
5909 5910
5817 5818
719 720
4463 4464
1691 1692
5397 5398
7601 7602
7280 7281
2063 2064
8834 8835
2392 2393
389 390
5441 5442
2223 2224
1152 1153
6659 6660
9811 9812
4041 4042
86 87
1887 1888
5192 5193
6202 6203
3608 3609
4645 4646
6868 6869
1954 1955
863 864
3906 3907
4693 4694
5504 5505
8233 8234
3239 3240
539 540
89 90
532 533
1736 1737
8222 8223
9266 9267
5651 5652
3963 3964
2809 2810
1607 1608
3684 3685
59 60
8236 8237
1273 1274
5090 5091
350 351
1619 1620
1746 1747
1684 1685
3216 3217
5105 5106
2345 2346
9933 9934
4679 4680
8934 8935
8413 8414
7633 7634
3379 3380
7361 7362
8656 8657
2712 2713
2127 2128
6798 6799
3121 3122
8131 8132
5860 5861
5180 5181
6199 6200
4892 4893
3245 3246
5561 5562
8635 8636
8906 8907
132 133
4798 4799
8900 8901
9434 9435
1418 1419
3145 3146
3653 3654
9152 9153
2955 2956
1894 1895
5187 5188
803 804
7980 7981
4479 4480
9506 9507
6062 6063
2006 2007
9092 9093
1685 1686
113 114
594 595
1442 1443
7335 7336
2106 2107
2240 2241
4623 4624
6925 6926
5939 5940
2509 2510
3399 3400
6581 6582
4887 4888
7243 7244
8665 8666
7793 7794
5333 5334
8347 8348
3545 3546
9691 9692
3264 3265
6394 6395
5571 5572
1694 1695
1226 1227
4536 4537
915 916
3080 3081
1140 1141
6424 6425
9029 9030
212 213
3432 3433
5174 5175
8003 8004
1698 1699
6332 6333
9470 9471
6299 6300
353 354
1564 1565
6395 6396
6183 6184
2749 2750
7214 7215
1981 1982
6541 6542
3072 3073
1821 1822
5183 5184
3445 3446
8775 8776
9913 9914
9094 9095
6955 6956
3054 3055
3993 3994
7173 7174
2535 2536
8257 8258
8947 8948
7693 7694
5810 5811
6585 6586
8931 8932
3435 3436
7225 7226
5850 5851
8520 8521
5190 5191
3749 3750
2692 2693
7550 7551
5343 5344
4618 4619
2938 2939
8194 8195
2244 2245
6904 6905
8538 8539
9709 9710
6223 6224
8219 8220
5344 5345
6219 6220
169 170
2384 2385
2775 2776
5182 5183
8338 8339
6117 6118
9822 9823
6014 6015
8153 8154
4073 4074
7469 7470
582 583
2807 2808
9797 9798
5164 5165
6093 6094
1949 1950
7816 7817
2141 2142
2502 2503
8329 8330
6651 6652
4908 4909
8403 8404
9124 9125
7413 7414
4015 4016
5372 5373
4681 4682
1630 1631
7566 7567
4730 4731
6781 6782
8370 8371
4348 4349
4868 4869
9200 9201
9901 9902
3587 3588
2066 2067
7144 7145
8624 8625
7446 7447
2252 2253
2053 2054
6824 6825
5481 5482
8940 8941
7353 7354
6188 6189
3496 3497
8452 8453
8754 8755
997 998
4709 4710
3602 3603
4409 4410
4905 4906
7529 7530
9315 9316
4143 4144
168 169
3930 3931
2152 2153
3063 3064
2418 2419
5101 5102
2866 2867
1009 1010
9973 9974
2949 2950
4204 4205
3981 3982
7671 7672
4210 4211
4901 4902
8359 8360
6230 6231
3855 3856
6759 6760
7845 7846
5170 5171
4865 4866
1429 1430
5311 5312
6373 6374
40 41
7248 7249
5405 5406
9892 9893
9876 9877
597 598
5351 5352
3342 3343
5439 5440
8023 8024
457 458
1037 1038
7821 7822
8398 8399
5763 5764
1020 1021
6286 6287
2858 2859
9491 9492
7050 7051
278 279
5252 5253
2205 2206
285 286
9524 9525
3561 3562
8304 8305
7737 7738
4263 4264
4778 4779
4427 4428
8945 8946
8440 8441
4004 4005
4877 4878
8252 8253
2678 2679
2943 2944
7977 7978
9635 9636
4304 4305
6814 6815
8705 8706
5538 5539
4347 4348
7501 7502
4345 4346
3616 3617
7612 7613
5360 5361
3648 3649
2475 2476
8977 8978
5185 5186
7242 7243
4246 4247
3702 3703
1995 1996
9287 9288
8783 8784
4297 4298
5580 5581
9237 9238
1804 1805
3710 3711
1793 1794
766 767
7123 7124
3382 3383
3317 3318
3643 3644
7502 7503
456 457
4555 4556
5831 5832
3192 3193
6304 6305
6971 6972
3547 3548
2496 2497
8107 8108
6815 6816
7909 7910
365 366
6279 6280
6209 6210
2325 2326
9813 9814
508 509
3396 3397
8179 8180
3068 3069
1425 1426
8709 8710
2460 2461
9195 9196
9091 9092
6853 6854
4178 4179
8593 8594
7268 7269
8758 8759
7094 7095
7185 7186
2017 2018
1519 1520
7204 7205
2305 2306
3116 3117
2189 2190
9648 9649
6983 6984
1692 1693
6516 6517
4734 4735
7153 7154
6482 6483
5393 5394
6303 6304
8735 8736
9863 9864
7963 7964
1801 1802
1871 1872
8356 8357
6671 6672
7874 7875
9171 9172
342 343
9218 9219
6989 6990
3866 3867
8404 8405
1505 1506
8485 8486
939 940
7177 7178
2830 2831
5250 5251
3852 3853
2703 2704
4811 4812
4516 4517
3213 3214
7482 7483
4508 4509
9603 9604
9198 9199
1085 1086
6485 6486
562 563
3666 3667
1795 1796
536 537
5269 5270
1514 1515
2061 2062
8814 8815
2499 2500
5703 5704
3846 3847
7807 7808
864 865
4052 4053
2752 2753
3133 3134
3191 3192
7351 7352
4255 4256
4224 4225
5223 5224
3631 3632
7319 7320
183 184
7503 7504
6994 6995
9521 9522
8120 8121
7656 7657
1743 1744
5112 5113
3657 3658
800 801
2008 2009
2213 2214
9549 9550
5157 5158
1800 1801
6135 6136
8919 8920
3330 3331
4735 4736
1711 1712
1368 1369
9710 9711
6275 6276
8544 8545
3848 3849
2766 2767
8886 8887
8309 8310
8082 8083
217 218
9014 9015
9440 9441
2423 2424
446 447
8224 8225
7610 7611
3892 3893
3639 3640
26 27
3419 3420
2981 2982
9390 9391
4774 4775
2843 2844
8639 8640
8702 8703
1049 1050
9441 9442
4400 4401
1796 1797
1680 1681
3219 3220
5623 5624
5995 5996
108 109
1970 1971
9551 9552
3603 3604
7283 7284
2933 2934
9089 9090
316 317
9749 9750
8218 8219
2112 2113
4537 4538
6434 6435
2893 2894
820 821
3927 3928
3671 3672
4452 4453
3429 3430
8373 8374
7439 7440
543 544
3626 3627
5823 5824
7745 7746
6191 6192
9516 9517
7333 7334
8181 8182
8378 8379
1065 1066
3398 3399
5653 5654
7029 7030
7697 7698
8525 8526
5307 5308
1716 1717
6806 6807
9519 9520
8406 8407
4113 4114
8666 8667
7008 7009
787 788
498 499
5512 5513
9702 9703
8421 8422
9634 9635
779 780
7891 7892
4959 4960
2111 2112
6931 6932
64 65
9566 9567
8547 8548
8399 8400
2657 2658
6386 6387
7606 7607
7917 7918
8368 8369
8346 8347
6455 6456
7639 7640
2212 2213
9839 9840
1470 1471
1018 1019
2728 2729
8569 8570
5091 5092
3609 3610
9318 9319
7489 7490
1901 1902
4145 4146
6603 6604
7628 7629
7461 7462
7238 7239
1912 1913
1675 1676
6172 6173
9817 9818
5690 5691
5583 5584
2605 2606
8334 8335
6263 6264
4723 4724
1478 1479
8087 8088
2680 2681
777 778
4802 4803
4758 4759
5517 5518
733 734
8170 8171
2631 2632
613 614
3112 3113
2940 2941
9000 9001
5851 5852
2757 2758
304 305
5267 5268
2633 2634
9748 9749
8561 8562
15 16
2679 2680
4994 4995
2734 2735
9944 9945
3527 3528
1114 1115
6175 6176
978 979
7277 7278
8986 8987
2130 2131
4058 4059
1292 1293
4770 4771
6192 6193
6408 6409
3440 3441
9229 9230
3683 3684
792 793
100 101
4857 4858
8151 8152
3995 3996
1651 1652
3325 3326
3767 3768
8870 8871
8991 8992
2445 2446
5069 5070
2035 2036
4886 4887
3479 3480
6237 6238
5379 5380
991 992
5660 5661
7571 7572
6567 6568
1473 1474
703 704
8992 8993
577 578
6181 6182
321 322
208 209
2449 2450
4094 4095
4716 4717
4149 4150
3689 3690
5146 5147
3308 3309
6523 6524
6397 6398
6022 6023
9642 9643
6431 6432
2172 2173
4208 4209
8766 8767
4402 4403
4993 4994
7922 7923
8019 8020
4586 4587
5799 5800
4492 4493
6685 6686
8216 8217
9023 9024
8643 8644
685 686
216 217
8581 8582
5904 5905
2369 2370
5452 5453
9278 9279
8025 8026
6907 6908
9065 9066
2881 2882
1325 1326
2945 2946
241 242
69 70
6569 6570
7551 7552
4869 4870
3174 3175
1966 1967
2210 2211
1733 1734
2930 2931
1990 1991
7993 7994
4242 4243
6329 6330
227 228
6443 6444
8066 8067
224 225
3940 3941
1139 1140
9075 9076
3762 3763
6967 6968
1945 1946
898 899
2341 2342
2351 2352
1239 1240
655 656
6845 6846
6517 6518
4834 4835
1236 1237
7593 7594
4629 4630
2920 2921
7751 7752
5206 5207
8102 8103
8174 8175
9466 9467
8661 8662
723 724
199 200
5947 5948
6695 6696
5138 5139
9442 9443
5473 5474
7307 7308
5598 5599
5587 5588
1102 1103
159 160
4615 4616
5934 5935
7923 7924
7670 7671
17 18
1579 1580
5881 5882
6645 6646
3526 3527
6110 6111
5638 5639
1891 1892
2302 2303
8339 8340
7255 7256
2715 2716
607 608
9920 9921
131 132
2267 2268
833 834
4340 4341
904 905
5556 5557
4416 4417
4662 4663
811 812
8246 8247
5396 5397
5478 5479
2548 2549
200 201
4577 4578
1167 1168
8242 8243
30 31
1721 1722
7672 7673
1596 1597
5229 5230
3358 3359
9592 9593
7453 7454
9 10
8171 8172
6296 6297
6123 6124
8119 8120
1347 1348
4952 4953
7772 7773
9408 9409
2166 2167
660 661
8063 8064
2815 2816
2744 2745
9537 9538
7888 7889
6384 6385
5962 5963
6795 6796
7052 7053
71 72
3030 3031
3685 3686
5750 5751
5643 5644
3947 3948
8596 8597
6949 6950
455 456
5811 5812
4087 4088
830 831
7421 7422
3992 3993
5122 5123
2434 2435
8606 8607
8818 8819
7125 7126
6252 6253
5386 5387
2755 2756
947 948
466 467
9622 9623
8715 8716
7016 7017
4389 4390
2256 2257
7611 7612
7435 7436
8211 8212
5486 5487
3590 3591
7095 7096
9972 9973
3471 3472
5867 5868
202 203
9476 9477
2367 2368
9802 9803
5358 5359
3016 3017
7771 7772
2640 2641
9666 9667
4407 4408
7890 7891
9910 9911
2387 2388
675 676
2322 2323
6823 6824
3409 3410
8425 8426
2541 2542
6893 6894
119 120
9844 9845
2258 2259
2137 2138
8827 8828
9883 9884
7139 7140
5212 5213
9918 9919
4233 4234
538 539
2019 2020
9708 9709
5712 5713
3701 3702
1394 1395
7643 7644
5102 5103
1642 1643
2607 2608
5191 5192
780 781
133 134
2421 2422
5945 5946
8187 8188
8751 8752
3364 3365
6453 6454
2594 2595
8321 8322
4637 4638
3600 3601
3898 3899
4458 4459
7778 7779
9289 9290
5095 5096
7208 7209
1999 2000
8568 8569
8259 8260
1626 1627
2041 2042
3497 3498
8426 8427
1567 1568
9294 9295
5475 5476
5049 5050
5394 5395
6447 6448
8854 8855
5733 5734
247 248
4349 4350
968 969
6872 6873
1715 1716
2416 2417
5688 5689
897 898
6691 6692
8336 8337
4976 4977
2208 2209
6513 6514
4541 4542
445 446
1834 1835
6401 6402
4782 4783
9344 9345
7272 7273
4110 4111
6027 6028
6880 6881
8477 8478
4218 4219
3475 3476
687 688
8630 8631
7282 7283
4045 4046
5632 5633
3209 3210
7500 7501
1984 1985
776 777
4189 4190
288 289
7834 7835
3885 3886
1628 1629
7210 7211
9258 9259
2980 2981
5559 5560
603 604
8801 8802
2907 2908
8283 8284
8923 8924
6490 6491
3573 3574
7715 7716
9356 9357
143 144
9678 9679
415 416
785 786
9009 9010
8607 8608
6187 6188
7935 7936
3076 3077
5981 5982
7056 7057
8512 8513
8374 8375
8826 8827
6426 6427
8298 8299
5026 5027
6427 6428
6454 6455
4790 4791
2469 2470
525 526
3274 3275
4960 4961
4783 4784
6163 6164
6792 6793
7731 7732
7183 7184
8311 8312
9275 9276
4923 4924
4272 4273
9149 9150
4578 4579
9602 9603
3788 3789
8964 8965
1267 1268
2016 2017
4791 4792
9474 9475
7510 7511
1578 1579
7677 7678
8726 8727
8377 8378
2466 2467
9932 9933
7854 7855
3407 3408
9132 9133
8589 8590
9055 9056
8889 8890
2135 2136
5246 5247
3055 3056
8930 8931
9732 9733
8152 8153
1751 1752
8804 8805
3831 3832
4377 4378
1985 1986
5767 5768
6969 6970
8213 8214
5584 5585
8533 8534
6660 6661
2859 2860
4819 4820
1569 1570
8354 8355
6392 6393
7164 7165
8443 8444
6914 6915
8573 8574
3681 3682
9919 9920
215 216
7960 7961
7372 7373
712 713
9225 9226
5636 5637
339 340
1784 1785
4573 4574
1155 1156
965 966
6547 6548
8708 8709
2603 2604
5495 5496
4168 4169
9630 9631
2156 2157
5555 5556
7629 7630
9109 9110
6837 6838
6979 6980
1943 1944
4786 4787
2802 2803
4920 4921
8286 8287
9591 9592
2997 2998
8483 8484
4649 4650
6255 6256
8144 8145
2771 2772
1941 1942
3321 3322
6574 6575
4818 4819
6859 6860
8030 8031
7401 7402
2353 2354
8973 8974
9808 9809
3047 3048
1593 1594
8863 8864
7417 7418
2164 2165
4117 4118
1908 1909
1274 1275
2043 2044
8822 8823
921 922
1053 1054
7451 7452
2870 2871
3178 3179
7314 7315
7334 7335
3296 3297
5231 5232
8896 8897
7608 7609
7338 7339
4520 4521
7997 7998
1243 1244
3853 3854
3621 3622
1835 1836
2584 2585
4278 4279
5789 5790
4397 4398
3494 3495
7118 7119
6152 6153
7166 7167
5769 5770
4652 4653
9046 9047
7113 7114
9803 9804
5084 5085
8221 8222
6910 6911
4376 4377
8541 8542
757 758
4881 4882
8628 8629
4939 4940
4726 4727
531 532
1610 1611
2169 2170
9724 9725
2969 2970
376 377
3123 3124
3640 3641
1031 1032
8442 8443
6606 6607
9656 9657
1326 1327
4969 4970
8903 8904
7813 7814
3158 3159
2165 2166
2704 2705
4864 4865
903 904
1185 1186
9738 9739
7765 7766
5519 5520
948 949
1305 1306
177 178
2914 2915
7371 7372
9328 9329
4123 4124
663 664
5018 5019
8567 8568
8993 8994
8808 8809
3426 3427
39 40
4714 4715
4346 4347
1673 1674
4303 4304
1644 1645
1291 1292
8511 8512
3952 3953
1339 1340
7412 7413
9677 9678
2600 2601
4288 4289
2925 2926
5666 5667
9117 9118
3915 3916
5199 5200
1978 1979
5477 5478
3368 3369
9233 9234
7776 7777
6747 6748
8542 8543
1335 1336
6134 6135
9252 9253
2842 2843
4534 4535
648 649
9405 9406
6744 6745
996 997
7475 7476
1661 1662
1812 1813
3751 3752
537 538
9008 9009
7524 7525
4495 4496
5314 5315
9831 9832
5369 5370
7312 7313
166 167
2261 2262
2107 2108
4522 4523
62 63
72 73
9835 9836
1536 1537
3027 3028
796 797
5570 5571
8486 8487
6220 6221
1319 1320
482 483
2812 2813
7604 7605
9240 9241
2862 2863
806 807
6807 6808
7442 7443
2735 2736
6445 6446
3980 3981
1888 1889
8348 8349
7858 7859
501 502
5987 5988
4912 4913
6269 6270
1357 1358
2521 2522
1844 1845
5348 5349
3728 3729
6697 6698
1277 1278
6438 6439
3595 3596
1367 1368
6602 6603
1703 1704
6016 6017
2363 2364
2576 2577
9511 9512
417 418
4049 4050
1553 1554
3843 3844
8824 8825
4580 4581
5723 5724
4387 4388
8264 8265
992 993
4165 4166
2932 2933
2904 2905
8039 8040
9536 9537
3477 3478
3065 3066
3836 3837
5193 5194
8883 8884
3783 3784
8300 8301
9129 9130
1180 1181
3806 3807
9684 9685
6726 6727
3305 3306
4876 4877
2648 2649
5973 5974
6379 6380
8366 8367
2098 2099
8388 8389
5521 5522
2770 2771
7194 7195
4604 4605
1749 1750
7120 7121
1004 1005
5176 5177
5722 5723
7904 7905
3008 3009
938 939
1129 1130
5205 5206
911 912
8840 8841
5410 5411
2097 2098
1799 1800
4318 4319
4343 4344
8996 8997
8265 8266
8293 8294
3944 3945
7071 7072
9525 9526
5299 5300
3768 3769
7770 7771
1330 1331
3875 3876
49 50
8468 8469
1603 1604
6684 6685
5552 5553
3302 3303
5568 5569
9257 9258
7431 7432
982 983
5626 5627
3785 3786
8271 8272
2888 2889
5211 5212
7408 7409
5507 5508
1349 1350
8941 8942
4918 4919
1886 1887
7862 7863
9106 9107
8124 8125
4361 4362
6843 6844
8320 8321
9413 9414
8002 8003
8736 8737
5918 5919
6839 6840
9508 9509
2179 2180
4086 4087
5566 5567
3247 3248
6520 6521
4598 4599
8918 8919
601 602
5856 5857
3024 3025
373 374
9769 9770
9452 9453
8407 8408
1515 1516
3912 3913
1320 1321
5463 5464
4621 4622
5853 5854
8946 8947
6375 6376
7733 7734
1469 1470
4283 4284
2346 2347
9967 9968
1980 1981
9201 9202
2347 2348
4759 4760
3772 3773
5377 5378
7497 7498
1987 1988
5325 5326
7080 7081
6168 6169
8423 8424
1171 1172
623 624
9852 9853
3665 3666
8163 8164
2950 2951
9216 9217
7006 7007
9751 9752
1048 1049
4603 4604
8456 8457
9361 9362
958 959
4762 4763
1937 1938
8815 8816
8752 8753
6601 6602
5691 5692
6314 6315
1458 1459
7773 7774
5436 5437
6841 6842
631 632
2151 2152
1402 1403
1471 1472
9928 9929
1311 1312
9446 9447
4003 4004
6579 6580
1436 1437
4043 4044
2783 2784
2025 2026
1282 1283
7986 7987
9523 9524
4979 4980
2835 2836
8086 8087
3370 3371
1192 1193
2405 2406
4485 4486
2371 2372
842 843
8116 8117
1586 1587
6494 6495
1163 1164
137 138
4988 4989
1681 1682
8784 8785
2973 2974
7157 7158
3005 3006
7491 7492
4225 4226
7871 7872
6429 6430
3173 3174
9743 9744
1389 1390
9774 9775
5685 5686
5092 5093
4914 4915
1742 1743
9948 9949
3200 3201
6165 6166
5491 5492
8921 8922
5665 5666
8956 8957
175 176
3160 3161
9504 9505
6121 6122
801 802
1878 1879
3462 3463
1157 1158
232 233
7262 7263
9841 9842
9057 9058
4695 4696
2877 2878
8739 8740
4250 4251
9990 9991
1410 1411
1986 1987
9365 9366
1126 1127
3190 3191
3801 3802
2238 2239
7172 7173
7174 7175
7356 7357
8474 8475
7472 7473
4684 4685
3617 3618
3282 3283
7327 7328
4470 4471
1417 1418
5304 5305
3759 3760
2786 2787
5537 5538
2618 2619
6484 6485
6153 6154
7190 7191
8910 8911
5560 5561
8997 8998
7613 7614
4907 4908
9013 9014
1017 1018
7728 7729
6678 6679
8285 8286
6775 6776
8070 8071
7339 7340
1032 1033
2113 2114
9006 9007
1104 1105
9612 9613
3403 3404
8130 8131
8966 8967
4236 4237
2664 2665
8816 8817
2776 2777
1225 1226
1713 1714
4962 4963
1168 1169
8016 8017
1016 1017
4728 4729
5114 5115
8125 8126
3555 3556
2698 2699
7931 7932
9247 9248
2311 2312
8952 8953
6130 6131
8605 8606
2257 2258
6333 6334
6091 6092
3644 3645
3889 3890
5532 5533
6099 6100
2453 2454
207 208
6753 6754
3359 3360
8118 8119
6316 6317
2705 2706
4919 4920
9570 9571
7875 7876
2926 2927
9875 9876
1285 1286
605 606
2604 2605
6608 6609
6940 6941
6624 6625
6142 6143
9812 9813
2115 2116
1807 1808
4732 4733
9407 9408
6440 6441
7767 7768
7970 7971
4986 4987
211 212
1130 1131
5997 5998
3026 3027
6116 6117
5036 5037
3784 3785
2201 2202
1354 1355
478 479
9930 9931
6946 6947
5669 5670
4985 4986
6448 6449
287 288
1234 1235
2286 2287
8117 8118
1636 1637
1069 1070
4767 4768
1309 1310
8810 8811
4156 4157
1902 1903
9173 9174
786 787
5667 5668
5133 5134
7879 7880
6077 6078
7198 7199
7058 7059
6669 6670
7508 7509
7616 7617
4362 4363
6214 6215
1551 1552
9463 9464
7499 7500
4628 4629
7658 7659
5782 5783
7380 7381
9716 9717
4307 4308
7216 7217
5271 5272
218 219
366 367
8729 8730
2055 2056
8432 8433
4192 4193
5743 5744
7036 7037
8453 8454
8598 8599
7147 7148
8887 8888
7377 7378
5886 5887
109 110
6156 6157
6028 6029
4005 4006
2133 2134
3696 3697
7450 7451
3179 3180
6160 6161
2918 2919
5921 5922
881 882
6646 6647
7680 7681
652 653
1523 1524
2262 2263
6733 6734
4392 4393
8938 8939
7179 7180
4737 4738
7180 7181
8539 8540
7111 7112
151 152
5434 5435
7207 7208
2289 2290
5558 5559
8546 8547
8545 8546
9538 9539
4197 4198
6966 6967
7898 7899
5734 5735
1361 1362
70 71
5877 5878
8409 8410
1383 1384
1112 1113
2791 2792
5033 5034
9776 9777
4181 4182
8263 8264
1203 1204
2690 2691
7657 7658
9051 9052
9002 9003
325 326
8501 8502
8953 8954
7129 7130
665 666
875 876
7846 7847
5431 5432
3790 3791
2331 2332
7143 7144
8848 8849
481 482
2989 2990
4293 4294
3690 3691
7078 7079
1910 1911
6856 6857
1346 1347
633 634
876 877
5456 5457
2454 2455
2992 2993
7859 7860
9122 9123
4903 4904
4243 4244
5189 5190
4549 4550
4517 4518
1511 1512
9305 9306
6317 6318
1424 1425
8691 8692
7254 7255
9931 9932
3721 3722
4462 4463
1283 1284
6952 6953
3186 3187
9689 9690
2354 2355
2485 2486
1574 1575
2682 2683
4461 4462
573 574
2944 2945
2277 2278
3655 3656
3868 3869
3286 3287
6600 6601
7045 7046
4682 4683
4388 4389
3098 3099
4029 4030
6777 6778
3420 3421
3117 3118
9926 9927
5606 5607
2519 2520
2427 2428
1494 1495
2271 2272
1485 1486
9207 9208
2114 2115
2769 2770
3373 3374
2530 2531
2251 2252
5225 5226
4431 4432
10000 1
585 586
3357 3358
515 516
5363 5364
8768 8769
1543 1544
8139 8140
9782 9783
1056 1057
9736 9737
6203 6204
4035 4036
3243 3244
3434 3435
2054 2055
7626 7627
7127 7128
4151 4152
3700 3701
9850 9851
8389 8390
9439 9440
2831 2832
4106 4107
1295 1296
8654 8655
4008 4009
2732 2733
3982 3983
6909 6910
2401 2402
5721 5722
7947 7948
918 919
7700 7701
7093 7094
7641 7642
9186 9187
12 13
214 215
4496 4497
7032 7033
9786 9787
3901 3902
2355 2356
9761 9762
4701 4702
4200 4201
4956 4957
3159 3160
1312 1313
6035 6036
3052 3053
5116 5117
2616 2617
6692 6693
819 820
7405 7406
7160 7161
3226 3227
7061 7062
7425 7426
3896 3897
3766 3767
2625 2626
6301 6302
6388 6389
8104 8105
3166 3167
5039 5040
8345 8346
1646 1647
27 28
5976 5977
9239 9240
7200 7201
4593 4594
9028 9029
8961 8962
4607 4608
4831 4832
2037 2038
8748 8749
4320 4321
557 558
6577 6578
1785 1786
667 668
5466 5467
2540 2541
5948 5949
5961 5962
7543 7544
7528 7529
6061 6062
3346 3347
3521 3522
2847 2848
7027 7028
7433 7434
8050 8051
2132 2133
4711 4712
5402 5403
5842 5843
9468 9469
8580 8581
3923 3924
1506 1507
179 180
6154 6155
6433 6434
9593 9594
6031 6032
9730 9731
9001 9002
6702 6703
433 434
7321 7322
4609 4610
7130 7131
3544 3545
8044 8045
3953 3954
5916 5917
7969 7970
6531 6532
8217 8218
2142 2143
6995 6996
8860 8861
7427 7428
7632 7633
5404 5405
6387 6388
8575 8576
7713 7714
4752 4753
625 626
2042 2043
9263 9264
1422 1423
725 726
4213 4214
2663 2664
5697 5698
4891 4892
9462 9463
8337 8338
5557 5558
4731 4732
2226 2227
9215 9216
3118 3119
328 329
1302 1303
4673 4674
6366 6367
4883 4884
7178 7179
3907 3908
4095 4096
8484 8485
6217 6218
3533 3534
5903 5904
5548 5549
6512 6513
1830 1831
3236 3237
6108 6109
596 597
1638 1639
930 931
2717 2718
9399 9400
2269 2270
2000 2001
2377 2378
3816 3817
9798 9799
9070 9071
2071 2072
1045 1046
3511 3512
6354 6355
4616 4617
400 401
7810 7811
6884 6885
6460 6461
9185 9186
3431 3432
5701 5702
4525 4526
1043 1044
6308 6309
748 749
6629 6630
8361 8362
9739 9740
7736 7737
2426 2427
4211 4212
6981 6982
6631 6632
8957 8958
2558 2559
6653 6654
9681 9682
5689 5690
9161 9162
9072 9073
3433 3434
4863 4864
3143 3144
9978 9979
8514 8515
1446 1447
1251 1252
8071 8072
6937 6938
6369 6370
798 799
590 591
8697 8698
6894 6895
5720 5721
7984 7985
3877 3878
2781 2782
9303 9304
5043 5044
7718 7719
8781 8782
3223 3224
4776 4777
560 561
9031 9032
862 863
8668 8669
9196 9197
6674 6675
5423 5424
8390 8391
4334 4335
1759 1760
8328 8329
4443 4444
4381 4382
4810 4811
5797 5798
2824 2825
7880 7881
8478 8479
740 741
7145 7146
6852 6853
2875 2876
8140 8141
4803 4804
6034 6035
1 2
1757 1758
9025 9026
9970 9971
8746 8747
4826 4827
2298 2299
4459 4460
5235 5236
3480 3481
6648 6649
4554 4555
9939 9940
1917 1918
4476 4477
902 903
9333 9334
6100 6101
986 987
5644 5645
3891 3892
411 412
6122 6123
758 759
8985 8986
6039 6040
271 272
2998 2999
379 380
7306 7307
2689 2690
7973 7974
3986 3987
6297 6298
3361 3362
3802 3803
4372 4373
1059 1060
6390 6391
9823 9824
7187 7188
1690 1691
57 58
7055 7056
6293 6294
1571 1572
3501 3502
8914 8915
2823 2824
3258 3259
3089 3090
1456 1457
5687 5688
4432 4433
3839 3840
7727 7728
3352 3353
8106 8107
4835 4836
520 521
3818 3819
6272 6273
8192 8193
9080 9081
7493 7494
9383 9384
1862 1863
1666 1667
2185 2186
4403 4404
6945 6946
5001 5002
1509 1510
4114 4115
8641 8642
9747 9748
9775 9776
7938 7939
987 988
7717 7718
4465 4466
9128 9129
721 722
8937 8938
619 620
7222 7223
6668 6669
8332 8333
1289 1290
8142 8143
7447 7448
2626 2627
5088 5089
5515 5516
341 342
9535 9536
5725 5726
6612 6613
3572 3573
1233 1234
3405 3406
6128 6129
3482 3483
1792 1793
7839 7840
6831 6832
985 986
4847 4848
8776 8777
4753 4754
1745 1746
8250 8251
1826 1827
5093 5094
3275 3276
7703 7704
9903 9904
4530 4531
3180 3181
1336 1337
1318 1319
8817 8818
4270 4271
967 968
3336 3337
5494 5495
1947 1948
9112 9113
6715 6716
4428 4429
4315 4316
4420 4421
3316 3317
254 255
9213 9214
9777 9778
816 817
6766 6767
2123 2124
2274 2275
4295 4296
2487 2488
5207 5208
894 895
8798 8799
2820 2821
1612 1613
8675 8676
5284 5285
3826 3827
31 32
5591 5592
1997 1998
4002 4003
6200 6201
4779 4780
7402 7403
393 394
3331 3332
3958 3959
5374 5375
150 151
8578 8579
5764 5765
528 529
7119 7120
7835 7836
817 818
7899 7900
4220 4221
7652 7653
9490 9491
4672 4673
307 308
1434 1435
3874 3875
5855 5856
866 867
5209 5210
3771 3772
4108 4109
1853 1854
7572 7573
2140 2141
4973 4974
8847 8848
7192 7193
925 926
8045 8046
8684 8685
9320 9321
5485 5486
6568 6569
5098 5099
3862 3863
9158 9159
5367 5368
5741 5742
4955 4956
2155 2156
670 671
7809 7810
9402 9403
9246 9247
2590 2591
5662 5663
7392 7393
8226 8227
2494 2495
4813 4814
5671 5672
460 461
2280 2281
8444 8445
9180 9181
8358 8359
1516 1517
9362 9363
51 52
7743 7744
3716 3717
9586 9587
1411 1412
9271 9272
9605 9606
4030 4031
6528 6529
9426 9427
4325 4326
3012 3013
6694 6695
6432 6433
2767 2768
312 313
5143 5144
7025 7026
7747 7748
1916 1917
8571 8572
8799 8800
4490 4491
104 105
4309 4310
6073 6074
2632 2633
9982 9983
9424 9425
7062 7063
612 613
7750 7751
66 67
449 450
2854 2855
5617 5618
7905 7906
5324 5325
6741 6742
943 944
1953 1954
3888 3889
4112 4113
4120 4121
8500 8501
6583 6584
4996 4997
4248 4249
398 399
8056 8057
6533 6534
7318 7319
9825 9826
1057 1058
7535 7536
1650 1651
1616 1617
313 314
1006 1007
1365 1366
6888 6889
6506 6507
5222 5223
7830 7831
9836 9837
5896 5897
4669 4670
2359 2360
529 530
2334 2335
1141 1142
9712 9713
589 590
1449 1450
2477 2478
7781 7782
874 875
2295 2296
6476 6477
9706 9707
8162 8163
8287 8288
3809 3810
5381 5382
6410 6411
4021 4022
6580 6581
9483 9484
5136 5137
3025 3026
1051 1052
2900 2901
8313 8314
6640 6641
9079 9080
6776 6777
6406 6407
6598 6599
174 175
984 985
204 205
6337 6338
7589 7590
8678 8679
1809 1810
9631 9632
4729 4730
3036 3037
2915 2916
892 893
7259 7260
9763 9764
5459 5460
3770 3771
9672 9673
5575 5576
2522 2523
6327 6328
4031 4032
4240 4241
9340 9341
3580 3581
193 194
3073 3074
6011 6012
7865 7866
4380 4381
793 794
1187 1188
7039 7040
2520 2521
7646 7647
4689 4690
5991 5992
7117 7118
4172 4173
9238 9239
3029 3030
7757 7758
3328 3329
2443 2444
2549 2550
1524 1525
6064 6065
9619 9620
306 307
5668 5669
7636 7637
9838 9839
1707 1708
8299 8300
4205 4206
9056 9057
6666 6667
8312 8313
8939 8940
559 560
995 996
6857 6858
5678 5679
1280 1281
9026 9027
326 327
9961 9962
2373 2374
8405 8406
9548 9549
4995 4996
363 364
8447 8448
9976 9977
773 774
5753 5754
2772 2773
2647 2648
7150 7151
5062 5063
9953 9954
9384 9385
6942 6943
5959 5960
8613 8614
8972 8973
5444 5445
2838 2839
4690 4691
6749 6750
9773 9774
8258 8259
5729 5730
3109 3110
1177 1178
7313 7314
2103 2104
7559 7560
1340 1341
6456 6457
3924 3925
4478 4479
6356 6357
4947 4948
6473 6474
7819 7820
297 298
5884 5885
1013 1014
839 840
2307 2308
747 748
1664 1665
1706 1707
3099 3100
8686 8687
2370 2371
4136 4137
6266 6267
3032 3033
7088 7089
1077 1078
3485 3486
1419 1420
3652 3653
9297 9298
2674 2675
2217 2218
2964 2965
9192 9193
3137 3138
2906 2907
437 438
7014 7015
7206 7207
2639 2640
9108 9109
889 890
8723 8724
7473 7474
3269 3270
8297 8298
4788 4789
1786 1787
4597 4598
2049 2050
511 512
1451 1452
5371 5372
4913 4914
533 534
4464 4465
8128 8129
3163 3164
1541 1542
426 427
6686 6687
6088 6089
8644 8645
5275 5276
6900 6901
1444 1445
7552 7553
7698 7699
6185 6186
5435 5436
3791 3792
8642 8643
9614 9615
9283 9284
2458 2459
6566 6567
8175 8176
6018 6019
1416 1417
682 683
6098 6099
2869 2870
7300 7301
8327 8328
3273 3274
3576 3577
9137 9138
399 400
9947 9948
1201 1202
6119 6120
5732 5733
502 503
4562 4563
2518 2519
7227 7228
5499 5500
6963 6964
2780 2781
6500 6501
1015 1016
6621 6622
4551 4552
7520 7521
9298 9299
242 243
4314 4315
8769 8770
7568 7569
3096 3097
7976 7977
8753 8754
4241 4242
9472 9473
9544 9545
2022 2023
8664 8665
7519 7520
6094 6095
5387 5388
3904 3905
3651 3652
4231 4232
3499 3500
4698 4699
3034 3035
5488 5489
4855 4856
5944 5945
3367 3368
2046 2047
9221 9222
8223 8224
976 977
7956 7957
7653 7654
2577 2578
5289 5290
3168 3169
8376 8377
7583 7584
686 687
8893 8894
9299 9300
7782 7783
8850 8851
7682 7683
3135 3136
5376 5377
6221 6222
620 621
8698 8699
3218 3219
8464 8465
7297 7298
8184 8185
7687 7688
4583 4584
4183 4184
2873 2874
8482 8483
3729 3730
1864 1865
99 100
6712 6713
6415 6416
1732 1733
5316 5317
9665 9666
5592 5593
7311 7312
7384 7385
167 168
7265 7266
8954 8955
1465 1466
1260 1261
1297 1298
9456 9457
2929 2930
6870 6871
8881 8882
1492 1493
6204 6205
8811 8812
4930 4931
1105 1106
3397 3398
4527 4528
941 942
4807 4808
983 984
7044 7045
9583 9584
5362 5363
2768 2769
3624 3625
1179 1180
3589 3590
9160 9161
517 518
5857 5858
4638 4639
3383 3384
4071 4072
9543 9544
5594 5595
5854 5855
1847 1848
4950 4951
4455 4456
6336 6337
3620 3621
112 113
2188 2189
2430 2431
1240 1241
5286 5287
7114 7115
2667 2668
4023 4024
2265 2266
5310 5311
3372 3373
7649 7650
2186 2187
5800 5801
3039 3040
8646 8647
8147 8148
7889 7890
5540 5541
1095 1096
5604 5605
44 45
6421 6422
2119 2120
431 432
3834 3835
7507 7508
2021 2022
8531 8532
6973 6974
2415 2416
6789 6790
5588 5589
1708 1709
3556 3557
6560 6561
20 21
885 886
5841 5842
9827 9828
50 51
8807 8808
5219 5220
5520 5521
9147 9148
1428 1429
7838 7839
2572 2573
3254 3255
9429 9430
7982 7983
8419 8420
3390 3391
7135 7136
2108 2109
4289 4290
7237 7238
7844 7845
2778 2779
7284 7285
5163 5164
7290 7291
4339 4340
714 715
857 858
5417 5418
9639 9640
5744 5745
9880 9881
2300 2301
6822 6823
5628 5629
4466 4467
5501 5502
4896 4897
8770 8771
291 292
6840 6841
9616 9617
1728 1729
7286 7287
1391 1392
2026 2027
9410 9411
9330 9331
7985 7986
3841 3842
5890 5891
7054 7055
276 277
3221 3222
9095 9096
2777 2778
4694 4695
2440 2441
2283 2284
1935 1936
3704 3705
2953 2954
1439 1440
2620 2621
9866 9867
6065 6066
7330 7331
2747 2748
442 443
9339 9340
3241 3242
359 360
1563 1564
1498 1499
9620 9621
2045 2046
7294 7295
618 619
1824 1825
3934 3935
3998 3999
3175 3176
8625 8626
1776 1777
6051 6052
5808 5809
3380 3381
7308 7309
8220 8221
1153 1154
2379 2380
2804 2805
9067 9068
9377 9378
4576 4577
2510 2511
7927 7928
2234 2235
1952 1953
8907 8908
9032 9033
3125 3126
5544 5545
5368 5369
7578 7579
5346 5347
6381 6382
5526 5527
9394 9395
4060 4061
1145 1146
1714 1715
5635 5636
3451 3452
2349 2350
4059 4060
2214 2215
6594 6595
5023 5024
5833 5834
3101 3102
7253 7254
3343 3344
7315 7316
9989 9990
4131 4132
8318 8319
4625 4626
8623 8624
2821 2822
626 627
4127 4128
2710 2711
1262 1263
9150 9151
4468 4469
6478 6479
1992 1993
1208 1209
769 770
5885 5886
7468 7469
9187 9188
5216 5217
2091 2092
1520 1521
8268 8269
2948 2949
2721 2722
7530 7531
8035 8036
8603 8604
9058 9059
8872 8873
8210 8211
1238 1239
6148 6149
9515 9516
4528 4529
2478 2479
9205 9206
8092 8093
3737 3738
753 754
5715 5716
2808 2809
5522 5523
9493 9494
1490 1491
7630 7631
5984 5985
8682 8683
9099 9100
3131 3132
4446 4447
8555 8556
397 398
7518 7519
1730 1731
8700 8701
5931 5932
7347 7348
4371 4372
8927 8928
8884 8885
1176 1177
3859 3860
8786 8787
888 889
3338 3339
1911 1912
4546 4547
7484 7485
7792 7793
4704 4705
2507 2508
3416 3417
3461 3462
690 691
8267 8268
829 830
3664 3665
2272 2273
9427 9428
7614 7615
634 635
2203 2204
5798 5799
6842 6843
2779 2780
1363 1364
6641 6642
6898 6899
1241 1242
9223 9224
2884 2885
5303 5304
2554 2555
4579 4580
10 11
1071 1072
9306 9307
5042 5043
3151 3152
2653 2654
8757 8758
3833 3834
1634 1635
9123 9124
4411 4412
3460 3461
4028 4029
4175 4176
4280 4281
7404 7405
6319 6320
6486 6487
2364 2365
2282 2283
2328 2329
763 764
6452 6453
340 341
1083 1084
9103 9104
3028 3029
5982 5983
6179 6180
1688 1689
165 166
7996 7997
7638 7639
1151 1152
5960 5961
8916 8917
5432 5433
3078 3079
3564 3565
4848 4849
18 19
8773 8774
5908 5909
8523 8524
1699 1700
9861 9862
394 395
5845 5846
9359 9360
9482 9483
1477 1478
7998 7999
9373 9374
4153 4154
3227 3228
8837 8838
3182 3183
7812 7813
5474 5475
7456 7457
8867 8868
6765 6766
2726 2727
9317 9318
1038 1039
8234 8235
4721 4722
9412 9413
5108 5109
8495 8496
5505 5506
8208 8209
4932 4933
9131 9132
1904 1905
1146 1147
3237 3238
8842 8843
2661 2662
5232 5233
6309 6310
7688 7689
2599 2600
5408 5409
487 488
2040 2041
1296 1297
4504 4505
3194 3195
879 880
2439 2440
9899 9900
9829 9830
3778 3779
4640 4641
8835 8836
6149 6150
9815 9816
2381 2382
5989 5990
6295 6296
4130 4131
9697 9698
6704 6705
3642 3643
8556 8557
4884 4885
9327 9328
1360 1361
3765 3766
6423 6424
3093 3094
4984 4985
7077 7078
2195 2196
768 769
7373 7374
7065 7066
9380 9381
5428 5429
7303 7304
1047 1048
9868 9869
7538 7539
6466 6467
7379 7380
7932 7933
5887 5888
7934 7935
2725 2726
1549 1550
8080 8081
8588 8589
5640 5641
4917 4918
9505 9506
5616 5617
6036 6037
8150 8151
1414 1415
7191 7192
1315 1316
822 823
8239 8240
8864 8865
4253 4254
3540 3541
6488 6489
5824 5825
3486 3487
8054 8055
932 933
7730 7731
6921 6922
5082 5083
8319 8320
9270 9271
3427 3428
7393 7394
3740 3741
3307 3308
1413 1414
5596 5597
9021 9022
1580 1581
4608 4609
5942 5943
3755 3756
4904 4905
3214 3215
9191 9192
4327 4328
412 413
3266 3267
61 62
3009 3010
9860 9861
5414 5415
7557 7558
8176 8177
3134 3135
9846 9847
6000 6001
4676 4677
5777 5778
8215 8216
2438 2439
7667 7668
5068 5069
1527 1528
9719 9720
7509 7510
9849 9850
378 379
3842 3843
78 79
5936 5937
315 316
5717 5718
8197 8198
5382 5383
935 936
9714 9715
9417 9418
5950 5951
8975 8976
8674 8675
1695 1696
3813 3814
6607 6608
3798 3799
545 546
9940 9941
4215 4216
8462 8463
4450 4451
7266 7267
6968 6969
7124 7125
4375 4376
1621 1622
5265 5266
5735 5736
8713 8714
818 819
2708 2709
6207 6208
1122 1123
7299 7300
8950 8951
5338 5339
8454 8455
3452 3453
361 362
9929 9930
6405 6406
8371 8372
319 320
8922 8923
4328 4329
9485 9486
5178 5179
4875 4876
36 37
4097 4098
8325 8326
5104 5105
8866 8867
729 730
8420 8421
1188 1189
1245 1246
6514 6515
9682 9683
2338 2339
4750 4751
2995 2996
1271 1272
4147 4148
6861 6862
83 84
1039 1040
5796 5797
2861 2862
5898 5899
2684 2685
1430 1431
588 589
2748 2749
6912 6913
2750 2751
3909 3910
4963 4964
4370 4371
74 75
2688 2689
5749 5750
8088 8089
2474 2475
2219 2220
5419 5420
2645 2646
8901 8902
4925 4926
9010 9011
4539 4540
1165 1166
956 957
3579 3580
6662 6663
1491 1492
5757 5758
7101 7102
9085 9086
5409 5410
1172 1173
6591 6592
6511 6512
3043 3044
722 723
2702 2703
302 303
8756 8757
1475 1476
8386 8387
9250 9251
7081 7082
3800 3801
7345 7346
8408 8409
5483 5484
762 763
1359 1360
9679 9680
8449 8450
2774 2775
308 309
1415 1416
9371 9372
1640 1641
3887 3888
9261 9262
9019 9020
3439 3440
962 963
9692 9693
1604 1605
7399 7400
9974 9975
7584 7585
2699 2700
9609 9610
1421 1422
7332 7333
3825 3826
310 311
4020 4021
9227 9228
5650 5651
8838 8839
6404 6405
4910 4911
1815 1816
8289 8290
7309 7310
6218 6219
9353 9354
6810 6811
1010 1011
8214 8215
3309 3310
3558 3559
6361 6362
5579 5580
3999 4000
4227 4228
6938 6939
441 442
6663 6664
6555 6556
2313 2314
4239 4240
4760 4761
2506 2507
409 410
407 408
7622 7623
6746 6747
1577 1578
3517 3518
5197 5198
1689 1690
1228 1229
6349 6350
2596 2597
591 592
3717 3718
5967 5968
4039 4040
9584 9585
9977 9978
4338 4339
6479 6480
9623 9624
7894 7895
5027 5028
4982 4983
2437 2438
8178 8179
1811 1812
7882 7883
1119 1120
5391 5392
3090 3091
7275 7276
6233 6234
2193 2194
5807 5808
6037 6038
7355 7356
7828 7829
1620 1621
6143 6144
1850 1851
2550 2551
6546 6547
3897 3898
3779 3780
5658 5659
8343 8344
7705 7706
4585 4586
2024 2025
4670 4671
1362 1363
3129 3130
3406 3407
7459 7460
8621 8622
6236 6237
6617 6618
3919 3920
3021 3022
6339 6340
9445 9446
2056 2057
1142 1143
6518 6519
6491 6492
7603 7604
7480 7481
9527 9528
1487 1488
5619 5620
6449 6450
9963 9964
1092 1093
3761 3762
4261 4262
9217 9218
2878 2879
7951 7952
1964 1965
4344 4345
7193 7194
707 708
6389 6390
9657 9658
9357 9358
8305 8306
5453 5454
7063 7064
5980 5981
2889 2890
2241 2242
4590 4591
5266 5267
4119 4120
1502 1503
8479 8480
9611 9612
3503 3504
5714 5715
1256 1257
1783 1784
7073 7074
6913 6914
4703 4704
2924 2925
1718 1719
9107 9108
5793 5794
7994 7995
7349 7350
4653 4654
156 157
3394 3395
2020 2021
674 675
5365 5366
3289 3290
6611 6612
3592 3593
4483 4484
3950 3951
4742 4743
1341 1342
9522 9523
2816 2817
7010 7011
2320 2321
1115 1116
2389 2390
3760 3761
4827 4828
944 945
6418 6419
6615 6616
5373 5374
8679 8680
6818 6819
2174 2175
9111 9112
837 838
9509 9510
3615 3616
4660 4661
1500 1501
4027 4028
1948 1949
3288 3289
8121 8122
4230 4231
7955 7956
139 140
2483 2484
1895 1896
8965 8966
8787 8788
293 294
4330 4331
1217 1218
1669 1670
5996 5997
2117 2118
1720 1721
527 528
4843 4844
9864 9865
8763 8764
1663 1664
4961 4962
3727 3728
1979 1980
3597 3598
2880 2881
1194 1195
9801 9802
8857 8858
5629 5630
5719 5720
503 504
2260 2261
5458 5459
9309 9310
813 814
115 116
2764 2765
3523 3524
600 601
7250 7251
9352 9353
9660 9661
9461 9462
9893 9894
9912 9913
8543 8544
5464 5465
2470 2471
3959 3960
486 487
8446 8447
860 861
3253 3254
946 947
7383 7384
1512 1513
8135 8136
2131 2132
706 707
4075 4076
7092 7093
2630 2631
8451 8452
6917 6918
1591 1592
4559 4560
3738 3739
1209 1210
3970 3971
5830 5831
530 531
2879 2880
7278 7279
3165 3166
7919 7920
5236 5237
2575 2576
5272 5273
7060 7061
107 108
2183 2184
3147 3148
8369 8370
1782 1783
4498 4499
8294 8295
6858 6859
5545 5546
1329 1330
6728 6729
5786 5787
1023 1024
4134 4135
7156 7157
1433 1434
4440 4441
5071 5072
6069 6070
3404 3405
9765 9766
4202 4203
1166 1167
1913 1914
4990 4991
8890 8891
6253 6254
969 970
7110 7111
2200 2201
5771 5772
6222 6223
6420 6421
253 254
6290 6291
4126 4127
9857 9858
2789 2790
4489 4490
552 553
9992 9993
1214 1215
775 776
5834 5835
3272 3273
9231 9232
1896 1897
160 161
3646 3647
4065 4066
5917 5918
7545 7546
9943 9944
6504 6505
7131 7132
7086 7087
4284 4285
2464 2465
7515 7516
480 481
7409 7410
7910 7911
6876 6877
3815 3816
3067 3068
263 264
1625 1626
8274 8275
5300 5301
5684 5685
6947 6948
6158 6159
5787 5788
8681 8682
4680 4681
2100 2101
3318 3319
5839 5840
7121 7122
8229 8230
5876 5877
4560 4561
3104 3105
476 477
7968 7969
6801 6802
3807 3808
9125 9126
8084 8085
4264 4265
8711 8712
7462 7463
1254 1255
1823 1824
2153 2154
1127 1128
7774 7775
4633 4634
7569 7570
6773 6774
1307 1308
7851 7852
4894 4895
337 338
9979 9980
7555 7556
450 451
1080 1081
6010 6011
8007 8008
3742 3743
4259 4260
6271 6272
5058 5059
7387 7388
3817 3818
7438 7439
7328 7329
2292 2293
6524 6525
3938 3939
7877 7878
3453 3454
844 845
8871 8872
4705 4706
4989 4990
6561 6562
6070 6071
3113 3114
4966 4967
4934 4935
6206 6207
8995 8996
1633 1634
8987 8988
2206 2207
8741 8742
2221 2222
4453 4454
9176 9177
5429 5430
8362 8363
7719 7720
3255 3256
4809 4810
6066 6067
6251 6252
7848 7849
362 363
8284 8285
6997 6998
7815 7816
1397 1398
6784 6785
7217 7218
9771 9772
9647 9648
3476 3477
5345 5346
3883 3884
6667 6668
4906 4907
7276 7277
2795 2796
8068 8069
4545 4546
1615 1616
6248 6249
1687 1688
7365 7366
1103 1104
3792 3793
76 77
1601 1602
8570 8571
2828 2829
8307 8308
2660 2661
9060 9061
7004 7005
8247 8248
9126 9127
9510 9511
1693 1694
9114 9115
7264 7265
7057 7058
454 455
5389 5390
4941 4942
8043 8044
9653 9654
360 361
2646 2647
5063 5064
187 188
7869 7870
136 137
3375 3376
8387 8388
9042 9043
7479 7480
5440 5441
4413 4414
8785 8786
6986 6987
9172 9173
1229 1230
1356 1357
5100 5101
5664 5665
3049 3050
5370 5371
2072 2073
6079 6080
2500 2501
5905 5906
7322 7323
2337 2338
1914 1915
4936 4937
9336 9337
9110 9111
6090 6091
4624 4625
1405 1406
5046 5047
5581 5582
5141 5142
2504 2505
3466 3467
7662 7663
8518 8519
1903 1904
3899 3900
8012 8013
2177 2178
5040 5041
144 145
4063 4064
2829 2830
2498 2499
1327 1328
8677 8678
9300 9301
1070 1071
255 256
9959 9960
3103 3104
6462 6463
4032 4033
5339 5340
4287 4288
6565 6566
1293 1294
9325 9326
7585 7586
6489 6490
1173 1174
6166 6167
8925 8926
7158 7159
2275 2276
7811 7812
3293 3294
5906 5907
2883 2884
6610 6611
3819 3820
7274 7275
1645 1646
5038 5039
8659 8660
9649 9650
7749 7750
387 388
9236 9237
8490 8491
9494 9495
2005 2006
9068 9069
9723 9724
6413 6414
6729 6730
2851 2852
9331 9332
4430 4431
8008 8009
7660 7661
858 859
6571 6572
9737 9738
5864 5865
3546 3547
8774 8775
7594 7595
1525 1526
1787 1788
4150 4151
7744 7745
261 262
4553 4554
1918 1919
1881 1882
346 347
8894 8895
6080 6081
5612 5613
164 165
4079 4080
9301 9302
3037 3038
5472 5473
8976 8977
4838 4839
9433 9434
7777 7778
8861 8862
8333 8334
6960 6961
7031 7032
8820 8821
2701 2702
1261 1262
1230 1231
3132 3133
1705 1706
6928 6929
8069 8070
6920 6921
5168 5169
4024 4025
1132 1133
8277 8278
2700 2701
1875 1876
8439 8440
6245 6246
9144 9145
541 542
9962 9963
5407 5408
8391 8392
8342 8343
7817 7818
7642 7643
8553 8554
4193 4194
5147 5148
9688 9689
7884 7885
2357 2358
5413 5414
2617 2618
8813 8814
5692 5693
8055 8056
3389 3390
2378 2379
3879 3880
6492 6493
9517 9518
6582 6583
6689 6690
9599 9600
7019 7020
823 824
7257 7258
4448 4449
9098 9099
2077 2078
4385 4386
6226 6227
5262 5263
7738 7739
1723 1724
7470 7471
3203 3204
890 891
1120 1121
8427 8428
1924 1925
2683 2684
5809 5810
463 464
172 173
3581 3582
9964 9965
6860 6861
1220 1221
9343 9344
251 252
9397 9398
1133 1134
2503 2504
1244 1245
1134 1135
5244 5245
101 102
5778 5779
6133 6134
8660 8661
3593 3594
7617 7618
9727 9728
7394 7395
5709 5710
8612 8613
9658 9659
1771 1772
447 448
1364 1365
9267 9268
9188 9189
1210 1211
3994 3995
9279 9280
3878 3879
1798 1799
5482 5483
1264 1265
9741 9742
1654 1655
1332 1333
4839 4840
6068 6069
8929 8930
4084 4085
4978 4979
9604 9605
6844 6845
4521 4522
6596 6597
8552 8553
6287 6288
2116 2117
7001 7002
6719 6720
4634 4635
1117 1118
4408 4409
9750 9751
1440 1441
5057 5058
3574 3575
2087 2088
4526 4527
5220 5221
1772 1773
4878 4879
3170 3171
2898 2899
1957 1958
4221 4222
9226 9227
5109 5110
9884 9885
4170 4171
4219 4220
1770 1771
571 572
9726 9727
3827 3828
7709 7710
641 642
1219 1220
5073 5074
6964 6965
7247 7248
9492 9493
2231 2232
8154 8155
9248 9249
9788 9789
2709 2710
7301 7302
7364 7365
9296 9297
5496 5497
2366 2367
1753 1754
8645 8646
5818 5819
384 385
3312 3313
9347 9348
9725 9726
4691 4692
7595 7596
3111 3112
4101 4102
4533 4534
2167 2168
4642 4643
1968 1969
3333 3334
1561 1562
436 437
2591 2592
2801 2802
6313 6314
4292 4293
6521 6522
4542 4543
9578 9579
6515 6516
9770 9771
1207 1208
6241 6242
5502 5503
8188 8189
9268 9269
2508 2509
5791 5792
5871 5872
4276 4277
8979 8980
5288 5289
3949 3950
6650 6651
9998 9999
6903 6904
42 43
388 389
4111 4112
9382 9383
1199 1200
5865 5866
2796 2797
1246 1247
4766 4767
4070 4071
5593 5594
6196 6197
5469 5470
4768 4769
3563 3564
4888 4889
1658 1659
6125 6126
1537 1538
9222 9223
4696 4697
1653 1654
4915 4916
7804 7805
1303 1304
6878 6879
2729 2730
9253 9254
52 53
2876 2877
2196 2197
1480 1481
3932 3933
6302 6303
615 616
2285 2286
2921 2922
9700 9701
1067 1068
1099 1100
4299 4300
141 142
2525 2526
9260 9261
1572 1573
1253 1254
6636 6637
9044 9045
937 938
1989 1990
2468 2469
6828 6829
9425 9426
6240 6241
9718 9719
3468 3469
4091 4092
5029 5030
5781 5782
3271 3272
3304 3305
6978 6979
9881 9882
9796 9797
2284 2285
2216 2217
4235 4236
440 441
7203 7204
9991 9992
3803 3804
3746 3747
9366 9367
4000 4001
643 644
3279 3280
142 143
861 862
974 975
1468 1469
3323 3324
9204 9205
3051 3052
8349 8350
8667 8668
8463 8464
5919 5920
377 378
2714 2715
5595 5596
2673 2674
2383 2384
2236 2237
3735 3736
5590 5591
292 293
6643 6644
6350 6351
3863 3864
223 224
6414 6415
5622 5623
9202 9203
3835 3836
7696 7697
2436 2437
3360 3361
488 489
1735 1736
9715 9716
1756 1757
7281 7282
3678 3679
6965 6966
1086 1087
3092 3093
3515 3516
9478 9479
3094 3095
8507 8508
8897 8898
783 784
8183 8184
7784 7785
6007 6008
4725 4726
1849 1850
2394 2395
6785 6786
3756 3757
3856 3857
993 994
5484 5485
7017 7018
8004 8005
624 625
5055 5056
7615 7616
8275 8276
8381 8382
4902 4903
5245 5246
1931 1932
343 344
9937 9938
2033 2034
1907 1908
7726 7727
6353 6354
5214 5215
8198 8199
2546 2547
513 514
6614 6615
9086 9087
8497 8498
3262 3263
8011 8012
9680 9681
9190 9191
3081 3082
4804 4805
1608 1609
8821 8822
7607 7608
2004 2005
9762 9763
5160 5161
6768 6769
4592 4593
6328 6329
3763 3764
6171 6172
1656 1657
8261 8262
6762 6763
8794 8795
3290 3291
3804 3805
3095 3096
4098 4099
8073 8074
4879 4880
3625 3626
3210 3211
4109 4110
2568 2569
3498 3499
2075 2076
2743 2744
2602 2603
3541 3542
2819 2820
9828 9829
3443 3444
3423 3424
2227 2228
3869 3870
4824 4825
907 908
2899 2900
5352 5353
5072 5073
824 825
2634 2635
5779 5780
9393 9394
3723 3724
2435 2436
4805 4806
6799 6800
4269 4270
382 383
6323 6324
4840 4841
9618 9619
3989 3990
7961 7962
6487 6488
2628 2629
5268 5269
7201 7202
4889 4890
1622 1623
9766 9767
9041 9042
8841 8842
4311 4312
6246 6247
7857 7858
9848 9849
2946 2947
5321 5322
1643 1644
7105 7106
1450 1451
6038 6039
4761 4762
4575 4576
2420 2421
7523 7524
8049 8050
9695 9696
3056 3057
6927 6928
9886 9887
4707 4708
9451 9452
8059 8060
3971 3972
519 520
4154 4155
3444 3445
7108 7109
1046 1047
2344 2345
2947 2948
8825 8826
8747 8748
4671 4672
8740 8741
7291 7292
3107 3108
7928 7929
9145 9146
6509 6510
6700 6701
8331 8332
4313 4314
2170 2171
1575 1576
9800 9801
7381 7382
8560 8561
7683 7684
6225 6226
2288 2289
650 651
7863 7864
6584 6585
9915 9916
3663 3664
5366 5367
5510 5511
3570 3571
3623 3624
3141 3142
2849 2850
8400 8401
1123 1124
9621 9622
4589 4590
6258 6259
7068 7069
4781 4782
4105 4106
8984 8985
1709 1710
6497 6498
9889 9890
1007 1008
5354 5355
632 633
790 791
1259 1260
8185 8186
9888 9889
7163 7164
6201 6202
7850 7851
6901 6902
5134 5135
3865 3866
5578 5579
1741 1742
6664 6665
9507 9508
5952 5953
847 848
2694 2695
1768 1769
695 696
7382 7383
5899 5900
6800 6801
4357 4358
7837 7838
233 234
38 39
1395 1396
3795 3796
6838 6839
6782 6783
7375 7376
4355 4356
5707 5708
2102 2103
3925 3926
4656 4657
7685 7686
6472 6473
3601 3602
5770 5771
5943 5944
2853 2854
6268 6269
404 405
6357 6358
1843 1844
7251 7252
5752 5753
5445 5446
8695 8696
1779 1780
9843 9844
9626 9627
4179 4180
2544 2545
3369 3370
4852 4853
5479 5480
2398 2399
542 543
3974 3975
2192 2193
4188 4189
1993 1994
5531 5532
5971 5972
1869 1870
7540 7541
1193 1194
1882 1883
2758 2759
2552 2553
9481 9482
5524 5525
277 278
9713 9714
2845 2846
6270 6271
6588 6589
9071 9072
5611 5612
846 847
8417 8418
5542 5543
92 93
877 878
4322 4323
2718 2719
7398 7399
1754 1755
8742 8743
9177 9178
5476 5477
550 551
8557 8558
