4540 4559
312 2797
1117 2049
3664 1993
3612 2873
1526 108
1582 3580
2727 249
1745 2612
1183 1623
344 3678
547 42
1340 2093
1894 4385
2949 1946
3766 403
4162 488
2955 2963
3189 3919
17 3939
242 2224
2716 500
3467 4213
2338 4173
3363 169
3848 4375
1534 2593
598 7
2418 1549
431 3420
732 1773
3958 4380
1206 702
3296 566
4152 1507
3920 353
986 2232
581 1555
4314 4429
3843 4392
1823 4494
921 1566
3300 25
1813 2192
539 3821
2012 258
575 92
1668 4298
3033 1337
2491 4442
4402 4046
455 349
3182 4333
644 701
3522 3990
1680 4102
3171 2633
1327 541
1383 3690
4351 1757
772 1892
370 2710
742 344
2275 4145
2104 4297
3715 3435
1339 2274
3548 633
2438 3621
2201 2206
4459 1692
4274 1791
1428 2754
4250 37
439 1481
973 2269
2929 4033
2442 1024
1171 958
4539 2779
2028 154
3996 1842
1768 256
2656 3758
1613 4257
1100 1297
3232 3911
3219 4116
2504 3199
2746 3959
215 4487
1640 58
4022 2436
2217 2199
1452 3101
2012 1459
1721 2116
4233 670
2729 2806
1269 3861
949 932
801 2804
76 387
2764 1272
3499 1856
2306 3182
731 3971
1219 2863
1996 1463
1248 1377
1709 2245
2547 3489
1387 2422
1815 4443
3037 2057
969 1196
1594 3850
1386 2637
3284 1136
2443 3858
1024 4484
4229 1111
1130 2749
4448 2846
1409 4360
4113 3651
1364 3743
2248 1264
4368 773
4231 2092
2714 2405
2236 3704
2091 4191
2167 3005
3748 4016
2926 64
4104 4416
4421 2216
3791 3398
124 2769
3580 4090
3016 2027
3071 4437
4194 2272
2922 379
2894 3913
1951 1610
2367 767
3781 1191
3547 2381
428 272
24 1389
423 3083
301 4112
2765 3927
2653 2509
743 833
1495 634
1533 460
3993 1858
3537 2403
3569 3369
3713 456
1921 3343
3604 4063
2499 2453
2007 399
2004 4471
4305 2863
1865 1948
528 2910
3030 1378
1120 1357
3760 2766
2974 3849
10 3992
1652 2181
2309 4154
1027 1968
4326 3551
2111 1807
681 1512
1150 4246
1387 2441
1673 2997
3428 3418
2187 1634
4 1413
3922 747
1243 1527
2663 3784
4502 4081
420 693
1467 3286
4456 560
2004 4155
2513 2398
4490 1552
1392 1430
1306 757
2151 2036
511 2486
1345 1490
1601 1583
2383 864
887 1755
1491 2079
3262 673
1480 3124
3012 3556
3818 2656
1299 3219
3941 2441
3199 3546
254 3327
3155 3360
2072 641
3582 3742
2413 3388
2875 2592
2735 2048
1450 1691
1958 1318
1180 589
3934 3320
4110 3813
543 3536
1050 1356
1730 2882
159 4364
3207 308
1060 2352
2546 1290
1047 3023
3239 294
60 3006
438 2223
2087 2772
541 3601
3579 1257
193 819
3569 2180
2715 2032
4184 3
2923 2207
2095 2604
3696 2889
3376 830
2697 4085
3912 4188
2248 3944
2099 1
1685 1249
2755 2432
1160 2772
659 3444
4487 4346
3810 522
1845 536
2124 941
3747 3784
394 210
3478 164
2808 2177
2818 2342
3531 3896
427 3094
3192 4386
23 2493
4041 1763
1123 3161
2948 3518
2904 1820
858 3436
475 3381
2816 740
340 1860
1733 784
459 3589
2361 4011
2156 1365
3654 311
3084 3817
4322 453
4024 3712
4412 4463
611 2685
68 418
4048 483
3974 497
621 3242
482 2209
2066 215
4172 47
757 3163
2849 3038
2892 3845
3327 3082
4080 1579
797 1782
1279 3483
1259 2189
380 3089
1464 4130
1488 2620
2864 1264
461 2196
971 848
235 3581
3705 2959
1963 683
739 3627
3105 4410
4349 59
4032 2284
1333 2913
4347 4148
231 2634
4389 4320
512 808
4515 1802
1595 3052
29 2106
2034 3507
1318 1749
2366 3470
3226 2649
3173 2794
2905 1980
207 1857
2166 1867
363 2969
1980 3718
426 491
2967 4215
3970 4395
1837 3396
2787 3554
2991 74
4124 2187
2999 4419
1915 322
2463 1316
557 335
2052 1193
1220 2559
2944 2566
2720 261
158 2502
1582 3684
1317 674
392 3751
1300 1618
3942 1353
4175 4143
3414 1085
4407 923
2950 14
3321 2289
1208 2724
3914 3500
3602 850
3040 2054
2750 4156
3410 2528
2269 2389
1068 2170
2562 3728
2377 1046
3214 1637
481 936
1029 3577
649 72
1766 1417
78 686
193 3842
3305 2585
3894 1002
2825 3693
26 4284
3846 832
4536 1420
1677 2990
2046 1379
2864 2530
348 1248
4183 2947
1233 50
4377 1486
2115 3503
2728 1529
436 678
2793 1662
2702 963
3375 4461
1076 3597
2666 3280
836 4445
1377 1193
2783 476
3386 3535
1341 1383
2630 1835
1255 1280
296 3811
1972 1425
3317 3471
1227 151
3094 2404
1614 2557
624 2658
2254 1651
1197 1852
4239 1865
2031 1242
3227 3273
2146 1816
1653 1328
1419 1076
1254 1536
1165 2481
2147 199
3381 1427
48 1520
1236 4488
3521 2466
2997 3270
396 2858
1701 438
1363 4496
2272 3421
3409 86
2002 2233
4158 3912
2300 107
1189 2178
3021 2152
1010 700
1346 3100
3389 2345
1345 4428
3643 2044
4170 1861
185 1759
1777 1494
1926 4063
3917 3488
2321 4325
2541 2221
2817 719
2854 2616
4180 4054
1205 4094
724 3686
3605 529
368 3746
3762 3179
545 4053
2138 1501
491 2020
2074 4476
4123 2205
1561 680
81 1826
1617 4492
1184 2230
1944 1380
354 1825
4105 2804
2476 2819
952 3983
2127 3255
1323 2419
4416 592
1735 2809
281 1432
2023 3171
3016 664
2534 129
97 3869
1461 4166
2509 775
2315 3192
2733 4437
3766 3641
2467 1046
200 3303
1722 546
3438 3783
1134 225
886 4197
3714 1407
1661 3962
4108 4399
916 2764
2593 4386
153 341
3948 2890
2130 570
4331 4498
3553 19
2064 3752
2079 4028
1719 3433
338 1500
1298 2549
561 2332
2768 3278
3341 3097
1555 3090
2821 792
3559 4475
2689 4076
3860 3197
3241 1954
2227 3377
3136 3681
4177 3269
2856 4426
2564 4422
2159 451
2235 2480
355 1886
1702 2176
3004 2146
591 3585
108 50
2703 2278
1549 2619
1896 2759
4179 2246
2470 627
118 2482
3363 2286
1314 908
3638 1176
61 532
818 1413
980 4511
16 1772
259 2940
3987 3811
2618 4470
4445 1303
4522 2175
2686 1447
974 4311
4505 2887
2445 2733
2284 2457
2101 2424
1166 61
3354 2680
2951 3930
2003 4166
1204 3603
209 2298
2411 1158
3459 2432
3689 1580
1891 3632
322 3287
1797 452
3530 1201
2636 587
3514 1321
3412 505
681 2643
4043 1066
1784 4381
4372 2287
740 1643
3220 1462
705 687
926 4296
173 2171
2603 3456
4323 1789
4041 2496
1846 3198
4120 4066
3382 3627
2511 2564
3988 3950
4096 464
517 3690
3898 2657
1128 1599
3356 1783
4506 4175
1738 2078
1129 852
698 1416
1898 1929
3009 2915
2638 970
2241 1490
3152 3121
3961 1253
2756 2132
388 1330
62 2552
2978 3551
1309 425
2806 677
1308 1976
3472 3991
2883 3838
3300 2576
4517 2256
2341 339
893 802
3671 463
327 1120
1072 1273
3475 2908
3137 647
3251 4373
2185 3331
2687 752
4301 4293
964 1668
1062 2109
440 4226
1659 2917
968 1089
1243 3371
602 1637
4073 4069
1918 365
3881 218
2290 219
1047 1194
3864 1991
3282 819
1942 1887
3678 404
424 3332
2391 2600
2841 3257
1751 1187
3174 1674
3903 4036
879 2710
444 2322
666 313
979 120
4284 954
79 3542
1009 3562
931 391
3257 1368
1192 4167
4446 2909
992 343
4459 1231
1489 1708
1596 93
2136 2584
2851 3874
133 1329
1511 2200
1841 1137
4332 1605
1899 3978
474 1019
2190 2295
1075 1112
316 1148
1784 4414
3675 1342
102 4291
3093 2328
3051 2623
4403 199
3908 4280
4091 3878
4275 2570
4159 320
1686 1839
3606 3562
3786 3187
4201 3686
1848 1170
131 1405
293 3664
2549 666
2573 768
237 3854
3406 2282
2989 3661
2386 3041
4058 3936
223 2455
36 723
3044 472
13 2075
3512 1984
1787 357
876 2805
51 2914
4514 906
720 2470
1336 3157
372 224
3204 972
2135 2370
4303 2270
1119 2795
3497 1390
1005 2223
520 4531
3615 2672
3480 4181
3161 2204
1806 3592
4074 2684
2701 2989
3609 2404
1207 1209
3365 3594
3068 2946
4198 3725
281 526
868 519
746 1761
1179 3446
3031 3312
1269 3938
2807 559
1578 4150
1706 3853
662 4173
554 2375
3072 3274
1943 263
3244 1832
570 3340
4009 601
3596 1651
3932 1912
3144 4368
3904 2580
1041 262
3743 694
2473 3726
2143 2139
4519 3776
2623 3544
1199 3886
1245 123
1454 620
2835 1958
4306 2686
2680 3367
1647 3241
3758 1694
1483 2652
4161 3124
2606 3326
1067 3196
899 1517
2161 1548
1536 834
4165 4141
4127 2420
3593 1059
2851 3757
762 2472
168 3610
3216 2582
1944 764
4295 1758
2011 3997
4402 1912
1180 4300
478 328
506 1278
3078 1451
3634 3065
4345 1723
1001 2414
2773 3928
274 3052
534 3191
2684 3322
86 3160
304 367
496 2637
1943 3918
2811 4118
3416 337
2830 262
2184 1206
2228 1694
552 4179
2357 3351
3137 1688
862 4146
3805 3346
4452 2961
247 2343
2831 3076
3497 4075
2665 637
2979 3414
3792 4334
947 4236
3815 2789
53 413
2343 2907
816 2437
2326 544
576 663
1080 1695
2813 3685
1330 3538
3348 1049
1905 4500
2153 1446
2450 2748
2150 1294
1670 3750
3677 2301
669 3695
2164 3604
4503 3284
125 4508
2500 3195
4255 632
4514 3920
3081 184
3104 3083
2193 3819
2805 590
3335 2253
4468 2138
4164 3243
1065 576
2869 2966
3218 305
3623 8
3156 2188
1934 2687
2480 255
1325 3798
2955 1477
2204 2452
640 1109
191 3331
1845 1200
701 3876
2529 4092
336 2424
1741 4340
4011 1203
3565 318
4408 3017
996 3944
2912 3629
4345 2309
1780 3867
3720 2827
1355 2527
4432 1058
1726 661
4217 3614
1746 19
1718 3181
1411 3663
4102 4219
1992 2262
1717 2535
1283 1079
2395 1449
2931 216
1324 4347
1505 2489
383 2872
791 4317
2114 993
2065 4288
1094 1436
3440 962
870 1175
4072 1492
2055 4526
1964 2235
1152 911
141 629
3704 2898
457 1576
2660 1922
1227 111
4270 156
2228 2412
89 4393
2614 2144
3009 3536
265 934
282 2462
1760 4220
3318 2659
4157 2391
3984 3260
4486 3877
3047 377
3433 3909
3629 3273
3179 169
1051 716
823 2962
297 613
2856 3050
3998 75
2367 2949
1864 2035
2873 2590
3639 2538
2433 1131
4056 73
662 4383
1323 74
3631 1004
1183 3036
769 2735
4350 1979
3923 4227
435 145
3730 976
146 2046
786 1218
695 2062
4261 3150
4289 2208
2492 2418
735 388
482 1520
331 1230
4280 3000
1620 3869
913 2692
3003 2858
2881 4225
892 235
1301 820
1930 2410
3330 3868
2670 2704
2834 616
1151 109
1364 4271
3420 57
1796 1669
2801 1030
384 518
2198 4014
156 2488
279 1999
930 3517
1580 3506
1875 690
1061 1130
518 2305
1587 194
220 2118
303 500
4191 1921
824 1310
1270 3188
4159 1263
2719 3328
1244 2774
2852 118
2726 3856
3120 2314
4027 4256
70 3857
3757 3967
4020 4439
878 2676
2000 1789
2529 4439
2092 4493
2126 982
896 2558
3739 904
2777 2165
3933 2773
2165 85
167 1317
2226 2849
3653 3974
2717 779
580 4540
3978 4185
3586 1849
3311 2484
1765 1984
4465 127
3731 1133
3747 1608
4430 3423
4070 3238
755 4441
3634 2100
1004 3508
984 1828
3232 1843
2761 3610
785 1629
382 396
331 450
2574 4276
2066 492
3267 3450
3272 1905
807 81
574 4277
47 1198
143 3197
1156 4467
2293 1814
4087 1666
2094 2231
3658 1682
3749 3098
3863 4275
764 4452
4488 940
1751 1286
3269 2682
1372 3395
3020 2119
12 3107
1895 816
2973 771
1327 4161
507 839
2070 3709
3898 2638
2026 400
101 11
1032 1055
298 3991
1883 164
1385 414
1572 1613
4375 1494
1109 1648
2159 2538
2040 1073
2140 2814
2240 2347
4360 4500
2417 1167
796 3642
236 4189
3167 2174
65 4132
1506 1053
75 987
3889 1175
3380 3421
4019 1568
1995 402
323 3102
275 2301
4517 3635
3573 4186
3706 1435
1210 3778
4453 1252
4526 308
2238 2467
3669 1442
391 142
2492 336
2645 3110
3106 2770
2998 284
3506 1829
3828 4098
1941 2571
1850 4177
2178 3987
3676 821
4454 3596
634 3053
2860 3858
4203 1410
1511 2440
4361 231
3108 4283
4111 4501
33 3340
3125 1622
4499 790
6 963
3504 568
2930 3587
704 2674
4114 881
445 2115
3458 1489
4480 1095
1696 4066
3276 4208
4142 2091
454 2833
1906 2870
3072 3653
2897 956
3253 3814
3524 2934
3274 2647
2249 2900
4405 1435
1335 3287
761 3900
2545 907
604 2839
1012 1213
1262 3383
3667 658
997 3687
3872 389
573 2872
956 1741
2107 2374
2037 279
1443 2182
2182 636
1307 1716
4422 2067
15 263
4477 1523
1115 4391
3866 1104
2718 1556
3096 3649
2583 1713
7 1900
4534 3910
3891 2449
1867 63
2721 1518
3188 35
4023 1701
2464 2827
3298 1019
126 1449
4047 2310
4067 870
3495 399
1962 3983
1007 1439
985 2625
3750 260
1646 402
2401 1417
3548 2339
38 4362
2456 2407
1276 1210
3708 1322
602 3113
1615 3180
4043 201
1393 411
1965 2114
2217 1295
3669 1674
3121 1881
3885 3364
3142 1350
4125 3408
1948 3424
758 2650
4249 2439
939 361
4505 2862
349 1039
1045 895
504 3541
390 4535
3334 2181
4034 2950
4187 4093
1437 4352
1445 53
3662 2270
415 1866
1503 4520
1554 3599
435 230
3101 1498
2673 1965
1288 4248
1960 2444
4385 4192
4267 1185
3812 1110
749 2055
2693 1764
2587 3815
2430 1226
1089 1736
37 2252
2969 3568
1214 2533
3495 3264
3929 2581
2709 838
3089 226
4055 55
972 408
2931 1222
3918 3884
247 2514
2082 4372
1158 1256
4504 3355
3561 2554
2243 203
2848 4215
3297 2433
1541 3355
3598 2610
2302 3012
4315 1458
874 2857
4388 3282
1332 4444
659 622
303 1069
2933 4292
1006 2921
181 2459
31 702
2540 326
3156 781
1715 3349
708 2317
4404 2921
3177 4264
2739 91
3755 476
2110 2172
3852 3785
2154 1316
637 1636
472 3591
3744 1485
3258 1348
1963 2400
2544 1369
3206 2384
3870 2590
1467 845
1443 4129
766 3824
3306 721
1472 2561
4007 3302
4046 1840
4473 4513
980 4210
3445 967
1291 3953
2707 2062
2188 1717
2088 1140
1320 2296
3732 252
1466 948
180 67
546 3943
3271 3806
51 268
3795 3325
359 134
4359 1564
2415 104
3239 3775
2410 3915
571 1514
4149 2962
4067 2240
2779 2829
532 3738
1167 3573
3512 1770
41 813
4220 3004
3909 2481
3765 771
502 151
2253 1450
4110 2875
4420 4324
2848 3816
3968 1664
2015 1756
4127 944
4310 1358
938 1968
1619 975
267 1699
2320 1773
1861 1837
1092 4430
3843 2180
1590 1639
741 2025
1868 4304
4358 1374
2237 697
3976 1824
3259 815
4367 265
1899 3010
3802 4206
21 646
3560 3067
22 2651
3076 2890
2879 4218
2191 3407
2156 1545
1241 3130
3888 422
1343 619
287 1082
2821 4245
2390 1573
4172 1293
4128 3841
3469 2667
245 3178
1044 734
1987 2705
3566 4051
873 3880
968 4539
3496 978
4321 1221
2986 903
1125 1989
942 2601
523 1897
977 1163
1737 3465
1876 1368
966 3927
4209 3502
385 3530
1382 4148
3795 1070
755 4082
3434 2967
3845 746
3630 1815
4062 1031
3507 1627
3230 1679
3949 4341
104 3899
4409 4363
1457 2421
3971 99
364 1922
2131 66
675 3323
1260 4359
3570 3048
859 1274
3578 1768
2778 2618
3609 179
257 3283
418 4185
2251 2919
2937 1725
1617 542
1061 679
1487 2001
1265 3493
623 1880
3498 4214
4435 3601
3870 129
900 2006
1395 3170
1447 1659
4423 1178
2347 1304
136 3466
4371 1226
2845 2987
3117 995
705 3064
1429 3670
2197 665
1122 2488
620 866
3540 2357
3055 4419
1682 3473
3706 3616
2382 3731
3430 856
3533 3692
2458 4037
2213 3290
2200 209
1652 1068
3391 1457
1412 2247
3356 3317
538 4418
791 2767
2755 553
945 1476
2963 1695
778 924
3479 1675
3538 549
3112 2401
2098 1236
3644 1463
1048 4243
3471 897
4038 59
250 2696
4018 1657
3705 2694
712 3711
2258 2218
742 3523
2086 2677
1827 3763
390 393
3059 670
1504 4330
623 2444
1349 253
2988 4069
1232 2395
2452 148
4181 2574
1683 3100
521 523
1728 2440
1103 204
1470 2445
2427 1635
3639 652
2744 1092
2822 2597
1982 426
197 998
1177 3525
1008 948
2372 826
3968 1022
4111 4469
703 183
3060 3260
3595 2758
561 300
2279 4533
3821 2439
586 2435
1687 3220
4288 1036
890 875
1461 700
3844 4307
186 2068
333 3553
770 662
3889 508
3255 395
835 4282
3737 4126
2917 3288
2832 4119
2329 1777
1654 618
1446 3701
2249 3358
1589 3203
551 989
760 3913
3805 3444
1564 1716
184 1270
3563 1402
2752 1949
1688 829
4448 466
1589 140
586 648
3151 3595
1525 4299
3938 1735
2406 40
795 4453
3183 1039
2207 1985
1874 330
1650 906
2460 3462
325 3657
4006 2542
2137 1411
3185 4427
1729 1898
2065 2999
3613 4418
3894 3480
3871 2580
342 3688
851 350
1977 766
4121 3916
1530 3877
419 1996
2213 2271
351 2390
1755 1232
2589 3879
3980 2605
1350 1879
3117 445
2960 2128
44 1604
694 1908
1740 239
3984 1367
565 712
639 3087
2153 2022
270 2483
1625 1649
4441 1657
2982 1885
1914 1017
4254 2998
71 4030
1001 1986
2399 2535
3965 4261
4032 2695
3168 4005
2619 2942
1571 1146
524 4224
1606 3424
3689 327
4421 1782
1692 3139
3184 3900
889 1242
2393 4210
315 1975
1049 1633
2698 1017
208 2627
2994 605
2605 1596
2679 4197
2220 1403
1672 1287
432 342
3392 2354
4080 531
3068 4031
876 3902
3490 1003
811 3181
3855 3956
711 582
139 4287
3341 4495
3123 2709
366 3079
2378 3663
3301 1664
2002 841
1351 2823
1642 1372
1824 2745
925 4392
932 3451
960 2932
1803 484
2179 2363
762 2016
617 3463
232 3901
786 4100
2865 4324
406 4038
1574 2722
3037 3058
4335 3223
3737 3529
2973 2663
43 562
1767 1597
1973 655
2098 3633
2474 2537
302 1670
2112 2197
144 4247
2883 452
3141 3561
2144 3586
3102 274
1118 316
2295 4221
640 3320
334 3542
2039 1311
3838 713
4497 3308
1562 2208
3552 4072
4364 2021
869 631
1035 3470
1646 2247
3543 3882
242 1245
3410 943
3748 1889
1434 2134
1977 2419
3194 3090
2696 2324
3972 2068
3129 4115
1993 2008
377 1034
4460 1335
1361 3461
404 4178
1680 4449
489 2490
951 4423
3018 1099
429 1018
2328 2359
2057 718
1704 550
3439 2607
3056 3780
2887 2833
3411 114
411 1289
2708 635
71 1847
2954 1324
3979 4492
24 880
1185 1034
2292 2000
1510 1353
918 70
838 2569
366 3322
1774 2323
1997 2045
693 4057
4344 3923
1126 3602
1855 3800
1997 3008
1904 790
4315 4021
1590 3032
448 1060
3518 774
1506 714
4216 2581
2212 4049
2472 3402
1408 2874
2646 1851
1686 4088
1730 1478
195 486
3379 1278
3339 535
571 3806
1343 3633
1537 2430
1786 1550
73 840
3106 1148
3468 898
1234 2063
964 4035
3360 2232
1164 2292
1873 1309
4506 456
3438 1697
3754 1077
2429 3278
4483 2558
3969 3510
2414 2349
2842 315
3647 2838
2457 3280
299 110
3194 3449
3018 2847
1844 4365
3923 944
4342 3201
696 4223
3233 861
4211 920
1086 3128
1292 2340
4059 2368
2936 419
2991 1742
511 1007
1137 3041
1382 1913
2706 1828
4256 4527
3801 3779
984 141
1585 3683
401 563
612 3380
2097 988
986 1131
1630 188
2591 4098
2245 4451
1957 4363
843 2870
2268 738
3140 1618
4524 2971
3033 1553
1901 3409
3324 4285
691 1217
3697 3036
4230 2382
603 2531
2757 1217
3163 443
4096 3237
799 4365
1147 2812
1163 4016
2027 3557
3240 1102
4149 583
1671 4164
2669 135
3146 1812
1928 2607
2525 302
722 2863
171 2542
4473 3716
661 4265
416 2775
4269 4204
1684 2604
3577 1014
3442 1452
2119 2034
1870 1515
2545 1496
1770 1873
2314 2371
622 1025
2484 751
713 202
4051 147
982 905
462 4012
417 2536
817 3275
3116 2551
2533 1011
85 2753
2958 2904
3994 3772
163 2201
745 3832
2514 3099
4489 84
444 689
547 3990
3086 2033
332 3583
2826 3666
2324 3022
2202 4447
1914 2028
3571 179
516 496
2353 3741
2215 1182
894 3914
3776 643
2428 2307
3279 69
2979 2104
1778 2711
3395 2754
4055 3172
4101 35
1362 3594
4341 3793
3224 1522
3736 212
2251 4512
1196 4433
4489 890
1799 115
2126 2886
3902 1149
2176 3876
2713 2785
3925 527
1930 1394
1187 290
1792 2498
2642 1425
3545 1352
3691 990
1577 877
4092 2215
2993 1808
2594 3673
4015 2140
664 3648
3665 3646
3158 2005
3344 1731
946 466
2578 3314
564 2624
737 1595
1373 117
779 2548
3104 2838
183 2749
2194 1854
3190 690
800 1907
4391 820
3688 2317
1201 992
2431 1724
569 2571
3880 2338
93 3130
2250 3622
3526 1702
2631 345
2076 3899
2280 2521
2278 2499
3066 2678
90 2356
2589 1909
2828 3658
2615 2471
999 3359
2846 4525
3741 3625
3005 502
821 171
3474 3306
3683 3528
1258 2579
2325 1817
4527 3231
1502 1029
4309 2675
128 3254
628 2622
715 1795
2141 4294
955 716
3887 2335
1384 4235
3431 1281
3060 1838
3672 4025
1629 155
542 727
2257 2297
4440 2209
87 362
4336 2780
3254 1110
54 2500
2957 1920
603 200
4117 697
1338 397
2487 569
2469 4326
629 1388
830 2506
1559 165
2606 1162
3394 714
3544 1624
1740 266
922 3293
4297 4244
765 1976
205 3248
3307 3510
4374 3797
1021 1529
2565 2087
1577 2639
3735 866
1359 1838
1870 672
1042 1386
2786 3516
2475 2654
89 1915
2186 3550
102 1832
3967 2554
3216 2609
1808 3133
4367 4523
2103 774
2168 2294
3887 4193
3465 3831
2690 3791
3390 378
4334 2297
4290 1551
1020 1000
860 1169
3770 3892
855 3745
4472 1477
4036 3717
1551 1054
577 3120
1235 3326
4444 471
1189 877
128 3358
2855 3804
447 105
4251 3547
2058 219
3809 2052
1299 3834
4343 2519
1776 1138
3369 3740
1882 2610
2903 3986
3126 3865
1931 3888
4454 4107
1700 271
3479 4260
1576 3527
3325 3539
3722 3794
1403 895
107 192
3367 256
4272 1056
2040 540
2229 201
1935 145
241 3460
1924 2885
1141 2938
844 1687
4420 1606
1934 633
3873 831
1938 588
858 1162
1274 651
1614 2794
15 638
3850 2288
49 4501
441 2102
970 1779
4354 3419
3812 588
2158 946
4234 230
4524 1016
4531 3198
609 4503
488 573
4225 1385
1106 3038
425 2192
3007 929
4344 3432
879 3628
3339 213
4401 3045
881 3787
103 3472
3707 2725
3503 2348
1542 1404
3045 2078
595 3267
3723 2924
943 777
1492 4068
1429 1925
3290 2312
674 1015
1850 2162
3191 1672
1077 56
2450 867
945 1176
198 1258
2118 251
3554 3702
1462 1319
2446 1877
1538 1396
2751 2358
251 2128
4217 1440
3533 1484
578 3672
1014 3676
2363 3874
744 2526
3440 4246
2107 2158
4436 433
1805 1194
4530 2952
4230 3600
3398 2939
3782 1441
2947 2961
655 2579
282 2565
2719 159
3391 31
2370 991
1546 725
2548 3867
1300 1427
1261 3976
269 3285
45 1054
1778 2819
3233 1460
3947 1419
803 4085
1437 1843
1011 3692
305 3578
3087 2641
2640 3943
1112 3817
2060 4377
2671 180
3567 1021
3945 928
3218 2199
1332 1736
1810 454
1726 2665
3193 4424
3475 2316
4079 3607
887 485
1572 3729
3172 3208
1433 2022
1096 3911
1531 1275
4035 1173
3631 1565
983 1398
3719 39
2250 577
3746 1588
1696 4400
2745 3964
4 88
2318 1406
1519 1525
2880 2664
137 4089
1347 1172
861 994
1853 1097
1949 492
3955 730
4313 2335
3473 1395
1872 998
730 720
2476 1376
4464 3661
1044 1973
3620 4021
4105 4264
3376 1628
2280 2517
747 4396
1756 1334
2583 3513
520 4168
545 437
2274 2033
1263 1444
1326 1164
381 3549
3271 2977
656 2528
2024 2047
2629 3861
2174 2242
2713 1314
4413 4109
1124 1466
839 4047
1384 2291
1052 1436
2083 4211
535 4482
993 4285
957 2566
3374 1545
3062 2758
2724 1367
389 2845
2495 2662
1831 4455
3584 264
2191 2495
2331 3266
529 4056
3640 480
2042 4309
1711 410
3459 1471
3790 583
1138 4003
1796 3165
3650 351
1988 3070
3481 857
3598 2726
1470 4536
375 3345
719 2563
2596 4507
1283 4252
3872 4329
4071 2671
2625 3673
1084 3736
673 1410
2776 2983
900 1706
4397 2882
3299 4467
4182 536
4062 1893
2626 1225
4427 2807
321 3614
506 1602
3145 2844
3178 1810
4006 4395
1091 3057
4307 2832
3014 1381
2014 1522
2843 3797
759 3707
3856 510
1084 2790
927 421
2380 2840
1213 4519
875 4470
3442 849
158 787
1145 852
291 1647
3466 3584
4417 4534
3314 1575
264 393
1885 2748
1002 1157
2945 927
3541 4369
557 3222
2096 1260
4028 1433
458 4007
627 4199
1705 4471
3342 615
1563 123
2120 2760
3767 4509
2423 2925
3896 373
1203 1325
4311 1124
258 369
1752 3571
1103 112
357 3151
1528 3624
787 1150
706 828
286 1088
2628 4004
4529 364
1955 4002
2536 172
1775 1174
2340 2086
4538 1418
4042 601
3481 3490
1082 1585
175 1459
1127 1762
4176 750
3043 3822
284 4436
165 2522
3315 1331
1127 4196
653 3215
1805 2179
3635 2244
310 1013
1800 4405
4404 1073
1376 4443
240 1418
1602 613
3844 1355
965 292
2438 1388
224 34
1240 919
3960 2888
1611 3735
2398 3250
3204 2594
2763 1123
2728 3582
4049 4383
3796 105
1819 3851
1117 1398
2555 2816
2874 1540
3092 275
1149 865
2267 2396
2254 227
465 3126
2978 4173
2312 125
238 2893
3857 1141
6 2368
1744 317
1202 4351
1067 4485
4378 2609
585 955
270 2161
2919 3742
1972 2088
2221 2842
4078 1600
2521 4205
4435 1994
2795 1028
669 3304
1018 3549
4415 3017
1200 3308
5 1586
3491 1814
2425 1036
989 4491
3575 259
255 474
2688 2527
1830 480
2327 3522
2556 2061
3025 2811
3681 1788
4122 3930
1305 3064
1945 2553
4093 3303
4003 4370
1223 1953
1178 2056
4469 3825
3114 1732
4367 2630
739 4236
2595 3636
1284 152
856 401
1442 2546
3446 4325
2503 4379
3013 2397
3745 1978
98 1391
2096 915
2975 3024
3617 2575
3519 2555
3175 3975
2035 3143
2503 1400
487 3210
3085 4124
220 2868
4053 2475
3875 213
1962 625
4042 3077
1375 4397
428 374
3680 799
2731 796
1690 2796
3928 4037
3026 692
4277 1514
1739 4015
4079 2797
3511 2183
3432 3526
38 2371
2683 3875
3378 4521
2142 3945
1311 2647
914 3056
3759 1282
1619 3014
457 3725
1256 2373
3297 4163
2378 1601
2351 1834
1583 1888
3509 3515
1567 556
3556 531
3001 3055
4242 1328
1174 4090
837 2417
2080 2697
3209 1502
2171 2304
1584 901
1157 1858
4106 3650
2798 403
2936 1759
3587 4337
925 3222
2090 3910
1460 537
1037 1819
2896 976
4457 4133
2485 236
3788 2987
300 3387
2487 3668
3019 2451
2853 2294
767 555
2198 1734
610 3960
4018 2598
2093 4212
3558 2061
1781 710
2897 160
1798 2791
3138 3313
132 617
718 2972
4429 2815
2106 3044
2602 329
2723 1715
3435 3677
409 1008
3295 3895
1956 3276
685 2116
3848 2980
3400 2705
1581 203
672 2652
1234 3818
3618 827
3477 2810
4050 4273
288 1592
1713 4245
1750 3738
2121 978
1440 1237
3228 1114
625 574
3695 1378
763 2448
904 920
157 4346
3727 671
4352 3480
2553 1916
1241 2936
1025 521
2162 3566
4339 2959
2021 513
707 1658
595 3353
2019 1231
896 2992
1842 3396
2729 217
4257 2230
249 3713
1863 3389
3864 936
4050 4070
3032 4310
567 307
3488 1509
1202 360
2611 295
2777 3574
2992 2611
2644 1725
352 212
3201 1099
467 1907
2720 3397
4281 3362
2823 1370
3302 398
4356 3606
278 3067
4052 1807
2257 3366
2372 150
3632 3393
2600 4013
3516 400
3427 2184
83 4458
1697 3749
2434 4033
3575 2699
862 4222
3262 1656
2008 699
1703 1166
1161 957
1952 2308
4134 2268
1535 4319
2388 2206
4300 1268
1259 3370
687 3915
3645 538
3921 914
3576 4144
541 3490
268 3940
4104 2913
2506 3366
39 21
3597 2861
4073 3176
98 3833
4303 2353
2869 2195
2953 549
3061 1540
2820 3164
594 3589
3286 2050
1342 2694
3270 2394
216 3236
698 2631
4171 243
2844 709
3546 2210
2233 788
2186 2712
2202 4289
1237 3448
2704 4255
1081 885
903 4428
420 4532
326 1090
3294 1059
187 2510
1979 394
3885 157
1882 3674
3779 20
1357 3842
4479 1737
558 1927
785 2736
144 2255
2342 175
1676 1083
1373 44
2753 4107
810 2599
1561 4447
3422 2339
1932 3963
2920 2930
1262 2522
4113 1584
1766 4249
1119 2355
3277 988
4163 600
880 723
1295 954
1951 2622
1992 1362
2760 1275
590 3482
2003 1286
1071 1801
1639 2927
1271 688
4108 793
1216 825
1451 4462
3007 3970
1971 2944
1441 2289
3593 3321
2918 436
1421 950
2977 1747
1458 2089
1512 2776
1633 329
2591 3486
974 2635
1344 4027
1348 1634
3027 2443
2615 2350
2520 162
2559 686
161 4466
1513 1474
2727 1116
928 3652
1487 3208
4136 2742
243 3453
18 2568
3108 1648
4348 4430
4010 2252
1788 2781
208 3883
221 1532
1771 3919
4515 1593
1853 1282
3732 2798
1152 3822
1147 3714
3572 3989
1344 534
76 2803
2152 899
3995 2801
598 4412
1530 699
1524 1033
2605 1517
997 2447
2723 4290
4398 917
2570 4382
608 341
850 1952
1473 2907
1352 3985
1115 709
4000 1391
3833 2479
2968 667
1064 4087
2323 4338
1261 2123
1900 4331
2331 206
1472 2110
4339 3155
822 921
1421 2013
1393 2226
4198 1975
2668 356
1690 773
2537 424
149 2306
4376 4202
1369 743
1847 138
292 4095
1719 548
1101 1924
2037 3445
1615 3895
3115 3337
776 1983
1524 2834
824 2854
3315 1396
2471 587
2945 3702
4001 4145
1966 869
4478 323
3906 1215
3464 2621
1290 2626
3947 3361
2009 708
606 1660
2263 4387
2230 3333
3469 43
1064 3585
1950 1817
160 4133
417 2311
4252 3761
1026 3701
2702 2946
2346 2934
3607 3509
3186 2064
2407 2929
3362 3210
283 2595
2815 4446
4183 1558
2464 1744
2855 1186
2613 1075
2714 3096
527 1186
1347 1594
4394 3581
80 2072
2980 2911
3342 4321
2026 133
804 2782
2866 4267
3699 2302
4122 1987
1537 1493
1224 2330
3059 2586
3980 2050
2743 245
2071 1643
2043 1632
3498 4438
1691 3660
5 232
1769 1190
1798 2017
1533 3494
3674 3165
287 1890
214 4507
4336 2953
3624 3951
485 1995
1588 2941
1881 3397
2227 2789
2556 2185
1153 334
901 934
4115 2512
848 1599
1125 3103
4213 3266
222 4476
3387 2172
2560 119
1834 2614
3235 1712
4008 110
346 2577
851 1743
3370 3975
4370 2145
3078 405
559 493
4248 1676
3086 4253
1764 1171
3307 1539
2925 4313
3636 2814
3835 464
4332 1392
1532 4281
2225 1326
1946 3868
4415 10
312 4227
4268 3890
650 3957
1151 1699
367 3638
2155 1981
1160 1381
4355 2519
1859 3849
1404 2400
3275 1484
2025 3313
860 1287
1683 1729
4106 166
3143 3035
2712 3786
310 1663
3727 1874
836 1042
2449 1337
4411 2234
3088 1742
922 2264
950 1456
4227 2453
3753 410
479 2265
1105 430
168 3132
1635 4153
1118 392
863 4263
1033 544
4490 1468
4010 2530
585 4232
2661 1280
2657 789
1627 4186
1872 398
3194 3608
412 2956
4207 2768
886 1108
4376 1424
3281 3827
3436 3039
804 2479
3028 2330
893 3511
3170 3668
621 1423
4262 2139
2642 4466
501 2166
3521 498
525 3160
3247 3816
1095 2291
1720 1831
1083 4014
1851 4192
487 298
4214 3980
272 359
4414 756
4174 3494
1714 1296
154 4486
3977 3263
2970 4000
597 2385
386 72
543 3659
3641 469
3986 800
2894 3145
1360 1408
1600 1012
2839 3015
386 2237
3063 2293
1144 3166
414 1080
1928 3265
4074 1645
2271 2901
1431 4190
2239 2273
1155 564
2515 3122
2389 4178
2361 3956
4450 2428
3205 919
2195 2715
3730 2243
1071 28
3352 146
3357 3719
239 1961
4139 1919
4521 3959
2154 3525
2695 422
591 2996
803 339
2149 1748
433 3572
555 4233
449 1320
3431 1911
3213 2909
1656 2006
1871 3042
2629 2567
2386 1094
2160 1804
4139 1967
3404 646
2190 163
891 2739
3981 4208
3656 1645
1504 4387
2029 794
3922 458
3630 2783
3027 2149
923 1456
3782 3434
3703 1889
1940 1132
3246 2416
3925 3141
910 1422
3285 854
82 844
2018 3417
4076 2964
2497 3954
1970 1223
722 2067
3933 3455
2784 728
2094 1862
2316 911
792 2214
2852 4296
1666 3015
2465 3924
1916 1969
1399 2966
1534 1195
2588 375
3429 4394
2056 3319
3454 3999
2685 2573
3768 3221
1836 2083
119 4299
432 2567
1453 2311
2071 2676
3173 257
499 2981
106 1738
4101 2810
2900 2103
1671 3946
3804 3029
4389 4475
4451 3492
2841 3279
338 28
1897 1338
3252 1902
4511 710
3835 2337
1423 1750
291 167
604 4169
1424 4400
2205 2313
4312 229
155 3899
3954 3166
2659 1179
3499 1265
4529 1548
4045 1906
96 2109
2393 3476
1205 1128
2624 1880
761 1195
2011 937
2016 3110
2903 4528
4276 1658
1707 2965
2780 3403
2113 442
2222 374
1159 2621
797 2547
2653 985
2534 939
2313 2734
3710 4425
2502 114
1998 2942
1821 4135
1289 4034
178 3184
2041 2405
3324 3372
4510 3622
294 3659
2957 2244
3075 484
4493 916
1108 2053
4137 2592
3437 826
3185 533
726 3384
1313 3493
1043 3798
3684 4002
2516 2740
3309 2752
3830 1731
2575 1875
685 3187
3813 938
4112 4478
2876 3852
2850 611
4209 2878
1909 1754
872 1931
335 990
1479 3837
3826 2497
2448 20
363 174
2085 3147
1501 4068
3615 2375
4491 3955
1087 1586
2508 473
3226 1644
553 3401
3418 2788
1566 4138
2878 3897
65 829
2261 684
1849 3153
4242 572
1567 3476
4479 1678
2458 1431
3020 2408
1473 1401
3400 599
2456 2562
2307 3131
1031 515
3337 2937
1877 1923
845 2576
1918 2038
1679 3905
63 1361
250 285
4168 783
439 2304
2884 3903
2435 4352
594 1140
1114 828
1407 2948
3847 2501
3926 510
2672 3865
4205 1105
2673 4235
4151 2392
4259 2013
238 2596
4485 884
3783 4162
3724 1170
843 296
727 1142
3963 3084
3081 805
2494 2767
505 3082
641 3428
3708 2319
3904 959
395 3003
1792 2796
4483 2385
1544 4353
3385 2167
677 806
3931 894
4064 3810
30 4497
584 177
2137 64
2507 3588
3304 2069
4147 1199
540 3982
96 113
2346 4116
1228 3550
782 2141
4328 4318
1277 1641
3013 2108
295 223
2122 3264
656 913
95 1188
2344 3952
4083 3456
642 3332
1371 515
1051 1126
1420 3371
3168 1346
2173 4508
3773 651
2431 3454
525 1911
2015 2460
371 1986
4058 2800
1985 3739
619 1482
2808 3685
1793 847
4086 2788
2986 3866
3154 3771
2572 4082
3443 526
1305 3402
733 4232
470 889
1866 4241
3696 2771
1855 3485
2408 2077
1482 1852
4266 1833
497 2255
4142 2425
2345 3613
1266 3291
2409 2922
909 3478
3777 3477
1711 3760
3295 1892
2218 3357
3687 3924
4496 3195
2661 2490
1531 4304
1351 1801
22 4140
1546 2721
1616 1947
3135 2708
3528 3531
3893 2732
1628 3656
4204 27
1563 3777
3148 1876
823 2843
1285 18
2862 4004
1486 94
1862 2135
3855 3225
1239 2703
3796 228
1981 4095
100 3859
2902 277
1739 4005
381 3419
1917 724
592 1620
1528 2648
1272 4380
3520 2300
4022 3378
1354 4238
4274 565
905 2283
3202 2108
3258 1363
1222 3047
3759 1704
1469 3447
2569 1448
2478 1516
884 116
2074 355
4131 2974
3655 3231
122 4520
2599 1625
3625 2740
524 3146
2923 190
2627 9
2164 46
2982 2905
3734 2461
513 1
1209 3552
649 1794
276 2975
4434 953
3111 478
4329 2995
1818 1665
3457 1135
4240 4155
2211 3649
1830 1964
3250 204
3831 138
3710 4263
3365 3167
2792 2315
4382 407
320 1942
1887 4540
2329 966
3491 3802
1010 4528
4357 3711
2451 166
4254 2541
2241 1488
479 3496
969 3937
584 776
3611 1480
1698 4480
2964 2602
654 3655
3468 4221
4477 1356
3901 2362
2831 808
597 3484
1070 1552
788 3487
3682 2770
3789 4442
3492 4481
3728 1370
3608 2308
2358 1401
2654 368
909 2081
1096 2560
657 2526
2951 4472
1092 3112
660 1277
3993 337
387 1779
121 2491
2651 1969
3425 3457
1426 2668
3763 750
2409 1023
2786 1315
3808 4103
4379 4200
1197 3698
3024 2682
2636 3050
2259 3230
423 3035
2958 3413
3243 4314
2010 3000
1791 3441
754 4494
3729 912
4388 188
3793 3557
494 2379
1869 1612
4431 3463
1432 1753
539 4366
447 1145
3212 3186
3256 2938
3196 2759
958 2101
2885 1950
2105 4312
2829 3564
3460 3288
1483 3029
616 940
2193 3662
1786 3555
809 1785
1009 2813
350 841
1027 1135
2267 4195
4286 1188
3347 2336
3621 3520
2168 794
1508 2082
3985 1207
3066 4327
2 1022
253 4150
3637 552
937 299
1988 3570
1091 2769
2151 3579
926 260
3225 2031
615 173
3775 596
2664 1134
3781 1273
3825 2586
27 2129
1605 572
756 2941
1535 3330
1495 1106
2911 1623
1856 1667
684 4147
1322 3034
2281 3957
3240 551
2359 471
2935 2513
4484 1611
1250 1308
2133 3031
4008 4512
252 1610
4424 2273
3854 579
4237 3085
1754 1800
947 1703
840 581
1547 3534
2129 1142
1752 3244
97 1247
1724 477
4054 1287
4065 645
4180 1074
3474 1414
3174 3836
1003 2222
1630 4306
140 142
726 3977
3092 2577
3001 4317
3268 4195
1956 1359
2722 4302
2081 3026
3234 2927
3715 3981
4084 3716
437 610
3373 1878
1669 3841
218 3123
522 4228
4353 4137
130 4097
1846 729
3881 2582
3128 3699
2275 1959
2369 2412
3514 3769
3202 1026
4272 2041
3147 1184
135 1998
1999 1133
4056 1603
3253 1139
1822 849
650 1204
2239 2881
1208 3508
2042 3236
3787 1132
1519 3293
4350 3651
2916 214
1960 353
2287 758
127 2552
668 361
2836 1139
1743 2601
330 1542
1144 3950
431 4426
2210 1961
4084 737
3485 3077
3820 4077
2132 2468
495 579
935 2266
3772 1685
4279 999
4206 1523
3425 4182
2426 1116
1919 1732
2454 1839
94 4322
1565 717
2183 3095
4340 1400
314 3819
3406 780
973 2620
3249 16
1038 4157
3997 952
1917 2757
2029 3051
548 632
3349 2644
3590 547
240 3426
1560 1065
1475 2633
4495 517
2220 3949
3756 174
2648 578
1945 2084
1710 1550
1050 874
1603 3090
3799 148
530 1246
706 1111
68 407
2970 2766
3144 4354
1252 2485
2466 2551
3619 2321
2058 1655
25 4438
652 4109
1728 3940
503 3884
1389 2373
3301 3375
3203 4239
873 2889
3973 132
2826 2009
3753 2563
112 3778
4425 321
348 854
55 304
1587 416
981 347
136 503
2523 3559
88 1891
190 1616
84 2286
2737 2482
3626 2384
1397 1291
3755 3504
356 3046
2751 4059
630 4061
2017 229
1448 3223
2234 1212
4349 4152
1097 354
1823 383
1749 814
4455 1840
2356 2732
1604 453
3483 3261
2891 1940
3388 301
2880 3962
4417 2145
3393 1475
1358 3080
987 83
4287 490
2059 1045
2984 1829
1192 961
1689 2691
2756 2163
32 3057
1360 176
3291 4268
1107 3323
1803 614
3936 80
3427 3408
1032 1955
4202 3405
2030 2892
52 49
1000 753
1939 1035
3310 2337
1836 3074
2871 2112
1774 3931
101 4143
4283 929
358 2608
2282 1903
1896 3988
376 3794
309 1727
1644 2877
2640 3990
1787 2643
121 4343
1920 3666
3010 3769
4040 4024
3242 3515
1406 3390
4286 2532
4020 865
3998 612
273 3221
831 2896
100 3350
4061 2939
347 4100
1825 4265
2912 3524
137 3215
765 614
422 1974
3139 79
2670 3352
2731 4023
62 3694
3098 4292
979 4114
2454 192
4464 1748
2123 2681
2675 2635
4298 1941
1560 2791
3105 1859
2001 3443
3527 2737
221 2047
3907 3088
575 3404
626 106
1154 1306
770 857
3305 14
1397 4091
2463 1978
2030 2125
378 4099
3893 1062
3964 1169
2933 1708
3452 4146
3751 3703
1641 949
4474 2406
4017 3383
1902 1500
1087 4243
1581 3448
3272 4316
2983 3150
2397 3926
1422 2792
741 4462
3116 3540
234 1491
1827 3
54 3169
3832 1366
1214 1844
2750 1426
2334 3136
467 4140
2360 3247
4406 2655
1835 2498
3153 2588
2902 77
3115 3452
567 2036
835 781
1173 1925
2597 2474
3316 1122
628 3462
3251 46
2666 2105
205 1747
2524 3808
4399 13
3785 1161
4393 3048
695 4291
4189 3207
69 1086
1569 4333
3228 1607
290 1181
2380 4294
689 1901
3237 3989
3134 3235
1785 2150
4128 647
3334 2211
126 3336
606 2100
888 3134
1661 3654
2261 1220
1057 2099
4295 941
412 4523
1146 1098
3487 1539
362 1989
809 3193
4081 134
3142 4457
825 3353
1762 2943
4193 2761
4305 3882
1257 1241
910 692
3149 1302
4026 3807
1315 1705
1255 2920
1638 2318
3040 450
3426 1465
891 1239
1547 2515
2825 2782
26 111
2478 3453
3211 3846
1499 2744
3348 4219
1607 1745
4136 178
833 3281
440 182
56 2
373 1910
2089 1268
4384 2871
902 777
1570 161
4212 2812
1820 3999
915 4174
2800 1485
421 1496
4138 1225
427 1266
1394 313
1069 2996
2868 735
3277 2893
1190 4278
254 793
3021 888
1723 2354
2429 2634
170 261
2005 149
34 346
4200 1379
863 1414
1811 130
3002 2360
1579 3338
2483 1434
2216 369
1621 1292
2069 2891
509 2349
1454 177
4187 1515
3091 596
1662 3740
772 3826
1228 4117
3853 244
2717 3942
3246 807
959 3449
3953 1935
4509 2689
52 3801
599 1574
837 1957
319 2362
1558 3234
593 2392
3075 3430
763 4188
2762 3416
1663 4357
286 1057
3080 1734
2679 1848
372 3756
2403 3972
1143 2971
3489 314
1893 1465
2840 2799
293 1471
3567 749
3379 4229
441 745
1883 233
3517 3724
3500 2847
1903 2402
1809 468
490 1559
4279 748
1312 653
2127 2730
1913 3720
514 2258
609 2461
2413 3384
4518 4045
498 2700
3973 3125
1673 717
2124 3605
3401 798
2850 2229
1015 636
859 2901
1609 406
3642 2427
1667 2968
3529 2746
3694 1168
2857 3028
977 306
2990 3603
1684 798
648 1936
2163 311
529 3600
882 473
1288 3979
1129 3467
1593 2007
3907 3929
2738 1181
3513 1229
470 4228
898 682
2747 1626
4502 4381
4141 285
3364 2399
1709 1936
501 1415
1631 3836
288 4398
507 1655
1869 1430
1624 2725
3937 4258
1591 409
2802 1937
2837 4121
4048 3211
2148 2334
307 2305
3829 2924
3413 1177
442 806
509 795
196 1765
3921 2667
3905 4251
2523 2462
2928 3127
2266 280
2699 907
475 1543
4039 589
12 971
189 3049
3827 2377
3054 1794
3879 461
822 2701
1100 3637
1526 1541
1281 1959
3403 1804
4017 1121
676 2706
1333 2817
1319 3611
4308 2299
3294 3058
1727 2043
3545 2049
2376 4406
1553 3992
280 2387
4335 3814
782 4433
4176 3458
2501 1230
4461 2411
1710 897
4039 2236
1154 3113
3770 210
3289 1521
276 2231
2014 892
2073 678
3374 1478
1841 3373
1894 2539
2678 2489
1721 1578
2747 2341
2147 2045
643 3329
2224 2276
1444 4158
626 3946
951 2512
2516 1654
1994 3840
994 3824
1700 42
2507 2865
3733 1238
4413 4009
1279 1769
4044 868
2242 3583
2915 1516
494 1760
3169 1104
1303 2550
1908 2130
446 3392
3411 2434
855 87
2465 481
2348 4156
3091 3886
871 2303
3934 805
2010 3859
2928 92
4316 1074
883 1172
2125 309
2446 1953
3107 3111
3227 4240
975 3537
1102 2379
4463 3667
2336 738
3336 1884
1571 3767
1497 4289
2859 3429
4361 3675
593 2290
1509 1191
736 244
3382 1048
3093 1612
2736 2960
2423 671
1428 3311
4231 3265
4323 1888
1085 736
4434 379
691 2477
4207 2279
2995 1090
32 415
380 1799
4196 3039
2837 668
2781 1653
11 2935
1797 2276
1312 2376
3011 1329
566 2214
3823 4199
4407 558
853 4358
3224 3122
1093 1156
4271 4094
1235 2322
4355 2442
4203 2265
3138 550
3532 872
4060 3617
1211 1153
2988 3132
2494 1802
1020 1884
537 3982
2818 3245
2698 2426
996 4238
4537 4250
3162 3961
1776 2603
2225 1971
3268 679
1349 90
3501 4504
3643 1518
2741 4481
2984 1592
2505 1028
1621 3065
2828 2683
1937 1005
1088 1221
1771 1247
1079 3623
196 3646
4125 2260
4052 1910
2524 17
1267 2681
4064 1304
2632 2830
645 2518
3131 2956
4374 3502
3205 2578
2802 269
3847 744
1072 4530
965 1521
2649 318
332 172
3592 1143
2148 846
2508 3319
3568 811
871 1780
489 4165
3248 1296
4170 4270
812 1293
2473 4226
1078 4132
4390 814
3563 1631
1063 2077
3399 57
4259 3070
2326 2658
1863 1229
1813 2194
465 3952
1455 3154
2544 4408
3943 3467
1879 1159
4258 4411
277 104
514 3878
1284 2899
2505 2169
2120 1037
206 1761
181 463
2690 2277
207 783
818 3073
3312 2420
607 3729
657 4223
2350 455
2820 1497
3620 4449
3941 2916
3069 931
4065 3127
2133 2612
3965 832
3501 3008
3412 2616
827 2344
2895 3133
1568 2771
3354 1371
1650 4440
1544 3665
759 1746
3829 3259
1575 2085
2366 2060
1310 1677
4342 3839
2787 1499
3532 960
4088 2019
729 3415
4012 78
2117 630
2073 2836
4151 3803
4078 3723
4160 4522
139 1165
4154 4144
1313 2738
2784 3792
2613 675
3754 2906
3862 3523
3505 2090
918 1966
1758 227
1321 3871
4119 3249
4431 3245
1954 3591
4403 3148
2374 3823
2628 3256
508 2352
3691 3417
3229 2436
4301 3969
953 3002
2320 2155
405 267
3840 1301
3712 4293
2059 580
4537 1929
2926 734
4005 3249
211 30
2121 1626
4077 3648
374 2122
1698 1101
1469 3958
225 3890
3951 4266
2976 3709
4083 2365
2117 2646
376 3995
2332 4262
1890 504
1276 3296
3439 2203
1016 3539
3069 1168
3558 4019
317 3761
3450 563
752 3628
2134 2262
3437 3680
147 3217
4201 234
3834 1790
493 3118
834 2742
3883 3851
1598 1991
319 2202
4510 3647
1923 2173
115 4356
1066 153
186 2259
528 2981
3309 150
109 1857
443 2908
2867 3790
3451 2189
1938 3206
1416 3263
3164 370
3565 4040
4160 2809
2884 2914
703 3948
1822 2504
1155 3660
1365 2285
3564 962
2260 195
3422 4532
2477 2325
683 1714
3212 1543
1453 4318
516 4308
4533 3906
3932 3590
67 1058
3966 1030
1271 3310
1439 2994
4013 775
2175 266
2972 1947
3095 2899
3071 194
4278 3350
495 3799
1767 983
2416 4516
560 1557
4269 3213
3820 2985
1775 2774
2660 2018
3200 3807
2550 278
2170 715
4030 2277
2381 1790
3679 660
2496 4134
3908 1793
2662 3073
289 1763
1722 733
469 2075
103 1854
430 2177
1527 3190
658 768
3054 2160
131 3455
1597 1783
3917 2387
45 3109
459 33
273 1503
2674 2693
667 1554
2655 3043
2608 2283
1285 187
271 1720
2447 1895
3335 3109
3697 1267
468 2285
1886 1570
2024 3789
1681 2860
3535 1215
477 3407
3773 1339
4465 2122
1254 4237
512 554
1250 1040
3891 408
3733 3560
1366 1336
3576 2246
1493 608
853 413
352 222
725 3626
2876 1078
3765 3700
3726 3157
1681 3063
1689 600
2540 397
2718 2561
3025 2051
3214 2520
519 3229
2388 48
1063 1675
2877 2993
3217 1211
3939 1538
1927 1216
3405 3344
3916 1251
3484 1399
228 3034
2861 1871
4097 789
4241 2866
2394 2303
434 2157
1821 499
3892 2940
711 2954
2493 4371
4244 41
1678 1818
4337 3359
95 2793
4057 3162
1390 3140
3828 1409
3718 2617
731 1455
4234 991
58 3897
1081 3652
2895 2468
4518 2256
1933 2044
3744 3619
446 3543
325 66
1598 2985
748 189
2630 1573
2136 3176
1402 2803
162 4302
2711 3682
1053 2038
1707 2219
3994 3721
385 449
3159 582
1182 812
2048 3200
2898 3180
842 2319
333 2383
654 981
2688 324
1040 2617
191 882
2039 2063
2095 3486
91 3114
3386 1445
3482 3671
3543 4383
704 3863
3289 1412
4222 696
3700 2469
2131 233
3368 4373
1249 1479
1093 3717
644 2296
2532 1464
3873 3734
4224 297
3771 4184
1622 3860
2486 3996
8 1505
2053 3152
961 4071
246 4460
4432 483
3555 4044
365 2741
867 1233
1294 4401
4410 4320
1041 4384
1121 2142
1632 3022
1224 4525
2333 2692
4390 3129
3347 2716
3644 3762
780 864
2835 1023
3657 152
3351 226
170 3030
3616 2886
635 1990
3135 1781
99 1218
842 241
3011 3764
4468 1640
1136 1982
2020 3722
60 2097
2799 2437
2822 2943
2906 283
4086 1244
2298 3645
751 345
1374 2525
436 4474
631 4366
4516 3464
778 1043
530 2355
2952 1926
1967 324
760 1733
3618 4456
434 3079
4218 1636
3862 3046
3612 3189
3097 1983
122 2396
3461 2824
2691 2543
1013 1251
429 3679
4190 1932
676 3415
3361 4001
4273 2421
847 2785
1331 2032
2867 2365
3768 1438
3062 2238
1591 1212
4120 4089
1474 917
2734 2333
4499 2111
4103 1816
4482 4130
23 3839
2707 3441
1557 3318
556 3103
4131 3721
3809 4328
2212 2888
451 3042
1693 3119
3149 1113
3099 4330
4247 384
3159 3177
728 2157
1341 2196
289 2775
246 3670
2415 754
1904 1753
3261 2517
3780 878
4135 2263
995 2051
3534 3788
2568 967
9 2543
3006 2076
4171 1806
2369 4396
935 1868
4169 1498
721 1562
113 1811
1107 4498
4060 462
1006 211
4450 3640
4167 4327
2080 2853
1826 638
2763 2765
117 3252
2585 813
4126 2639
2143 1809
1556 248
1307 3599
753 2219
3377 3074
4253 1712
1052 328
3368 1246
340 1970
3316 1415
2364 663
1240 2677
124 1481
3837 2879
1609 4535
769 802
810 460
382 4026
3158 2169
846 4025
665 1693
1510 3329
2288 1100
4409 1038
605 933
358 2054
3423 4348
533 1340
198 306
4260 4118
2422 29
1757 4075
3519 1354
3023 3505
3183 2572
3053 3283
4194 562
1302 2976
2310 1056
1772 176
1508 1990
2824 2455
3830 624
1642 3966
4074 3829
1253 3935
371 3209
639 642
1468 3774
3698 1665
3372 3345
2402 1113
4458 36
143 486
3061 3764
912 1718
3328 688
4362 82
2700 3447
2351 1507
2511 2669
40 2518
2650 2790
3343 3588
4538 908
2459 3292
1334 4099
1608 1055
3292 2730
3299 1438
2632 182
202 1098
930 2023
2859 2070
2598 2641
2932 680
4123 2539
1795 4319
1933 3385
3338 801
2113 237
3394 1238
3752 1638
4031 116
2264 1660
3693 3175
815 448
1198 2557
1833 3118
1380 1672
1569 3346
4029 2531
2778 185
120 682
1298 3049
4369 924
197 2299
217 2587
4513 3935
2102 817
784 1864
4029 248
1878 1405
3803 360
4378 2645
3399 4153
1513 1476
933 3119
3774 77
942 3019
732 1649
3298 2364
2510 3574
343 1812
2910 2281
4216 2965
4338 902
2327 883
618 2084
568 4282
1860 2743
2584 885
1375 3238
1939 3800
4129 2203
2762 707
