4764 6124
2771 1378
3174 3210
2713 2745
953 321
3812 1854
3919 3026
942 4341
1127 532
432 937
2224 647
1197 3477
2980 4025
1434 4364
3463 2158
4234 2700
4359 2222
1560 2561
4609 4291
4481 3082
3758 2530
1168 3328
3533 2871
808 1290
1508 3696
4589 138
4685 2034
4448 3100
254 204
2828 4472
3543 459
3228 905
3682 2690
2163 4705
4127 1631
3260 2771
2965 3840
1010 934
3819 3742
3478 1935
2111 4250
965 3132
590 1749
140 4484
2303 1712
771 4282
3581 972
3706 2714
3355 3460
1350 719
943 4632
1297 3327
1733 2693
4630 3922
302 2820
3046 1230
4463 2510
1399 1309
2088 1170
95 182
1657 2640
2133 3358
1714 2499
4763 2194
946 1234
4142 4578
402 1205
2755 2608
3270 2590
4304 4552
3168 5
3090 2541
4597 173
2391 3456
247 1599
3857 4365
1325 1137
3249 2594
749 441
2998 4516
3984 3598
4101 4614
4259 3436
4292 2589
93 2771
4357 178
926 88
1075 1398
4450 1014
1506 2890
2275 1608
1342 3283
3832 611
4597 2942
4234 3997
3141 1160
3134 2132
1568 3726
3900 3181
1026 1052
4560 2968
1043 1463
4433 611
2981 4048
2022 3198
794 3936
4218 2261
2410 2905
4160 4180
3492 1265
2062 384
3429 3163
1112 2426
3815 1215
3987 695
4354 1440
1644 3917
4090 1328
4726 3658
2568 3206
2187 3576
3785 936
3699 2087
3150 1293
522 1993
3440 2125
1236 1668
1085 1943
21 4530
3568 3027
1606 3329
969 2718
901 4344
3436 2806
3565 4162
3809 2001
143 2442
2178 3249
1801 4283
2559 2195
4607 1451
154 1677
1553 723
1270 2829
3455 951
1175 3826
919 1994
2091 4610
4744 1507
1799 1675
1608 1501
4099 2350
3957 4463
2698 3606
3839 4310
1036 1142
1491 4200
1724 4160
4587 158
3158 60
1309 950
34 2540
2867 2887
3359 3190
2718 4724
3547 1175
3120 3997
3133 4731
4633 1670
4068 158
1803 3377
3371 639
1597 1314
4390 4094
4214 4360
4723 3043
2238 1930
3857 2933
1589 797
2340 1731
3584 2288
3560 3428
3069 2002
848 158
826 3298
1545 719
3625 1823
3893 3438
3848 2001
1900 174
2357 3799
3324 3863
2026 4493
8 1376
4184 2165
4626 306
4531 1517
4636 3210
410 1039
3472 1429
324 1677
2816 4730
2611 2552
3937 2921
2515 1144
3890 2900
984 4276
3727 424
637 4026
4551 4437
3937 932
749 4260
399 2851
3748 1693
3421 259
2854 224
3432 1258
4270 1887
760 1115
3675 2770
116 402
3205 520
382 1546
3154 4688
894 2268
2203 1664
1106 1026
3286 878
2015 481
3145 2773
1505 3327
2986 3809
1198 968
1361 2888
1308 3247
756 2860
2533 2994
784 2854
4681 3070
2435 3775
2721 2012
2425 287
707 1558
2135 2258
4232 262
3223 1135
1344 4007
843 3833
2744 462
44 534
4737 3433
1186 1734
2685 1341
1829 58
249 3118
257 1804
3811 463
1128 3995
1418 1030
1193 3153
2923 4001
3309 1577
4480 3303
4012 4412
432 1169
1730 3534
1125 4154
4265 3027
675 956
1784 1987
1347 2433
1701 3354
4084 657
4333 1172
1185 3472
1130 2820
2102 127
3186 4315
66 4711
4294 94
60 285
1249 408
285 3807
3686 3321
883 3690
1369 363
2229 2580
3740 3767
2587 3461
1698 72
414 1065
1219 3165
1923 1956
154 3905
1946 1515
403 774
306 2502
3401 1489
2248 3475
2292 3632
1603 217
1426 1452
792 591
4097 1959
4436 514
726 2790
2227 1936
1958 2230
2729 892
91 15
743 3141
3198 3783
4567 3670
3793 237
4632 2529
96 3403
3221 219
1046 815
2278 658
3514 4105
741 1646
1087 2606
2572 1798
3051 403
4500 264
4229 4573
722 75
3415 1541
4754 4462
525 3555
1918 3867
1182 2112
2388 164
3998 2659
4371 3771
4327 1116
1754 2083
2221 272
2226 3146
2064 1959
924 3253
3168 1994
1057 955
3080 701
3171 749
1265 4437
1171 4427
729 1673
3088 1365
420 563
1567 1265
3441 2106
646 2139
1590 4483
2986 2226
2666 2764
2723 1989
1896 2695
4336 2351
2016 896
1715 1081
352 2268
1714 4203
3543 3392
1028 4751
3879 2146
2098 1469
517 1361
3818 673
610 4666
4173 2574
4496 3409
1192 3300
4296 1758
2182 1503
3238 2388
1821 750
158 878
36 4449
4545 1881
1118 4109
3019 2056
2094 1514
608 2648
2584 715
2599 2591
4209 3903
3918 2862
4319 3618
2149 2271
2783 182
952 3405
2235 4206
1232 1546
4111 1005
4437 1590
2079 2811
2713 4257
1038 409
3132 1617
4243 3045
2198 3612
4284 4357
815 1357
1052 2644
796 3542
3957 4279
4338 4721
869 2554
224 805
1935 1505
22 1108
4193 3582
1937 3196
4486 2349
2959 1697
3438 150
922 684
4096 3335
2234 1373
4050 1170
4313 3776
4661 4453
719 3468
324 349
2398 693
131 499
3984 2646
1265 2137
2364 2165
4173 1854
1763 3343
948 15
588 732
145 2378
4302 4654
3011 3434
2257 2191
2448 1872
3249 2268
1042 1698
3884 3959
194 942
913 107
3399 1760
3772 763
1852 2858
1942 3743
2333 848
3796 11
2379 1295
1655 3202
676 2477
1800 3794
2335 1047
1524 1212
200 2707
1409 494
579 3171
563 2461
1589 256
3996 4615
896 469
2394 653
3758 4672
3404 3109
287 4739
2901 3178
3693 3737
3469 4086
156 1531
3048 4160
531 1159
3315 3992
3557 2742
3813 4336
2614 1986
1333 904
197 2230
3445 2458
3205 973
2387 2354
3040 2139
3220 4622
363 3293
4474 1184
472 4344
3262 4450
670 3973
2332 1396
232 3302
3415 3454
1870 1836
3290 1544
406 1966
2040 3265
2096 4062
3249 1549
2364 4407
1331 1117
3875 757
60 2287
3650 1491
3734 139
1862 4156
2935 162
2210 2543
3471 3798
4473 2615
2822 1865
367 4612
2898 4748
4476 3761
4431 4343
3305 2115
1429 500
3085 225
529 73
3387 565
4463 4101
2133 2024
679 4348
4000 1964
174 3097
1176 3843
1564 2588
648 2333
67 3285
1596 329
4352 2649
3355 1443
3085 3642
570 2833
4758 2986
479 1973
4411 2790
3315 3742
2567 3185
2814 4206
2854 4651
2416 784
3779 1706
3639 4236
3198 1047
3352 2037
1327 598
1328 1544
3829 4379
4608 339
4513 2844
1358 1894
4504 4188
2458 1024
2168 1492
1312 2786
957 2558
1994 3076
938 3051
4024 413
1052 2421
462 2208
493 1519
3152 4709
4730 2688
3113 800
3030 3567
1214 2325
2614 4458
2203 2335
1693 2155
2920 111
282 1512
1097 162
3818 3938
919 341
854 4601
2357 1265
3907 559
2669 4303
2346 979
2099 3230
3339 1668
4045 4284
1282 3458
587 1783
3323 664
2435 790
3822 252
870 3059
854 2134
2038 1836
3276 322
559 2616
3730 4725
1904 343
3928 3225
3015 2063
364 2572
747 2999
816 3645
1334 4628
880 3946
1741 4385
3556 639
2801 2947
985 3884
4703 2105
3472 698
108 2389
4621 813
3583 4622
2594 4669
4216 2868
2669 2306
232 104
3417 4559
3502 2801
4639 3641
1933 2391
3906 3621
3277 3533
3497 4410
4387 4143
2509 3383
1256 1682
746 95
3763 3060
2774 414
3986 3085
2762 1266
3783 3297
58 3611
681 516
3142 4666
2936 158
3830 3431
2308 2068
3486 3135
2151 3802
1034 3293
2648 1177
1961 167
787 4740
1598 4622
3220 4553
2019 1707
3934 538
3506 3342
1045 1010
3914 299
3920 1937
3933 3063
1236 582
3585 4638
2173 3508
1419 3326
1223 4526
3232 5
3170 1482
1601 3315
589 1659
3597 3272
3490 651
4432 1948
1153 2566
2170 228
4644 4069
1539 3557
484 1064
723 2407
3971 4746
199 2091
1163 3293
251 1237
4362 2050
1940 1077
4367 2712
2045 1789
2931 4724
3145 3161
3746 1357
4277 3805
253 4231
2497 1610
3935 1283
3652 3512
1314 4513
3587 4317
2854 1428
4072 2731
2910 4564
1122 4492
3208 3554
1824 4410
2924 10
1113 3663
2590 2833
2721 952
1983 2578
2124 3409
830 1880
150 154
2833 1529
3490 2019
2796 1255
1523 1938
267 3091
1710 3290
3753 611
914 1040
1476 3905
1650 1202
4649 3081
1236 3733
4623 2826
2107 535
1959 2353
3941 3506
4355 1816
3858 3042
3763 2778
966 313
1857 3923
572 2679
1045 2907
1749 2986
3964 142
2160 3040
1233 373
1956 3296
2498 1194
702 2689
2 4223
2101 720
3331 2374
46 4669
2195 3600
1866 3051
2759 1994
873 2313
2010 501
2569 4181
1863 3286
545 45
68 1661
4572 976
23 2646
1424 2557
1497 3285
4258 615
3009 3835
797 4145
2041 4290
2933 3346
4731 58
2828 387
2409 1267
4201 1664
800 3710
4402 4183
2131 3581
495 605
4176 3330
687 366
1472 3684
959 1031
2981 4578
1086 2384
3922 1047
211 3581
524 683
2876 902
3516 3889
2845 636
157 2438
4232 4311
1848 4281
1627 539
3512 1298
1138 772
1203 3012
3332 2387
2724 86
1820 2756
990 2690
342 2350
3033 3462
2469 2099
347 1832
2878 2510
4663 609
2866 398
2828 999
3245 4575
4352 2179
249 3130
4465 3330
350 535
1373 3986
2686 1286
1217 224
4182 4585
1047 2387
3353 3873
788 2458
2372 1084
2058 3706
2125 3122
3901 489
1068 356
395 3182
865 2088
2690 1741
4028 2565
3016 4093
1866 297
2672 1908
1564 1841
3490 2856
1812 585
1224 1225
3116 4251
2831 3226
2554 2120
4353 4130
1841 3545
988 3955
2005 143
3623 4035
2667 1623
1770 1741
2834 1120
2256 2624
4432 2021
1846 2990
255 1636
575 3501
3397 3317
2020 4616
179 3820
2431 365
1728 3227
4383 4129
4620 406
843 3652
962 2890
937 4389
3909 2270
3179 2573
3150 3728
1657 130
3092 2964
3079 1039
3592 4306
3585 3698
2574 1323
607 3269
2468 1355
3821 871
2771 3530
861 2632
3707 1322
1395 3347
3522 2151
2879 3562
4485 2165
911 4070
4234 1893
3481 544
226 4089
2263 3020
973 1431
4356 1766
1590 2524
1524 4578
3644 4269
1383 3769
400 511
4092 1325
4494 3840
2432 1535
3470 283
4747 428
3195 1984
696 489
2955 2358
2787 4336
1265 489
1854 1325
151 1470
2070 2356
3051 1109
3056 1880
1268 95
3350 3027
1238 4221
817 3104
47 2147
3694 844
2995 622
2514 624
3184 153
2423 4326
298 4527
4081 3527
3294 205
3395 4677
2084 1226
862 1589
2467 3118
1414 2600
3054 20
1143 756
2055 403
2268 3341
1152 1254
4058 2877
635 3126
3125 3428
1998 3567
137 2721
1353 4641
693 4179
3896 3824
713 4222
126 1069
4185 2954
3694 3591
4557 1905
643 4006
3003 431
1678 3076
2305 4707
4286 834
1819 1098
36 2986
4595 2892
141 3240
1854 2593
1599 1796
1405 1517
4030 2850
447 550
2590 1435
2046 2178
206 4566
4534 2771
1959 831
768 3723
1410 2268
3450 4419
2381 1607
1679 4180
2798 1539
692 4471
4458 369
440 1791
947 624
211 3969
2300 3209
558 1954
2302 1763
1328 4574
1068 889
4656 4121
711 3630
1014 746
4578 3315
4701 4683
3268 1422
1280 3350
1612 4636
2463 1916
2213 3157
3950 3730
3149 357
1415 1505
3581 3464
171 1417
211 3577
1921 1654
1895 1278
685 3366
510 2792
2233 4634
4163 749
2364 2443
3856 160
2840 2638
370 4038
1236 2361
2262 4222
3076 708
3677 261
3069 2387
4207 2280
1642 3524
2502 4337
2942 4526
1902 255
1859 1874
3968 2218
3733 4336
1934 1548
3889 308
2045 1815
1625 4589
469 499
3684 1787
1829 2052
1951 4402
4458 318
656 256
2100 2449
1842 1923
3662 1251
2736 469
1602 2711
2190 90
2139 4674
1010 613
967 4016
3210 989
3025 4481
1381 3126
693 4018
3277 4452
4239 3449
2797 1505
3676 1431
3974 4017
3650 849
4020 4508
3203 2986
2780 2240
3854 500
2436 120
4106 1511
1816 3791
2389 813
3870 649
1559 543
3280 2277
70 1041
4131 4732
3358 2228
1928 2997
121 719
751 2022
2475 4650
879 224
2478 2867
1207 387
4558 2884
4679 3087
4654 4323
1362 3537
3912 3083
1786 1727
1211 1984
4262 2112
2198 3013
1040 2757
1932 2830
4742 3255
3818 1905
2355 1858
1010 2101
4460 3713
1568 2726
1065 2774
3011 2898
3276 728
2791 699
3538 3083
114 3754
2371 401
912 2740
471 3304
1309 719
2405 2139
3358 1693
1062 3728
412 3492
4079 1062
288 778
4346 2404
1309 4351
2090 2400
3300 1683
564 1562
1579 4452
3311 3849
4012 3367
1851 498
1761 3828
3249 1681
1488 95
1756 3452
4162 1045
523 3424
2526 4421
1531 1124
1550 1884
1895 3154
4132 1687
1075 497
1604 1828
4310 456
4097 362
1884 323
3360 3696
3477 2165
3025 3082
3203 742
2371 1160
1768 1960
2315 428
1105 3769
895 4007
709 1901
4489 2482
448 3444
2271 314
3386 4593
1452 1003
1672 766
1556 2094
1810 458
1526 3160
2317 4719
3950 3516
2130 443
537 3491
2554 907
3430 3949
3270 4210
1516 1705
1913 29
3633 1811
931 1408
3372 1713
1852 3598
2451 3051
3675 4167
2209 4664
423 1131
563 3689
1007 3581
659 4726
424 100
2463 1304
4257 1026
4633 500
3940 2605
1262 1194
2407 3801
2629 3839
1721 670
546 3724
3512 2586
4697 1224
1825 1867
1272 730
2486 2847
2963 3934
2124 1884
3260 509
3457 2319
3739 2720
3820 2982
3830 1047
3718 1924
2166 4761
347 3962
1571 289
1582 1160
4155 3401
516 519
4549 2242
1658 475
2150 3769
4677 2078
1348 3846
3630 1744
1242 971
2480 1289
316 4276
3411 671
3489 2586
3838 3017
1884 3631
342 4099
394 4584
4560 1873
4713 1788
1164 2406
3909 2225
4164 2300
2999 4579
1111 712
3183 2590
3639 1379
1199 3943
2178 347
4566 4015
1209 3167
4233 1253
888 2149
190 1053
1425 469
3648 3775
3315 481
1868 3512
1732 3702
2826 4501
2918 2600
4028 1167
3585 4432
4484 1002
3919 2359
3364 121
2670 8
3977 2176
224 1066
500 1221
917 3534
3696 3040
57 1884
376 1217
4481 2389
1543 1622
311 824
1037 3529
3924 1340
4373 323
4412 3367
4172 557
285 859
1598 471
2908 1669
3093 1790
2268 530
1171 3786
1453 4699
2393 2791
1292 2266
1879 3293
3406 6
4434 4758
3224 138
845 4011
993 2802
1731 760
3781 88
1922 2849
770 3518
3995 2050
2474 1416
1279 3585
110 4755
1429 1892
697 1585
1320 2637
2680 2430
2178 494
1429 2216
4299 2390
2365 2592
3396 1456
2823 4506
4744 166
4178 3868
4243 3244
739 3078
1849 2942
4237 1254
75 1479
831 1427
3469 2118
3726 2857
3227 3603
2148 3049
1139 3322
4111 3670
786 4547
191 3641
666 2828
4303 58
2071 2763
4072 1679
408 2361
3359 2298
4490 3874
596 3293
978 2785
929 2580
2157 3191
395 3249
109 1830
2270 65
79 1660
4445 3448
3521 4033
4598 2943
1959 3043
1052 4653
1001 903
748 782
2715 717
2730 3467
4542 2586
2833 4308
847 2601
4340 192
3222 3614
1582 589
285 658
1366 4700
4106 2583
154 4353
3680 4245
2339 332
2949 1694
3375 3650
3243 4117
2948 3448
1516 1397
4464 295
1000 2293
1217 1161
2660 4218
158 453
397 2978
4124 1465
2200 2316
1892 973
2863 2631
1967 1161
309 4603
191 2775
344 4441
38 4535
3855 868
166 4622
1979 124
3654 2748
1054 2197
1353 3568
2207 4203
1688 4671
166 1507
736 3418
290 3731
4736 2839
2985 3736
3358 1000
60 3662
185 136
525 3492
1371 2528
2058 842
2629 1254
640 143
441 447
3201 3084
3647 1375
2347 2240
4398 4603
1981 459
4192 4690
1726 3241
2965 1994
3979 4550
940 806
1285 3284
3287 4460
3008 338
3951 3717
2899 3803
1577 4525
2267 4221
638 4437
1092 4650
301 3921
2883 3849
1003 936
4416 867
629 2227
3426 4463
2704 4358
3397 1754
3065 2019
1316 4485
938 216
3076 3759
2452 3219
176 1026
4268 4578
4576 2733
3145 1945
3306 518
3961 2019
3630 3808
559 1854
1594 3859
1676 2809
4738 1959
916 2219
3320 1529
32 3863
3733 1959
1550 4195
221 3224
1223 3942
1589 2158
4287 3122
3305 825
4594 1635
554 4067
1016 4219
118 801
3591 1470
2256 652
3633 4336
735 1957
3136 60
792 1172
4582 2310
3820 1512
3466 3044
925 1074
2781 1339
515 4305
950 267
3745 2190
3332 2639
3236 633
4563 2346
2080 3114
4112 442
3364 2031
3678 1430
4377 122
619 1133
2722 969
4335 2644
1826 4027
2691 268
3513 1527
597 333
2449 2113
2941 93
4643 2806
3536 4133
2690 980
3024 3820
2781 3251
413 3172
1537 1653
502 26
3369 825
1630 1474
3114 3750
1610 1302
2609 37
631 486
2771 3918
4392 1153
2199 4137
2095 3694
1379 1834
1155 935
1914 3655
4027 4599
3609 693
2859 2971
867 1568
3830 1010
4586 3906
613 2206
1525 3525
3704 2159
2177 656
2453 4458
4275 808
2909 4329
4158 3987
113 4622
2352 4073
118 592
852 1755
4228 2892
359 3825
1007 868
23 3984
2287 3425
3539 4558
4649 647
3326 3571
2553 1211
3358 208
3954 953
2930 2438
963 2861
4301 2904
1307 1709
1505 1993
3902 704
4319 924
1459 2072
2705 1631
4592 2967
3821 1970
899 398
10 884
4101 691
4256 3816
1790 2593
2068 2983
3672 3403
884 2924
3775 4380
3995 3986
2776 3173
1591 2043
1471 2720
2389 4004
3263 1542
3001 3512
642 2154
496 2805
1561 1145
2668 2651
3583 3787
3499 926
3597 2044
2165 2423
4585 445
1374 4734
2633 4407
2595 1700
1039 1892
1256 1944
1667 1742
1605 416
4505 4091
4636 325
1113 3623
4722 4051
1472 1787
3733 285
1386 1148
281 2994
2109 3277
4506 1633
3628 3794
3280 4273
938 2169
3960 3831
3958 2369
1483 454
4458 1564
1236 1133
4745 580
3040 2126
3145 3007
3103 1317
2543 556
4347 2829
1495 2645
4152 2496
923 1665
2414 2838
1221 3208
2919 3321
1689 2787
106 4562
1378 4467
863 2762
1504 704
1047 3957
1957 1429
2729 277
59 1158
1549 631
1429 3797
3752 2386
3568 3359
1586 2340
2401 2021
1547 2789
1572 3583
4757 2260
3590 148
951 1062
693 1646
2630 2535
434 2432
4623 3200
1601 4648
368 1533
3642 225
2562 3171
3594 2503
4149 1357
1312 4627
1962 3399
4463 2442
3511 1578
3930 872
3714 3810
2842 4631
4226 1952
3119 2140
4622 269
3739 1471
4000 4395
2413 3073
2076 1759
168 3165
4336 3367
3239 2893
4708 2347
4573 939
1864 1615
2066 1500
4364 4630
4761 3201
1313 3373
2046 184
2276 973
702 856
620 3140
1402 3640
3499 3781
818 2439
468 2487
1301 2250
158 1010
2133 4153
2975 1838
163 1383
2477 4034
2863 301
3107 3813
3200 4501
34 3792
3087 2771
3355 1211
3072 1455
3728 3227
1671 4600
4227 938
3991 2804
1921 285
1345 2865
4225 780
3897 4065
4455 1295
2095 2117
4115 4737
552 990
364 3922
3656 183
3499 3818
4336 4363
224 995
2459 1004
4647 1807
197 1958
3852 553
2381 1309
1236 1526
904 81
3380 2139
969 3386
4388 3131
3761 2895
466 2664
1925 61
1843 2152
708 115
1551 2852
2493 4492
2186 3164
3570 803
3613 4555
3492 4533
4657 2932
3968 336
4413 154
2771 2380
2183 4042
4102 3990
1378 3443
4126 2549
655 2858
4426 4227
3565 2907
1538 1844
4392 2566
4283 4463
1211 949
1205 609
2201 4141
4262 2217
2598 4549
2589 693
1834 3153
3234 4479
727 3076
4087 3957
1449 4245
523 2547
4439 1123
81 1333
30 1411
2889 543
644 2452
2195 420
4468 1632
2008 1716
1671 2679
57 2949
2596 4444
3226 2950
1884 3775
2266 2710
3627 1388
1932 3040
3302 4305
1994 3670
718 934
764 4199
4574 3772
4581 837
4075 4385
993 4207
890 1173
2788 283
1269 95
2604 407
3989 1351
2009 3239
295 1356
3678 2487
2986 856
2259 812
188 3813
415 2516
4753 3394
2999 2004
1394 2457
3120 3170
3375 2958
659 3658
2962 1942
4169 930
2479 1513
2893 835
3957 2436
3246 4348
2437 4220
728 673
1069 1155
2336 618
2067 2010
206 2999
3334 201
1056 335
4459 3629
1353 1822
2953 2059
749 3264
659 4028
4303 2306
375 3096
372 2999
4210 1855
2473 1429
1534 2489
2209 3032
1916 1304
4160 3968
3359 1339
2928 1682
3611 2692
3575 1369
2305 525
2590 617
1775 3862
1831 2623
3291 2789
1848 4028
1037 3844
420 4302
1691 96
1438 2345
2545 1642
1088 862
4018 3915
2508 938
2848 1426
793 3777
391 3784
2626 742
684 2268
3159 4098
4252 1393
41 1350
3544 2457
3390 799
3572 4687
2275 1446
2318 485
1294 3153
2782 2226
1565 2
3261 1071
1044 2583
1671 3020
3123 4721
1528 860
1656 2173
1713 2708
3585 4215
2185 1722
4112 898
991 367
3235 3179
2602 2505
1062 2662
2019 1065
658 1669
195 280
1652 1183
2409 203
4125 3015
2788 4235
4458 3966
385 3212
707 2245
2824 544
2223 661
753 2272
3454 4569
1822 4641
2542 3775
3624 475
3135 2795
1210 154
3945 1777
4028 2197
1502 1035
3630 3213
2812 1939
748 2298
375 2620
269 4058
158 3124
2165 2007
3548 1619
4520 3895
1257 1452
3721 855
2151 4622
3691 622
4186 3393
1894 1220
1598 3304
2000 1203
11 1978
3437 1000
3953 2380
2927 3957
3587 1946
4266 4638
3270 4396
1072 1780
1144 572
2442 1644
3383 536
123 22
1738 3692
1359 2496
1676 3022
2526 3986
2749 488
2447 3174
1051 1222
789 3617
3394 3505
3754 1992
3185 592
2424 462
3145 4000
706 921
2166 2944
3439 325
357 2156
4709 4105
1117 4165
158 3700
3299 482
2708 2754
838 3967
322 673
4422 2140
4485 42
3035 2656
168 3414
3370 2375
2389 473
3245 859
4524 4108
1980 1466
1346 1278
3728 565
3346 3145
4670 4150
3804 90
1288 2170
3277 293
2556 1499
869 4022
3995 32
3145 811
229 2675
27 641
1543 1273
2223 2184
141 2537
1703 3569
1731 1115
2558 1944
1944 3816
2771 1111
4671 25
2854 4750
348 3293
2687 1243
268 3058
1355 3686
2264 3380
3940 1284
196 3381
2909 1368
3384 3074
3450 1375
3459 3306
3272 1357
1067 1279
303 4297
1119 4609
1006 204
1793 4664
1596 4519
627 4114
1252 294
2818 2630
3530 242
1357 1177
425 2399
2281 4298
2089 764
4706 2383
2447 989
731 694
1917 1886
4230 994
3700 2410
3000 4308
1114 2221
133 1709
2917 4088
1616 2075
4079 418
58 2344
411 3980
3843 2424
2459 1298
3604 1806
1702 1365
4677 1026
3495 3694
667 918
2030 202
4408 3563
2679 2515
4218 2118
3799 1145
1417 2035
3726 161
2759 4008
3302 3897
1494 3640
4611 4647
3841 4568
127 89
235 3994
3081 2224
4636 1271
3356 142
2883 2139
3775 4105
3378 2703
105 148
589 4556
771 362
3358 1103
2068 2590
2042 1510
2428 266
1186 4543
3610 4625
3596 4725
2694 1911
4371 1589
3728 1915
222 3018
4123 4713
2440 3348
3042 4023
1264 1523
711 1818
2587 4258
776 3323
4469 1742
312 1112
2307 4433
1143 3272
360 2582
1047 3733
2569 4437
551 3060
852 1878
3478 1510
1490 2428
4622 2368
199 4610
4248 2963
1236 3145
2231 3553
1808 1351
1611 4446
4248 1568
119 3931
1253 3988
3382 4109
1278 1727
4301 3692
1093 4204
1356 1278
3724 2627
854 2340
2640 130
1452 2390
4155 1276
2454 669
2642 4435
2115 526
4061 2894
3531 688
2854 2771
2281 2442
2876 4269
4636 945
2003 3480
1940 2442
3757 3146
1455 3860
144 2769
3685 3829
3978 2028
2548 3198
650 3853
611 1430
3699 359
3605 1269
549 2518
4485 2699
3861 3023
4638 3657
928 3648
3946 1869
1944 4336
3096 2620
62 2319
2208 3279
466 1972
2417 321
4440 2940
2821 2139
283 3903
1309 2595
1520 1866
2974 4236
603 2518
2203 3916
1953 220
4618 1457
3682 3529
3026 2359
834 1380
386 3255
2653 3616
1121 4694
2800 3816
1744 460
2372 1009
3793 1915
1583 381
3101 1813
3005 3818
4672 1757
1165 66
4324 216
801 1835
2239 1207
2299 2951
3592 2492
3380 1885
2387 1582
615 3461
72 1042
999 866
1918 1764
3727 3648
4720 1929
1272 241
2592 1026
1076 628
1814 2616
1979 137
4437 4446
1752 620
1947 1315
3222 1392
518 3198
4645 3482
1772 416
4354 2053
2317 3236
4487 1973
3510 3948
2717 3143
4432 3466
2828 3719
285 4112
3764 1929
1463 292
1641 1555
368 2228
3479 574
3382 1505
2292 3046
1830 3320
2769 2960
3758 2068
3193 718
1505 3695
1305 3504
144 2960
1774 3321
2285 2423
2685 3728
4521 2860
1164 2146
839 4690
3694 3630
3770 1059
1122 822
2952 3811
1734 4543
2554 2657
3661 2072
1931 1296
1871 3876
1861 3116
2012 4733
1227 637
4684 4486
4313 4281
1621 156
4078 2126
1977 2039
3487 2144
4100 3374
3598 1078
286 1956
188 2323
1792 304
1954 1252
592 986
1423 4715
4077 3979
1043 292
3525 4335
2676 2402
2542 1347
1478 1953
4120 4353
1956 1465
1230 283
1968 3709
3868 2773
3051 2400
1809 189
2279 4039
2759 4590
3458 56
1739 1932
3676 4517
3965 4046
3129 4006
234 281
1983 300
2603 3720
1027 1606
3579 3067
351 3643
3420 2992
2553 2295
4522 2959
2263 1329
4314 440
3056 830
1200 2287
39 2548
1179 2910
3194 613
2942 3598
2081 4518
693 283
173 2681
265 1445
3404 4729
2174 1635
2721 58
3005 3422
2831 2950
155 3887
3206 1797
4224 1183
4440 3272
2486 4191
2602 3182
1712 1854
3334 4478
2912 1648
4351 3923
4253 4432
1551 1271
427 1634
4408 3648
891 4386
2340 768
3842 2560
2378 973
2213 2590
1120 4055
4124 2338
1521 2643
521 2251
2671 4186
4071 2768
1364 2377
2259 2068
4625 1257
3648 4252
2659 4581
1699 383
1300 1129
3209 4164
3712 1135
3730 4667
3571 1568
1653 4570
2421 248
4200 849
3408 4413
734 1901
3818 3040
1654 2899
1319 2696
2512 4493
4059 3040
2579 3549
4682 900
2453 2220
4418 3520
657 3476
3957 4662
3674 4381
2029 2788
2665 3815
4514 4249
2124 4397
478 3871
138 402
1330 3264
1936 629
4686 3890
1094 797
500 344
3061 3719
1218 3908
3601 2418
1485 1644
4581 2847
462 3254
4569 1541
1996 2290
2030 2324
2014 4294
703 1934
4691 470
3879 4218
2329 4019
3774 824
1420 2396
2382 716
2238 3771
3440 3496
2115 346
3440 1565
4510 596
2651 938
991 3830
1527 2854
533 2144
402 1026
2714 842
296 1974
937 3359
3526 2044
245 1649
4544 3086
1367 2308
4436 1029
2793 1250
551 1959
2028 1190
1414 181
1685 1638
1522 1747
3828 1425
2675 4533
878 539
3602 4043
3145 601
4627 3993
3630 3789
2470 2825
222 2007
1278 3638
754 548
4009 1265
811 1011
2809 438
3801 1553
787 3115
3445 2174
3128 2622
1196 1433
3277 3198
154 779
1010 3400
2415 2316
435 2056
2971 1589
429 1587
186 770
1956 1356
2366 95
2301 487
1007 3855
1104 4462
4692 3055
1845 4217
6 4426
3301 1847
3103 4447
1067 864
1216 1372
2137 464
3192 3344
4227 3406
285 4071
3698 3823
1720 3842
4622 938
2286 29
3730 1047
3965 3002
1309 3198
4754 500
4475 1756
1168 4388
2610 683
203 177
4311 262
2078 3395
1910 4630
2959 1956
3585 4066
2530 1757
1784 473
3581 3330
2215 1316
1395 2657
4272 1192
1732 490
3832 3417
2952 463
1086 3302
1087 3697
2702 1748
2038 1870
1453 4056
2048 1080
2988 1263
601 1445
1486 2987
1983 1328
89 2102
677 344
1951 4749
2598 4668
2683 1442
2752 3568
2854 302
1718 2734
2579 749
828 2446
3995 2337
727 3163
3631 3509
2686 1429
3391 1595
1019 3111
2027 2377
2077 2563
1873 2968
3643 1725
2905 3700
4325 4680
678 4157
540 3164
4204 2430
3922 2389
654 2922
647 2208
1211 3680
693 3172
1017 1795
3265 3932
594 3410
1847 2191
3690 2398
3718 1629
2938 3137
3775 514
1311 3818
409 1893
2434 2734
1871 4166
2117 3607
1343 3520
112 3648
1061 283
3289 2358
3769 1357
159 1718
402 443
3099 170
2710 3451
3809 3848
3363 4145
4630 1380
1501 4581
236 3870
4617 3741
3375 3512
402 1462
462 1887
1695 492
123 3551
4557 3127
4160 1701
2208 3852
1834 146
4764 3886
3903 189
1972 2664
4013 3001
972 378
3995 4123
4573 2335
1684 530
3870 3630
1010 3230
968 832
4630 4554
3637 4646
1356 1505
1033 875
2484 3732
2433 2542
1375 3492
457 1323
1764 3117
2851 3972
2813 1729
2643 3277
3272 2776
193 1116
895 1344
1384 788
3667 2737
2541 2464
3114 4180
2599 1160
3039 4037
2376 913
1585 4083
2747 2937
3141 2957
2035 3910
1671 154
1381 3145
4604 700
4530 3881
905 1062
4152 1359
1055 1568
2382 3562
3806 2267
1760 1962
2458 3101
4170 1114
1293 2522
4537 2255
1897 1244
2581 3667
2180 390
3540 3531
3129 643
3941 3342
2536 914
676 4034
466 4622
1309 1192
167 3653
3853 997
1328 2148
4662 517
4196 1883
2326 2311
4432 3383
1008 4732
4428 3312
693 3476
4117 977
1466 2082
22 3820
2355 3595
2554 1539
1488 885
4606 1681
2205 2422
730 241
717 1690
1493 4449
3986 4345
3780 957
1566 3365
4630 205
499 4372
3820 2377
279 93
2473 3420
2593 4135
1884 3648
2165 10
2510 4704
3294 3106
1389 671
1281 4179
65 2225
4578 4732
2700 339
2219 2913
3657 4266
2042 1935
4318 946
4636 4336
3386 1528
202 2324
1083 3354
1580 1311
2565 2456
2189 4399
3360 1508
4374 1141
4382 4047
1526 3675
3161 4693
2986 4052
1907 1772
1955 4160
685 2105
4763 4149
3256 1032
1342 1277
3645 1265
1993 4146
55 1661
500 1676
681 4107
4591 2752
3549 4159
3797 2532
2284 2828
2817 1567
1511 1044
2916 3400
1239 2384
1756 2387
3537 3455
2443 555
3462 4651
2799 60
2985 3541
2289 651
1130 4602
1767 2961
2395 2577
4342 1058
2632 3259
3610 340
1884 4155
3681 3693
4653 547
3608 1056
198 4516
1890 2466
1605 1907
127 500
596 2634
1638 3319
2807 4605
4108 1328
2923 1827
2599 3963
1196 3705
1050 101
3272 4238
2613 49
3363 1094
1274 2395
2519 4621
2775 4639
1324 4080
500 498
1348 4463
3268 3790
2859 2265
890 4548
3095 1955
2171 310
528 1212
3064 1695
3233 2732
3738 2828
4214 3358
1195 3830
3440 3501
4350 773
2369 453
1283 3566
3619 403
871 508
43 327
2908 2278
4419 3647
303 3938
238 4676
3166 2673
3660 3972
3912 2025
2644 1525
2019 3731
52 2228
2402 1862
3199 1174
827 2090
2436 1723
1125 3694
2188 1671
3922 1452
3315 687
1081 4391
938 3186
1996 2115
4085 325
3827 3694
4528 2162
528 1975
1357 3240
3995 3564
2595 4119
364 3531
1674 2932
1092 2475
3851 2194
1248 4424
2914 4376
588 983
1254 3954
2214 3795
1013 3029
3474 3282
1666 2897
2996 2592
407 1160
3517 3124
3352 4587
4491 738
2420 258
822 2493
837 1187
2337 2304
2958 569
1552 3271
3614 4213
345 200
998 3933
1998 3030
2498 1262
3875 2182
3302 670
4177 1028
2841 3233
1684 4661
565 2750
2106 547
2681 645
665 293
2004 4332
976 1206
1236 3239
973 1071
2318 2682
2451 1343
145 975
1127 2374
2322 2331
1619 2517
161 4495
3045 1582
1258 1781
190 3686
2392 2787
434 1010
1896 2969
103 405
3495 3351
2214 152
1726 2484
2685 3747
1793 3032
2342 3606
2721 255
3523 3228
3319 1052
3847 1436
1477 1999
882 3789
4074 3098
2880 1233
1820 4288
3500 2016
366 320
3569 2244
3701 3191
2703 3564
4083 697
266 846
3630 2331
503 2767
3302 1336
3034 3989
2590 4500
4085 3439
4013 2652
1526 529
196 4271
1241 2955
3313 1160
2865 1888
3668 2208
3449 3267
2584 3956
1238 3806
3249 3660
2819 845
3479 1432
1121 1945
1151 99
3590 2777
1779 238
2153 4364
3635 2062
420 1804
3930 1624
2954 2103
4160 3862
4697 1849
4485 502
3697 4234
3834 273
2330 1949
4166 1480
2627 3751
4229 939
1659 3310
1639 4702
4204 1278
3002 4312
227 2534
4679 537
2245 583
4322 4134
3215 3778
402 4759
2153 1434
3198 3640
4528 218
4624 1216
1404 3467
587 3041
53 2833
4049 4126
3800 2589
125 4167
1904 4260
233 526
242 798
4659 3492
3371 3556
2031 121
2956 315
4642 1837
3308 2559
4674 3197
2041 2939
2622 4197
4037 2799
3021 2421
3572 2655
3161 3766
4437 3166
654 92
3846 3275
2945 248
878 3830
3277 2272
318 4508
1088 2977
363 2192
388 791
3138 2364
2984 4246
3574 2375
4466 227
1336 3729
3886 4580
663 467
811 2864
564 1147
2922 7
4583 4244
1157 556
1640 4376
3579 3176
1824 3492
959 2138
3510 1291
1062 174
3281 3924
3242 2976
51 857
3925 3232
1818 305
4750 2074
1636 1902
807 3315
4593 860
763 4574
719 881
2320 1174
399 3660
814 1928
2268 2775
981 284
2115 2870
1265 917
3075 4608
1234 2208
4038 402
2549 1853
4485 2840
4463 2426
4166 4761
2942 3037
1020 1298
3532 2211
1098 1349
210 2885
3985 2723
3457 3375
4471 3124
4382 1070
961 1201
1335 4531
3440 717
1495 1795
4014 2335
2477 138
1632 2442
1975 1524
259 1188
4497 2119
4234 749
2123 494
2597 2483
4174 1833
3669 762
3076 1031
153 1785
1259 4340
2053 4028
2904 1357
1876 1625
4432 1056
2059 393
2750 3387
2556 2232
1120 2340
1963 313
3898 2803
4212 3511
1015 1589
1545 2455
1688 25
3927 3008
1846 3668
1366 552
1699 2017
4384 1833
2711 1965
969 3587
2357 1561
4395 1964
4571 903
853 380
4658 1749
1191 1078
2393 907
3064 492
4753 3505
4271 3381
3512 34
4140 2073
2036 4555
3835 1851
1437 3259
2928 1256
2498 4578
4014 664
747 1637
4064 2236
1026 629
1919 365
582 3287
3920 1834
1920 3076
3542 2854
799 605
2077 3862
2389 3393
114 2590
4689 3915
144 364
4443 3666
293 389
2532 13
4042 3775
4756 614
982 2335
1567 239
1724 4061
1850 1672
208 2122
4103 1526
4175 258
602 4373
2446 264
252 4613
4177 4698
546 3751
1709 1254
1292 3451
2098 3466
2706 3942
928 595
3295 1460
2036 3613
1019 2765
3446 1016
3494 1416
1671 2707
3051 3225
1410 4241
352 662
4714 2561
767 4267
150 3893
3007 3637
740 4429
2653 969
1968 2810
4398 309
2506 3298
428 469
1290 3738
4432 544
331 3391
986 3755
479 4487
1824 3497
3492 420
2260 50
1617 965
2687 2980
2911 1439
1247 4345
3177 2234
2746 4171
1944 2198
119 2253
837 4368
2640 3375
3539 3065
2754 3372
95 3774
3425 4060
2419 351
3983 1303
1649 2617
3031 4399
1318 4264
3830 1734
4686 4261
2353 1673
2216 2937
3896 581
139 1626
1374 2495
3423 1777
3524 2545
3431 2641
2092 4630
4328 4394
3512 2554
3779 2925
402 1805
3396 4187
2458 1505
3929 1920
2142 566
1002 2387
856 31
3076 4584
4226 969
3069 4132
381 176
2913 1444
3076 4458
3936 1877
1051 2927
4455 2379
2926 1401
3434 4748
2047 3807
3495 1208
462 3705
2617 1228
4371 1930
4289 94
3492 4348
4430 4699
2429 2335
672 1478
3248 4279
2585 520
2808 4717
1850 844
1099 1046
320 687
2822 1692
2612 793
1062 2717
1554 2575
4470 595
217 3249
3970 2969
2772 3767
4408 491
4001 1827
2886 1884
963 3810
4511 1100
1405 1335
3626 579
592 984
2145 823
3134 938
1909 2507
973 1803
592 4563
2362 4452
3946 1265
1233 4437
4018 4689
4298 710
3314 3894
1274 2577
1518 2763
167 878
4676 1779
4234 2605
3922 2771
4581 3733
4570 3249
2178 2141
3920 3196
3733 2942
2138 1031
1834 3983
1834 1277
1047 973
4344 938
3080 2079
3609 3914
1620 2506
2554 592
737 2294
1906 1301
4104 3629
3424 4538
1997 2120
207 244
789 969
1858 3595
1246 1452
2999 2440
4675 2258
3834 1955
2868 4596
920 224
2389 2656
3887 3062
1417 4630
2785 1436
3624 804
4754 1104
1337 3957
987 3156
4259 4643
3269 949
3521 1010
2531 1859
2160 1878
1411 3204
820 254
2290 85
3040 603
4021 920
1548 703
3318 4031
4485 2045
212 3966
3860 592
1618 69
2849 4630
3722 2354
3101 2827
1874 4554
1855 4396
667 2951
4592 599
3833 3652
940 1994
4578 2577
2057 1162
4463 1414
2821 4143
1956 1209
2721 890
3358 3922
3004 1096
2976 768
3965 3769
4673 1831
4308 417
2310 4195
2027 1364
1894 1356
1982 1632
3921 224
3656 3744
1412 3669
3579 2387
4497 1049
3351 1208
2429 3773
3746 1828
2376 4334
668 360
3331 532
1059 4293
2023 3264
1959 3272
2897 1458
4424 3769
2113 2100
1346 1706
3581 1047
1548 611
2473 674
1399 3960
985 3959
3359 1452
2202 2386
2539 1440
3089 3431
1388 878
2828 3669
3108 908
875 1167
2841 1736
1843 4328
1634 3213
4457 3827
551 2778
214 879
3273 623
897 58
1719 2023
1254 3471
3598 2688
4234 2647
969 3644
3031 749
284 3546
925 3297
4626 4337
780 113
246 929
2946 3398
4568 3878
2870 474
621 1390
4699 1944
1268 4102
373 2880
3845 2158
1380 4286
4618 758
3102 3768
632 4345
1200 4060
1711 4090
2660 2674
1095 2891
4658 590
3894 3578
3575 2192
295 483
940 3100
4138 887
3440 4458
379 1776
4668 2242
2947 422
4613 3822
4387 2520
743 2957
3037 4645
2560 1720
1001 2590
3503 2476
2351 1781
1385 4338
4710 117
1032 3649
2571 2902
1854 4174
3000 417
1544 2282
3730 524
2572 1576
4372 2373
4612 991
1925 436
4678 3775
3214 3220
2906 2845
4719 633
4644 1903
933 3205
782 2298
2086 1485
3740 980
2055 2439
3179 4458
566 1111
230 661
2139 3123
990 4700
1910 1438
2555 1010
4622 1901
128 2882
3786 2815
3580 569
4052 1571
4619 571
1131 1202
1526 1394
1798 1576
1956 2176
3193 934
1821 278
1523 364
3243 3279
41 4502
1160 3104
653 1400
982 2795
885 630
4583 2108
1048 3
3904 4110
599 1704
109 1529
4122 4696
147 2548
741 3036
463 2115
3125 3560
4128 3865
3728 220
4676 1328
4160 1956
1125 2003
2089 4199
769 2656
4369 2068
4138 4404
3437 2293
4040 4247
1451 774
4678 777
1725 3272
4761 1459
3374 4403
1398 693
4059 715
3102 2660
3359 4529
1805 2696
3908 881
307 480
1089 1678
4422 3866
2274 529
1467 1607
3280 3581
4517 1431
539 2779
3602 2999
3817 972
3931 2942
1477 1647
578 3760
2482 98
2184 230
1229 2511
1967 376
3039 2799
527 1322
53 1064
1254 2721
2965 4494
1265 2223
1452 4007
1892 3621
560 4429
4524 20
1750 1403
1015 3231
4156 2676
2366 1226
3665 3155
2025 3538
4485 508
1191 2143
1187 4368
1321 4163
8 4160
78 4576
2463 4630
4115 3433
4378 2793
469 4218
513 1959
2163 2546
4225 1448
4629 4544
276 35
4050 865
1358 1220
1232 382
1285 1211
4144 2435
1981 3392
984 4635
1110 4640
4011 2819
669 448
3744 183
2157 3598
3109 1840
403 3815
4342 1899
1662 3048
1685 2973
2991 1195
3978 3568
721 805
2636 1410
3865 3345
3398 4252
3688 1708
2469 3230
4096 2367
1740 1645
317 3212
719 2087
450 3594
2015 2450
2869 2594
2181 724
437 864
4189 27
2155 3748
1312 138
3272 4171
4238 117
3183 1151
1377 1214
1839 1949
82 1882
1047 420
3532 2794
3162 1680
1848 3776
2792 2528
3204 30
3581 1652
3013 3612
3691 755
3358 2208
74 1331
2840 19
2039 1744
775 1773
3646 3778
1357 510
821 3589
1278 319
805 1090
419 135
4589 1876
3189 100
1849 1225
2997 1023
666 2161
2341 1645
1210 4208
4032 2069
4062 3440
2178 4261
2152 4394
3357 2074
3674 2013
3902 1504
2485 1994
2550 2120
4400 1033
1427 1441
2998 1055
3694 4698
137 124
371 790
3515 4214
4698 4751
1231 1452
4081 1060
283 2108
1943 3167
134 2604
530 4453
4272 1683
2668 810
3704 2371
962 1506
3957 446
1473 2658
3879 2406
4182 2942
2050 873
1158 2212
3464 3282
3715 2508
3315 3734
2040 291
209 1287
3337 2741
4723 2196
3308 3600
3110 3976
2066 3471
1356 3775
1854 2335
705 2139
4663 1205
2251 4637
46 2869
4165 74
3546 2635
2970 847
2065 4370
725 4300
4477 1291
519 4107
495 3390
724 2389
1136 265
1773 4409
205 3292
358 4529
917 1730
1401 1526
1991 3389
1245 3016
2165 3252
364 2032
1710 2282
138 4743
419 1581
1892 3654
285 2986
326 4611
2249 2500
3301 2257
2014 3598
804 1658
2073 2429
2945 3021
4694 4515
138 1843
4580 2442
2618 2739
38 2690
3144 2501
2733 4380
1072 4043
1360 4461
3731 877
354 2725
4704 2878
1963 966
2771 1589
2699 2693
4414 3559
1299 2466
1555 2709
2690 4560
2682 485
18 2818
3359 3113
4333 591
3620 4733
2235 3211
3564 3378
935 126
2186 540
1324 736
2335 4680
3734 689
1134 1236
3766 4693
729 2684
3970 2695
4347 1270
2342 3788
1753 1244
1429 254
1995 585
3489 4542
1844 987
4080 3418
4544 2999
4555 1026
3957 4083
2114 1745
3017 3877
3246 679
2197 3864
3838 3877
2416 433
2199 2611
1994 2062
2268 1278
3148 570
1429 1146
1618 1308
2757 2536
3416 3128
2244 1703
4295 4745
2022 2396
32 3324
4349 4068
3905 1413
2739 2940
3475 4443
3198 3317
3207 2642
1565 4223
853 2208
2127 3659
2020 182
4290 2939
4519 3052
1060 1817
3850 3412
1842 829
2472 2178
4029 3928
2925 1346
178 4045
2505 395
3485 1759
3964 3356
1786 597
1240 2701
1052 3937
4742 3686
1835 118
4190 4041
4741 4696
2517 1156
848 648
4463 66
2808 1091
4743 1259
2417 3954
954 2917
462 136
2096 1261
3818 314
3134 231
4438 1357
2929 3177
689 1626
186 2033
2321 3593
1602 1965
134 407
3599 3216
1052 1180
2527 533
1139 1138
239 2817
910 1839
3274 1604
439 527
3272 3912
3607 2095
1464 1406
3703 2222
4336 3796
554 802
2684 2353
429 900
4642 1189
611 2201
1804 2252
3686 1242
4095 1036
617 3071
57 1694
951 1362
1171 224
3277 1965
2914 1640
4667 4683
968 285
4044 2445
2918 181
4280 3488
1854 2560
1990 1071
4288 4218
294 558
1318 4692
3730 1068
3277 3052
2531 4554
87 1950
3818 1807
2340 1254
802 2753
233 761
2121 4178
1969 377
4218 4681
3974 2259
4482 2920
634 1614
4246 4053
3429 727
296 1502
2533 234
2334 1396
1806 2092
2707 345
3121 3553
4023 3858
909 2137
282 1363
700 4160
1852 3435
4467 3057
2512 2026
2173 3986
1809 4209
969 2525
1152 4231
2291 3947
577 1778
897 4716
1512 1363
3457 62
1920 1872
2323 3107
592 4304
138 2496
1588 574
1948 3111
3315 4581
4761 1131
3158 3115
1401 3402
2253 3931
1023 814
1530 4391
4242 4054
246 2229
2657 2011
2340 2557
1624 872
1982 4468
3608 335
2213 3655
452 1132
2807 4285
1746 3735
3024 4409
2320 973
826 1620
941 1481
1235 361
4655 765
3706 1944
635 102
3384 37
4715 1034
3899 3339
2019 365
4028 1695
2650 2915
1900 3097
1249 2361
2458 3318
3615 1569
4123 3535
2129 3874
3545 2588
1538 3156
1243 1568
1761 1425
4536 4090
1391 752
3961 4091
1746 1892
1421 4758
1518 2071
2180 3871
4187 3830
2735 3237
43 1854
4378 180
4087 891
2635 981
612 418
208 274
2252 257
268 4432
1287 2673
1519 2471
781 2956
2012 4375
1469 3044
3068 4127
526 761
3037 2363
3090 927
3830 726
4267 2494
2583 2335
1816 283
47 3605
4748 3728
2264 1885
4570 1537
442 898
1577 469
1986 260
603 549
2855 4016
1454 330
1499 1959
1465 4652
2425 1452
1780 3602
3213 427
1128 4451
4180 4247
1549 486
4657 138
2021 791
1066 3188
2172 3679
2068 4233
2700 3075
2508 4514
1182 2217
4180 1956
4039 2885
3485 2076
3253 3618
1501 1446
4028 3995
13 3797
2204 1887
2870 1018
945 461
2279 3648
498 3009
3315 2720
3790 1422
4053 2064
1284 2605
3913 1724
1613 1783
2716 4712
152 2243
2068 2256
3911 4446
56 1282
1603 337
3166 209
1066 4565
2262 713
2776 9
4626 2208
923 759
2495 4734
3507 1024
1663 514
4322 3759
3148 3837
1812 3512
2443 1296
3733 3922
3570 3407
4095 1505
4028 3055
497 1398
594 2736
796 3023
1122 1356
4595 2389
3088 1702
1035 3585
55 2751
4069 1903
3883 4461
4714 1560
2054 4323
1805 1319
3192 2621
896 1126
4296 1163
908 3375
4401 4604
576 2653
2967 1704
4360 3229
3982 2804
4283 2408
48 930
1001 1487
4474 3568
4458 3922
165 4598
1817 3568
1134 1540
592 2112
3345 1026
3076 1179
159 2434
2726 4240
2076 1010
1162 3252
2159 401
154 4761
1521 561
1309 4026
2150 759
2619 461
2800 4256
4702 3186
3224 1708
1149 1101
634 1492
1105 893
750 278
1988 3507
3570 2268
2349 4684
2335 3752
2751 2554
4044 2989
458 112
4485 2364
2411 154
310 4028
1738 2904
2478 3426
403 249
680 2728
1597 2844
1181 753
3686 740
1558 583
2999 3858
1140 641
60 2986
3218 1413
831 1441
1058 1899
1985 4230
3113 2719
2343 2004
193 4327
1717 576
1589 3970
1078 2143
2936 714
1697 4522
1025 2755
3598 2831
2216 1079
1879 425
533 2442
4153 2024
1052 4255
4142 956
3694 422
2654 1237
3094 3488
392 1128
3871 1211
1080 4263
1834 1506
1448 113
4411 726
3530 4082
955 3318
4088 954
3346 4365
4302 2054
4147 1677
2320 2254
435 4336
4009 1838
3683 12
1467 28
380 2843
618 2748
949 607
1505 469
3040 636
441 550
3651 4681
4474 1802
3087 3491
3646 3215
2761 2488
4171 4032
677 4441
1439 4498
2178 3391
3184 3820
4350 3939
4253 931
3634 4341
866 353
1435 1578
1429 452
1169 4389
4761 3116
3159 4591
4249 3715
598 2309
836 3975
2208 4507
3055 4264
1149 4184
215 863
4255 411
2854 3683
433 784
244 705
4274 4491
1276 1489
4325 2172
1216 3198
3385 2208
2013 690
766 844
2476 4110
3175 3808
1370 289
3038 1623
3293 745
430 2344
2167 1498
636 2460
4046 4312
1468 2046
24 2864
1503 2178
2269 4038
4181 3947
1595 331
1545 2850
4538 2547
2874 4363
1509 548
819 2218
2597 3136
4049 364
4118 2883
1034 1423
3633 682
4541 1675
1941 431
3673 3332
2069 2746
1588 1432
3503 3904
4093 1166
3719 4762
2833 614
468 1430
2403 4324
3761 592
2881 4520
101 4215
3576 2988
1077 4473
1671 2088
1701 1762
2405 4196
2119 4534
4241 2636
4536 1711
2057 3252
4620 3076
1026 342
4307 2538
2727 1999
2043 571
1025 2608
1309 4036
3971 4600
3869 3112
465 3568
2362 1579
1745 1575
3598 693
3764 3014
3006 149
3338 2205
1915 237
982 3486
213 4586
3714 2861
1107 4379
4418 2451
4211 4750
469 203
4295 580
4240 4370
4551 2413
2312 2297
2901 35
1892 2541
3479 3769
733 2643
3882 3962
4537 2722
644 3219
783 2738
4121 1388
483 4464
557 1670
3582 1063
3147 1421
162 3302
2030 1582
3313 3144
996 2834
4729 58
2164 2360
739 3695
1390 465
3293 4127
2247 908
1177 4076
3131 3328
3442 3484
3293 247
253 1152
4320 3698
2934 1868
1513 4503
1022 3785
3160 2081
4438 2067
1543 364
1452 95
436 61
4747 2315
2558 3780
1243 4025
2519 813
3578 2677
1568 4636
187 3703
1082 2233
393 2953
3872 1300
1660 2915
149 2936
4443 3820
469 4745
1499 2232
86 2148
2833 3506
2698 3788
97 2063
3648 431
3938 4297
4588 3593
1552 1180
1526 3145
1700 4119
1974 1035
2485 3430
947 4485
4551 3073
1176 2424
3303 4377
1315 3098
1740 4507
1313 4277
4342 2690
2115 2511
402 4339
1705 1397
3622 387
3762 832
3498 2797
2783 4616
1222 3749
2662 2211
251 2654
3470 3202
60 3314
271 2283
172 2503
3095 273
1105 1332
3175 80
2309 1327
2381 28
4169 48
2418 261
622 2942
3446 1461
3333 724
4064 2404
2619 945
348 2758
1877 794
292 1452
364 2434
2399 4010
606 1923
1085 1209
2329 506
767 1526
3561 17
4168 1372
3273 642
391 1956
3711 1457
4498 2911
1800 2261
1419 3571
4502 1350
4185 2103
650 60
1592 4187
1141 3836
1123 4113
1278 4219
2855 967
4561 1690
2796 4040
4456 95
3172 4024
1496 833
3217 3370
4500 828
332 1722
3020 1329
4016 1568
2764 3385
2390 4309
4041 2175
3003 1941
1110 2344
911 3992
194 3634
821 3818
384 3635
1490 846
2830 1739
1854 455
4078 1751
2663 3824
60 21
1300 719
3760 4752
2458 2723
4218 3222
3707 439
2392 1689
2368 2288
4458 2190
3077 3043
944 2524
3832 1447
3568 941
1420 751
995 3493
2354 4527
2522 3150
285 3649
562 1261
358 1326
3926 3133
3190 1199
1509 754
886 1334
2718 2931
1239 1086
2779 1627
285 2517
507 2458
3913 2894
1729 2166
3981 33
851 1825
1977 460
1888 1345
277 892
3340 4447
3708 2665
4717 1091
4476 2895
434 1535
2427 4581
646 3278
4336 2625
1003 1022
1314 158
403 2242
2189 3031
2400 827
4413 1382
2196 3077
4495 2857
970 4595
2178 2917
1328 3200
95 98
3293 3302
3753 4280
2247 3108
2415 412
4194 3789
4423 2504
1062 611
3581 4432
223 878
403 4622
3997 1482
709 3368
3630 1317
3247 69
2156 3149
1996 85
3891 1102
220 672
961 4114
4630 1356
675 850
3084 2437
3559 4218
536 2509
545 4414
578 319
3866 3598
4708 2780
2335 2828
2916 1911
1662 1150
4237 876
1418 2570
3768 2674
2964 2766
1737 3035
2782 3757
4599 3076
44 1886
1201 627
1123 3818
988 3588
1009 2999
505 2283
4094 1062
3092 84
1020 1004
1147 4331
4235 77
3138 2544
2268 4550
2000 2771
311 3774
3014 4720
2993 4735
3316 2872
3335 2367
2327 2827
52 1533
3424 878
3238 4116
341 2842
1582 758
3572 2364
2129 2554
2185 2339
372 2116
4002 1038
1246 2738
1340 2412
1289 128
3883 1360
1101 4184
4279 2018
2661 3427
2706 4526
1971 1486
4228 970
3573 4761
4731 4660
4456 855
1219 3414
610 4321
1696 504
9 3173
591 2165
3254 4366
2376 2721
3632 1230
4075 1770
4369 2930
744 2334
3068 2705
1278 2178
4070 3992
4548 1173
179 3671
116 2360
983 1956
1332 893
3714 3986
2299 918
2972 3662
3373 3805
4433 3288
3686 2442
902 3644
3625 3296
1884 1327
2458 2379
1093 2680
2246 1311
2601 2970
1356 4579
1542 2297
1299 3145
3091 950
4564 1179
1352 3945
4547 2625
2523 1468
3059 304
1391 511
1728 3603
2307 3288
4562 58
2812 1898
3316 1678
611 3728
4581 4578
870 1792
1228 245
4180 1012
755 2995
2104 4563
4139 2962
3162 2128
3820 505
4648 1875
2921 932
3253 4234
985 3830
4742 386
3783 1074
3877 2442
2607 2735
2273 3379
3630 2019
3336 1922
3051 1135
4250 2871
2068 1827
2647 4755
1959 845
4172 4633
1671 281
165 974
4539 1109
3194 2206
1462 1159
1368 4329
829 606
4156 3686
969 3453
4400 1167
420 1538
1526 1397
3736 3375
280 619
1905 3127
4454 146
3292 3106
4539 2702
3568 1658
1240 604
3440 1080
3512 738
2116 921
3851 4149
3137 42
1061 4695
4251 1861
51 4022
1337 899
2037 4587
327 3389
623 2154
938 1356
883 2398
1926 76
462 1328
370 2269
2157 3701
1178 1299
3358 1352
444 3619
1945 4515
286 361
4640 430
4356 2348
4512 2440
1517 2387
3953 3266
4268 2006
2835 4133
1637 2370
2052 2628
2470 2032
4135 3093
2815 4427
3617 4330
2338 4652
352 2507
720 3636
1351 1357
308 3950
1049 4534
2236 4346
2208 1763
180 1250
3932 291
2364 3041
4299 4309
1268 3990
645 4597
3961 2743
701 2811
1100 553
4300 1574
3792 3756
1387 3419
3048 1150
3686 3957
960 2326
157 4369
4610 1254
1573 3508
3483 1242
371 4144
1188 3421
18 3302
3440 1157
4213 1392
1368 283
4386 4087
3930 2833
1328 3358
2068 3733
2609 3074
1882 2854
355 719
3057 3443
882 964
4581 4596
2662 2794
978 3847
1574 2832
3955 3492
3453 4307
1307 451
2490 4459
467 3493
1275 53
3559 45
3665 1882
2454 3444
4257 2745
660 4015
4128 3345
3271 2462
2061 2468
1017 420
2564 3260
3711 758
1211 2828
1456 1592
785 4029
1197 488
4154 3480
4288 2756
3999 1569
1892 2962
4151 4208
646 2637
4222 3585
2483 3136
154 4379
1812 1995
2013 3512
2990 3668
465 621
477 4457
4247 1255
469 3684
833 3995
2833 2068
2983 2658
3918 1776
2521 3348
586 600
3585 2504
3029 355
2472 678
695 4158
3687 462
229 4533
2313 4362
1160 1400
3007 4646
3795 2243
3362 4094
1837 1189
706 372
3869 2744
1021 612
263 2171
2280 2802
4330 789
1707 2294
2115 1743
4581 4293
1063 223
122 4480
332 4581
3762 1198
1568 2342
4291 3638
3695 3078
4738 1474
915 482
3412 487
938 2762
3807 3447
2374 3986
2364 2474
1879 4010
853 2843
562 4062
3859 146
3293 4234
415 2896
3820 1356
4498 3995
943 2529
4407 4205
850 4142
3049 2724
1236 487
4578 558
219 1794
3880 512
318 4020
862 2977
4487 749
2765 1948
252 4160
560 740
1109 1748
3185 3110
1753 1897
1679 2731
4226 480
1988 1024
420 3117
476 3
2717 809
1621 1124
710 2281
3473 3019
3229 3515
243 3784
2874 3180
4179 3151
3800 4292
228 1288
2760 2426
4306 2492
1671 1605
437 1279
4740 3158
4415 3899
1994 3440
1154 4073
1527 2902
3911 1611
4710 4760
1540 33
2301 3850
4278 3702
3072 3860
1933 3456
3630 259
3733 1026
3423 1352
120 1723
2033 3518
3528 975
1583 176
4134 3759
795 1336
1062 2735
4405 3492
4180 4170
2919 1774
4103 3365
4600 4746
1956 3131
2590 3552
3733 3040
3117 3867
474 1018
2297 878
71 4529
1573 1656
2552 4137
3638 1119
692 3517
1755 2160
3765 443
1246 783
1389 3411
2726 2065
4596 958
1665 2150
1211 1282
1863 584
2188 4735
4499 2741
1 2942
4665 1746
1589 2954
116 2164
3249 1591
2170 719
1338 73
546 95
3830 1374
3388 3687
473 1987
3712 3223
2529 3775
1707 737
4055 996
196 403
1651 3187
2125 4287
3820 1834
4349 3105
798 4082
402 2716
4285 2982
4217 2356
3250 1782
971 3483
470 2141
4743 192
1263 2187
847 3249
749 3302
1264 1306
4673 2109
420 2997
3275 240
3416 4197
2284 1556
1418 1278
4759 1609
638 2661
3195 3442
823 4685
3262 746
3066 3138
2442 2829
4605 2982
1354 2758
4762 3061
2401 388
2979 1994
2458 1025
897 2853
3038 2667
1503 757
3028 3361
285 126
4579 3063
1266 215
2389 3694
2201 1532
3917 2086
412 2200
3010 1097
4180 4504
839 4192
3445 4594
674 2992
300 4057
4739 2425
4405 4406
2504 840
1106 4444
3291 1547
858 4054
4532 3325
2115 2956
708 3139
2349 3512
3888 504
3709 2810
283 2942
1765 160
1881 2085
30 3769
2327 1813
115 3139
3522 3802
16 2688
1310 1765
1146 4637
641 2442
4244 2108
346 1766
2571 3513
67 1497
2104 979
1213 4701
3375 916
2712 2525
2877 269
4590 4008
2332 744
1944 1568
2243 2986
833 3258
2084 2366
3140 1752
3566 3935
4417 455
2207 1357
4066 4003
76 4442
3586 1570
3447 2491
298 3722
2691 3058
4682 3728
382 4636
4163 1041
1302 2497
1628 941
1214 58
3527 1817
688 3540
2322 1769
2272 593
1778 4659
3045 1860
2853 4716
2526 3307
2561 1160
2445 2989
1248 4343
3817 378
2647 110
4317 1515
21 3881
2501 3313
1454 3377
2837 3558
2165 1490
3528 2378
2082 283
2652 3001
573 2276
3975 4063
4006 3040
3609 299
1947 4074
1505 3032
80 4420
712 2142
1648 1236
3591 151
2645 1017
3427 638
250 4048
82 3155
1652 1927
3831 1399
4478 4509
2455 4030
4485 3038
4759 2193
132 2450
4642 3272
4565 3188
3803 1921
3181 2295
31 2689
3217 3574
1096 377
4472 2575
338 3927
158 1686
2625 786
3338 625
2179 3375
2265 2971
769 1737
2093 3631
131 2373
4578 3467
438 3022
4026 1227
1788 3535
977 3279
3147 4434
3502 422
2838 513
1910 841
1429 2038
3244 1860
1536 4725
1166 1245
2513 1593
4503 1012
1680 3814
3787 1572
1566 4103
1428 3982
1691 3672
4168 4624
830 2335
3895 2881
2101 3636
3099 735
1021 4079
1893 4002
2856 2289
3492 2240
2784 3169
1801 2408
1142 2241
3743 4139
4265 1280
1895 1889
3302 3826
1531 2364
2068 2823
2728 1484
1229 3782
1875 1601
1092 1944
1563 452
1409 3944
3329 1254
302 4602
3681 4463
1750 2328
337 217
4511 3852
61 1892
3716 2474
1747 3755
2760 312
3671 4706
3895 2364
927 2464
108 1898
2927 3749
3952 185
235 2411
2554 644
3688 221
3728 1237
3994 1584
454 1285
1488 1475
973 1794
1651 1424
3169 4406
3231 3741
1054 3864
2607 3237
2941 279
1610 1582
2736 421
1591 4619
484 1275
3435 655
567 3104
4028 168
2210 1157
4718 1103
4160 1998
83 3422
2727 1647
2875 905
2896 616
1629 1924
4580 4764
794 420
3601 500
1735 778
1581 446
4445 2948
4089 2176
887 4404
734 3368
4198 584
1989 3985
1883 2405
823 973
4393 512
1385 3123
1048 1976
632 1247
39 147
2833 17
3071 397
772 2340
4077 4550
103 4
3929 2448
3333 2181
1367 1616
4458 2352
1073 4575
4201 3916
2805 2220
195 1133
542 2544
2846 4326
485 2942
4159 2579
698 1185
369 4615
170 1957
4049 1853
95 3568
1926 2340
4528 1944
1966 4620
836 2554
17 1095
3769 1250
2239 3622
869 857
4097 4282
4315 1639
4711 1165
4635 316
3536 2835
2481 4421
4305 175
2557 3187
2903 3823
3086 14
3725 1667
3993 2786
2303 2444
1687 2002
1663 1029
2576 1316
878 2311
3555 4707
3854 3873
1148 3468
81 2268
3477 2749
2889 3730
4193 223
602 323
2777 105
4630 770
4141 1532
3062 1309
3957 1477
3047 2991
4577 3460
3523 2875
2993 2051
482 4180
2500 3254
3358 2412
175 515
711 305
986 1522
4761 364
1568 2865
1847 1944
4581 3777
3830 2205
1160 2387
4720 938
4401 700
887 4180
3983 4148
3820 969
2554 2168
3827 477
633 4636
3067 63
2485 3949
2770 125
2886 4675
3775 4393
4351 1857
719 3277
3944 2123
4423 840
2049 455
773 3939
2387 4331
2128 3769
3006 714
3164 878
18 2535
70 1321
3901 696
3051 4133
3268 1052
2484 3585
4477 3948
334 3687
330 1803
3837 570
1338 2274
4521 1143
190 3028
1211 1854
4403 4100
858 3249
2555 3720
2237 3729
2825 169
4151 1210
3956 4059
858 4242
2183 1387
1458 1666
3703 2721
2822 3315
2461 3689
2565 4005
87 4718
3034 1808
4080 2335
3737 3681
3586 4383
155 2551
1641 403
92 7
4425 4451
1938 1306
3986 4197
1265 2546
508 1970
2110 4237
2563 1775
4005 2456
4518 3160
3347 2011
3750 2080
686 3998
3474 3257
3143 809
3872 1129
1906 3573
3464 3257
3198 851
4662 2888
2032 169
1163 1758
2846 2285
1791 1231
1765 60
4125 97
912 1586
2666 3385
1322 2942
2569 2291
625 2422
2444 1712
2128 3814
3926 4660
4727 317
3426 2887
2545 4432
2147 1269
2866 1337
3240 426
201 2986
79 2650
2694 3400
3919 1236
2649 2179
2821 2520
4028 3730
4438 501
821 1464
1615 1450
2389 4435
3694 2967
4393 541
541 3880
3986 2280
1234 4318
3258 1496
2491 2047
2005 640
2683 4036
353 999
1671 450
1011 24
4465 4176
1666 1526
3198 616
1536 3596
3543 1452
1257 340
3727 3189
354 788
213 3621
3845 3463
3892 2427
4314 1231
2231 4458
2488 1383
128 1892
2341 4507
4581 2961
4397 4496
379 2862
3620 4375
2411 1584
974 60
355 1013
138 2187
567 817
2701 2690
3309 4525
944 4483
2789 3830
3487 2527
3405 3465
2364 4341
2364 3667
1864 1743
4579 2115
807 1593
2115 2999
1073 859
4116 164
778 3277
2296 3305
2578 4057
1433 3705
4003 2704
2606 3697
2312 3263
4417 2049
4182 445
4428 3611
1341 3747
212 3379
1570 4129
3550 920
4440 2618
3519 1493
3680 1449
3808 4420
2465 928
502 1768
3922 2165
4727 385
3016 138
343 4260
1099 4161
593 1181
1520 297
1254 4757
1534 4535
4233 3988
1015 4617
444 3376
4665 3735
906 947
278 3359
1557 1271
396 1002
2034 2145
4004 1460
704 1582
364 1671
2343 4332
2241 4095
3504 3552
2212 59
2127 2097
3359 59
1823 3296
4300 1062
314 888
4540 256
3267 4239
1154 2352
4157 2472
2852 1557
3769 1959
177 1267
3806 3995
1235 286
2697 1869
3969 3577
138 1052
1286 374
4567 1005
4657 1674
2516 616
99 3183
767 2494
1771 586
731 4695
2048 4263
2551 3062
1926 4442
3241 3732
1050 4215
2060 1297
1641 2709
179 2383
1435 4212
3050 2768
129 2321
1865 1692
2624 652
2490 4104
4629 14
4367 2525
4741 4122
1236 3303
3812 3234
1204 3645
2562 3626
2824 3481
2340 1858
369 3996
3519 36
4098 2752
3336 2849
426 2537
3203 2626
774 4607
1582 4258
4504 1102
1633 2823
1211 3285
3957 1958
719 1903
2175 4190
2403 1260
1834 4493
4009 2975
349 4147
3315 3373
1767 3885
4749 4183
3053 472
3468 1386
68 2751
1228 3769
1889 4688
4202 665
1526 1951
762 1412
747 2370
224 1589
1106 2596
328 2848
2135 2886
2380 3266
4170 272
1735 288
2387 2922
1950 1103
2348 346
4572 1206
4448 806
2730 1404
4606 3216
374 2686
1407 4065
1969 3004
907 699
3955 3588
3168 3925
4035 3663
1563 1132
1442 4036
3876 1480
3648 3178
304 2387
4475 874
3742 4546
2814 3211
2071 364
3349 232
626 779
224 3569
3272 2079
1475 630
4671 3598
1348 240
611 600
3980 4255
3440 3217
396 140
1609 2193
3358 4164
994 1985
738 4274
49 575
749 129
1600 2202
2471 493
3238 2115
4687 2655
4304 2837
4205 2633
218 2162
3878 3841
3897 1407
4667 1213
3329 1027
2441 3036
2114 1575
2983 1473
3476 4084
3344 1
2131 111
65 1062
360 3648
3563 491
2365 2996
3121 2231
992 1686
4056 4430
348 1354
1053 3361
4320 2903
4431 4424
1927 4224
2018 3248
2110 876
1797 2568
628 2873
1384 2725
1447 4559
685 2139
611 2449
1919 2431
1760 4437
3775 1389
1136 601
1500 3798
2828 2620
3910 171
2340 58
402 4572
1330 1719
1630 4738
3218 1476
581 2663
561 733
1868 2314
4004 3295
3024 775
3730 3718
2314 2934
4728 1648
732 983
3717 666
1156 3548
3654 2336
4175 1912
4017 812
4601 2134
3053 901
4680 3679
1646 2441
3708 1215
3369 2296
2340 3801
163 2761
1681 3599
2014 4289
3541 3736
1339 3251
919 4631
4358 4066
1753 4578
3770 4293
1541 3293
2521 4512
2613 3501
1084 1009
283 930
4712 568
2631 3921
1702 1278
4216 958
1320 3278
50 4757
4161 815
4047 3730
4405 2784
4509 201
4488 106
881 1218
469 754
4366 2249
1582 4327
1655 3470
3836 4374
3685 1107
2097 3341
2638 19
2051 2188
38 2489
2955 749
1614 2168
1277 3283
12 270
2966 2972
2427 3413
1587 4682
1715 3581
1281 3151
500 1933
1890 1178
4736 2006
4656 3627
3184 1785
4489 98
3573 2250
4630 2690
2737 2581
136 2385
310 263
2254 3199
2082 1980
915 3299
2623 2109
4545 1505
1643 522
693 2070
3952 2385
3359 695
54 2126
1052 4115
4316 922
3375 4666
1443 4577
879 275
2111 3533
2540 3756
4361 1273
3250 4678
2743 4505
1628 1481
1415 4670
2017 2721
626 2008
83 3005
1459 3661
404 1415
4218 3709
3041 1613
2912 4728
2708 2178
2397 4466
592 29
3568 183
3615 4339
3302 3922
2419 1725
2328 1403
4278 4234
1406 3589
4634 1082
394 3325
2839 4268
3221 2678
3496 1908
3659 3341
3500 1126
400 752
270 3683
2832 725
3453 2538
3201 4220
694 1061
3885 2961
3198 519
1514 2284
1450 1743
538 4248
4071 3050
403 284
377 1589
2944 2813
555 1931
2744 3112
133 451
974 2943
77 2029
84 2766
3366 4703
1733 2699
2136 705
1751 54
112 1810
2611 3440
4051 745
810 2651
3322 772
2017 383
216 1260
271 505
820 1006
2926 3402
4761 1691
2397 2534
104 3349
3235 2573
1494 1856
682 1811
1026 965
3861 3542
1799 4541
2118 4086
3327 2060
4275 3738
1912 3277
2075 2308
1622 4361
2603 2555
4636 2915
3585 3581
1997 2550
2978 617
4472 1554
1134 3981
3554 1221
3514 3152
3051 2329
1305 3552
1802 1184
1530 1715
75 611
1562 4331
2121 2773
3190 3943
2539 2053
1408 4253
4456 3721
2177 4540
3561 2891
3225 785
3089 64
1984 3484
3074 4336
435 3473
3730 2806
2129 4490
4359 187
198 1055
2467 3130
835 2009
2276 838
4063 836
207 2136
4437 1048
600 1771
4482 2131
2277 4273
2087 3825
4021 3550
4130 4120
3804 3745
4562 4488
620 4761
1272 2068
3562 2721
4753 2833
1315 1160
3353 3854
3482 2363
1686 4254
2576 449
3018 2007
1939 108
3648 1618
3388 334
948 2169
1612 886
4432 3592
3065 2884
1426 328
4218 2229
2715 4561
3883 1834
1310 3856
2582 668
2476 3051
2564 509
744 3585
980 2772
4584 4532
3008 462
3311 4118
721 1090
4479 3812
2331 1769
3157 1914
4052 1370
3465 952
3407 803
3598 1113
2981 250
521 1146
4390 3362
861 1437
114 1992
3746 3274
4136 1484
1309 405
3666 2248
4376 3686
998 3063
880 2697
3371 3728
716 2879
4290 1892
3967 573
765 867
2246 1580
1193 2836
4571 1487
841 2345
2938 42
2055 40
449 2215
4614 691
16 2816
1479 722
2929 1373
3176 63
3730 3986
2567 3976
2615 1940
3922 611
135 446
1559 2889
450 172
1671 4459
2900 4261
1118 3382
3010 2935
1461 4219
1254 3778
2906 2460
3973 1721
462 4499
1052 1091
568 2716
583 4437
2389 2019
3619 3376
231 2132
58 2175
3791 4355
2092 3604
4463 2089
513 2414
1030 2570
260 2614
3723 3242
1462 531
1180 2462
4761 3932
1400 2394
2458 4218
3900 2553
1498 4033
350 2107
2591 3963
3054 4108
1745 154
3314 2677
1696 507
3978 1190
3408 1382
2641 64
3694 3092
909 464
1643 4146
214 275
2499 2207
1667 1278
4636 2107
78 4380
1195 3047
3782 2511
4270 2204
2019 623
158 2948
2634 4510
1840 4729
1204 816
4031 1057
4339 3999
2692 3312
1891 2847
1254 1047
3410 421
3070 3651
3710 2719
274 2122
2803 3498
2237 795
4437 420
71 1326
2873 2979
1402 1856
4125 2828
1012 2479
4194 964
3584 2368
582 3713
4756 4523
2019 3356
2958 3580
3773 4140
1845 2070
3357 4211
4014 776
1807 326
745 4722
2777 4234
2513 807
3214 4553
4628 1612
392 4425
2165 313
3551 1108
851 1867
1394 3544
686 2659
3509 2093
4690 3375
1815 1789
3180 4363
336 819
1483 3284
4381 690
3452 874
650 997
3753 3094
3725 4469
3686 4044
3207 4435
91 2169
4415 1668
889 356
2506 2999
2420 1912
2833 3428
385 3730
3512 3733
1891 4191
206 660
2690 1356
2019 1797
4384 4174
390 478
2337 3664
3256 3649
1444 916
3319 2973
1971 2987
3630 2266
4582 1550
1137 4092
3033 4651
2465 4470
2453 496
779 1716
4189 1140
4653 3441
4439 4113
2798 2742
1328 2404
2946 1393
1727 333
4150 404
2546 4705
2974 1379
4180 918
3233 420
1076 2979
2161 3951
3310 4556
995 663
3040 4392
2690 4114
3819 4546
2836 1294
3847 1834
4238 4760
3547 3826
3820 2233
1884 262
4278 490
3586 1160
102 1381
662 1909
319 4752
4122 4636
2302 3343
495 1211
364 2814
2585 933
818 40
4552 3558
1675 4180
1796 247
581 611
877 290
2953 1884
4523 614
3178 276
2325 1377
2732 1736
3012 2000
3496 2672
4173 457
4131 1008
3628 2261
906 2514
3673 2639
1070 4047
649 236
224 227
4076 608
3337 4499
1782 777
1976 476
4198 3286
2629 456
3432 2351
4230 2854
1303 4148
1355 2061
960 2311
4042 3419
910 2330
3142 4321
592 3375
2740 1586
3677 3601
107 4334
1944 3566
1960 26
3891 4188
507 3888
4202 389
1376 2670
129 4588
4454 1594
3716 3494
2729 2165
210 2279
3040 1291
3340 1317
72 878
3907 1814
4045 3581
2984 2064
3521 2167
1328 1484
2083 3317
680 4136
2590 1437
481 132
3977 226
3302 1819
4545 2085
973 493
4603 3995
4655 4416
3079 410
4254 992
1834 969
1994 3374
1917 534
3052 329
1079 2747
4691 2141
462 3449
510 1371
518 3459
3444 4234
403 4067
3958 453
2130 3765
2139 3841
1794 2678
1600 3752
2690 3149
1717 3616
4 405
2621 1
2872 1089
2612 3777
1961 3653
1832 3882
307 1952
3898 2797
1650 423
2480 2882
2255 2722
243 391
4165 3051
3682 3844
2139 3818
604 2701
1991 43
2753 4067
3413 3892
3289 1241
3105 4068
3261 1990
3686 4374
2721 1917
3197 503
1428 3991
781 315
2328 3359
4316 684
3597 3526
2412 3281
1826 4599
973 500
2610 524
1486 1892
3664 2304
1829 2628
4659 577
184 2523
1913 2286
3939 3986
1083 1762
3119 3866
542 3066
1040 1582
4485 2330
3796 1978
1819 1349
4674 2767
2671 3393
4019 506
1582 511
2458 4096
3307 2481
3966 2273
2966 1251
