4284 5235
1060 471
3173 972
999 1704
1045 3269
3289 2924
4087 2761
3938 137
302 3726
3674 3801
599 2929
154 117
644 3180
340 3021
1019 2124
1138 2216
281 3586
922 3095
1193 709
956 1312
3979 4250
3795 3987
2173 3140
3151 3862
2003 3077
2859 3143
3344 3152
677 4103
2294 1272
1351 4250
154 3046
3611 2647
162 3065
2081 189
386 1073
2256 1542
342 1936
1117 2235
372 3468
2964 3668
1046 341
2892 651
3936 2564
198 3735
2082 737
1377 3272
3470 3265
1598 3667
2086 2061
3286 4244
858 1171
1113 126
3194 2501
603 415
636 349
535 2628
2443 1646
3289 670
3782 2698
390 1757
3466 1661
4208 1502
1879 2807
3289 2138
386 4060
3441 272
79 1029
3659 3582
3692 855
2694 1156
3181 48
4259 249
2136 3148
4070 2772
3668 1332
471 1883
2369 3811
1520 3433
2652 2654
856 2082
2137 3946
1827 4098
3267 1567
3871 894
966 413
3444 1620
3235 1890
2985 3799
3723 3165
2433 4189
3164 75
245 2596
205 146
3666 1343
1325 474
83 272
1532 2775
1302 415
3344 1132
249 1053
3888 3723
326 471
3726 3054
2071 2967
1542 3761
469 699
4264 1542
3391 2648
3621 749
3499 2705
1239 2292
1229 3469
2792 1639
462 1810
3578 3352
4124 4236
111 227
3337 3673
1782 2168
3723 2454
518 2464
2947 3358
328 2122
2836 809
1442 1617
1048 59
3271 3339
3723 523
1076 349
2710 326
2271 4175
2107 471
1517 2679
1193 1647
1544 3537
3637 1719
3794 3265
471 1733
3348 3723
1079 199
3140 649
377 3860
4225 4058
465 3726
3894 2970
550 910
169 968
1359 2599
741 1827
3505 3555
1822 2525
2799 851
2055 1268
1812 2997
4187 2606
279 2814
2308 678
249 1258
1861 1121
2845 1682
3499 2067
1204 1068
2377 2101
3499 1309
1666 1082
326 3639
2185 2525
1032 3301
2778 2490
2247 3289
676 3834
3537 3140
3419 3247
1952 998
3179 548
4099 2021
534 283
4091 4082
1297 3289
154 916
4033 4250
3640 415
2877 3753
3459 2777
3145 2604
735 4125
3868 3335
861 3073
3530 1542
1845 361
2421 1086
3284 1317
2724 3442
967 2525
3788 2197
3384 1173
3828 2636
3004 1449
3870 3726
3107 2093
2748 3661
2488 326
110 1898
1190 3336
3723 3549
525 4267
1542 2984
2939 3289
1777 3362
988 1399
2733 2579
2084 1215
1905 3723
3726 930
264 1521
3938 154
3971 1081
349 3910
103 3624
135 3065
1857 972
1319 2978
108 878
2052 2901
221 1285
2807 1107
2458 1459
1542 4224
1518 386
1604 3251
1036 3289
1769 2791
652 471
3448 1623
2648 37
342 4101
3726 2461
2090 1760
3960 326
2767 3464
44 263
889 349
3863 2861
3012 3255
2585 240
3528 2449
525 3634
2273 3668
2383 4183
1714 648
1173 1169
2956 1670
1895 4109
3265 1828
321 2197
790 3951
85 895
3322 4110
3022 3765
3237 1803
817 1079
3871 4166
3968 843
3667 73
3668 3427
3400 3289
2638 2037
3031 1829
525 1687
1213 949
2602 1666
3066 3664
875 3936
3265 1304
4175 296
1149 1405
3814 3569
349 2977
4088 741
1973 1464
161 126
525 1973
3918 2177
1546 1867
2722 969
2772 87
3375 126
658 2393
754 2979
1997 3063
3877 2608
2035 3589
2292 3430
3249 1754
1877 3726
3110 1004
927 3108
1849 809
3653 3454
1914 2291
3621 3927
3064 317
1044 2545
2714 961
3495 3499
3250 1390
1588 2853
1903 2432
3265 3789
2027 1877
249 1932
3334 1764
146 4212
3361 969
2628 3302
2261 2837
56 362
2094 818
1899 1344
2040 3723
1084 1243
3871 267
2892 2990
86 2756
2717 4040
1111 1240
289 3443
1018 3878
326 1885
3758 3555
2341 1556
2525 354
649 4193
1484 3897
3279 2231
3923 154
3214 3667
1793 784
2703 349
1193 2669
3419 342
3529 640
2716 154
1366 4136
2367 326
3897 3515
1016 44
3320 763
785 1006
29 3289
841 3667
3224 1692
1099 1697
2179 2477
2056 930
3503 1372
2285 2381
165 3696
542 3475
3849 177
1764 618
3871 1807
2465 2394
4138 448
3738 307
3836 4220
540 3726
4117 2449
3548 800
2006 1880
3158 1420
1148 4044
1059 211
2869 152
3723 4232
2232 1523
242 293
1193 2797
4100 275
1811 4237
3143 3871
342 4175
1469 4076
3723 2257
3668 183
3642 3210
2616 696
2759 3668
980 893
505 736
3723 1384
571 749
2307 1666
2100 3997
1413 1913
4250 306
1998 1956
2573 1470
3668 1983
386 2692
2457 2023
2830 3344
3108 1981
2764 3504
471 152
1200 2297
2807 4120
4066 1508
4015 871
2696 2284
3265 363
1274 2426
3265 2016
1221 2947
2644 1193
1800 2930
2788 3074
2292 893
1536 3245
2136 415
4095 3009
3140 3460
1732 765
3956 494
1196 3638
326 1935
4148 1766
3876 340
2290 444
2648 3378
2908 3147
3140 2452
685 4078
2550 4079
2751 3555
2753 3289
2133 815
2892 1926
3128 358
370 1895
4033 295
4177 1256
722 3779
340 154
197 1042
1988 3325
617 1669
1792 4066
979 358
2883 25
4250 3671
2445 3289
461 3234
671 749
471 3230
2594 326
560 94
1193 2775
1506 1371
3027 1627
1013 3573
126 2446
1564 3728
1509 4276
635 840
1388 2292
3265 12
3629 3140
3499 2950
909 1428
332 2976
2833 1888
2638 3690
326 68
1173 3298
1089 3319
3299 3140
2407 280
2979 154
3108 308
3344 913
1456 1933
239 847
3679 3880
399 1141
3223 2616
1794 1864
549 3108
3191 2282
177 3639
3648 2540
1542 3532
2525 5
2842 326
951 1255
2455 4003
1165 4146
3566 174
890 1173
3172 2648
1323 1596
749 207
1636 2370
645 2865
1465 1105
4027 4
2706 408
3723 3277
2063 3646
2892 385
415 4212
829 3682
3933 3328
1377 2071
3297 2603
1759 2312
1703 1808
4042 1758
1558 924
1427 1517
1895 383
775 3944
1895 3613
4258 408
1080 126
1358 1778
2525 258
133 3818
1710 2063
247 1278
2410 190
3302 535
3718 1542
120 1699
1341 1850
3282 340
2335 3871
3356 3289
1116 131
2819 673
3108 2296
4011 3689
3119 3726
2472 1773
3908 493
1975 4205
526 3051
745 1193
275 2712
3551 2827
3668 485
4044 340
265 3163
1784 1947
2292 1711
1974 3354
2807 1341
189 1795
501 627
2935 513
3555 4223
1029 3667
3534 1059
2617 1756
1350 2586
2938 2078
883 2923
707 212
154 135
1518 2512
471 1061
3198 3104
4073 154
870 1388
3402 2784
2919 854
2678 3020
1554 3053
292 2525
3793 2965
4030 1447
158 3543
3739 512
2308 258
2925 3723
1327 1047
923 3200
849 4207
154 2834
3954 2977
1459 3784
522 893
3140 2324
3497 3514
2506 3757
1495 1995
489 4250
3288 749
4084 415
2513 1479
3669 53
3635 2060
2871 389
2337 3127
2902 4059
173 3670
4283 3005
1483 3140
3026 1542
2924 725
452 3723
3655 749
1173 3896
3555 3455
84 1313
1501 2437
2971 66
3555 3088
1835 2648
4026 3890
1173 330
2430 1311
1193 3442
2368 1666
2807 2525
3703 752
850 4250
2970 3140
1667 3978
3046 2015
1478 582
3038 3929
2153 1591
434 4037
342 771
2892 492
3633 4250
1068 1232
3299 2045
420 3820
4140 426
2647 3283
2068 2639
591 386
3568 364
525 3264
1226 3506
158 3155
3005 939
3070 1115
2598 1193
2662 1377
345 3207
2032 2516
4241 1777
4264 3072
2253 3667
1958 2926
723 3555
133 2400
1584 126
1377 2828
3242 1382
2525 1678
3488 4178
3667 2469
219 967
2990 1797
1731 2892
2911 784
1158 3950
243 185
3381 1355
2882 1069
3231 1503
3861 386
3108 2362
4092 1777
1231 138
3265 893
1804 1745
2592 455
3300 1900
1173 1366
2892 75
3067 1542
3220 386
2892 737
825 1924
3488 3123
3344 1352
2998 1031
3912 4192
721 445
743 613
2029 1154
2690 1889
4142 1143
1071 1173
3068 1780
2890 504
1774 2948
1115 1980
611 525
1217 1143
3424 1542
3681 3756
1015 1574
3745 893
3499 3331
4043 974
3371 415
2542 2562
2936 326
3353 1177
1396 646
1010 2352
1102 1506
3499 1830
509 3622
2559 1542
4172 1973
1823 488
2351 426
3251 1895
1447 2208
3071 3668
2081 2115
4027 3737
1945 4012
4191 2557
3108 1982
3114 3676
2660 1385
1431 1585
2046 3540
3275 4229
126 2101
1686 342
1063 564
3546 1461
471 3008
3050 2715
3925 2892
3243 3007
2688 1956
2280 431
976 873
893 387
2676 4153
484 2652
2209 249
2884 154
2717 349
4007 4094
525 55
2004 2254
1498 1892
4133 1666
3871 81
3734 2781
749 3024
2901 3555
1666 101
925 1970
2391 1812
1173 3705
2443 893
454 4234
1737 3765
1277 3549
2332 2654
4250 2394
1712 3108
3499 3108
2765 4260
1469 2272
893 3627
4072 4069
2196 3521
3414 3804
154 2636
2292 3936
2280 4250
1088 3915
2294 892
2525 3937
2773 1078
675 3726
3605 1263
2005 2932
2633 3054
4248 3160
3726 1909
343 154
1747 1382
2696 2894
1077 2388
2164 77
354 3864
340 3709
3081 1952
625 3194
931 1375
498 415
1766 3555
1921 3497
1193 1992
830 337
3721 2926
1489 1133
508 525
2174 4016
4034 3689
251 1301
3668 2350
3403 3945
1895 1917
2342 2372
3289 2966
1880 4165
2611 2684
3522 326
2997 2723
3350 2844
1513 3723
365 1555
808 685
991 2328
1578 3500
754 2114
669 218
3833 1173
1912 483
3541 1372
1927 3481
867 2373
3713 1472
4165 192
3183 1777
454 1654
3947 639
1410 1581
763 72
215 150
2012 3509
4282 3140
2695 2603
3468 2009
4154 4263
3779 371
3668 3523
2755 1193
2184 326
1542 1507
78 3245
1658 3612
3726 968
893 1295
3191 3265
3838 1660
793 77
944 4045
1361 132
757 195
1274 2727
837 470
3300 342
1324 670
1308 3723
2525 1677
3555 1728
3265 3972
3543 3108
797 1400
3842 1006
415 1246
1619 3482
1173 1193
206 405
1560 202
1097 3108
4277 720
1671 826
2946 1889
2203 3726
3672 2637
1840 2892
1605 3474
3915 3981
93 851
2648 1165
1333 1645
4180 4028
340 893
36 511
242 1692
1631 149
3093 3726
1124 1335
1116 233
3044 2843
2110 1547
2222 2807
126 1519
525 1269
1666 61
2435 768
3105 523
3708 3140
1331 529
806 2831
442 1472
1847 1202
340 534
3726 1497
2144 555
2817 4016
3060 3158
197 872
2204 386
2292 660
235 2924
1485 510
2229 3315
1242 1622
3571 1487
2803 4039
1789 3847
3976 980
3108 3125
1908 2476
1249 3871
2824 1218
1861 55
2577 1377
1345 2678
1635 3807
1093 3395
233 1542
1376 3140
2080 1125
2527 2525
2099 464
154 3920
3546 2931
3182 780
1373 2632
2268 4073
2577 4100
1931 1986
440 2525
213 2893
3726 2675
126 4038
3289 2063
2051 3140
3529 73
1800 1649
4240 2892
1251 562
211 1164
3265 2892
3688 525
2525 2279
4197 386
1573 342
1038 1828
1020 3349
893 2665
1786 186
500 3110
893 1551
2815 2525
2273 604
3667 212
3215 436
2471 1377
340 276
2568 1299
2292 4178
3562 121
1198 128
1948 3835
3222 3838
4279 1380
2537 3928
2059 265
2892 379
1377 3253
227 2807
2172 1196
400 610
3009 1064
893 4034
1090 436
4269 4238
126 2807
3766 3555
3393 1821
3749 3976
3246 1192
730 2387
1535 2998
778 2207
560 3037
1717 2762
1530 3843
3058 3712
2255 3969
2876 893
160 2526
3289 1878
3668 4041
2517 4186
2537 996
1677 53
2954 1645
3932 957
2408 194
694 1693
2010 805
3726 1193
1826 1613
397 3293
958 349
4097 394
4185 1542
3973 2974
4128 1368
2447 2349
340 2162
655 3734
928 940
2079 1954
2118 3140
612 4240
2295 2256
4017 1467
1542 2304
1005 475
2666 3612
222 2165
3428 3961
1599 1280
159 4280
3831 2497
1184 1110
2868 2650
1657 1527
2955 1672
1607 2555
4164 886
4233 3935
3117 2951
550 2892
1387 2887
3960 1041
3484 212
2506 2878
3743 3108
3019 3477
368 3709
1379 2705
2158 872
3076 2846
672 4250
1589 1290
342 3190
3028 1104
3968 2448
2101 576
3571 126
568 471
1578 1070
3536 3668
3967 442
1959 1653
1436 3555
349 533
1377 3175
2195 3866
1100 3499
3108 2643
2376 3871
728 1261
781 1089
2807 1818
1150 3448
915 2796
2576 770
3827 4064
939 4283
3613 1990
3817 126
803 2341
413 2681
3723 3056
3363 1364
1059 3667
2459 249
231 415
3255 3666
2091 4169
3275 2968
568 2578
2210 3108
3006 665
3492 1377
2234 3165
749 2077
1039 690
2165 3489
202 2648
3459 3140
1317 913
3499 695
3091 4264
3654 911
1625 1516
893 2506
3237 1542
349 2704
1895 3463
2330 908
1326 1777
2088 2883
471 3793
2104 1007
1312 642
1895 1751
3889 471
2693 3466
2645 2292
787 1739
2892 1806
611 2558
3233 3667
3608 3140
1347 3169
4215 3620
42 2195
3052 3871
1724 2950
1895 4135
4057 4022
525 3168
1188 2770
3140 3127
3472 3140
3270 2837
715 634
428 3299
1381 344
4105 340
220 415
386 1344
335 835
50 289
2234 938
3329 1084
1673 2916
1173 200
3667 751
40 677
1776 4122
3068 2397
3411 3289
2863 4007
2761 1565
2198 313
2995 4015
3558 593
1833 1222
3667 1876
243 1626
573 2031
3186 3890
130 1886
2496 194
3723 184
398 967
2525 3100
4065 1735
752 3265
1744 3140
2222 2054
4145 1377
903 3667
1455 801
1585 1796
2021 724
295 2155
3358 3043
2401 82
853 4214
3335 2034
3637 739
3108 495
3720 750
3070 1130
799 1393
1465 35
3871 3542
2237 4228
624 749
2178 3128
3012 1343
2125 1895
2442 1971
98 415
386 2674
3723 3305
1590 3108
480 220
3405 3667
2170 876
2648 1823
1556 3555
679 1049
411 1866
982 3310
3644 340
2613 1210
260 3265
716 1539
2432 354
1917 2566
3140 3146
1379 3205
4234 525
2880 1265
2149 3140
43 3865
1542 2182
4055 4017
30 3265
960 702
1353 4049
1020 1512
837 1774
13 1180
1766 3101
157 3406
3577 805
2185 1746
3502 690
3110 154
2979 2354
2346 852
1364 2634
2346 1119
1174 902
1994 718
415 1786
1730 221
703 3662
1661 1001
1513 3554
2397 1780
2689 2599
1131 67
2124 3289
1895 599
2166 176
1441 3748
4089 3849
2044 1821
718 126
1584 2323
2672 4281
3344 3513
4065 2892
3140 4076
2312 386
1314 1739
340 349
2763 3140
1377 3854
326 614
1583 2571
3533 1142
1291 3499
302 1135
165 342
678 1443
3656 1650
2713 3285
1591 944
3078 1273
854 386
1666 3656
1201 349
945 1608
756 202
3539 2528
225 1066
1862 3499
2656 3359
49 2485
3550 2022
2807 3679
136 536
30 2137
2318 968
757 3839
3555 1564
865 1629
4040 4126
3265 301
2292 1402
2097 1671
2648 4051
249 1460
3663 2395
2907 3533
3771 2488
1787 4031
2568 3501
340 2241
3828 1802
415 2240
2365 2648
964 3129
3778 1931
50 1193
3726 4035
3555 3370
517 3783
74 225
764 1477
3465 711
2880 3228
1416 2064
2525 2768
3289 2195
419 2653
3313 1066
1685 2291
1462 1544
3385 4125
126 1083
1301 3803
464 1
3978 18
1112 3726
970 126
971 4196
2735 2945
3638 1248
3693 725
1172 821
3553 1377
2117 154
995 227
2268 1502
2892 2231
3118 4153
3670 3993
2303 1193
1844 59
3989 126
437 1666
3390 2139
1983 2738
3686 63
147 3367
3723 478
4233 1300
1091 1622
2994 3854
688 294
3062 1499
1193 253
2361 3465
3344 309
2767 893
3423 3160
1487 3197
353 340
43 3667
3061 2889
285 2634
1194 2544
2745 3668
3500 749
415 1670
1198 3499
740 915
4090 3022
342 154
2807 935
3161 589
2947 386
2499 2621
3385 1337
2414 2113
738 1636
2856 2999
749 919
1122 3115
1136 2071
3499 1311
525 467
297 405
2106 825
3843 3800
1542 4238
2332 484
126 1006
904 3455
2636 1802
3318 1245
403 3871
4088 4098
2691 4075
554 4158
3344 3303
4254 661
3316 1153
4093 1542
823 3667
2981 20
2408 1647
251 3803
31 3723
3213 3710
3913 3289
2760 893
310 249
2373 471
1182 3710
72 3265
3959 3085
2025 71
975 3459
1453 2807
3726 3250
4080 3347
1666 2531
1656 1377
1167 3752
3046 2509
2375 1493
352 4272
856 271
988 340
750 134
1633 3002
3451 2060
3008 1846
3824 2441
4218 1831
1601 3437
342 102
4251 3911
1949 130
3419 4274
2325 3499
1270 3858
157 3851
3718 2831
2695 3297
2503 2465
1689 955
2955 3604
323 2691
319 471
3850 4108
4222 3668
4250 2130
720 1982
599 1755
2648 3723
1871 4094
3368 126
2500 2271
3108 4097
2761 1666
4250 2232
629 1777
525 1096
92 502
3668 3562
3786 1011
622 1573
1736 1714
1775 2892
136 326
1649 3499
3140 3438
3791 1173
2036 340
594 3811
1226 4119
965 2676
2892 1035
2986 4062
4080 386
3289 4138
1595 595
2836 1849
1007 180
2784 1534
1684 3889
386 3031
2615 1885
1301 340
3476 4083
2803 1211
3759 4062
3597 1276
1541 2292
2124 1338
1474 4095
3324 2854
154 1752
1707 1236
990 1556
1013 2892
1799 581
4200 663
2891 1390
2541 2525
4140 2351
875 2564
326 742
3661 1208
368 2492
1363 1193
1986 3778
1216 3583
4008 1777
641 3944
3607 3871
953 342
3582 3667
3784 2458
1205 1613
900 3140
3848 3244
1163 3344
4277 1982
4198 3027
2972 1173
890 797
2132 4083
1917 82
2211 2414
268 3373
2874 3809
3100 755
1732 3829
100 123
3906 3726
1945 3280
3878 1628
1616 339
782 896
2648 449
2125 1204
3265 1024
2917 35
597 2052
1130 1980
1964 1408
556 1370
2487 3350
2190 2422
2560 3344
1777 748
1860 3439
3493 340
3791 3333
2635 544
1232 2125
1777 3186
2467 2520
1579 1433
4024 2648
2014 4082
3733 4226
4089 3639
3924 3093
1526 3848
1173 3262
3663 2120
93 490
154 62
4096 3904
445 421
4075 323
3885 342
3950 97
461 1666
2358 2238
3810 2367
3667 516
3035 1664
952 4042
2034 3868
447 2200
2401 2566
2892 643
1161 1777
106 1533
788 1710
749 113
3265 1701
386 2568
115 1173
2275 766
2292 318
694 2877
249 715
2689 3045
245 3700
2923 1334
978 1224
3431 3381
471 1501
3344 1177
1950 4164
3002 4139
1570 3192
1297 1865
320 525
3667 54
2501 3723
3512 3525
3119 885
1474 1064
1184 730
340 494
340 1040
1855 2982
811 385
2380 1897
3129 681
1843 691
2886 4053
2896 3931
3851 3406
105 525
2861 1716
2300 4193
3289 386
4076 2802
563 2807
781 3319
3164 392
415 2968
2648 3108
3132 342
782 299
3723 2806
3098 2149
2276 3265
259 494
3120 4122
6 1895
3450 887
1668 471
109 2942
1895 266
3112 2913
3792 1195
1663 2466
3829 765
1296 3034
1405 816
1378 2570
2941 2833
1522 471
1895 1514
1127 2622
2311 549
1667 2277
3617 3344
1310 3203
201 3988
4014 1208
3379 349
610 4168
2422 3090
1650 1254
415 2820
630 2378
258 1443
249 3041
2415 2523
3315 675
1458 1
2588 3140
4250 2651
1990 1238
3990 1612
1542 3057
2851 1550
2059 3740
714 1366
1334 2786
2642 3903
270 2960
2650 517
1434 845
1749 145
1222 2171
897 1320
3256 918
3804 319
525 1189
3563 647
2807 3593
759 585
2681 1152
2287 3494
4078 808
2239 918
1228 1836
2193 2424
1810 3298
1430 2074
4270 1147
1922 1038
2152 2697
4131 2100
1146 154
769 1383
249 1505
1808 2539
1850 1881
372 2009
3696 800
471 3818
349 3441
3647 3096
2895 209
2342 3513
2805 893
132 2613
3871 893
154 689
4215 3705
2701 749
933 2908
2627 1354
2066 3617
1724 1444
178 340
1012 415
3180 386
1542 1690
2870 2899
3531 2895
3246 326
3501 2109
2462 1847
2181 3322
3039 2164
3645 2990
2927 3452
3678 3433
1206 1907
3768 3648
3550 1140
2292 509
4187 1425
3249 893
1612 1069
877 340
91 1260
1666 1542
2903 409
3808 3117
3643 3692
2192 2525
1306 2525
2384 923
2620 1173
2747 2821
3399 983
2114 2354
1377 314
837 249
3137 1887
2116 3108
3523 3144
4065 4225
783 1777
3285 342
2516 3416
2017 3668
4176 1588
1481 172
3309 63
3801 214
1349 4279
3212 47
1547 1326
3108 1450
3519 1765
1137 1407
3077 326
155 3289
3737 4
3667 3167
3726 249
1434 909
471 375
2657 2989
3952 3872
3857 2058
2983 386
1924 580
3667 2611
810 154
126 3409
2807 3921
28 2751
1420 3060
347 3871
2116 1717
2057 3668
2140 324
2196 3913
400 3384
3531 4261
848 2062
749 3699
2774 2170
684 3923
4151 993
3535 3959
4179 3083
3516 3307
3894 168
1969 1864
659 4250
3555 3799
3304 4206
4043 2648
1133 1895
1886 3555
1133 2250
2698 144
1853 2495
2760 3398
1777 1770
4125 2648
796 3726
2838 1790
2687 3561
3156 10
3357 525
2277 18
1920 920
249 3557
2614 317
2191 1763
1542 1884
2976 2999
2776 326
3917 342
55 2510
1425 3461
4041 2200
2423 3668
830 3485
3108 163
749 4199
390 3227
619 4250
238 4035
2829 349
326 3966
2532 69
817 3714
1601 4250
387 187
217 2798
983 3781
3499 2489
4149 1666
1229 3948
749 869
2129 125
249 1241
1955 3952
2618 249
1305 3216
345 2024
960 558
22 3265
1310 2112
2525 427
3928 525
2777 2556
2450 3499
1300 3935
1628 1018
2893 342
3762 3092
2448 547
943 4116
1895 2608
3457 1900
1955 471
249 2498
948 916
3723 1474
2551 3866
386 1674
3281 249
3921 1816
4202 4056
342 145
1312 2892
4170 1586
279 2489
3451 3796
2161 1666
3216 525
326 3252
84 471
1178 3892
3028 123
2080 3576
1777 4042
4177 3257
2715 1569
1242 1091
3253 3218
326 2353
1957 2292
143 3544
3514 2221
2265 3289
2375 2583
2292 119
3176 2228
1989 1349
4221 673
2845 1870
3180 1159
3092 3507
3827 2769
749 2120
4230 3373
2937 1777
1920 1193
2737 3
3340 3249
525 1558
1647 2496
892 1272
3621 3149
1913 2822
1865 3630
789 3201
1978 2892
2102 3344
950 3554
304 3326
3813 4169
2108 2392
2168 1619
2005 525
749 1644
3538 4029
2483 1453
1451 749
2572 2857
1369 1185
1131 1875
3289 3241
2508 2193
4194 747
2700 792
1542 256
1748 1223
2964 2297
2436 3723
3898 3730
1942 2440
60 577
1635 2285
182 2037
326 3053
1937 1777
1193 3126
4179 3321
3192 226
1788 3726
780 2166
558 866
340 3702
3845 1193
2070 710
3757 674
2525 3047
2395 2120
1237 942
3555 872
3697 1750
1235 1142
2807 2321
3547 313
2310 2022
1013 1370
4250 1028
349 3550
3108 1626
1262 3732
3555 373
3195 3919
706 1878
1030 2292
4204 1895
3328 1137
2848 2202
850 4059
2147 705
874 486
557 3265
2353 3316
41 249
2383 3667
3932 1281
104 4170
3983 3584
3767 1377
3871 2864
787 3268
2238 386
340 1696
342 2360
3995 152
304 326
2586 3723
3634 493
3178 2673
993 559
971 2511
3808 2951
4173 462
3645 1797
3453 2563
340 112
3525 2807
3667 2570
3291 1933
1777 2881
2807 2709
4268 3947
1895 2133
2376 3852
3805 3787
3157 2248
1743 699
2849 2648
261 321
2648 592
1959 2741
4121 3667
994 1129
3063 4115
4050 2055
471 4015
2262 71
919 4113
715 1482
3555 2816
3690 182
1418 3628
1439 1335
2579 3856
622 2038
394 1092
1074 2292
1319 668
2815 2590
3265 1777
1985 1641
3723 3111
3826 2783
696 3223
2555 2892
134 1377
3294 3721
2033 2525
4250 1639
2746 2547
1101 3496
2258 3556
1453 2591
1839 2525
2814 3677
3918 3726
3509 3999
3594 2708
3895 550
3623 2818
3257 309
2892 1777
1602 633
3258 257
1687 3486
67 349
3304 2379
1511 3286
1757 2589
2738 3625
1916 2557
3667 814
4250 2933
997 819
3578 3008
2517 1276
842 3668
45 329
3369 3471
479 1716
4256 1720
2807 323
2969 4131
2783 1829
64 429
204 1704
2074 893
1640 3954
2431 1676
824 3487
1039 1651
733 2648
2894 4216
2901 597
776 3344
154 3403
4054 893
3478 1392
3133 1750
796 1032
4192 1114
3911 2521
3437 1838
2758 1666
2381 3807
3108 1016
1620 3345
262 415
3987 4250
3207 340
1076 2206
32 3344
2718 946
4276 1577
1664 2073
415 2894
1765 1581
3266 3397
3289 888
1256 309
2472 2512
118 2525
3384 4168
245 1173
3184 3938
357 1438
203 2344
4029 701
2453 3760
209 3668
1871 2863
3140 58
3970 3798
75 392
192 386
2224 1859
1515 2653
3650 4107
54 692
530 1353
4250 3957
2679 1427
3611 2575
1113 1087
3401 3667
4152 2581
174 936
154 1345
4239 1173
180 2104
2769 4064
1163 2592
1458 2099
553 1481
3564 1582
3338 126
2402 692
1445 3499
3668 4163
631 589
3109 3260
1966 2892
1398 1746
415 401
2807 4022
2561 749
1008 30
2724 76
3289 2680
1203 922
749 1475
1193 732
4200 666
2525 2442
154 2641
821 525
886 326
865 2303
342 1583
3829 1377
342 218
948 2251
1279 2292
1023 3410
687 2141
415 3121
686 3790
3383 154
2707 3331
2336 2892
1542 3934
3147 901
2525 551
525 1761
543 3623
2074 2708
919 3162
1960 3140
1231 4190
420 167
2852 342
230 3140
68 1251
2892 1275
3186 4026
74 3313
1223 478
2355 949
2912 520
3450 3668
2394 2629
3268 1314
2581 3048
3265 1037
1662 1479
3668 1536
3667 3511
667 3524
1601 1838
587 2223
3669 1677
1065 1173
1878 1219
893 3311
273 1946
2097 1777
1454 2404
3657 3532
1440 1777
2499 3380
2205 4284
3726 1014
2032 3416
324 849
4273 4119
3919 954
57 1542
1949 1886
638 2911
242 3555
117 3583
951 1055
802 4005
2970 583
3800 2959
4121 2546
473 1537
380 3667
3825 326
3289 2189
2103 3499
3265 2119
3109 262
926 4250
916 1531
1127 3093
1509 1577
1928 526
2648 2205
2112 3211
2409 3760
749 623
521 1193
3289 1315
1003 3726
1561 3962
4201 3499
1373 3209
607 3745
3108 3884
109 487
3379 3078
1454 3649
930 3018
2892 1569
976 4025
2807 1340
562 912
4241 3374
2505 1916
1904 620
3871 328
1387 963
1193 4273
561 415
762 3971
4143 2068
1561 249
3655 3157
860 2224
3581 208
3380 154
2580 1163
3477 3559
3956 259
3845 4195
356 3430
677 3668
2385 411
4158 2382
3824 2183
3197 4160
342 2414
1230 3805
3871 1897
2390 704
1042 2158
3108 1394
2079 3233
3267 1240
3086 1165
4063 525
1344 1610
3417 3376
1874 154
1471 2807
3697 3133
1700 2070
260 834
600 3726
3289 2160
126 2671
1895 525
2369 1777
2677 115
264 342
2857 342
1173 2538
1666 3965
4178 3526
340 2533
3579 306
945 1841
1997 496
1466 3726
342 3312
1988 579
266 2960
2468 1666
3499 1075
2473 373
4273 3506
585 3289
3723 469
2648 1566
1637 326
1720 11
1417 3723
2941 1888
1294 2005
2749 2742
829 635
1233 577
1144 126
1011 1548
2486 3880
471 324
1887 1173
1377 3170
3289 1039
438 2525
497 3289
2048 3745
3852 2754
445 1173
3445 1393
4237 506
2523 2259
3265 2822
342 3747
3337 1183
154 2616
2500 296
1994 2457
3499 3731
3726 3834
4031 2030
1896 3006
3555 1225
2718 510
3872 1955
1730 2892
386 1393
3034 386
3454 331
591 3226
1986 2525
284 2954
2687 3204
3137 3408
1287 3201
2546 1058
11 3555
1092 3059
3206 3668
4004 1777
2424 2508
2476 2904
206 297
2986 1377
657 1166
2972 3756
4003 3871
2463 2823
1627 342
471 524
435 3555
2750 1063
2661 1807
2163 1649
680 3377
3991 680
1152 966
2553 4255
1699 1145
606 3512
2481 537
3739 879
218 1625
2584 249
1707 3922
1855 328
1227 415
2623 2590
767 128
3429 4269
336 471
2635 415
1026 2807
477 1777
3151 525
1922 1828
2807 1187
4037 3871
2317 89
3457 3300
2729 249
3311 1348
3683 870
3504 3054
2890 2858
3344 2028
2171 1833
2343 340
2152 3884
416 2928
4150 348
5 859
224 3871
1666 864
525 24
1963 3577
3442 76
2545 2830
3535 2085
3668 3060
3353 743
2270 3762
2456 3420
928 3153
367 1365
1542 3023
3840 2298
738 471
1257 342
609 1566
3449 2343
2607 749
4056 466
4085 2625
107 312
2684 593
1872 2857
2965 1709
3372 4217
2808 2235
1712 4257
84 1234
1761 1605
511 126
3499 1364
341 34
456 2398
36 760
855 3643
1597 3289
2823 1488
1377 3163
810 2219
929 3871
698 3232
1848 3398
2916 1984
302 3841
2556 975
3776 2525
555 3169
2933 3735
263 1016
3101 4148
2551 42
1053 2129
1216 727
2690 2946
1377 1895
342 914
176 3182
1377 206
90 2898
2807 3685
2083 771
3289 1184
304 846
2326 3869
585 1694
4138 2186
1181 3382
2424 3344
2931 1461
3150 3151
1173 1999
3667 893
621 3108
3436 2292
3871 3858
2548 3228
1054 3258
424 775
1177 613
2809 693
749 1367
3723 2953
1293 3667
2419 1139
4113 3162
2900 1626
1259 3111
3555 4050
3903 4280
2795 1318
893 3723
234 249
3081 2218
572 2213
1970 3949
2808 1117
1193 423
4172 1464
1824 2601
1518 1773
2815 2623
1603 1230
1284 126
1941 1666
4272 1778
506 1825
2339 1895
2643 3269
1683 4210
4012 3140
386 3448
3667 2595
2363 3981
3585 1282
2958 3770
615 3642
726 3776
2525 3212
3746 3631
2203 2686
3176 810
1600 3596
2811 386
2892 3623
1426 1377
984 1044
3950 415
2518 1194
1150 1623
249 63
1339 2981
2711 1666
545 3344
1895 2833
2168 2648
126 1106
3344 3248
1666 514
772 2160
126 1343
1895 2128
3572 249
3108 1446
3039 2525
1529 274
1062 1571
486 2571
3893 3766
1575 1685
3289 667
2322 869
669 1516
1895 3528
1760 2226
2648 1209
2270 3507
852 1003
3555 840
2123 646
1856 2987
2294 415
1820 3382
471 638
729 758
578 3077
3726 1126
2413 283
4157 3563
1826 1293
3247 4274
3344 120
1280 2910
3321 491
2523 386
2000 2995
1173 515
1682 2732
1586 1460
2487 2600
1910 92
4259 1027
2043 3175
3544 1173
1341 1881
1634 2754
3361 2722
74 2292
311 2198
4045 2153
46 3604
416 3508
342 2141
1004 500
906 3667
249 3632
1193 3364
4183 1798
2434 2648
2261 528
1431 1377
3156 1885
3743 1548
3579 2001
1078 2785
959 2740
173 3193
3863 479
3754 3871
3584 1082
2400 2039
3667 4246
3227 2589
2029 1179
3499 2725
3984 2945
2180 688
4221 2819
1462 3537
2428 287
606 3525
893 749
1017 1499
126 1543
1777 1815
193 1538
499 1400
298 3499
2611 3558
3349 749
3387 482
154 555
4162 859
3788 1542
1542 542
1385 525
1738 1895
78 1536
2525 4128
937 848
342 2851
1727 4114
3977 340
1174 2753
172 3344
3208 3668
2695 3289
4013 395
2826 2418
992 2361
1610 3040
3144 1680
1040 2143
3265 3751
1262 1587
2764 2633
1895 2739
2892 362
1639 1753
734 2176
1803 3487
2902 850
795 1244
766 1122
3499 969
1154 1009
904 473
2160 344
3773 873
820 698
1142 3289
3344 1953
2284 4216
262 241
340 2582
2366 3717
2653 749
1895 4159
2766 2807
1759 2288
772 1381
950 26
1193 2957
1247 701
3668 1869
2340 1041
3344 882
94 3037
3862 3150
2110 3365
3396 361
2781 3499
3513 2372
1206 2107
3344 567
3723 1756
2078 2418
1972 1943
1895 1805
3360 4161
3693 235
1777 2946
3417 3910
1682 2292
3149 3927
4121 1058
1182 3213
3484 707
807 2331
1777 2702
4018 331
2919 1705
2892 1255
2892 1176
3283 2575
3265 2516
4253 1895
4202 489
907 432
1491 386
2190 3090
3556 548
3874 126
3273 1126
2198 126
406 326
2886 3405
104 1460
1067 3667
3336 3116
348 1085
760 605
415 2444
167 2744
3344 579
3165 1397
1564 575
893 2333
1022 905
3760 2525
2 1912
2156 4048
2793 257
326 2688
1524 2892
3823 1798
637 3403
1652 3671
749 3217
1414 1438
3831 2520
1198 767
1458 3667
4250 3857
1848 3000
61 1520
1825 1811
2209 2326
4278 2994
249 3036
3262 1128
3108 779
788 3646
342 4124
3904 148
38 3499
384 3667
3499 2167
1173 1847
450 2963
2809 4201
1807 2188
471 1000
4090 1737
3675 2892
1389 1722
3921 2765
3610 2484
3641 169
2313 2292
1352 300
525 3939
1777 3302
1368 122
93 326
3369 3295
190 1882
2807 1906
1851 3265
1866 2385
3118 965
1961 415
4161 3723
525 4141
1542 1414
4073 4208
3287 3135
3586 1352
341 1173
1595 3592
1336 4123
1868 314
2441 749
2751 3837
4112 1418
891 2757
2518 2544
2286 349
2807 2988
1840 215
2088 2668
2163 2930
2275 3115
2338 503
1408 1161
1081 2292
4155 1296
1244 378
1657 292
905 203
2504 991
3752 2407
21 1694
4203 1512
1217 4142
45 2283
303 769
1651 3502
311 3547
1666 1129
2648 2013
733 1831
3587 2330
1360 3108
717 1991
2405 1455
1790 3438
2154 2525
141 373
386 2883
3535 3723
977 1646
448 2186
2467 2497
349 899
3312 3094
326 1467
2025 2262
2530 2015
2522 1338
1761 3474
3298 4173
4261 209
2525 1025
902 2753
2665 170
1895 3334
1895 451
2178 979
2053 988
552 342
1582 47
3652 2782
2254 4161
3013 3771
3631 2087
3783 2868
349 2111
3780 2437
4260 1816
525 3242
3686 175
2648 232
3263 542
349 1090
893 3510
1758 952
705 2525
3344 3781
1052 3293
1653 2741
602 414
3790 1835
3436 3174
3140 1248
2348 3222
3715 3354
342 4127
855 1666
340 1691
834 3229
1113 3672
285 3363
3926 525
471 2640
575 3728
3942 2694
4250 3551
4157 349
255 136
154 2474
1173 179
270 266
3434 1683
2255 1378
3902 3723
3810 3615
3278 887
3461 2292
3860 2677
1377 274
1895 2451
94 3668
793 3039
154 1477
472 1193
880 1193
1777 2344
3055 3916
2934 2552
1289 749
2470 217
154 268
126 3986
3869 2209
2521 4251
491 3083
3987 1290
1747 3432
1583 874
3871 2309
580 2106
2439 350
2909 3108
3498 1550
898 2659
3339 1873
3052 2075
1996 142
3975 4248
2892 3434
2532 659
100 1104
1424 3108
3342 1173
3555 3519
2318 3641
2150 3140
471 1102
2495 3004
173 340
86 3711
2856 893
1921 2221
3518 1021
3864 1903
3605 1898
4117 1486
3086 4146
222 3489
1298 3452
342 830
2214 3462
2732 1870
423 744
428 2045
563 2061
2167 2207
3651 2648
3246 1214
1588 3140
893 3344
2752 2648
3892 1034
920 116
386 981
2962 3344
3726 608
205 4212
596 340
1813 1709
2629 2503
581 1529
3622 1892
1482 634
1128 3662
1377 3560
342 2389
2233 525
1666 3
2348 1660
3839 1976
2872 2660
706 1219
441 249
340 2654
3232 118
1138 2993
2707 4211
534 2413
843 547
369 1095
1630 1566
4036 1270
3667 2227
3045 1359
3591 1823
826 2097
429 3265
1629 2303
1354 2514
3119 2169
2474 3188
3082 4141
3878 4250
785 3842
3140 129
1542 1930
3372 3664
3112 1220
1377 80
3340 1754
326 3935
3682 840
1642 2245
2807 1535
4050 4265
893 415
2996 3499
917 2423
1228 48
604 4242
511 605
640 73
349 574
1925 3244
2567 649
3723 3499
386 1863
527 415
3891 1264
249 2
2525 3019
4032 676
650 1377
2893 1779
1599 2910
1666 1288
3431 1355
749 2861
2426 2727
1872 1437
3273 2885
3392 4271
1305 1212
1904 2692
3450 3278
3802 415
1664 2892
1627 4198
3339 471
1395 340
1001 2693
1860 3265
3053 2841
3704 2978
4069 3596
3418 3136
2455 208
2844 2600
770 1895
3049 853
1985 3657
818 525
1693 3753
2180 294
165 3548
398 2008
2731 2156
3345 3444
2962 3715
749 3515
583 168
70 3483
4048 3499
349 682
1666 3574
1580 2854
2462 2267
3020 1345
1718 2667
39 749
2338 1572
3177 334
1666 3616
2292 1007
288 3555
4058 1735
3962 3130
3813 2091
2795 1249
1483 1316
1186 1701
734 108
3886 3388
2292 2009
1242 1193
3565 2648
1666 1609
3668 1203
1527 292
2615 10
2749 4189
998 2218
249 1923
91 3289
2292 2029
216 3097
3746 2618
349 2520
1782 3482
525 3327
396 627
1976 195
3202 2813
2906 3140
1139 315
3822 1857
2393 3374
2576 1817
1080 835
1504 653
2232 3392
1173 925
2358 4071
519 3251
3562 3317
2913 2292
2386 731
4250 1653
3759 2986
326 386
2552 1652
1895 1439
3668 1997
1248 2172
3552 116
4191 2505
1327 3042
2012 601
2912 1775
1430 3594
973 1023
2635 2480
46 893
271 737
2175 2665
601 3999
4191 249
418 154
2220 126
3449 2682
415 954
3242 3432
2892 2283
1050 1542
1989 1380
795 154
1377 191
668 3704
1558 2871
415 2420
3221 921
921 1331
999 2249
1031 1535
3140 1924
1948 2787
2347 340
2712 2577
2479 896
3667 1811
1968 2730
1849 340
471 2867
749 942
1573 2038
1695 1594
3325 579
890 499
2076 3001
2292 8
415 3846
2315 471
1681 3791
3344 430
3329 2892
3871 1155
349 2706
2536 864
595 3592
3983 1082
1377 949
1391 1173
453 2648
2510 1121
4049 386
3122 2774
820 118
214 2092
1508 742
419 1515
2850 1313
3196 1542
3136 2252
1056 3285
2491 2892
2567 2300
2989 415
893 402
2682 2343
897 2875
2292 4052
1542 2356
1193 3423
3568 1415
1423 1173
1490 3478
2011 1181
312 2298
2648 1911
170 2175
1562 943
2194 3871
3320 72
3481 1725
686 1835
2837 1895
2236 106
1298 2927
340 1795
3218 2585
3485 337
1383 415
552 532
3099 154
717 3191
2482 349
749 3473
2217 415
4118 3344
3729 2525
386 3642
1362 2511
2316 415
3587 908
1095 2134
154 1331
4126 3274
749 1673
1814 4037
3140 2544
3306 3582
1723 3097
3344 1939
1902 471
3832 653
3723 71
4257 1938
148 4096
2525 3905
1713 838
552 1478
3545 1193
432 3342
3951 2246
1691 4144
3508 2928
798 1938
1151 3922
1213 2355
126 1252
2648 1199
3064 2614
1608 3131
1954 3233
1943 1470
2325 4268
2322 736
1702 3723
1511 4244
1377 3964
3769 1102
3705 3620
1742 220
2273 4242
371 722
1940 3634
1320 2875
1643 3595
3555 2981
273 2031
23 1175
24 3900
4180 156
3871 1762
3428 3966
40 4103
1719 739
3718 806
3597 4186
126 3853
386 3580
758 3289
1238 3613
1467 4055
1666 4085
4245 2974
3871 1948
539 2968
4112 832
1887 3408
2954 2525
1456 3291
3289 1409
1323 3421
3649 249
2026 2327
2944 1789
410 2562
1882 2410
4250 3859
3240 4250
3131 1841
3143 17
973 1507
4123 1528
1631 833
2525 1264
3305 1441
2312 2288
2292 3808
3265 1729
1841 1666
612 632
654 150
1401 481
861 88
20 1339
1918 2292
1218 1777
912 68
2105 2292
729 2664
3032 773
241 3260
2108 4249
2404 2374
700 738
1701 4231
4054 1669
2402 54
588 2807
4250 3840
3359 2388
166 637
3650 239
4271 1523
2138 2846
792 4226
1603 3787
1666 633
749 1099
349 1963
3414 319
947 758
3665 2470
1057 268
3469 3948
181 386
556 3573
3344 2299
816 1149
2673 2746
1877 2357
1173 2042
360 3703
3122 876
386 3750
3524 334
2534 1834
1173 569
3871 228
3499 2771
1777 4025
1005 2655
112 1211
3016 483
2597 2243
3314 1763
1895 2593
3344 4068
812 126
340 2329
2920 2090
1437 2572
3064 342
3105 3346
3280 7
2204 3694
3011 3726
340 2676
3518 2076
4000 1777
247 1029
2293 2525
3434 3887
1052 1957
1504 3832
3955 2135
3479 154
2306 2858
3113 1134
1618 1260
2993 2216
1995 2807
2808 3108
3108 656
2973 4240
740 2796
188 1666
2018 3836
4014 2748
3435 2918
2897 2048
69 2007
340 140
1996 4106
3499 1323
2030 349
2940 326
1496 2807
731 143
2689 1777
1193 1715
744 3725
1243 3329
421 721
1085 2089
2237 1786
4072 1600
1278 79
340 4279
2626 3439
3668 3159
2610 3225
2648 1760
2648 3879
126 2917
2606 3461
3624 2231
2245 160
2648 3785
963 2887
1047 463
3289 2245
455 2580
1477 1538
1433 1168
2933 198
2238 4071
1665 2778
3441 83
1927 1725
3933 1407
3575 2292
2302 3265
3494 2043
2249 3108
3819 2438
3342 907
3261 519
1928 3051
503 1572
4250 3267
1641 3532
1891 815
2948 470
3768 2540
3724 1542
2744 3820
3259 249
1510 1666
3032 1734
481 1049
433 2582
498 802
525 893
553 172
332 2856
342 1407
3323 3636
1377 3658
3667 3295
1250 642
1193 2385
3540 1944
305 3140
1261 24
2094 2659
3684 3726
3069 4120
3184 137
3229 2151
1141 2721
1336 1528
1624 3871
564 1593
2801 2292
2323 457
1679 1860
1666 1162
2767 2728
349 2772
2345 4236
415 2952
1777 3982
3725 423
2382 1553
111 995
2957 3239
985 3893
2173 1287
2488 3013
3882 2807
1920 3552
3873 533
2001 306
3942 3723
3395 518
2780 4124
424 641
425 2041
3668 2145
2406 3108
799 3445
1713 3606
2065 3425
2003 578
1375 422
1377 3568
1377 4142
126 4182
1457 1342
1891 2133
2179 807
648 1505
4104 3202
2573 1972
3231 4199
2202 3220
250 356
2583 349
1480 1681
1046 3138
598 3726
1777 1101
3806 2269
1297 3630
2320 3854
631 3161
3990 3667
2149 3087
2892 3465
340 565
2359 1542
1330 568
1908 3871
4132 1895
342 349
2800 2292
3052 2352
1090 3215
2605 249
2345 2780
2377 576
2762 2116
3470 2624
1928 2292
3984 340
4141 2399
3412 1697
1015 3265
56 2431
3140 4091
5 3134
3153 940
1542 1929
1510 1552
858 2816
4206 2379
154 3489
3499 2579
2095 249
2942 1895
1490 126
1367 316
1293 1205
2782 264
566 2817
1632 2086
1755 2929
126 4001
3127 1893
2250 1489
2264 2876
2822 1413
3253 240
290 349
539 4229
3797 2044
777 1264
349 4275
326 1492
2463 1488
3096 3918
3907 3619
2018 3199
713 326
587 3108
3534 1164
2554 2054
342 3618
3555 832
3265 2736
1666 782
3653 4018
2597 3055
443 3991
3139 773
1771 2866
1739 3555
3163 3740
3555 2524
3726 1048
1965 2033
114 3355
471 27
530 1675
342 2069
3777 2853
661 326
127 3668
3656 1254
869 505
3330 3726
2122 2982
385 2049
1053 125
2525 712
1419 3569
1252 1134
3752 1895
3788 261
4106 142
3923 2918
1836 3181
326 891
126 3025
3305 3748
3140 681
1665 2490
3763 1096
1925 3871
1077 2656
3942 3467
326 3418
507 4235
2914 1473
1120 884
704 1895
2608 3075
1819 3857
2078 415
1328 1471
925 3949
3743 3786
2369 594
2621 3380
2384 3200
3785 2843
3814 1419
4047 326
3527 1173
2243 3916
1740 1832
3609 471
4114 3763
1153 2353
3802 3821
1193 1476
291 3124
1406 3265
3261 1604
371 1542
3296 3332
1399 2053
210 2697
3088 2026
4256 11
2617 1170
2648 688
249 2425
3015 994
120 1145
1592 3108
1998 2688
2283 2949
3561 1901
1094 471
410 171
28 3837
2810 1316
3111 1745
3505 3830
584 349
3124 51
3668 3555
2430 4209
2185 1398
3683 1611
2648 171
415 2475
2011 249
1642 2526
3455 1537
3782 1876
831 3691
126 3764
3581 4003
4144 3453
4140 3871
3015 1129
1542 2515
3590 4036
1542 2619
3946 1008
3556 386
3549 2187
2478 749
3210 615
3331 4211
2756 3711
1203 3343
1895 1812
2176 878
3997 2969
326 955
2373 3953
1321 1777
64 3940
991 3140
1062 2624
359 3815
3324 1580
3707 70
2187 1277
1377 3395
3436 376
3088 2327
433 1621
2655 475
3966 1404
381 3265
460 1640
3726 2002
3871 1867
147 3883
1542 2218
2246 790
2525 1562
3426 3148
2107 1907
2226 2920
2301 1777
4064 249
1498 509
4077 804
349 3648
1571 3470
1076 572
3726 2012
1708 2832
2829 513
4169 3265
847 4107
3887 4210
1401 2807
238 3798
3826 3031
3030 126
3726 2535
3108 3612
1553 554
2027 1207
293 3224
1160 4250
1634 2376
1777 685
1173 934
1255 1055
2991 386
3665 2798
3493 1147
879 3812
2024 1785
3212 3564
3412 1099
342 2171
349 3048
3426 2136
3108 3514
3787 3499
1480 3333
2211 2113
443 3377
673 154
1120 4213
3418 2252
1119 1003
2519 3654
1377 3599
199 3714
2807 1432
1410 3519
14 415
982 3555
3776 9
3351 1273
893 471
791 1173
3458 1777
1757 3108
3712 1856
3344 2922
2596 3700
3084 1396
1500 3108
987 386
439 2525
2075 1010
2949 329
3912 1114
3606 340
1452 3226
2720 2648
2474 4263
440 458
1914 1575
3170 2135
1193 893
2509 2530
1369 2862
4176 3777
2807 1103
19 1253
3286 126
286 2064
99 249
1749 4002
3589 1348
1607 2788
349 1488
1706 1328
3108 2726
786 2686
4044 3988
4181 3895
3344 3838
3914 1965
2387 1110
3726 3932
2148 2020
3189 1195
4060 3516
1012 997
1253 461
3483 471
2044 3289
3945 166
667 3177
2096 4174
910 4181
1015 2534
2212 749
527 359
1705 854
1648 3499
2466 370
3871 4006
3601 326
3723 3454
2428 15
3982 989
543 2818
1795 2115
3344 1063
4214 3049
468 2292
4157 647
3193 3993
2917 1105
3896 90
2126 3668
2679 415
326 3154
931 2560
1967 91
3883 4167
1012 819
4220 3199
154 2574
1727 1096
893 1837
2266 2625
1421 154
2743 3667
868 2807
3429 4238
1947 586
525 3991
2648 2670
3555 1509
3930 2807
175 3309
3317 121
386 3089
1596 3421
1589 3795
1576 1193
3726 3901
2648 4227
1703 1173
3668 2774
2648 3603
3499 2260
3678 61
857 342
1237 1919
96 2869
349 628
3635 3723
1655 795
2657 2699
1088 340
2848 3220
1479 326
105 60
1439 1124
804 3108
4087 3698
23 3694
3749 325
3170 3955
3744 3668
1895 2034
131 233
913 3284
1252 3113
3636 224
964 681
798 1712
1859 683
1895 164
2648 2047
1009 1179
3456 1027
3344 2242
2637 1087
88 1777
2514 2627
2066 831
46 1672
4054 617
3816 2757
3265 1123
1494 17
1688 3555
4154 3188
4021 3094
1776 3120
1658 2666
3042 463
3856 2860
388 4250
2932 1294
3290 1173
3667 2529
4091 2014
2888 2747
1871 1193
813 3871
1188 314
4025 3773
2796 326
2023 718
1017 1403
1224 2648
4110 2181
1371 3769
3058 4250
192 2006
4207 2140
3875 1324
893 2718
2681 2892
1054 2793
2292 3413
3404 2648
342 3366
839 338
326 531
1125 3871
2344 1022
1043 3140
1895 1842
1525 2730
2370 700
2292 1322
1565 3698
938 1397
3676 3239
3265 2422
2442 3106
768 687
3671 2934
1034 1777
282 1476
4281 4254
366 3723
4010 693
237 2892
3591 2416
663 666
756 1560
3415 4136
2062 937
3726 2289
1218 3276
4174 1103
1993 1330
3726 665
4188 1794
4129 1743
3726 2734
378 1655
3072 16
2447 1552
3138 34
1722 154
2972 3681
3570 3660
502 2683
2875 3140
1958 3294
3659 3306
1542 2587
2065 2658
1157 2033
2525 126
3626 3555
3265 2278
1493 2583
1676 362
1080 335
2799 490
3142 3667
866 702
349 2319
1377 2493
103 3279
2646 1542
836 2264
4106 1377
1193 1002
940 1377
778 2794
2899 2280
4250 4252
3195 954
710 1700
3350 3265
1813 3793
3018 2056
1140 2310
3139 1734
1358 352
1854 471
2525 936
3611 154
2204 1175
3928 996
3205 2705
3055 525
1767 2143
2964 3517
4128 122
3491 126
450 382
4189 249
2493 2610
3480 340
1843 4057
3002 1193
3173 3822
249 236
1123 2812
1545 1893
2481 1772
2480 544
2973 632
171 2542
2731 4048
697 3770
1777 4137
1890 1614
3998 2866
1098 1968
3883 3265
1545 2337
1587 749
733 4218
3001 1021
327 1377
2513 1662
538 3256
1048 1844
2618 2087
3389 3276
1431 1796
2154 3867
1132 1215
141 2473
3108 1614
1389 4081
1472 3108
3499 4030
863 1173
2807 893
1630 609
3341 2292
611 3600
1614 153
2306 893
3265 2108
2963 3344
911 2519
1943 3723
2263 3505
3503 3541
1539 2244
1570 2719
2148 365
525 3140
3254 3726
3141 2483
496 4115
2292 761
3187 2205
351 3668
4085 2266
1633 4139
4245 3588
884 3979
984 2830
3969 2570
249 2631
3410 1507
1135 2649
2888 2821
2921 386
66 2865
1858 1777
1193 52
126 2089
2188 2661
145 4002
2178 3344
3742 1490
4209 1311
1367 2839
3209 2632
2501 625
3958 1040
2855 3390
2239 538
414 3265
2174 566
590 749
4111 2030
1679 2626
1108 3726
2582 1621
397 1957
3840 107
602 3243
1377 3602
3103 2775
1542 2481
2208 4030
1546 3029
3792 1822
3667 1769
1513 26
4234 1654
658 4241
1809 3555
2392 65
3668 4009
2906 3462
1377 3292
3834 1615
2453 2409
3960 2340
4250 196
618 3334
558 2292
1247 3538
88 3073
21 759
4067 1983
3066 4217
1542 4250
1385 2872
719 3289
3040 1899
3555 1781
697 1777
415 1051
2816 1171
340 2927
1879 1944
770 1817
349 3446
3802 3318
944 2648
3555 1837
3720 134
1361 1210
3308 3140
747 3310
2578 1993
2892 3507
2785 2773
3499 3386
3590 3858
1365 1670
1820 2011
2692 620
340 2429
724 4099
3091 16
4250 3049
2839 316
2306 504
2000 871
4060 3307
3010 3265
3523 1680
3346 523
3975 3423
3189 1822
1867 3029
2889 3873
346 3815
3425 2658
2131 3289
2638 1193
525 2274
2336 2405
2423 1282
2089 4150
1070 3500
342 2868
3707 3483
2668 25
2219 2228
1730 1285
4160 3571
363 2378
1579 1168
1698 893
3155 3543
3668 2961
1834 1574
3674 2092
1666 3614
153 3235
2813 4104
2435 2141
4028 1637
1193 1435
2020 1555
3799 374
126 1357
3723 1429
4143 779
4250 2159
2386 3544
701 126
1979 3289
471 1962
108 1666
1190 893
1897 3033
714 3415
3344 1374
4265 1268
704 3397
2525 3182
2791 657
3985 3555
4258 2706
2357 1207
4250 893
2314 376
1777 2225
1675 4049
2292 1386
2563 1691
961 1695
3475 3263
1149 4250
2649 3841
154 3941
962 3668
2807 3850
2723 2391
1534 753
3677 2489
3539 1791
2440 252
3940 429
3133 326
626 386
85 3214
1158 97
2719 226
3140 1377
3324 1777
2648 3963
3679 1033
2438 1895
49 387
4243 3913
2154 616
1086 3996
862 3871
2167 2794
96 3995
3295 3471
822 1123
844 4043
3043 1221
66 3289
139 549
2943 2438
1958 1377
3668 1109
3344 739
1542 18
1231 3344
3498 2851
2490 1173
2349 1510
1666 4192
2157 349
3809 2903
2928 3726
386 2019
941 342
1925 1526
885 2169
2336 801
3344 2905
3204 1901
1236 1151
2524 3909
1190 1118
3605 2892
3066 2892
1193 3447
1173 1346
3044 3785
2971 645
1846 3352
154 708
749 1563
252 386
1984 1673
3723 1461
3570 1495
1111 1567
2992 749
990 803
3755 412
1172 1768
2630 749
781 3265
162 135
4147 3326
3741 2083
1777 100
2904 1908
386 1463
3130 1561
3100 339
3140 1568
4099 525
386 2687
1377 3710
249 2779
1801 3140
936 3566
1501 3780
1914 349
87 4070
2246 3344
3673 1183
4151 559
1095 342
3889 1267
216 3499
2673 386
2073 3035
2419 315
901 933
2058 1819
1587 3732
1718 3486
2256 395
2787 3835
4171 1377
1894 249
1056 2713
2468 2855
2317 415
1530 2959
3365 1326
2553 3375
3237 824
3530 1617
1414 357
710 2807
541 3555
2827 3219
2810 1483
1457 282
1768 821
955 1412
2807 3173
3265 2507
1494 2859
1159 644
4074 3108
3555 3706
4250 666
1249 1318
2173 789
3274 2717
4190 138
2958 697
1525 3726
92 471
1666 2092
19 3234
2269 1346
2792 1753
4111 1787
1034 1178
1173 249
977 2443
3344 2244
1047 349
3865 2334
57 3998
3344 503
3 3730
2548 1666
1442 3530
986 154
2281 1666
1192 1214
3098 3087
2041 1666
286 3290
947 2664
525 244
126 1951
2565 2543
3680 1779
3871 2098
3123 3526
446 1173
844 974
1967 1618
4022 691
342 2397
838 3606
4097 3059
4086 349
3003 2142
3555 459
3667 223
2 3016
1333 284
3652 1521
2838 3438
124 2524
2873 4250
15 287
1346 3806
891 3816
2807 2215
1643 89
1045 2643
2656 1895
487 2942
415 1021
1666 664
2417 3723
1415 364
3994 391
1584 457
551 3198
898 818
2543 2292
3464 2728
1637 156
2737 3898
2975 1193
3555 1595
2292 1276
2151 260
4283 1377
1139 471
3102 3265
280 1167
2658 3668
846 4147
2821 2807
1299 2109
1799 274
1971 3106
893 3440
2046 1879
1337 735
2380 3033
2290 3855
4188 1969
2155 417
2549 4250
303 1383
3982 1557
3499 2456
367 2956
2892 3695
3490 1666
2522 1019
393 2525
2565 3387
4201 4010
3871 1977
586 1784
407 1777
355 3871
1775 520
665 1896
349 2825
2639 779
1173 3236
1606 458
2272 2802
4034 4011
742 1792
1486 3528
2752 51
2416 488
659 2007
3140 2804
2962 1974
2191 340
126 4046
2292 3115
2879 3699
1602 4247
1895 2714
3301 796
1362 4196
333 1186
3203 3211
1452 591
1212 3216
217 3871
1783 471
2311 139
2807 95
3499 1540
360 752
3881 471
2752 291
3499 2396
246 3871
3407 3107
2648 1827
4131 2525
3996 2421
3551 3219
1197 1542
3314 2191
4077 3038
3108 2974
3699 3717
250 3430
1839 3844
2591 3141
2719 1193
1876 144
3877 3075
476 3344
2885 1126
3726 361
3174 2314
3517 1200
2663 1193
4259 3456
2622 3924
2367 3615
1840 654
2468 2139
1088 2363
728 3900
1772 537
749 1631
3520 415
794 342
2740 3994
893 3022
2744 3289
307 2105
2216 3289
431 2870
512 3812
2485 187
1684 827
1708 1325
3668 3203
3444 326
2360 2093
2085 3085
434 1814
471 3903
2862 2047
2604 4224
932 3499
2841 1554
1412 1689
3974 1377
2613 1173
4012 7
1868 2770
3588 3973
3017 2807
322 3667
3435 684
340 1180
3108 3855
1995 3660
895 1448
2569 249
3896 2898
1416 3290
2504 2328
1910 2683
154 923
2177 3647
4272 4250
3332 1962
325 980
1532 3103
777 3891
607 2897
1638 4250
3661 3871
2320 4278
2876 836
525 2201
249 1915
415 3079
3875 670
3343 3095
3723 2773
2813 3344
3948 3668
2292 3258
1706 1471
3515 1484
471 491
3668 4061
326 2877
630 363
4129 469
3084 2123
1170 1756
2847 3265
3968 3555
3443 50
1661 3667
2733 2860
2259 2415
1991 2282
1771 57
1422 2891
3166 3668
1875 67
252 1942
3990 2882
1555 893
3625 4067
3673 1193
471 2789
4035 3970
2263 3830
3134 4162
3628 832
255 536
1422 3250
3349 4203
4155 3034
3819 2943
349 2410
755 1616
2244 716
224 3323
1156 3467
1950 886
1193 475
1804 1259
425 2612
2892 1504
971 1173
2248 3655
525 3080
1777 1354
1557 989
2944 588
1740 1934
2258 3179
528 3270
2456 1975
1168 3723
460 2977
2492 3709
3555 3598
4250 538
281 300
1033 2486
3499 4151
2147 1852
3796 3635
2896 3850
963 749
2249 204
3855 444
4266 126
3871 1726
3185 126
1734 349
4250 2199
2950 1444
1674 338
1072 3909
4061 1837
3555 631
946 1485
2539 1703
4116 1562
2807 3800
3082 2399
2230 3344
2004 3360
586 1666
3394 1791
771 3741
1377 2601
1736 1505
2938 2826
2807 1411
3499 4020
216 1723
4284 3187
3070 1666
3058 2987
2127 3871
4226 349
2807 1969
679 1401
1377 3481
3821 1245
1963 2010
1666 757
655 2781
278 1777
422 2560
4021 3312
4235 456
563 1632
4243 3521
159 2642
3265 1987
3287 587
3108 3727
3576 1125
3262 703
2874 409
1173 3944
2356 114
1419 3871
3555 3701
412 3003
412 3667
3823 2383
1785 3207
762 1081
1895 2403
2528 3394
3742 1392
582 532
386 2790
3979 4213
3376 3910
2721 3668
3238 3140
2727 893
3221 529
2144 1347
2267 1202
3871 683
1072 124
2356 3355
1666 1428
389 924
1599 415
2742 2433
342 2072
1542 2427
3736 3356
3884 210
2892 1151
126 1271
2360 3407
115 377
2914 2484
1741 3265
3797 3393
2493 3225
2980 2183
1776 3723
1542 4107
1559 1542
1281 2305
3667 2412
1742 480
4102 386
3899 3668
959 391
2648 1319
482 2543
9 726
4199 1503
1132 2084
2203 786
4249 65
774 249
4251 326
525 2146
399 2721
3396 1845
3818 2039
1473 3610
527 346
3289 3147
3845 1191
1476 1342
3375 4255
4053 3405
525 662
471 4110
1687 2667
3723 570
1919 942
3108 3541
1468 4120
1824 4019
1193 3084
1350 1356
525 2062
2985 374
2699 2989
860 683
957 2305
1103 2096
4250 1286
117 727
3958 1767
110 1263
749 1336
2648 3567
3992 2222
1101 2835
2892 3722
705 1852
1611 1388
3595 2317
1307 1895
404 3736
3420 4205
2398 3344
15 340
525 2371
4023 154
978 3619
2879 2366
3929 804
864 3886
249 3422
3726 881
3050 1569
3116 1118
1769 1166
2547 3178
404 3356
3908 1940
3711 1193
3555 2411
749 1266
2906 2214
2494 3668
349 151
1666 4027
1235 2907
1531 2251
2807 33
1895 148
3871 573
3402 753
2648 2832
588 3847
248 349
3953 867
2672 661
3289 2331
4195 1191
3214 1448
185 2900
2878 674
2558 3600
4032 1615
4156 749
2555 3074
4206 249
4247 633
2330 154
1157 3914
1267 827
3351 3379
478 1748
2648 3772
2325 639
466 489
982 4194
2334 43
2229 675
471 1329
2105 3738
2035 3311
3271 1873
349 277
3062 1403
3367 4167
2735 3984
2913 1220
1542 2050
1377 1836
4013 2295
1193 1292
1185 2047
3394 3289
711 992
471 746
2550 3844
1666 512
112 4039
2374 3649
3726 2495
1449 1853
3716 386
817 3555
3687 893
833 149
3774 2807
4080 2439
2700 3733
1593 2750
2121 13
2536 3388
229 525
1404 3961
1777 828
1721 3344
2685 1377
4184 3499
525 546
396 2292
350 3347
3667 2132
1946 573
3493 4270
1832 1934
4228 186
501 396
105 1233
4033 417
3499 1549
3389 2824
956 1250
2441 2980
3399 3781
415 3980
2381 3723
4081 1722
4224 3145
811 4134
2525 3775
249 959
3014 3555
3265 2018
2967 1136
1265 2548
154 753
3992 2554
1283 3499
1933 2648
2817 4250
2390 3266
3476 2132
2142 3755
2832 474
3943 1777
2915 4250
3381 1895
4152 3048
893 269
193 764
3406 3108
2829 2935
1303 2292
1334 1173
1373 249
525 1473
447 4041
3871 1533
1553 3140
2287 3175
1663 370
883 2786
2840 3723
1173 3654
3931 4108
1525 1098
3499 1459
2850 1234
4231 333
3061 533
1193 2903
2464 1093
4230 1057
749 1600
3104 551
2398 507
3667 254
299 2479
1964 1161
4079 1839
1793 638
2812 822
2213 2206
3289 471
2957 3114
2134 369
3719 1173
3907 1224
3171 2807
1148 201
1674 839
2138 3076
4219 1895
3019 3559
2601 4019
4250 1666
2586 1356
917 3585
2609 893
3000 2760
1594 2714
3766 985
2364 525
1193 4130
1086 4250
1499 2807
3867 616
3617 3691
3713 3967
2892 2502
3496 2835
219 2008
326 4262
2292 1659
1180 2121
382 2963
3135 2223
2041 2612
4134 2049
440 1606
414 3007
3296 1962
2477 2331
1533 2236
1428 845
2460 749
1777 1740
213 3680
498 4005
1468 3069
