2 992
233
280
445
552
623
741
749
769
944
1026
1154
1156
1398
1555
1585
1586
1767
1806
1890
2001
2037
2157
2220
2294
2461
2493
2511
2753
2821
2827
3021
3114
3149
3169
3349
3357
3360
3516
3801
3807
3916
3948
3964
4005
4107
4314
4408
4531
4823
4899
4964
4973
5046
5196
5263
5307
5336
5394
5471
5575
5646
5700
5808
5834
5909
5919
5936
6166
6195
6475
6778
6783
6795
6800
6886
6974
7019
7175
7195
7354
7396
7420
7838
7843
7848
7942
8097
8221
8280
8346
8494
8546
8547
8605
8614
8741
8752
8774
8820
8879
9003
9007
9028
9072
9396
9452
9559
9632
9714
9721
9789
9817
9896
9921
9960
9985
9999
10007
10234
10353
10501
10618
10777
10858
10940
10968
11003
11013
11029
11097
11100
11223
11255
11365
11458
11659
11852
11994
11999
12175
12183
12260
12506
12532
12569
12575
12628
12679
12777
12816
12841
12888
13138
13190
13607
13789
13833
13951
14055
14058
14111
14374
14395
14471
14567
14661
15111
15276
15591
15677
16002
16091
16101
16138
16273
16338
16425
16515
17219
17310
17434
17435
18047
18294
18331
18470
18566
18651
18652
18697
18773
18831
18925
18947
18993
19001
19082
19102
19278
19362
19525
19552
20122
20190
20351
20570
20658
20705
20865
20942
21064
21308
21420
21579
21633
21862
21950
22053
22071
22258
22492
22936
22948
22992
23000
23004
23311
23318
23361
23369
23373
23381
23411
23655
23809
23898
23919
24045
24095
24189
24278
24466
24477
24492
24741
24797
24800
24898
24918
24936
25048
25136
25294
25297
25304
25342
25349
25560
25782
25864
26035
26081
26184
26261
26263
26273
26304
26324
26385
26427
26833
27002
27117
27168
27247
27269
27322
27324
27429
27482
27633
27801
27934
27935
28123
28269
28313
28337
28415
28539
28601
28898
28918
28958
28981
29031
29041
29122
29191
29206
29221
29240
29286
29410
29429
29506
29518
29632
29708
29928
29929
30163
30218
30393
30489
30513
30606
30906
31080
31086
31138
31244
31413
31423
31456
31468
31473
31693
31702
31825
32035
32098
32143
32314
32500
32524
32547
32651
32871
33193
33206
33295
33342
33357
33576
33803
33918
33928
34098
34144
34217
34362
34515
34594
34829
34841
34884
34903
34967
34969
34988
35149
35264
35365
35400
35638
35823
35834
36078
36111
36146
36176
36266
36299
36329
36340
36363
36497
36523
36560
36722
36793
37080
37173
37382
37388
37409
37554
37673
37683
37992
38138
38161
38196
38208
38361
38456
38467
38491
38573
38848
38873
38882
38963
39001
39004
39145
39166
39367
39576
39608
39619
39815
39818
40126
40204
40269
40323
40714
40856
40886
40912
40940
41014
41452
41506
41641
41644
41730
41872
41958
42172
42308
42316
42330
42391
42594
42636
42730
42780
42940
43043
43541
43703
43918
44001
44344
44357
44412
44489
44490
44927
44973
45024
45034
45275
45326
45410
45456
45527
45528
45530
45570
45609
46128
46136
46205
46307
46557
46578
46625
46661
46693
46713
46794
46818
46951
46973
47028
47113
47122
47136
47244
47351
47436
47663
47704
47740
47828
47833
47927
47956
48136
48287
48315
48328
48413
48465
48483
48557
48591
48758
49073
49102
49155
49802
49973
50014
50024
50101
50102
50169
50181
50299
50550
50621
50670
50776
50881
50927
50929
51022
51046
51097
51445
51788
51884
52077
52167
52170
52444
52515
52542
52653
52754
52866
52956
52971
53165
53200
53222
53423
53510
53522
53526
53574
53601
53741
53747
53943
54063
54068
54193
54200
54275
54309
54372
54373
54427
54443
54570
54727
54776
54804
54969
55150
55318
55337
55436
55552
55606
55679
55706
55812
55854
56140
56371
56642
56758
56860
56877
56960
57036
57153
57167
57177
57252
57263
57323
57360
57362
57409
57585
57632
57756
57795
57912
58016
58023
58093
58102
58319
58346
58658
58704
58810
58819
58844
58848
59109
59308
59382
59405
59427
59448
59503
59689
59755
59776
59817
59874
60004
60202
60208
60247
60415
60539
60660
60682
60986
61008
61048
61128
61199
61497
61533
61662
61868
61881
61906
61916
62183
62184
62345
62386
62567
62837
62888
62952
62965
62999
63020
63193
63293
63413
63420
63710
63730
63838
63841
63986
64010
64089
64095
64128
64236
64346
64448
64523
64548
64680
64758
64768
64863
65070
65116
65402
65860
65941
65942
66016
66265
66318
66646
66769
66813
66827
66958
67181
67212
67228
67234
67430
67569
67635
67911
68021
68048
68243
68724
68773
68831
68911
68989
69352
69461
69496
69620
69632
69686
69795
70096
70203
70255
70275
70442
70445
70490
70584
70749
70760
70959
71173
71391
71491
71526
71633
71725
71826
71915
72031
72079
72090
72222
72291
72678
72737
72744
73020
73021
73155
73336
73386
73624
73647
73664
73727
73938
73966
74251
74307
74525
74526
74608
74645
74692
75140
75143
75271
75272
75291
75440
75689
75764
75838
75964
76000
76188
76515
76626
76668
76771
77047
77141
77143
77288
77339
77439
77469
77534
77689
77818
78081
78330
78569
78614
78868
78986
79018
79025
79117
79161
79186
79213
79294
79386
79648
79670
79690
79840
79913
80023
80042
80110
80184
80324
80406
80511
80778
80894
81194
81285
81435
81630
81652
81767
81809
82208
82385
82398
82550
82583
82686
82729
82931
83183
83188
83349
83369
83538
83555
83611
83671
83737
83831
83858
83979
84002
84060
84062
84068
84178
84205
84381
84412
84608
84690
84800
84815
84828
84918
84962
85014
85242
85359
85376
85594
85648
85649
85670
85720
85796
85852
85853
85999
86091
86178
86367
86543
86611
86665
86753
86965
86971
86980
86985
86998
87039
87218
87337
87409
87612
87750
87811
87891
87899
88031
88218
88502
88846
88929
88989
89172
89370
89421
89725
89762
89767
89810
89950
90065
90247
90302
90376
90413
90453
90641
90756
90846
91093
91124
91243
91256
91350
91984
92032
92080
92082
92211
92314
92468
92494
92640
92658
92975
93118
93155
93370
93583
93618
94151
94226
94437
94440
94449
94677
94722
94758
94766
94771
94791
94944
94998
95135
95318
95347
95405
95646
95660
95850
95994
96217
96246
96253
96257
96325
96371
96571
96620
96680
96751
96752
96851
96955
97381
97433
97644
97886
98107
98114
98231
98243
98436
98550
98582
98613
98663
98683
98812
98846
98867
98890
99186
99208
99466
99524
99552
99633
99634
99661
99820
99863
