2 995
280
311
328
421
576
629
753
776
824
828
941
975
1256
1315
1518
1523
1539
1569
1635
1669
1719
1824
1868
1925
2027
2172
2255
2337
2367
2857
2891
2932
3067
3248
3314
3341
3417
3431
3943
3990
4080
4197
4199
4436
4752
5286
5374
5377
5401
5518
5561
5629
5642
5765
5893
5997
6093
6360
6385
6565
6655
6819
6980
7211
7495
7508
7625
7749
7780
7999
8220
8305
8381
8419
8441
8442
8460
8717
8738
8989
9161
9434
9464
9586
9644
9689
9690
9960
10006
10044
10075
10212
10519
10543
10590
10798
11057
11228
11232
11430
11513
11641
11710
11802
11877
11979
12328
12459
12515
12612
12695
12738
12876
12920
13049
13160
13205
13483
13731
13832
13918
14048
14135
14419
14641
14795
15012
15048
15187
15196
15223
15425
15427
15799
15800
15811
15993
16008
16043
16159
16231
16294
16329
16399
16672
17289
17372
17374
17386
17430
17451
17456
17642
17656
17659
17699
17732
17771
17863
18307
18313
18363
18367
18441
18457
18478
18583
18603
18622
18727
19103
19117
19193
19360
19392
19488
19510
19530
19591
19654
19750
19760
20084
20301
20371
20416
20461
20513
20526
20607
20872
20909
21081
21253
21328
21376
21542
21572
21629
21773
21791
21794
21806
22052
22083
22137
22165
22381
22444
22720
22769
22787
22832
22859
22883
22915
22963
23263
23283
23605
23839
23851
23863
23892
24060
24190
24284
24325
24436
24553
24685
24689
24743
24790
24904
24939
25039
25361
25469
25772
25773
25890
26098
26179
26212
26361
26458
26516
26628
26753
26770
26772
26800
26824
27067
27082
27230
27303
27337
27543
27609
27693
27717
27811
27875
28254
28284
28410
28423
28546
28608
28658
28823
28941
29000
29046
29069
29096
29318
29460
29475
29524
29571
29603
29764
29826
29844
30234
30372
30437
30582
30719
30802
30938
31012
31299
31683
31833
31871
32115
32283
32294
32526
32555
32684
32797
32962
33067
33088
33099
33461
33646
33758
33936
34031
34270
34289
34351
34466
34526
34647
34740
34765
34779
34792
34961
35112
35222
35278
35286
35390
35489
35684
35735
35834
35861
36107
36133
36138
36171
36185
36257
36322
36478
36498
36570
36610
36640
36724
36727
36737
36915
37063
37123
37139
37301
37305
37343
37478
37622
37647
37656
37670
37679
37692
37832
37898
37970
38014
38126
38323
38343
38360
38564
38573
38616
38858
38881
39029
39125
39343
39495
39584
39891
39894
39911
39952
40046
40092
40118
40123
40185
40196
40213
40219
40465
40484
40508
40552
40570
40876
41324
41446
41526
41858
42015
42166
42533
42763
42826
43002
43010
43057
43082
43155
43158
43287
43386
43447
43668
43707
43725
43742
44101
44126
44433
44516
44577
44581
44702
44710
44807
44852
45092
45190
45242
45375
45590
45591
45843
46001
46123
46140
46151
46260
46286
46452
46583
46608
46656
46657
46833
46895
47056
47113
47146
47158
47283
47297
47353
47425
47520
47581
47867
47962
48001
48068
48112
48279
48405
48781
48948
49396
49426
49463
49740
49838
49863
50008
50094
50114
50242
50244
50326
50344
50646
50783
50803
51097
51161
51214
51374
51394
51782
51791
51800
51813
52161
52304
52394
52411
52807
52927
53019
53208
53286
53365
53439
53443
53552
53590
53642
53660
53846
53943
54022
54071
54075
54156
54182
54588
54721
54732
54950
55054
55165
55342
55367
55577
55725
55727
55830
55891
56024
56077
56088
56180
56341
56409
56534
56538
56562
56581
56839
57339
57484
57534
57965
58075
58381
58654
58903
58943
58997
59220
59283
59468
59485
59578
59661
59794
59817
59827
59891
60040
60277
60323
60391
60538
60584
60626
60830
60889
60904
61004
61028
61131
61146
61232
61259
61261
61331
61469
61541
61671
61841
61847
61944
61967
62016
62101
62111
62158
62231
62279
62301
62335
62430
62458
62507
62534
62544
62589
62673
63005
63008
63139
63180
63278
63502
63570
63631
63953
64027
64031
64143
64220
64363
64646
64692
64808
64809
65059
65102
65449
65604
65628
65695
65747
65781
65957
65990
66156
66171
66232
66331
66374
66379
66407
66456
66573
66601
66620
66816
66840
66993
67198
67220
67241
67264
67396
67528
67543
67585
67594
67759
67876
67891
67892
67895
67931
68093
68147
68172
68206
68235
68308
68415
68456
68461
68532
68541
68586
68587
68608
68690
68693
68742
68940
69104
69111
69144
69237
69379
69440
69524
69532
69770
69862
69921
69939
70086
70221
70285
70554
70579
70591
70708
70943
70945
71108
71127
71205
71352
71444
71639
71649
71672
71746
71950
72082
72422
72579
72590
72738
72836
73019
73110
73282
73761
73767
73882
73895
73903
74023
74057
74159
74178
74206
74219
74311
74357
74404
74440
74449
74521
74625
74653
74715
74827
74844
74912
75131
75191
75438
75558
75742
75955
75997
76089
76223
76263
76425
76495
76522
76528
76537
76626
76866
76887
76932
77008
77047
77128
77236
77731
77807
77909
77994
78091
78249
78389
78492
78519
78597
78637
78926
79102
79205
79224
79267
79379
79499
79514
79540
79541
79802
79872
79984
80161
80190
80251
80312
80470
80571
80689
80907
81055
81066
81131
81198
81227
81262
81299
81326
81697
81897
82173
82189
82222
82267
82431
82553
82571
82589
82663
82925
82935
83208
83383
83396
83442
83602
83663
83733
83861
84079
84094
84105
84150
84197
84294
84309
84373
84685
84718
84831
84965
84990
85105
85118
85242
85269
85536
85594
85736
85884
85933
85941
85944
85995
86008
86127
86404
86557
86741
86776
86931
87050
87079
87305
87426
87442
87450
87470
87630
87952
88005
88043
88105
88395
88454
88620
88680
88685
88688
89350
89442
89686
89699
89775
89827
89919
89984
90094
90099
90204
90280
90500
90529
90565
90613
90614
90681
90750
90793
90801
90988
91058
91131
91149
91243
91252
91310
91403
91448
91620
91699
91775
91940
91961
92212
92306
92343
92484
92488
92601
92937
92968
93031
93051
93057
93113
93221
93262
93326
93560
93644
93668
93688
93765
93838
93854
94170
94427
94455
94469
94813
94971
94976
95123
95126
95275
95285
95294
95332
95466
95558
95617
95797
95835
95859
96080
96136
96316
96351
96396
96520
96852
96889
96936
96945
96956
97255
97370
97507
97889
97898
98033
98142
98245
98251
98445
98461
98725
98787
98859
98928
99108
99126
99174
99367
99388
99389
99472
99551
99559
99563
99570
99674
99687
99747
99849
99869
99979
