2 955
1021
1109
1153
1223
1303
1409
1499
1571
1697
1787
1847
2174
2206
2218
2402
2554
2602
2606
2614
2734
2878
2942
2966
2986
3099
3117
3238
3254
3386
3579
3746
3873
3921
4132
4227
4359
4372
4436
4839
4852
5097
5596
5703
5716
5812
5884
5937
6212
6268
6332
6366
6535
6618
7148
7165
7231
7295
7483
7508
8072
8135
8166
8168
8248
8615
8665
8705
8718
8728
8898
8915
8958
9066
9115
9402
9535
9667
9822
9873
9942
10002
10254
10424
10690
10843
10866
11619
11838
11848
11963
11982
12061
12131
12184
12271
12313
12344
12370
12429
12536
12856
12952
12991
13016
13336
13383
13391
13403
13404
13429
13476
13491
13507
14179
14216
14247
14463
14530
14571
14686
14930
14990
15119
15358
15495
15697
15723
15784
15917
16070
16090
16423
16528
16572
16783
16839
16973
17149
17369
17413
17552
17590
17611
17844
17868
17906
18071
18255
18466
18499
18516
18751
18790
18804
18863
19253
19279
19510
19605
19644
19726
19730
19870
19978
20180
20317
20420
20581
20595
20652
20689
20780
20818
20893
21020
21047
21263
21405
21444
21451
21461
21709
21907
21989
22061
22460
23123
23202
23483
23536
23702
23745
23888
23916
23955
24134
24263
24301
24349
24377
24557
24574
24606
24643
24701
24833
24878
24962
25061
25093
25213
25225
25322
25354
25464
25483
25522
25525
25540
25687
26020
26027
26222
26295
26478
26494
26546
26575
26672
26802
26843
26911
27111
27163
27353
27439
27493
27567
27706
27794
28180
28262
28377
28418
28422
28451
28481
28624
28701
28707
28709
28775
28816
29034
29317
29780
29860
29942
29967
29969
29985
30009
30209
30382
30413
30471
30512
30647
31568
31579
31597
31975
31987
32075
32166
32317
32529
32790
32910
32958
33139
33159
33404
33419
33498
33557
33779
33878
33980
33993
34208
34218
34219
34460
34468
34502
34533
34660
34714
34797
34940
34972
35013
35213
35486
35540
35592
35681
35688
35812
35889
35906
35975
36141
36183
36346
36390
36468
36684
36731
36932
36958
36961
37025
37176
37188
37225
37325
37333
37460
37502
37778
37780
37867
38075
38185
38251
38347
38443
38660
39048
39231
39348
39460
39575
39741
40043
40118
40219
40311
40331
40358
40557
40589
40623
40811
40821
40840
40861
41267
41335
41337
41352
41379
41425
41436
41508
41524
41545
41558
41632
41691
41696
41727
41731
41823
41853
42113
42142
42339
42378
42393
42481
42526
42603
42644
42648
42659
42999
43372
43538
43593
43675
43797
43826
43978
44098
44122
44141
44194
44328
44423
44572
44813
45063
45111
45115
45275
45422
45469
45638
45873
45906
46044
46326
46429
46478
46578
46598
46772
46839
46951
47010
47072
47086
47525
47572
47675
47697
47833
47979
48022
48137
48329
48386
48457
48701
48796
48913
49084
49160
49376
49426
49931
50003
50015
50517
50726
50747
50790
51003
51298
51371
51372
51401
51485
51588
51934
52054
52137
52280
52444
52468
52492
52701
52892
53415
53670
53723
53886
53969
53983
54113
54350
54491
54561
54585
54643
54781
54951
55037
55116
55318
55412
55548
55674
55895
55898
55904
55943
55999
56057
56155
56293
56338
56360
56397
56412
56506
56534
56542
56647
56803
56804
56902
56945
56967
56987
57056
57091
57189
57244
57248
57294
57453
57461
57560
57914
57952
57971
58001
58120
58124
58187
58227
58356
58388
58461
58572
58754
58815
58849
59018
59201
59355
59397
59398
59480
59552
59602
59907
60235
60305
60418
60423
60569
60642
60655
61150
61163
61240
61294
61349
61412
61413
61581
61611
61792
61809
61863
61872
62009
62067
62087
62286
62393
62599
62606
62676
62871
62888
62891
62892
63129
63136
63141
63253
63316
63324
63415
63422
63669
63780
63818
63819
63908
63941
63965
64150
64249
64486
64562
64739
64755
64760
64973
65134
65428
65431
65468
65482
65485
65489
65615
65642
65655
65722
65820
65903
65969
66112
66288
66365
66594
66611
66657
66715
66747
66843
66955
66983
67005
67114
67117
67242
67277
67428
67444
67535
67649
67659
67762
67766
67787
67871
67892
67904
67995
68218
68407
68498
68573
68588
68652
68840
69101
69265
69274
69456
69489
69640
69744
69907
70014
70032
70033
70158
70164
70208
70391
70511
70608
70643
71277
71358
71381
71396
71480
71555
71665
71803
71812
71865
72028
72148
72170
72315
72381
72440
72528
72639
72786
72803
73157
73462
73473
73487
73657
73664
73761
73864
73880
73929
73963
74014
74039
74062
74139
74373
74401
74462
74492
74566
74607
74743
74756
74828
74839
74944
75159
75406
75457
75623
75642
75826
75847
75975
75984
76086
76089
76097
76107
76187
76352
76521
76740
76758
76799
76902
76927
77049
77240
77286
77396
77475
77596
77873
77931
77948
78037
78060
78081
78263
78264
78457
78550
78666
78702
78841
78845
78999
79160
79331
79351
79575
79723
79909
79912
79915
79936
80015
80023
80094
80112
80121
80308
80405
80406
80414
80659
80662
80788
81185
81333
81339
81453
81489
81520
81565
81680
81785
81858
81902
81979
82023
82059
82066
82081
82341
82343
82445
82477
82484
82496
82541
82608
82624
82758
82821
82869
82871
82916
82957
83005
83252
83263
83306
83648
83722
83741
83819
83851
83926
84070
84188
84226
84292
84305
84382
84465
84555
84703
84743
84853
84950
84964
84969
85098
85117
85482
85610
85865
85872
86009
86030
86062
86181
86238
86343
86408
86650
86684
86833
87076
87166
87267
87358
87534
87582
87594
87779
87888
87976
88062
88087
88229
88260
88282
88293
88388
88465
88604
88679
88996
89149
89492
89629
89709
89719
89729
89907
90230
90627
90657
90728
90869
91137
91276
91380
91824
91941
91954
92471
92488
92578
92608
92673
92739
92885
92948
92970
93040
93209
93231
93443
93675
93733
93828
94014
94104
94144
94223
94265
94717
94852
94912
94917
94974
95167
95743
95766
96038
96060
96413
96433
96453
96563
96606
96733
96743
96842
96951
97040
97057
97091
97221
97292
97444
97450
97472
97550
97633
97723
97945
97964
98065
98167
98253
98296
98633
98791
98794
98877
98950
99019
99136
99237
99270
99329
99466
99606
99683
99891
99920
99921
