2 12286
10007
10009
10037
10039
10061
10067
10079
10091
10093
10099
10103
10111
10133
10139
10141
10163
10169
10181
10193
10243
10253
10259
10289
10303
10313
10333
10357
10369
10391
10399
10433
10453
10457
10459
10463
10477
10487
10499
10501
10513
10529
10531
10597
10601
10607
10613
10631
10651
10657
10663
10709
10711
10723
10729
10733
10739
10771
10781
10799
10831
10837
10847
10853
10859
10861
10883
10891
10909
10937
10939
10949
10957
10973
10987
10993
11003
11027
11047
11057
11083
11087
11093
11117
11119
11131
11149
11173
11177
11197
11213
11239
11243
11257
11261
11273
11279
11299
11321
11329
11351
11353
11369
11383
11393
11399
11411
11443
11467
11471
11483
11489
11491
11503
11527
11551
11579
11593
11597
11621
11677
11681
11689
11699
11701
11717
11719
11731
11743
11777
11789
11801
11813
11827
11831
11833
11839
11863
11867
11887
11897
11903
11941
11953
11959
11969
11971
11981
11987
12007
12011
12037
12041
12049
12071
12073
12097
12101
12109
12113
12143
12149
12157
12161
12163
12197
12203
12211
12227
12241
12251
12263
12269
12277
12281
12301
12343
12347
12377
12379
12391
12401
12409
12413
12421
12433
12437
12451
12473
12479
12487
12497
12541
12553
12583
12611
12637
12641
12647
12653
12689
12713
12743
12757
12763
12781
12791
12799
12821
12823
12841
12853
12889
12893
12899
12907
12911
12919
12953
12959
12967
12979
12983
13003
13007
13033
13037
13043
13049
13099
13103
13109
13147
13151
13159
13163
13171
13177
13187
13217
13219
13241
13249
13291
13309
13313
13337
13339
13367
13397
13399
13421
13441
13451
13457
13469
13487
13499
13513
13523
13537
13553
13567
13577
13613
13619
13627
13649
13669
13679
13681
13693
13697
13709
13711
13721
13723
13729
13751
13757
13763
13781
13799
13807
13831
13841
13859
13877
13903
13907
13913
13931
13997
13999
14011
14029
14033
14051
14057
14081
14143
14149
14197
14207
14221
14249
14251
14281
14303
14321
14323
14327
14341
14347
14369
14387
14389
14401
14407
14411
14423
14437
14449
14461
14479
14503
14519
14533
14537
14543
14551
14557
14561
14591
14593
14621
14633
14653
14657
14669
14683
14699
14723
14731
14737
14741
14747
14753
14767
14771
14779
14783
14813
14821
14827
14831
14869
14879
14887
14891
14923
14929
14939
14951
14957
14983
15017
15031
15073
15077
15083
15091
15101
15137
15139
15149
15173
15187
15199
15227
15233
15259
15263
15269
15277
15287
15289
15299
15307
15313
15319
15329
15331
15359
15361
15377
15383
15391
15413
15439
15461
15473
15497
15541
15551
15559
15569
15583
15607
15629
15641
15643
15647
15649
15661
15671
15679
15683
15727
15733
15737
15761
15767
15773
15797
15817
15823
15877
15881
15887
15889
15901
15919
15971
16001
16007
16033
16061
16063
16067
16073
16087
16097
16103
16127
16139
16141
16183
16189
16193
16217
16229
16231
16253
16267
16273
16319
16333
16349
16363
16369
16381
16417
16421
16427
16433
16447
16451
16453
16477
16481
16487
16493
16553
16561
16567
16573
16603
16607
16619
16631
16633
16649
16651
16657
16673
16691
16693
16699
16703
16729
16741
16747
16787
16811
16823
16829
16843
16871
16879
16883
16903
16921
16931
16937
16943
16963
16979
16987
16993
17011
17021
17027
17029
17033
17047
17053
17077
17107
17117
17167
17183
17189
17203
17231
17239
17299
17317
17321
17341
17351
17377
17383
17387
17431
17443
17449
17467
17477
17483
17489
17491
17497
17509
17519
17539
17551
17569
17573
17579
17581
17597
17623
17627
17657
17659
17669
17681
17683
17707
17713
17729
17737
17747
17761
17783
17789
17791
17839
17863
17891
17903
17909
17911
17923
17929
17939
17957
17971
17977
17981
17987
17989
18041
18049
18059
18089
18097
18119
18127
18133
18149
18181
18199
18217
18223
18229
18233
18253
18257
18289
18301
18307
18311
18313
18341
18353
18367
18379
18397
18401
18413
18427
18439
18443
18451
18457
18461
18481
18493
18503
18517
18523
18539
18541
18553
18587
18593
18637
18661
18671
18679
18691
18713
18719
18731
18743
18749
18773
18787
18793
18797
18803
18839
18869
18911
18917
18919
18947
18973
18979
19001
19009
19031
19037
19051
19069
19073
19087
19141
19163
19181
19207
19213
19237
19249
19289
19301
19319
19333
19381
19387
19391
19403
19421
19427
19429
19457
19501
19531
19543
19553
19559
19577
19597
19603
19609
19681
19687
19697
19717
19727
19739
19751
19753
19759
19763
19813
19819
19853
19861
19867
19889
19891
19913
19919
19927
19937
19949
19979
19991
19993
19997
20011
20021
20023
20029
20047
20051
20063
20071
20078
20089
20113
20117
20122
20123
20129
20138
20143
20147
20158
20161
20173
20183
20186
20206
20231
20249
20261
20266
20278
20282
20302
20318
20323
20326
20327
20338
20347
20354
20369
20389
20393
20411
20422
20431
20441
20443
20446
20494
20509
20533
20542
20543
20546
20549
20563
20578
20593
20599
20602
20606
20611
20639
20641
20662
20681
20686
20693
20707
20719
20731
20747
20749
20753
20759
20773
20798
20807
20809
20849
20857
20858
20866
20879
20887
20897
20899
20903
20906
20914
20918
20921
20926
20947
20954
20959
20963
20974
20981
20983
20998
21001
21002
21011
21017
21026
21058
21059
21061
21062
21089
21101
21107
21121
21134
21139
21163
21178
21191
21193
21194
21211
21214
21221
21226
21254
21262
21269
21277
21278
21283
21302
21313
21317
21323
21326
21334
21341
21382
21383
21391
21397
21407
21418
21422
21446
21466
21467
21478
21491
21493
21499
21503
21521
21523
21542
21557
21563
21569
21577
21589
21598
21599
21611
21613
21617
21649
21661
21662
21673
21674
21706
21718
21722
21737
21751
21766
21767
21773
21778
21787
21799
21803
21817
21818
21821
21839
21878
21893
21898
21914
21929
21937
21943
21946
21961
21974
21986
21991
21997
22006
22013
22027
22031
22037
22063
22079
22093
22094
22109
22114
22133
22142
22153
22159
22166
22171
22174
22186
22189
22229
22259
22262
22271
22273
22283
22291
22303
22322
22342
22343
22346
22349
22381
22391
22426
22441
22447
22453
22478
22481
22483
22486
22501
22502
22514
22522
22531
22541
22543
22546
22549
22567
22574
22598
22613
22621
22622
22634
22651
22697
22699
22702
22709
22727
22739
22741
22766
22769
22786
22798
22807
22817
22822
22859
22861
22871
22874
22877
22886
22901
22907
22921
22937
22942
22943
22961
22963
22973
22993
23017
23029
23038
23039
23041
23053
23054
23057
23063
23071
23081
23087
23098
23099
23102
23117
23131
23143
23158
23159
23173
23186
23194
23197
23203
23209
23227
23234
23251
23266
23291
23293
23297
23311
23314
23327
23333
23357
23371
23378
23398
23399
23417
23431
23438
23447
23459
23462
23497
23557
23558
23561
23563
23566
23567
23578
23593
23599
23602
23603
23609
23614
23626
23629
23633
23642
23669
23677
23687
23741
23743
23747
23753
23767
23773
23789
23794
23813
23818
23827
23833
23854
23857
23866
23869
23873
23878
23882
23887
23909
23917
23929
23938
23942
23957
23962
23971
23974
23977
23981
23993
24001
24014
24019
24022
24023
24029
24049
24061
24071
24077
24082
24083
24086
24091
24097
24103
24107
24109
24121
24137
24146
24181
24194
24197
24202
24203
24214
24218
24223
24226
24229
24239
24247
24251
24281
24286
24298
24317
24322
24326
24329
24337
24371
24373
24379
24394
24406
24419
24421
24422
24443
24454
24469
24473
24478
24481
24482
24499
24502
24506
24526
24533
24538
24551
24554
24571
24578
24593
24602
24623
24631
24646
24658
24659
24671
24686
24694
24709
24733
24754
24763
24767
24782
24793
24799
24802
24809
24821
24826
24842
24851
24859
24877
24889
24907
24917
24919
24923
24943
24946
24958
24971
24974
24977
24982
24994
25006
25022
25031
25033
25034
25037
25054
25073
25078
25082
25094
25097
25117
25138
25147
25166
25178
25183
25189
25202
25219
25222
25226
25238
25247
25253
25261
25282
25301
25306
25309
25318
25321
25339
25343
25349
25367
25373
25406
25409
25426
25442
25447
25453
25469
25471
25478
25486
25514
25537
25561
25562
25577
25579
25582
25589
25609
25621
25633
25642
25646
25658
25667
25679
25682
25703
25717
25733
25741
25747
25759
25771
25786
25798
25799
25801
25819
25822
25834
25846
25847
25849
25919
25933
25939
25943
25966
25969
26002
26017
26041
26053
26066
26074
26086
26098
26099
26107
26111
26113
26119
26126
26141
26153
26171
26177
26183
26186
26198
26203
26206
26209
26218
26227
26237
26242
26251
26254
26261
26263
26267
26294
26297
26302
26317
26318
26326
26342
26354
26366
26371
26374
26387
26393
26399
26407
26417
26423
26434
26437
26438
26458
26459
26482
26489
26497
26498
26501
26539
26561
26573
26591
26594
26597
26626
26633
26647
26654
26662
26674
26678
26681
26683
26687
26701
26713
26723
26731
26734
26737
26759
26762
26777
26783
26794
26801
26813
26822
26833
26861
26863
26881
26882
26891
26902
26903
26914
26926
26927
26938
26954
26959
26974
26987
26993
26998
27011
27017
27031
27046
27059
27061
27073
27074
27077
27103
27106
27107
27127
27134
27143
27154
27197
27211
27226
27238
27239
27241
27253
27266
27271
27277
27281
27298
27329
27358
27362
27374
27397
27407
27418
27422
27427
27437
27442
27446
27449
27457
27458
27479
27481
27502
27509
27518
27526
27541
27551
27562
27581
27583
27598
27611
27614
27617
27647
27653
27658
27662
27673
27689
27691
27697
27701
27718
27739
27746
27754
27763
27767
27773
27779
27791
27793
27799
27802
27806
27814
27817
27827
27842
27847
27851
27862
27866
27883
27901
27917
27919
27926
27934
27943
27961
27967
27983
27994
27997
27998
28031
28051
28058
28069
28081
28087
28099
28109
28114
28142
28151
28162
28163
28166
28174
28201
28211
28219
28229
28277
28279
28283
28286
28289
28297
28298
28307
28319
28346
28349
28351
28387
28393
28403
28411
28433
28439
28447
28463
28477
28486
28493
28502
28513
28517
28541
28549
28559
28562
28571
28579
28591
28597
28606
28619
28621
28643
28646
28649
28657
28661
28663
28669
28703
28738
28751
28771
28813
28814
28817
28822
28837
28838
28843
28859
28862
28894
28898
28901
28909
28921
28927
28949
28978
28979
29017
29021
29023
29027
29033
29038
29059
29066
29074
29077
29086
29098
29114
29123
29126
29131
29137
29167
29173
29179
29182
29186
29201
29209
29221
29242
29266
29269
29278
29287
29297
29306
29311
29314
29327
29333
29338
29347
29363
29383
29387
29389
29399
29401
29411
29429
29434
29437
29443
29453
29462
29473
29474
29482
29494
29501
29518
29531
29534
29537
29542
29558
29566
29569
29573
29581
29587
29599
29626
29629
29633
29642
29662
29663
29669
29686
29717
29723
29734
29738
29741
29758
29761
29774
29789
29794
29803
29837
29846
29851
29858
29873
29878
29881
29894
29921
29947
29959
29966
29983
29989
30011
30013
30021
30026
30029
30034
30047
30059
30071
30089
30091
30097
30103
30106
30109
30111
30113
30117
30122
30133
30137
30146
30154
30161
30166
30169
30197
30211
30214
30242
30262
30271
30273
30279
30293
30297
30298
30307
30309
30313
30323
30333
30341
30347
30367
30374
30386
30389
30391
30399
30423
30434
30453
30454
30467
30469
30477
30489
30507
30509
30517
30518
30526
30529
30531
30538
30542
30543
30553
30554
30557
30559
30574
30577
30578
30579
30593
30614
30626
30631
30638
30643
30649
30658
30661
30662
30677
30689
30697
30698
30703
30707
30713
30718
30722
30727
30741
30754
30759
30763
30777
30781
30782
30802
30803
30813
30817
30819
30826
30839
30841
30851
30853
30859
30867
30869
30871
30878
30881
30886
30893
30902
30903
30909
30911
30931
30934
30939
30941
30946
30949
30983
30993
30994
30999
31011
31013
31019
31033
31039
31054
31069
31071
31079
31081
31082
31102
31138
31139
31151
31153
31159
31173
31177
31189
31193
31202
31219
31237
31238
31247
31249
31253
31258
31259
31267
31277
31281
31286
31287
31294
31298
31321
31322
31334
31337
31342
31357
31358
31359
31371
31379
31389
31391
31393
31397
31454
31466
31469
31474
31478
31481
31489
31497
31503
31511
31522
31531
31534
31541
31543
31547
31567
31574
31582
31593
31594
31601
31606
31607
31618
31627
31643
31657
31667
31687
31718
31723
31727
31729
31741
31754
31771
31774
31791
31793
31802
31803
31814
31817
31821
31826
31838
31839
31859
31881
31883
31891
31893
31917
31918
31942
31946
31953
31963
31973
31981
31982
31989
31991
32001
32003
32014
32027
32029
32051
32057
32061
32077
32089
32099
32114
32117
32122
32133
32146
32159
32169
32174
32183
32189
32191
32194
32199
32206
32213
32222
32237
32254
32257
32261
32282
32303
32309
32321
32323
32343
32359
32363
32371
32378
32386
32397
32401
32411
32443
32446
32462
32479
32491
32493
32497
32498
32503
32507
32531
32533
32534
32546
32559
32561
32563
32569
32577
32579
32587
32602
32603
32609
32621
32638
32666
32667
32678
32687
32693
32709
32713
32717
32722
32726
32749
32762
32771
32783
32789
32797
32803
32817
32822
32831
32833
32834
32839
32842
32847
32871
32902
32906
32909
32911
32917
32919
32933
32937
32939
32954
32957
32974
32979
32983
32986
32993
33009
33037
33038
33049
33053
33058
33071
33081
33119
33122
33134
33141
33146
33149
33151
33171
33179
33181
33203
33206
33207
33211
33213
33223
33247
33249
33287
33301
33302
33311
33314
33322
33329
33343
33359
33382
33386
33391
33393
33413
33427
33447
33469
33479
33482
33483
33487
33494
33513
33518
33519
33521
33526
33529
33531
33547
33569
33574
33581
33587
33589
33591
33599
33601
33617
33619
33622
33623
33637
33639
33647
33658
33679
33686
33703
33713
33721
33729
33749
33753
33757
33758
33766
33767
33769
33783
33797
33806
33809
33811
33827
33829
33837
33842
33854
33857
33861
33862
33874
33886
33893
33897
33911
33926
33941
33962
33974
33986
33987
33997
34019
34022
34031
34033
34039
34042
34054
34057
34059
34066
34094
34106
34123
34127
34129
34141
34147
34149
34171
34186
34197
34198
34211
34214
34231
34233
34234
34259
34267
34269
34273
34274
34297
34301
34303
34313
34318
34319
34327
34329
34334
34341
34366
34367
34369
34381
34382
34401
34403
34406
34414
34418
34429
34439
34457
34462
34469
34471
34478
34483
34499
34509
34511
34513
34514
34519
34537
34543
34549
34581
34583
34586
34589
34591
34598
34603
34607
34613
34631
34634
34642
34649
34651
34653
34654
34666
34667
34673
34679
34682
34693
34702
34703
34729
34747
34754
34757
34759
34761
34763
34766
34778
34781
34786
34791
34802
34834
34838
34841
34843
34847
34851
34862
34863
34871
34877
34883
34886
34913
34919
34942
34949
34961
34966
34971
34982
34994
35018
35023
35038
35051
35053
35059
35067
35069
35089
35102
35107
35117
35129
35138
35141
35146
35151
35153
35162
35171
35193
35194
35198
35218
35221
35227
35229
35246
35251
35254
35257
35291
35311
35314
35317
35318
35323
35331
35337
35338
35349
35353
35363
35367
35407
35414
35419
35426
35437
35447
35449
35461
35463
35481
35491
35493
35494
35498
35507
35509
35517
35521
35522
35533
35537
35566
35573
35578
35591
35593
35597
35601
35603
35614
35617
35654
35661
35674
35677
35678
35691
35702
35726
35727
35731
35747
35753
35759
35771
35781
35782
35797
35799
35803
35806
35809
35817
35818
35822
35823
35837
35842
35846
35851
35858
35869
35879
35897
35907
35914
35918
35942
35943
35954
35963
35969
35974
35978
35983
35993
35999
36007
36011
36013
36017
36021
36037
36067
36073
36082
36083
36086
36094
36097
36109
36122
36123
36131
36151
36161
36187
36191
36194
36209
36213
36219
36241
36242
36251
36254
36262
36263
36266
36269
36286
36291
36293
36298
36299
36303
36307
36321
36327
36338
36339
36341
36353
36357
36382
36383
36398
36422
36429
36433
36446
36447
36451
36467
36469
36471
36479
36483
36502
36506
36514
36523
36527
36551
36559
36563
36574
36578
36583
36591
36602
36607
36622
36629
36633
36653
36658
36671
36681
36682
36683
36706
36709
36717
36721
36723
36739
36742
36749
36753
36758
36767
36787
36791
36793
36794
36821
36831
36833
36843
36857
36866
36867
36871
36877
36878
36886
36887
36902
36903
36914
36922
36929
36931
36943
36962
36969
36979
36987
36997
37003
37006
37013
37019
37021
37034
37041
37046
37061
37078
37082
37087
37097
37106
37123
37139
37159
37171
37173
37174
37181
37186
37189
37199
37201
37217
37223
37239
37263
37277
37309
37311
37313
37337
37339
37342
37353
37358
37361
37363
37369
37371
37379
37382
37409
37419
37423
37426
37437
37438
37461
37462
37473
37483
37486
37489
37491
37493
37501
37507
37511
37514
37517
37529
37533
37537
37546
37547
37551
37561
37567
37574
37589
37591
37594
37623
37633
37641
37643
37649
37657
37659
37678
37707
37718
37738
37749
37767
37781
37826
37834
37847
37853
37861
37871
37894
37897
37907
37911
37918
37923
37941
37959
37963
37977
37987
37997
38002
38011
38013
38039
38047
38067
38074
38091
38102
38109
38113
38119
38139
38149
38153
38158
38162
38174
38177
38183
38197
38217
38229
38231
38237
38239
38271
38273
38278
38281
38282
38303
38314
38317
38326
38327
38329
38343
38351
38366
38371
38373
38377
38414
38422
38427
38431
38461
38462
38463
38469
38474
38498
38501
38518
38523
38534
38546
38557
38559
38561
38567
38593
38603
38609
38611
38618
38629
38638
38639
38651
38667
38671
38677
38679
38707
38711
38721
38733
38749
38751
38757
38758
38762
38767
38774
38783
38791
38839
38846
38859
38866
38867
38873
38877
38891
38903
38921
38926
38933
38937
38949
38954
38959
38966
38971
38977
39002
39003
39009
39019
39023
39062
39079
39082
39086
39089
39097
39099
39103
39111
39113
39119
39133
39139
39142
39147
39154
39157
39161
39163
39189
39191
39194
39206
39209
39217
39218
39229
39233
39239
39241
39279
39293
39297
39301
39313
39317
39341
39343
39359
39363
39373
39383
39394
39397
39398
39409
39418
39419
39439
39441
39443
39454
39478
39489
39499
39503
39506
39509
39511
39513
39521
39526
39541
39549
39551
39554
39561
39569
39581
39586
39619
39623
39631
39657
39667
39671
39679
39686
39687
39703
39706
39709
39719
39722
39723
39727
39733
39749
39761
39769
39779
39799
39801
39821
39827
39829
39838
39839
39847
39857
39869
39873
39874
39877
39883
39891
39898
39901
39922
39926
39927
39937
39939
39946
39971
39981
39982
39983
39986
39993
40009
40011
40013
40022
40028
40031
40037
40042
40058
40063
40087
40093
40094
40099
40101
40123
40127
40129
40142
40156
40163
40177
40178
40191
40202
40213
40214
40226
40231
40233
40237
40241
40246
40251
40253
40258
40263
40268
40277
40286
40289
40294
40298
40316
40323
40343
40353
40354
40357
40364
40366
40371
40387
40389
40396
40402
40423
40427
40429
40431
40433
40459
40461
40462
40466
40487
40493
40498
40499
40529
40532
40538
40539
40543
40559
40574
40577
40583
40597
40604
40609
40611
40627
40637
40652
40654
40666
40676
40682
40693
40694
40697
40699
40706
40724
40738
40739
40759
40772
40773
40786
40787
40801
40819
40822
40829
40844
40847
40849
40857
40862
40882
40883
40892
40899
40903
40927
40933
40939
40947
40949
40958
40961
40966
40988
41007
41011
41012
41014
41017
41018
41037
41039
41042
41051
41057
41068
41077
41079
41081
41084
41126
41131
41149
41156
41161
41163
41169
41179
41183
41186
41189
41201
41203
41204
41212
41213
41221
41222
41227
41233
41243
41252
41253
41254
41257
41263
41269
41271
41277
41278
41282
41289
41299
41324
41332
41341
41348
41357
41362
41367
41381
41386
41397
41399
41411
41421
41428
41434
41438
41443
41462
41467
41479
41486
41487
41491
41493
41494
41507
41513
41518
41521
41539
41542
41543
41549
41577
41578
41593
41596
41597
41603
41609
41614
41617
41618
41619
41621
41631
41641
41647
41669
41698
41709
41716
41721
41729
41732
41737
41746
41758
41759
41761
41763
41771
41794
41798
41799
41806
41809
41828
41842
41851
41852
41858
41863
41878
41879
41887
41889
41893
41897
41901
41903
41908
41918
41926
41927
41941
41948
41953
41962
41969
41981
41983
41991
41996
41997
41999
42002
42004
42013
42017
42019
42022
42023
42033
42043
42062
42073
42083
42089
42101
42118
42122
42124
42131
42134
42139
42153
42157
42169
42171
42178
42193
42197
42221
42223
42227
42239
42242
42243
42257
42261
42268
42281
42286
42293
42298
42299
42307
42321
42323
42337
42338
42349
42359
42374
42379
42382
42386
42388
42407
42409
42422
42428
42429
42437
42451
42452
42454
42457
42461
42463
42467
42473
42477
42487
42494
42508
42509
42524
42533
42538
42554
42557
42566
42571
42577
42591
42621
42626
42634
42638
42641
42646
42649
42652
42663
42677
42683
42701
42703
42719
42727
42737
42743
42747
42748
42751
42753
42754
42758
42764
42766
42773
42793
42797
42814
42821
42829
42836
42841
42844
42853
42859
42863
42866
42899
42901
42909
42916
42923
42929
42934
42937
42943
42953
42956
42961
42963
42969
42974
42981
42982
42986
42998
43003
43012
43013
43019
43023
43034
43037
43042
43049
43051
43058
43067
43084
43093
43114
43117
43118
43126
43133
43138
43151
43154
43156
43174
43177
43198
43202
43203
43207
43222
43223
43226
43233
43234
43237
43261
43271
43283
43293
43294
43298
43311
43313
43319
43322
43324
43331
43347
43348
43383
43388
43391
43397
43403
43436
43437
43441
43444
43451
43457
43467
43468
43474
43487
43499
43502
43509
43514
43517
43532
43534
43541
43543
43546
43556
43557
43564
43573
43574
43577
43591
43597
43598
43599
43606
43607
43609
43612
43613
43627
43634
43647
43651
43653
43669
43671
43678
43682
43683
43691
43702
43711
43717
43718
43721
43726
43742
43748
43756
43762
43773
43779
43786
43793
43796
43801
43828
43853
43858
43867
43874
43886
43887
43889
43891
43892
43913
43916
43922
43933
43948
43951
43959
43961
43963
43972
43982
43987
43991
43994
44006
44007
44012
44026
44041
44049
44053
44054
44059
44071
44087
44089
44102
44108
44119
44123
44129
44139
44151
44158
44159
44171
44179
44186
44188
44189
44201
44203
44207
44211
44218
44221
44222
44223
44228
44236
44257
44258
44259
44263
44266
44267
44269
44273
44277
44281
44284
44293
44306
44314
44318
44332
44337
44342
44348
44349
44357
44372
44378
44383
44386
44389
44391
44439
44449
44452
44476
44481
44483
44491
44493
44497
44501
44507
44524
44529
44533
44542
44546
44554
44558
44563
44566
44579
44596
44606
44607
44617
44623
44633
44636
44637
44641
44651
44657
44684
44686
44691
44692
44701
44708
44711
44729
44734
44741
44769
44773
44782
44788
44794
44797
44809
44817
44818
44819
44839
44841
44843
44851
44852
44866
44871
44879
44893
44906
44917
44927
44938
44939
44949
44959
44962
44963
44971
44983
44987
45004
45013
45022
45039
45051
45053
45061
45062
45077
45082
45086
45092
45098
45116
45121
45127
45131
45134
45137
45142
45146
45148
45159
45161
45179
45181
45183
45191
45197
45219
45226
45231
45238
45247
45259
45268
45274
45278
45281
45284
45289
45302
45307
45316
45319
45321
45329
45337
45338
45341
45343
45358
45382
45403
45404
45411
45413
45417
45418
45427
45433
45434
45439
45442
45447
45481
45482
45491
45497
45502
45503
45523
45532
45533
45538
45557
45566
45569
45572
45579
45589
45596
45597
45599
45613
45614
45622
45631
45634
45641
45651
45659
45667
45673
45677
45681
45691
45692
45697
45699
45707
45748
45751
45754
45757
45763
45767
45777
45779
45813
45814
45817
45833
45841
45853
45867
45869
45874
45884
45887
45893
45897
45922
45926
45932
45943
45946
45949
45957
45959
45964
45986
45987
45989
45993
46006
46012
46022
46047
46054
46061
46073
46076
46077
46078
46082
46091
46093
46099
46103
46108
46114
46118
46126
46131
46141
46142
46147
46149
46162
46171
46173
46174
46181
46183
46187
46196
46199
46204
46219
46237
46239
46261
46262
46279
46281
46286
46307
46316
46317
46318
46327
46329
46334
46337
46346
46348
46351
46372
46378
46381
46388
46399
46401
46406
46411
46418
46419
46441
46447
46451
46454
46457
46468
46471
46477
46479
46484
46489
46491
46499
46507
46511
46523
46533
46549
46558
46559
46567
46573
46581
46586
46591
46594
46601
46619
46622
46623
46628
46639
46653
46654
46663
46666
46677
46678
46681
46687
46691
46707
46708
46714
46724
46738
46743
46747
46751
46757
46769
46771
46796
46803
46804
46807
46811
46819
46829
46831
46834
46853
46857
46861
46862
46867
46868
46877
46887
46889
46894
46901
46918
46919
46923
46924
46941
46946
46957
46972
46983
46994
47013
47049
47051
47057
47059
47074
47078
47093
47098
47108
47114
47116
47119
47123
47126
47129
47132
47134
47143
47147
47161
47162
47181
47186
47189
47193
47198
47199
47206
47207
47211
47217
47218
47221
47247
47251
47266
47269
47279
47284
47297
47301
47308
47319
47324
47332
47339
47342
47351
47354
47356
47363
47373
47374
47387
47389
47391
47407
47417
47419
47438
47441
47459
47468
47469
47482
47486
47491
47494
47497
47506
47507
47521
47522
47527
47533
47534
47546
47548
47563
47577
47578
47581
47588
47591
47599
47609
47612
47623
47626
47631
47636
47639
47643
47653
47654
47657
47659
47666
47667
47681
47703
47708
47713
47714
47732
47738
47741
47743
47746
47756
47757
47774
47797
47798
47809
47811
47818
47819
47834
47836
47857
47858
47876
47877
47881
47884
47911
47913
47914
47917
47924
47939
47947
47954
47969
47973
47977
47981
48002
48003
48021
48028
48029
48038
48044
48046
48049
48058
48079
48086
48091
48098
48099
48109
48122
48154
48163
48164
48171
48179
48183
48196
48197
48206
48207
48214
48218
48226
48247
48259
48266
48271
48281
48284
48291
48292
48302
48309
48311
48333
48337
48338
48358
48362
48388
48394
48404
48407
48409
48417
48428
48437
48446
48449
48452
48458
48463
48473
48478
48481
48487
48494
48497
48502
48523
48527
48533
48539
48541
48549
48563
48567
48571
48572
48589
48593
48596
48611
48623
48628
48644
48647
48649
48651
48652
48658
48669
48674
48677
48679
48687
48693
48718
48731
48733
48747
48757
48759
48761
48767
48779
48781
48787
48799
48801
48809
48812
48814
48817
48819
48821
48842
48859
48869
48871
48883
48886
48903
48938
48946
48947
48953
48956
48957
48962
48964
48973
48991
48998
49003
49004
49009
49012
49017
49031
49037
49047
49054
49069
49076
49081
49083
49089
49094
49102
49107
49108
49109
49117
49121
49123
49124
49142
49143
49157
49169
49171
49177
49186
49193
49199
49204
49211
49223
49233
49246
49251
49253
49261
49262
49263
49277
49279
49281
49292
49299
49307
49331
49333
49341
49354
49363
49366
49369
49372
49388
49393
49394
49417
49429
49431
49443
49451
49459
49461
49463
49479
49481
49492
49498
49499
49508
49516
49523
49526
49534
49537
49547
49562
49564
49586
49587
49597
49603
49604
49613
49618
49633
49641
49652
49663
49681
49682
49683
49684
49694
49697
49702
49711
49718
49719
49727
49732
49739
49741
49748
49754
49757
49787
49789
49804
49807
49811
49814
49821
49828
49831
49834
49838
49843
49871
49877
49891
49892
49893
49899
49916
49919
49921
49927
49937
49942
49943
49947
49954
49957
49964
49988
49991
50012
50021
50026
50044
50047
50062
50068
50069
50074
50077
50087
50101
50108
50109
50111
50114
50119
50131
50147
50153
50174
50177
50185
50188
50207
50212
50221
50222
50223
50227
50231
50234
50263
50276
50277
50287
50289
50291
50294
50305
50306
50308
50321
50326
50329
50332
50333
50335
50341
50342
50356
50359
50363
50366
50377
50395
50404
50417
50423
50438
50441
50444
50461
50469
50474
50486
50487
50493
50497
50503
50527
50529
50539
50543
50549
50551
50555
50564
50588
50591
50593
50599
50602
50612
50614
50618
50627
50636
50637
50642
50647
50649
50651
50665
50667
50671
50678
50683
50684
50686
50695
50698
50703
50705
50707
50709
50714
50723
50741
50746
50755
50756
50763
50767
50773
50777
50781
50782
50793
50795
50811
50812
50818
50821
50833
50845
50846
50849
50852
50857
50867
50873
50878
50884
50885
50891
50893
50894
50905
50906
50909
50914
50923
50926
50929
50937
50938
50943
50956
50957
50961
50965
50971
50979
50989
51001
51031
51043
51046
51047
51055
51059
51061
51063
51074
51081
51082
51122
51123
51124
51131
51133
51137
51141
51154
51158
51159
51164
51166
51178
51196
51202
51203
51217
51229
51231
51236
51241
51242
51257
51263
51265
51278
51279
51283
51287
51292
51295
51307
51314
51316
51321
51329
51335
51341
51343
51347
51351
51355
51358
51361
51364
51369
51383
51406
51411
51412
51413
51419
51421
51427
51431
51434
51439
51445
51449
51461
51466
51473
51479
51482
51487
51501
51503
51505
51511
51515
51517
51521
51526
51539
51549
51551
51556
51563
51565
51577
51581
51586
51593
51596
51598
51599
51602
51605
51607
51613
51621
51628
51637
51638
51647
51659
51665
51668
51673
51676
51679
51682
51683
51685
51691
51692
51698
51715
51719
51734
51746
51749
51767
51771
51778
51785
51797
51803
51806
51812
51817
51827
51836
51838
51839
51845
51859
51862
51866
51868
51869
51873
51878
51879
51892
51893
51897
51899
51902
51913
51929
51951
51955
51963
51973
51991
51994
51995
51999
52004
52012
52021
52027
52034
52042
52051
52053
52057
52067
52082
52103
52106
52127
52131
52132
52135
52161
52163
52165
52166
52167
52172
52181
52183
52189
52198
52201
52203
52214
52222
52226
52237
52249
52252
52253
52257
52259
52265
52282
52285
52291
52293
52306
52313
52315
52321
52329
52342
52347
52354
52361
52366
52369
52379
52385
52387
52391
52401
52412
52418
52431
52435
52449
52453
52454
52457
52467
52473
52484
52489
52491
52495
52498
52501
52502
52508
52517
52526
52529
52534
52543
52553
52561
52565
52567
52579
52586
52588
52594
52604
52617
52618
52631
52634
52636
52639
52652
52655
52673
52678
52684
52691
52694
52697
52707
52708
52709
52714
52727
52732
52737
52742
52747
52748
52757
52769
52774
52783
52786
52791
52795
52797
52807
52813
52817
52827
52834
52835
52846
52859
52868
52869
52876
52879
52881
52883
52903
52916
52919
52945
52957
52958
52963
52967
52973
52978
52981
52985
52996
52999
53002
53003
53005
53017
53035
53036
53043
53049
53065
53068
53077
53093
53101
53121
53135
53139
53149
53155
53161
53182
53187
53188
53189
53194
53197
53211
53231
53233
53236
53247
53252
53254
53255
53269
53279
53281
53282
53283
53294
53299
53309
53315
53323
53324
53327
53335
53348
53353
53359
53362
53366
53373
53377
53381
53401
53402
53407
53411
53419
53422
53426
53435
53441
53446
53458
53468
53474
53479
53481
53503
53511
53517
53518
53524
53527
53549
53551
53553
53554
53555
53566
53588
53589
53596
53597
53602
53611
53617
53623
53626
53629
53633
53642
53643
53645
53653
53657
53665
53666
53668
53673
53678
53681
53693
53698
53709
53719
53722
53758
53759
53762
53763
53765
53773
53777
53783
53786
53787
53791
53806
53813
53817
53819
53828
53842
53849
53852
53855
53857
53871
53876
53891
53894
53897
53905
53906
53908
53913
53918
53923
53927
53939
53943
53951
53961
53962
53967
53974
53987
53996
54001
54013
54037
54039
54049
54062
54083
54086
54091
54092
54101
54118
54123
54133
54134
54139
54141
54146
54154
54155
54167
54177
54182
54183
54185
54206
54212
54214
54217
54218
54231
54235
54265
54267
54269
54286
54287
54293
54295
54311
54319
54323
54335
54357
54358
54361
54364
54367
54371
54382
54393
54394
54399
54413
54415
54419
54429
54437
54445
54447
54449
54476
54478
54493
54499
54503
54507
54508
54517
54518
54532
54539
54542
54543
54545
54554
54563
54583
54596
54598
54617
54623
54629
54631
54633
54647
54651
54658
54667
54673
54676
54679
54685
54687
54699
54709
54724
54745
54751
54753
54764
54767
54779
54785
54788
54799
54807
54818
54833
54836
54844
54854
54867
54869
54877
54881
54895
54903
54907
54916
54917
54919
54921
54939
54941
54949
54958
54962
54965
54973
54979
54983
54987
55001
55004
55009
55015
55018
55021
55023
55028
55057
55058
55061
55073
55078
55082
55101
55102
55109
55117
55124
55135
55156
55163
55166
55171
55191
55201
55203
55207
55213
55219
55222
55228
55234
55239
55243
55249
55262
55285
55294
55295
55306
55313
55324
55331
55337
55343
55346
55353
55355
55364
55381
55382
55394
55402
55411
55415
55435
55436
55439
55443
55469
55478
55486
55487
55498
55502
55508
55509
55511
55516
55526
55532
55546
55547
55551
55558
55563
55569
55582
55585
55586
55589
55598
55604
55612
55617
55618
55619
55621
55623
55631
55639
55652
55654
55655
55659
55663
55673
55684
55694
55697
55702
55711
55717
55724
55732
55733
55761
55766
55786
55793
55795
55799
55805
55813
55819
55829
55834
55837
55838
55843
55849
55851
55852
55855
55871
55885
55886
55894
55901
55906
55921
55922
55927
55931
55933
55934
55949
55967
55983
55985
55987
55988
55994
55996
55997
56009
56013
56037
56039
56044
56053
56054
56062
56081
56087
56093
56099
56101
56102
56103
56113
56116
56131
56138
56167
56171
56174
56179
56193
56197
56198
56204
56207
56209
56215
56218
56228
56229
56237
56247
56249
56255
56263
56269
56271
56285
56302
56305
56311
56319
56324
56326
56332
56333
56348
56359
56361
56362
56365
56369
56377
56379
56383
56391
56395
56401
56402
56409
56417
56422
56428
56431
56435
56458
56467
56473
56479
56495
56501
56509
56527
56531
56533
56543
56566
56577
56578
56591
56596
56599
56605
56607
56611
56612
56618
56629
56633
56636
56659
56663
56692
56697
56698
56701
56713
56731
56733
56737
56739
56747
56755
56757
56767
56773
56774
56788
56806
56818
56821
56827
56841
56843
56857
56866
56873
56877
56891
56894
56897
56911
56929
56951
56954
56957
56965
56972
56986
56993
56996
56999
57003
57026
57027
57034
57041
57055
57074
57077
57089
57093
57094
57098
57107
57111
57115
57118
57119
57124
57131
57139
57142
57143
57153
57158
57163
57173
57179
57185
57191
57193
57203
57206
57207
57219
57221
57223
57235
57237
57242
57243
57254
57259
57261
57262
57286
57292
57301
57308
57314
57322
57326
57335
57338
57347
57363
57364
57367
57374
57383
57388
57406
57413
57415
57417
57422
57423
57467
57471
57476
57485
57487
57502
57503
57506
57515
57518
57529
57543
57549
57556
57557
57559
57571
57578
57586
57587
57593
57595
57601
57604
57626
57628
57639
57641
57657
57674
57676
57686
57697
57709
57713
57718
57719
57724
57727
57731
57734
57742
57747
57751
57758
57773
57777
57791
57796
57802
57809
57842
57844
57847
57854
57859
57881
57899
57901
57923
57935
57943
57947
57958
57965
57973
57985
58012
58013
58018
58027
58043
58046
58054
58066
58067
58073
58076
58099
58105
58109
58111
58118
58129
58137
58143
58147
58148
58153
58154
58165
58169
58171
58172
58189
58193
58196
58209
58228
58229
58237
58243
58246
58258
58263
58271
58281
58285
58294
58299
58309
58313
58321
58323
58334
58341
58346
58358
58363
58367
58369
58371
58372
58382
58389
58391
58402
58405
58407
58414
58417
58427
58439
58441
58453
58462
58484
58486
58495
58503
58505
58508
58516
58521
58532
58538
58543
58549
58556
58573
58585
58593
58594
58601
58606
58612
58623
58629
58631
58654
58655
58657
58659
58661
58676
58677
58699
58711
58713
58715
58727
58732
58733
58741
58749
58763
58771
58774
58787
58789
58796
58798
58802
58822
58831
58846
58868
58874
58885
58886
58892
58897
58906
58907
58913
58915
58921
58924
58937
58945
58946
58948
58963
58964
58966
58979
58988
58991
58997
59011
59029
59035
59036
59043
59051
59053
59054
59061
59063
59065
59069
59074
59077
59084
59097
59105
59113
59119
59123
59127
59134
59135
59138
59151
59159
59162
59165
59167
59188
59198
59219
59233
59243
59253
59258
59263
59266
59273
59277
59282
59284
59289
59308
59315
59331
59335
59338
59359
59366
59369
59372
59387
59393
59403
59404
59417
59434
59439
59443
59446
59447
59453
59467
59468
59473
59476
59485
59497
59506
59509
59513
59515
59516
59518
59522
59539
59548
59557
59559
59561
59564
59578
59581
59601
59606
59611
59615
59617
59621
59627
59638
59659
59666
59669
59671
59692
59693
59695
59699
59702
59705
59707
59723
59729
59734
59743
59746
59753
59756
59757
59758
59765
59779
59781
59791
59797
59809
59834
59842
59854
59855
59876
59879
59883
59889
59905
59919
59921
59929
59932
59935
59937
59951
59957
59966
59971
59973
59991
59999
60013
60017
60029
60033
60037
60042
60054
60055
60058
60077
60083
60087
60089
60094
60101
60103
60107
60124
60127
60133
60139
60142
60149
60153
60167
60169
60178
60182
60185
60194
60205
60209
60213
60217
60218
60223
60226
60234
60238
60244
60257
60259
60266
60267
60271
60292
60293
60317
60322
60331
60337
60338
60339
60343
60351
60355
60362
60364
60366
60373
60374
60387
60394
60404
60414
60422
60427
60428
60441
60446
60447
60449
60457
60482
60483
60484
60497
60505
60506
60519
60521
60524
60527
60531
60535
60538
60545
60546
60549
60556
60558
60565
60586
60589
60595
60596
60603
60607
60617
60618
60626
60631
60637
60638
60644
60646
60647
60649
60657
60661
60666
60679
60682
60692
60693
60694
60703
60715
60719
60727
60733
60737
60745
60747
60757
60763
60772
60773
60779
60782
60785
60796
60798
60805
60806
60807
60811
60834
60854
60859
60861
60862
60868
60869
60891
60898
60901
60906
60908
60919
60923
60934
60937
60938
60943
60953
60954
60961
60964
60969
60981
60982
60985
60986
60994
61001
61007
61023
61031
61036
61043
61055
61057
61058
61071
61078
61084
61086
61091
61106
61107
61108
61114
61121
61129
61141
61148
61153
61156
61158
61167
61169
61179
61186
61195
61196
61197
61205
61211
61221
61228
61231
61252
61255
61261
61262
61265
61266
61274
61276
61283
61291
61293
61297
61315
61316
61322
61323
61329
61331
61333
61338
61339
61342
61343
61345
61385
61394
61396
61403
61405
61406
61414
61417
61426
61431
61436
61437
61441
61444
61445
61449
61458
61463
61469
61471
61482
61493
61505
61508
61511
61514
61518
61521
61543
61546
61547
61554
61561
61564
61583
61599
61603
61606
61609
61615
61618
61626
61629
61631
61638
61645
61651
61652
61653
61657
61658
61673
61681
61682
61687
61689
61703
61708
61715
61717
61729
61735
61738
61742
61751
61756
61762
61772
61786
61797
61806
61813
61822
61833
61843
61844
61861
61865
61868
61871
61878
61879
61882
61885
61895
61923
61926
61927
61954
61955
61966
61967
61972
61979
61988
61989
62003
62005
62011
62022
62026
62038
62043
62044
62045
62053
62058
62066
62071
62078
62099
62102
62105
62108
62121
62129
62131
62141
62142
62143
62151
62157
62158
62162
62165
62182
62185
62189
62191
62193
62201
62204
62207
62213
62214
62219
62233
62236
62241
62242
62247
62255
62259
62273
62277
62278
62285
62294
62299
62306
62311
62313
62319
62323
62324
62327
62346
62351
62354
62362
62367
62378
62383
62386
62394
62401
62417
62421
62423
62427
62428
62435
62438
62473
62476
62477
62483
62485
62497
62498
62506
62507
62518
62533
62534
62539
62542
62547
62549
62554
62555
62562
62564
62571
62581
62591
62596
62597
62614
62617
62619
62627
62633
62635
62639
62642
62654
62666
62668
62674
62683
62684
62687
62691
62695
62697
62701
62714
62716
62723
62731
62742
62743
62754
62758
62763
62765
62773
62778
62782
62787
62791
62794
62819
62827
62845
62861
62869
62877
62885
62889
62897
62908
62915
62921
62922
62924
62929
62938
62943
62945
62948
62954
62956
62971
62978
62983
62989
62994
62996
63003
63005
63006
63022
63026
63029
63033
63034
63039
63044
63055
63057
63059
63067
63068
63069
63078
63082
63086
63092
63093
63094
63097
63103
63113
63131
63146
63149
63164
63166
63177
63183
63185
63197
63201
63205
63212
63235
63241
63247
63254
63265
63267
63286
63292
63295
63298
63303
63311
63314
63317
63321
63326
63334
63337
63353
63377
63391
63397
63398
63409
63417
63419
63421
63442
63445
63447
63454
63458
63463
63471
63473
63485
63487
63493
63499
63527
63533
63537
63542
63548
63556
63559
63561
63565
63577
63587
63598
63601
63605
63606
63607
63617
63634
63642
63649
63652
63663
63667
63676
63678
63681
63691
63694
63695
63697
63703
63709
63718
63719
63727
63741
63748
63761
63762
63782
63785
63793
63799
63807
63815
63834
63836
63839
63841
63849
63892
63901
63907
63913
63914
63926
63939
63949
63951
63957
63962
63969
63977
63978
63982
63995
63997
64004
64006
64013
64019
64023
64028
64033
64037
64041
64058
64063
64067
64091
64102
64109
64118
64122
64123
64126
64131
64137
64146
64149
64153
64166
64171
64173
64178
64189
64198
64203
64205
64217
64223
64231
64234
64254
64265
64266
64271
64276
64282
64286
64299
64303
64319
64327
64338
64346
64348
64364
64373
64378
64381
64388
64399
64401
64406
64412
64433
64439
64443
64451
64461
64466
64479
64489
64497
64499
64502
64522
64535
64555
64556
64563
64564
64569
64585
64587
64594
64609
64613
64615
64621
64627
64633
64642
64646
64667
64677
64679
64682
64689
64693
64705
64706
64717
64726
64747
64754
64756
64762
64765
64767
64781
64783
64794
64797
64802
64803
64811
64822
64826
64839
64846
64853
64865
64868
64879
64882
64891
64895
64901
64916
64919
64921
64924
64934
64937
64941
64947
64951
64969
64982
64986
64994
64997
65003
65005
65006
65012
65014
65015
65022
65027
65029
65033
65035
65045
65053
65063
65066
65068
65071
65089
65092
65111
65118
65122
65139
65141
65146
65154
65165
65171
65174
65179
65183
65185
65204
65213
65215
65222
65245
65253
65257
65266
65267
65269
65271
65276
65293
65294
65298
65301
65306
65309
65315
65319
65323
65327
65332
65334
65353
65356
65361
65374
65386
65393
65396
65397
65407
65414
65419
65423
65426
65434
65437
65444
65447
65449
65451
65452
65463
65476
65479
65495
65497
65515
65517
65519
65521
65523
65524
65537
65539
65542
65543
65551
65553
65558
65566
65581
65587
65594
65599
65602
65605
65609
65613
65617
65629
65634
65643
65651
65657
65666
65677
65678
65679
65684
65686
65687
65699
65701
65713
65717
65719
65729
65731
65732
65735
65738
65742
65755
65777
65795
65804
65809
65811
65815
65827
65829
65834
65837
65838
65839
65843
65851
65855
65867
65874
65878
65882
65883
65885
65914
65921
65924
65929
65931
65935
65938
65942
65948
65958
65963
65972
65973
65974
65983
65998
66039
66041
66058
66067
66083
66085
66095
66098
66106
66107
66109
66116
66117
66137
66145
66146
66161
66173
66179
66182
66188
66191
66205
66212
66219
66221
66226
66237
66238
66239
66244
66271
66273
66282
66292
66293
66298
66301
66302
66322
66333
66335
66337
66343
66347
66354
66358
66359
66361
66362
66373
66377
66382
66387
66398
66406
66412
66413
66414
66422
66426
66441
66446
66459
66467
66476
66485
66498
66509
66522
66523
66532
66553
66567
66569
66571
66574
66578
66579
66596
66601
66604
66617
66628
66629
66635
66644
66653
66658
66683
66686
66687
66692
66694
66695
66698
66701
66702
66706
66713
66714
66733
66741
66751
66754
66764
66772
66782
66797
66813
66818
66819
66821
66826
66837
66841
66849
66851
66853
66863
66873
66877
66889
66894
66905
66909
66914
66916
66919
66921
66923
66943
66947
66949
66954
66958
66959
66966
66973
66974
66977
66995
67003
67006
67021
67026
67029
67033
67038
67042
67049
67052
67055
67057
67058
67066
67073
67079
67085
67101
67105
67121
67126
67129
67138
67139
67141
67148
67153
67154
67162
67169
67173
67174
67181
67187
67191
67198
67202
67205
67219
67234
67244
67246
67258
67261
67271
67273
67278
67282
67289
67294
67299
67307
67316
67324
67339
67341
67343
67349
67358
67359
67399
67406
67407
67411
67421
67426
67427
67433
67434
67442
67443
67447
67449
67453
67477
67481
67484
67489
67493
67495
67498
67503
67506
67514
67516
67523
67531
67532
67533
67537
67538
67547
67559
67565
67567
67577
67579
67582
67589
67593
67594
67601
67604
67607
67612
67615
67618
67622
67623
67629
67647
67654
67658
67674
67684
67699
67701
67702
67708
67719
67733
67741
67742
67748
67751
67757
67759
67763
67772
67777
67783
67786
67789
67801
67807
67829
67843
67852
67853
67862
67866
67867
67874
67882
67883
67885
67901
67902
67911
67916
67922
67924
67927
67929
67931
67933
67939
67948
67953
67955
67961
67967
67974
67985
68007
68023
68037
68038
68041
68053
68059
68065
68066
68071
68078
68084
68087
68091
68097
68099
68108
68111
68113
68114
68116
68118
68122
68141
68147
68151
68161
68163
68164
68165
68171
68181
68207
68212
68213
68214
68219
68239
68245
68246
68253
68254
68258
68261
68279
68294
68307
68318
68329
68342
68345
68349
68351
68361
68371
68394
68395
68396
68399
68405
68421
68422
68428
68434
68435
68437
68443
68449
68451
68465
68468
68473
68477
68483
68485
68489
68492
68501
68506
68507
68518
68521
68531
68543
68545
68548
68559
68577
68581
68583
68597
68605
68606
68611
68622
68626
68631
68633
68638
68645
68654
68658
68659
68668
68674
68682
68687
68699
68702
68703
68711
68713
68721
68722
68734
68737
68749
68755
68763
68767
68771
68785
68791
68795
68802
68806
68811
68812
68813
68815
68819
68826
68828
68829
68842
68858
68878
68879
68881
68883
68889
68891
68899
68909
68917
68924
68938
68942
68947
68956
68963
68966
68979
68993
68995
68998
69001
69002
69009
69011
69019
69026
69028
69029
69031
69035
69061
69063
69067
69073
69074
69081
69087
69109
69114
69119
69123
69127
69143
69145
69149
69155
69159
69162
69163
69164
69171
69172
69177
69178
69182
69189
69191
69193
69197
69203
69205
69206
69221
69233
69243
69247
69262
69284
69297
69302
69306
69313
69317
69332
69337
69341
69346
69351
69371
69374
69383
69385
69386
69389
69395
69401
69403
69406
69415
69427
69429
69436
69439
69457
69458
69463
69467
69477
69478
69481
69491
69493
69494
69497
69499
69501
69505
69514
69518
69519
69532
69535
69539
69548
69556
69557
69558
69572
69591
69593
69603
69604
69605
69609
69623
69665
69676
69681
69682
69686
69694
69697
69709
69724
69739
69742
69753
69754
69763
69766
69767
69794
69796
69798
69807
69821
69826
69827
69833
69835
69837
69838
69847
69857
69859
69868
69873
69877
69878
69884
69899
69908
69911
69926
69929
69931
69941
69942
69956
69959
69963
69964
69981
69985
69991
69995
69999
70001
70003
70009
70017
70019
70036
70039
70045
70046
70049
70051
70054
70055
70061
70071
70076
70079
70086
70106
70107
70111
70113
70117
70121
70134
70141
70156
70165
70166
70177
70178
70181
70183
70198
70199
70204
70229
70234
70241
70249
70251
70255
70258
70271
70273
70276
70282
70285
70292
70293
70302
70306
70309
70313
70316
70324
70327
70341
70351
70355
70377
70381
70388
70396
70402
70405
70415
70419
70423
70427
70435
70436
70439
70442
70457
70459
70481
70483
70487
70501
70502
70514
70527
70534
70535
70537
70549
70553
70562
70571
70573
70583
70593
70611
70617
70619
70627
70628
70634
70636
70637
70639
70646
70647
70651
70657
70662
70663
70674
70676
70678
70683
70687
70689
70693
70709
70715
70717
70724
70726
70732
70753
70769
70779
70786
70795
70797
70802
70806
70809
70814
70828
70838
70841
70849
70852
70865
70867
70869
70877
70879
70881
70885
70887
70898
70899
70901
70916
70921
70922
70926
70937
70948
70949
70951
70962
70969
70973
70979
70981
70982
70985
70987
70988
70996
70997
70998
70999
71007
71011
71023
71034
71042
71044
71054
71059
71061
71066
71067
71069
71074
71081
71089
71113
71119
71138
71141
71143
71147
71156
71161
71164
71178
71182
71186
71191
71194
71202
71206
71209
71215
71223
71228
71229
71233
71234
71237
71239
71241
71245
71249
71255
71257
71263
71267
71283
71293
71301
71308
71322
71327
71329
71342
71348
71353
71354
71356
71359
71363
71382
71389
71399
71403
71411
71413
71429
71439
71443
71453
71457
71458
71462
71465
71471
71473
71479
71483
71493
71499
71506
71515
71518
71524
71527
71542
71549
71551
71561
71562
71563
71569
71571
71593
71594
71597
71598
71602
71605
71606
71607
71612
71615
71618
71633
71634
71635
71636
71644
71661
71662
71663
71671
71679
71684
71693
71697
71699
71701
71711
71713
71716
71718
71719
71726
71727
71729
71733
71741
71754
71756
71761
71771
71777
71787
71789
71794
71798
71807
71809
71813
71814
71821
71828
71837
71843
71846
71849
71861
71866
71869
71871
71881
71886
71887
71899
71902
71908
71909
71911
71913
71922
71926
71931
71933
71935
71943
71963
71983
71993
71998
71999
72003
72005
72014
72019
72021
72023
72031
72034
72035
72042
72043
72052
72053
72055
72057
72069
72074
72089
72095
72101
72109
72115
72122
72129
72134
72155
72161
72164
72166
72167
72169
72172
72173
72183
72185
72194
72196
72218
72221
72222
72227
72229
72231
72235
72245
72246
72247
72258
72271
72273
72277
72287
72291
72302
72305
72307
72308
72309
72313
72321
72327
72337
72353
72356
72363
72379
72382
72383
72388
72395
72399
72421
72438
72445
72453
72458
72461
72467
72476
72481
72484
72497
72503
72507
72508
72515
72526
72532
72551
72554
72559
72572
72577
72582
72583
72586
72591
72595
72596
72606
72609
72623
72638
72642
72643
72649
72661
72665
72669
72679
72682
72685
72686
72689
72701
72707
72714
72717
72733
72737
72739
72746
72753
72755
72763
72766
72767
72796
72797
72815
72823
72844
72858
72868
72869
72871
72883
72892
72893
72902
72907
72911
72914
72916
72923
72932
72934
72937
72938
72946
72951
72953
72959
72965
72966
72973
72978
72987
72994
72997
73003
73004
73009
73012
73028
73031
73046
73054
73061
73063
73076
73077
73079
73082
73113
73118
73119
73121
73126
73133
73135
73137
73141
73142
73148
73156
73166
73171
73174
73182
73189
73195
73198
73199
73213
73221
73237
73239
73243
73252
73258
73259
73265
73266
73274
73285
73291
73306
73309
73316
73327
73329
73339
73345
73351
73354
73361
73366
73369
73379
73387
73394
73407
73409
73412
73417
73418
73419
73426
73433
73434
73442
73459
73468
73471
73484
73493
73495
73497
73506
73507
73517
73518
73522
73523
73527
73529
73534
73551
73553
73561
73571
73578
73581
73582
73583
73585
73586
73589
73607
73609
73613
73614
73618
73637
73641
73643
73651
73652
73653
73655
73662
73673
73679
73681
73686
73694
73708
73709
73714
73717
73734
73735
73751
73754
73756
73757
73771
73772
73774
73779
73795
73798
73802
73804
73819
73838
73847
73855
73858
73867
73869
73883
73886
73893
73907
73913
73915
73943
73946
73951
73958
73961
73969
73972
73973
73977
73985
73994
73999
74012
74013
74017
74021
74027
74031
74065
74068
74073
74077
74078
74084
74091
74092
74093
74098
74099
74101
74105
74122
74123
74127
74135
74159
74161
74167
74179
74189
74194
74197
74199
74201
74203
74207
74219
74231
74234
74246
74247
74257
74262
74274
74278
74279
74287
74289
74291
74297
74311
74335
74343
74346
74348
74357
74362
74377
74378
74383
74389
74395
74402
74406
74411
74413
74419
74427
74434
74435
74441
74449
74454
74468
74489
74506
74507
74509
74523
74526
74527
74531
74541
74548
74553
74557
74561
74573
74577
74587
74598
74611
74614
74615
74618
74641
74642
74644
74645
74653
74669
74678
74684
74687
74695
74699
74706
74707
74713
74714
74719
74721
74722
74726
74731
74738
74742
74747
74751
74757
74759
74761
74764
74769
74771
74779
74797
74818
74821
74829
74831
74838
74843
74845
74846
74852
74857
74859
74861
74869
74873
74874
74876
74887
74894
74897
74903
74922
74923
74924
74926
74937
74941
74959
74963
74967
74977
74978
74986
74996
75011
75013
75014
75017
75018
75022
75028
75029
75034
75037
75039
75041
75058
75061
75065
75074
75083
75092
75093
75094
75098
75099
75111
75131
75133
75134
75142
75146
75149
75161
75162
75171
75173
75178
75181
75182
75188
75214
75217
75219
75223
75234
75238
75239
75246
75261
75265
75266
75269
75271
75277
75282
75286
75289
75305
75307
75314
75318
75323
75326
75333
75337
75347
75351
75353
75356
75363
75365
75367
75377
75381
75382
75385
75391
75397
75398
75407
75414
75431
75434
75436
75437
75441
75455
75459
75462
75467
75476
75479
75489
75494
75498
75503
75507
75511
75513
75521
75523
75527
75533
75534
75539
75541
75549
75562
75577
75593
75598
75606
75611
75617
75619
75622
75629
75641
75655
75657
75659
75662
75666
75668
75678
75679
75685
75687
75689
75695
75703
75706
75709
75721
75722
75731
75741
75742
75758
75767
75773
75778
75788
75793
75794
75797
75805
75821
75833
75836
75846
75859
75865
75902
75903
75913
75914
75916
75921
75926
75929
75934
75935
75941
75954
75965
75974
75979
75982
75983
75986
75989
75994
75995
75997
76001
76013
76017
76022
76026
76029
76036
76047
76069
76071
76078
76079
76081
76085
76099
76119
76123
76124
76129
76134
76135
76147
76148
76163
76165
76166
76181
76182
76204
76205
76207
76218
76223
76227
76231
76233
76237
76243
76253
76259
76261
76269
76276
76278
76289
76295
76315
76316
76317
76341
76343
76348
76354
76355
76366
76367
76369
76371
76378
76379
76387
76389
76403
76407
76413
76421
76434
76445
76458
76462
76463
76484
76493
76495
76507
76522
76535
76541
76542
76543
76546
76559
76565
76574
76578
76597
76598
76603
76611
76623
76643
76649
76651
76652
76654
76655
76666
76667
76679
76686
76697
76702
76724
76733
76737
76742
76749
76753
76754
76757
76767
76777
76781
76786
76794
76795
76805
76809
76811
76819
76828
76829
76831
76853
76854
76865
76871
76873
76876
76899
76906
76907
76909
76913
76915
76919
76924
76926
76938
76943
76948
76951
76955
76961
76963
76974
76991
76996
77001
77002
77003
77005
77029
77036
77037
77041
77046
77047
77069
77079
77081
77086
77092
77093
77109
77114
77118
77135
77137
77138
77141
77151
77153
77156
77167
77171
77191
77195
77201
77204
77206
77213
77222
77236
77237
77239
77241
77243
77249
77255
77261
77263
77276
77277
77278
77289
77291
77302
77305
77306
77313
77317
77323
77329
77338
77339
77342
77347
77351
77354
77358
77359
77369
77377
77379
77386
77394
77397
77398
77399
77414
77417
77419
77426
77446
77447
77457
77458
77466
77471
77474
77479
77485
77489
77491
77492
77494
77497
77502
77513
77516
77524
77534
77543
77551
77555
77564
77566
77569
77573
77581
77582
77587
77601
77606
77609
77611
77612
77619
77641
77642
77647
77651
77659
77668
77681
77684
77687
77689
77699
77702
77705
77708
77716
77722
77723
77739
77746
77754
77755
77761
77764
77783
77791
77793
77795
77797
77801
77806
77817
77828
77829
77833
77838
77845
77863
77866
77867
77874
77884
77893
77907
77908
77915
77917
77918
77932
77933
77942
77943
77951
77954
77956
77969
77977
77986
77991
78006
78007
78017
78018
78028
78031
78035
78038
78042
78046
78051
78063
78082
78087
78094
78113
78121
78123
78127
78137
78139
78145
78158
78163
78172
78173
78191
78193
78194
78197
78198
78203
78205
78211
78214
78222
78226
78229
78233
78236
78238
78239
78241
78245
78249
78258
78259
78266
78277
78278
78284
78294
78297
78301
78305
78308
78314
78317
78322
78326
78332
78335
78339
78341
78347
78355
78357
78362
78367
78378
78379
78382
78395
78398
78415
78418
78423
78427
78434
78454
78458
78459
78466
78467
78482
78483
78487
78491
78497
78502
78509
78511
78513
78531
78539
78541
78549
78553
78558
78571
78577
78583
78586
78594
78602
78607
78609
78623
78626
78627
78634
78635
78644
78646
78649
78655
78665
78673
78682
78685
78691
78695
78697
78707
78713
78718
78721
78724
78734
78737
78745
78747
78753
78757
78762
78779
78783
78788
78789
78791
78796
78799
78801
78805
78823
78836
78857
78868
78878
78882
78886
78889
78902
78908
78911
78919
78922
78927
78929
78935
78941
78951
78953
78954
78955
78956
78978
78985
78998
79006
79009
79015
79017
79018
79026
79031
79039
79041
79042
79045
79052
79062
79063
79082
79093
79098
79102
79103
79108
79111
79113
79115
79126
79133
79139
79147
79151
79159
79161
79162
79172
79179
79181
79187
79193
79201
79204
79214
79219
79221
79229
79231
79238
79246
79247
79251
79252
79259
79269
79276
79279
79283
79302
79303
79314
79318
79333
79337
79342
79349
79358
79364
79374
79377
79379
79385
79393
79406
79412
79418
79423
79427
79433
79435
79444
79445
79451
79466
79494
79498
79505
79522
79535
79537
79538
79549
79556
79558
79561
79564
79565
79579
79582
79583
79589
79598
79601
79602
79615
79617
79627
79633
79652
79654
79657
79669
79681
79682
79693
79694
79697
79708
79719
79746
79754
79757
79766
79769
79777
79782
79793
79795
79796
79801
79802
79817
79823
79829
79841
79843
79844
79854
79855
79858
79861
79865
79873
79878
79881
79903
79907
79916
79939
79942
79943
79955
79958
79961
79962
79964
79966
79972
79978
79987
79988
79999
80021
80022
80026
80034
80035
80039
80043
80044
80049
80059
80062
80071
80074
80078
80084
80101
80103
80107
80126
80153
80169
80173
80174
80177
80186
80191
80204
80211
80221
80231
80233
80239
80246
80251
80252
80254
80269
80279
80285
80287
80297
80302
80305
80309
80312
80315
80335
80338
80345
80347
80354
80356
80363
80369
80381
80382
80387
80394
80403
80407
80423
80426
80428
80429
80439
80447
80449
80455
80463
80471
80473
80474
80482
80485
80492
80499
80502
80506
80513
80515
80516
80517
80521
80526
80536
80552
80554
80555
80557
80572
80578
80583
80588
80589
80596
80599
80603
80611
80621
80629
80632
80633
80635
80637
80643
80644
80646
80651
80671
80673
80677
80679
80681
80687
80695
80701
80702
80708
80709
80714
80732
80737
80742
80744
80747
80749
80763
80777
80778
80779
80781
80783
80789
80792
80809
80814
80819
80824
80831
80833
80843
80853
80854
80857
80859
80862
80863
80876
80877
80888
80909
80911
80917
80923
80924
80933
80942
80945
80961
80963
80965
80966
80979
80989
80994
80996
81001
81013
81014
81023
81031
81033
81043
81047
81049
81051
81058
81062
81064
81071
81077
81083
81085
81093
81097
81101
81119
81128
81129
81138
81148
81151
81157
81163
81166
81173
81177
81179
81181
81182
81197
81201
81203
81208
81223
81231
81233
81245
81254
81265
81272
81281
81292
81293
81304
81307
81308
81318
81321
81327
81331
81335
81347
81349
81352
81353
81364
81365
81371
81381
81388
81394
81398
81401
81402
81409
81412
81416
81428
81429
81457
81462
81463
81476
81478
81505
81509
81517
81518
81526
81527
81537
81544
81546
81551
81556
81559
81572
81573
81591
81595
81596
81599
81602
81619
81626
81628
81629
81633
81637
81638
81649
81665
81667
81671
81678
81682
81688
81689
81695
81698
81701
81703
81707
81714
81717
81723
81724
81737
81745
81749
81758
81761
81764
81767
81772
81777
81798
81805
81813
81815
81823
81839
81843
81853
81866
81869
81878
81893
81894
81897
81898
81901
81905
81916
81929
81931
81937
81971
81973
81976
81986
82003
82007
82011
82013
82019
82021
82022
82024
82028
82031
82033
82036
82039
82051
82072
82073
82074
82078
82084
82085
82094
82101
82102
82105
82117
82122
82129
82132
82135
82136
82139
82141
82146
82153
82163
82165
82168
82182
82184
82189
82191
82196
82201
82204
82217
82219
82223
82226
82227
82231
82234
82235
82237
82255
82261
82266
82267
82279
82281
82282
82286
82293
82301
82307
82311
82312
82322
82326
82338
82339
82366
82372
82373
82374
82378
82385
82387
82393
82402
82405
82421
82424
82442
82444
82453
82454
82457
82462
82466
82469
82483
82493
82499
82506
82507
82514
82523
82526
82527
82531
82538
82542
82549
82554
82556
82559
82564
82567
82568
82578
82581
82587
82595
82598
82601
82607
82609
82617
82623
82633
82648
82652
82653
82657
82664
82666
82682
82686
82691
82699
82702
82714
82721
82727
82729
82734
82735
82743
82744
82757
82759
82762
82765
82772
82774
82778
82781
82789
82793
82794
82805
82813
82822
82826
82828
82831
82833
82835
82837
82842
82847
82856
82865
82873
82876
82883
82889
82891
82903
82906
82913
82924
82941
82952
82958
82959
82963
82972
82974
82981
82982
82988
82996
82997
83003
83014
83015
83019
83035
83046
83047
83069
83071
83077
83078
83084
83086
83089
83091
83092
83093
83095
83098
83101
83103
83117
83128
83154
83155
83156
83158
83186
83199
83203
83206
83207
83209
83211
83218
83221
83222
83228
83229
83231
83233
83234
83238
83242
83243
83253
83254
83255
83257
83262
83273
83282
83285
83289
83294
83302
83305
83311
83318
83337
83339
83341
83357
83362
83373
83374
83379
83383
83397
83399
83401
83406
83407
83409
83416
83417
83418
83423
83427
83431
83432
83437
83438
83449
83451
83455
83461
83464
83471
83474
83481
83489
83492
83497
83515
83516
83518
83522
83526
83542
83548
83554
83561
83579
83586
83588
83596
83597
83598
83602
83609
83612
83618
83626
83639
83641
83649
83653
83663
83671
83672
83679
83684
83689
83698
83703
83704
83713
83716
83717
83726
83735
83751
83757
83758
83761
83777
83778
83783
83786
83791
83795
83797
83802
83806
83816
83822
83823
83829
83836
83841
83843
83852
83854
83867
83869
83882
83883
83891
83894
83903
83906
83909
83911
83914
83918
83933
83935
83939
83949
83962
83969
83983
83987
83991
83994
84008
84011
84026
84034
84044
84046
84047
84049
84052
84054
84055
84059
84061
84066
84068
84076
84081
84086
84092
84093
84104
84115
84121
84122
84127
84131
84143
84145
84146
84153
84155
84163
84166
84171
84174
84178
84179
84181
84191
84199
84202
84207
84211
84215
84221
84223
84229
84232
84239
84243
84244
84247
84259
84278
84287
84297
84299
84301
84327
84338
84342
84343
84349
84356
84369
84374
84391
84394
84404
84407
84418
84421
84426
84431
84437
84442
84445
84449
84457
84463
84467
84472
84478
84481
84484
84486
84489
84498
84499
84503
84505
84511
84514
84523
84533
84536
84543
84549
84556
84559
84562
84566
84589
84596
84603
84605
84614
84629
84635
84642
84655
84657
84659
84673
84674
84676
84679
84687
84691
84697
84698
84701
84707
84716
84719
84746
84748
84749
84761
84763
84772
84787
84793
84794
84806
84808
84815
84831
84837
84844
84857
84858
84859
84874
84884
84886
84891
84894
84895
84902
84905
84908
84914
84918
84921
84922
84926
84934
84954
84957
84967
84977
84979
85009
85018
85021
85037
85038
85053
85055
85061
85062
85076
85081
85091
85093
85103
85105
85109
85112
85114
85121
85133
85135
85138
85141
85145
85147
85161
85165
85178
85179
85182
85205
85208
85222
85229
85233
85235
85237
85242
85243
85252
85276
85287
85297
85313
85317
85326
85331
85333
85334
85341
85354
85363
85366
85378
85381
85385
85388
85389
85402
85406
85421
85427
85438
85439
85451
85454
85458
85465
85469
85474
85477
85486
85494
85495
85496
85497
85502
85506
85516
85517
85523
85528
85531
85532
85534
85535
85539
85546
85549
85551
85564
85586
85594
85597
85607
85611
85615
85619
85621
85623
85627
85639
85642
85643
85661
85667
85673
85676
85678
85682
85686
85687
85688
85691
85706
85713
85719
85726
85732
85733
85751
85757
85758
85771
85773
85781
85791
85793
85795
85798
85802
85809
85819
85821
85829
85831
85843
85846
85847
85858
85864
85868
85874
85883
85889
85893
85909
85912
85915
85926
85929
85931
85933
85934
85938
85945
85955
85958
85971
85978
85983
85991
85996
85999
86007
86012
86015
86017
86023
86026
86029
86045
86046
86061
86068
86074
86077
86082
86083
86091
86092
86098
86102
86107
86109
86113
86116
86117
86126
86131
86133
86134
86137
86143
86155
86161
86171
86179
86183
86186
86187
86195
86206
86209
86214
86243
86248
86249
86252
86259
86266
86269
86276
86287
86291
86297
86303
86311
86312
86313
86318
86322
86323
86334
86341
86348
86353
86354
86356
86369
86371
86378
86379
86389
86396
86399
86401
86406
86413
86414
86421
86423
86429
86439
86441
86442
86446
86452
86455
86461
86468
86474
86477
86491
86509
86514
86522
86533
86539
86542
86573
86577
86579
86582
86585
86586
86587
86588
86596
86599
86605
86611
86613
86627
86629
86637
86642
86644
86653
86665
86677
86682
86689
86696
86703
86705
86711
86719
86732
86737
86753
86755
86763
86766
86767
86771
86776
86781
86782
86783
86794
86795
86798
86804
86806
86822
86824
86843
86854
86857
86861
86863
86869
86882
86883
86891
86902
86914
86923
86934
86935
86936
86937
86939
86947
86948
86951
86956
86959
86962
86969
86974
86993
86998
87004
87011
87013
87018
87027
87031
87037
87049
87063
87064
87068
87071
87081
87083
87085
87092
87099
87112
87114
87121
87128
87133
87146
87149
87154
87155
87157
87158
87177
87179
87182
87187
87189
87194
87196
87214
87218
87221
87223
87224
87251
87253
87254
87258
87268
87272
87277
87281
87284
87293
87294
87298
87306
87311
87317
87322
87323
87335
87337
87355
87356
87359
87366
87378
87383
87393
87403
87404
87407
87409
87411
87415
87421
87422
87427
87433
87436
87442
87443
87445
87452
87455
87459
87473
87479
87481
87484
87485
87491
87496
87501
87509
87512
87517
87518
87519
87521
87524
87537
87539
87541
87547
87553
87559
87562
87572
87573
87574
87578
87602
87603
87631
87641
87643
87644
87649
87679
87683
87689
87693
87701
87716
87719
87721
87726
87734
87743
87755
87762
87767
87772
87773
87774
87778
87782
87784
87787
87793
87803
87807
87811
87826
87833
87834
87844
87845
87861
87865
87869
87871
87877
87886
87895
87896
87902
87905
87908
87909
87911
87922
87926
87931
87933
87944
87959
87961
87964
87973
87977
87983
87988
87995
87999
88003
88007
88012
88014
88019
88034
88037
88042
88054
88069
88079
88081
88082
88089
88093
88106
88108
88123
88124
88135
88148
88149
88156
88161
88169
88174
88178
88194
88202
88211
88216
88222
88223
88237
88246
88258
88259
88261
88262
88268
88269
88278
88285
88287
88289
88292
88301
88311
88316
88321
88327
88329
88333
88337
88338
88339
88342
88345
88358
88359
88364
88376
88378
88379
88386
88397
88402
88411
88414
88415
88419
88422
88423
88427
88446
88449
88456
88463
88469
88471
88482
88487
88493
88498
88499
88518
88523
88526
88529
88534
88535
88552
88554
88558
88562
88568
88581
88586
88588
88593
88602
88611
88613
88651
88657
88661
88663
88664
88667
88674
88681
88684
88696
88698
88701
88702
88707
88714
88719
88721
88729
88741
88744
88745
88747
88761
88762
88766
88771
88778
88782
88789
88793
88799
88801
88805
88807
88817
88819
88823
88833
88834
88843
88853
88861
88878
88887
88897
88898
88899
88904
88906
88916
88919
88921
88923
88936
88937
88951
88952
88955
88962
88982
88986
88988
88993
88994
88997
89002
89007
89014
89021
89035
89041
89048
89049
89057
89058
89066
89071
89074
89084
89087
89098
89106
89108
89116
89119
89123
89132
89135
89151
89164
89169
89185
89189
89195
89201
89202
89203
89223
89227
89228
89234
89242
89246
89255
89259
89269
89274
89282
89283
89293
89294
89302
89322
89329
89341
89363
89366
89367
89371
89372
89374
89381
89382
89384
89387
89393
89396
89398
89399
89405
89413
89416
89449
89455
89457
89467
89468
89476
89477
89482
89491
89499
89501
89506
89511
89513
89515
89519
89521
89537
89538
89542
89546
89553
89554
89561
89563
89564
89567
89574
89576
89588
89589
89593
89594
89599
89601
89603
89605
89611
89618
89619
89636
89637
89638
89645
89653
89659
89669
89671
89678
89681
89689
89695
89704
89706
89742
89747
89751
89753
89758
89759
89761
89763
89764
89767
89774
89779
89781
89785
89788
89795
89797
89812
89818
89819
89821
89839
89841
89855
89867
89876
89877
89887
89891
89899
89906
89909
89912
89918
89923
89924
89926
89932
89939
89942
89944
89945
89949
89959
89967
89971
89989
90001
90004
90007
90008
90011
90014
90017
90019
90031
90033
90039
90044
90053
90065
90067
90073
90081
90087
90088
90106
90107
90122
90124
90127
90154
90164
90166
90173
90177
90184
90187
90191
90197
90205
90213
90215
90217
90223
90227
90235
90238
90245
90251
90254
90262
90263
90267
90268
90271
90273
90274
90278
90281
90284
90292
90296
90322
90327
90333
90349
90351
90353
90357
90358
90359
90362
90377
90379
90385
90392
90394
90397
90399
90401
90403
90407
90411
90417
90433
90437
90445
90452
90461
90466
90469
90473
90476
90481
90485
90488
90494
90499
90507
90511
90518
90523
90526
90527
90529
90533
90543
90546
90549
90556
90561
90562
90568
90578
90587
90595
90599
90603
90605
90614
90619
90631
90632
90635
90641
90642
90655
90659
90665
90669
90671
90676
90677
90679
90682
90686
90703
90709
90711
90713
90722
90723
90754
90764
90778
90788
90793
90806
90811
90813
90819
90821
90822
90823
90824
90834
90836
90837
90845
90847
90854
90863
90866
90881
90884
90891
90894
90901
90907
90917
90921
90927
90931
90947
90956
90962
90966
90969
90982
90994
90995
90999
91006
91007
91019
91021
91033
91038
91041
91046
91055
91063
91064
91079
91081
91097
91101
91121
91122
91129
91132
91144
91153
91165
91167
91173
91174
91178
91193
91194
91197
91198
91209
91226
91231
91243
91244
91253
91259
91262
91269
91281
91282
91288
91291
91297
91301
91302
91303
91318
91331
91334
91346
91347
91354
91359
91362
91367
91369
91381
91382
91387
91393
91394
91397
91401
91411
91433
91441
91444
91445
91446
91457
91459
91463
91467
91479
91484
91491
91493
91496
91499
91502
91505
91514
91527
91535
91554
91558
91571
91576
91583
91587
91591
91593
91614
91628
91629
91631
91634
91639
91645
91646
91654
91659
91666
91691
91693
91703
91705
91706
91711
91721
91722
91734
91736
91737
91738
91753
91757
91765
91768
91772
91779
91794
91801
91807
91811
91813
91823
91841
91842
91844
91852
91855
91864
91867
91886
91889
91893
91895
91898
91899
91906
91909
91911
91912
91914
91918
91921
91928
91929
91939
91942
91957
91958
91967
91978
91983
91985
92003
92005
92007
92012
92013
92024
92029
92031
92033
92041
92042
92044
92051
92054
92068
92083
92084
92094
92098
92102
92107
92108
92109
92113
92116
92121
92122
92143
92146
92152
92154
92156
92164
92166
92173
92179
92181
92187
92189
92195
92197
92198
92212
92215
92216
92219
92221
92223
92227
92228
92233
92236
92237
92238
92239
92243
92255
92266
92277
92282
92284
92285
92289
92294
92297
92298
92309
92317
92319
92331
92342
92346
92347
92353
92362
92369
92392
92396
92398
92399
92401
92403
92406
92408
92413
92427
92438
92439
92457
92458
92459
92461
92465
92467
92468
92474
92478
92479
92487
92489
92503
92522
92523
92533
92542
92551
92553
92562
92567
92572
92581
92593
92601
92602
92603
92605
92607
92613
92614
92615
92623
92627
92632
92634
92636
92639
92641
92643
92647
92654
92658
92668
92669
92674
92681
92687
92692
92693
92695
92699
92705
92706
92709
92733
92737
92753
92756
92761
92766
92767
92776
92789
92791
92793
92801
92802
92809
92811
92812
92813
92817
92821
92822
92823
92838
92849
92861
92867
92869
92878
92889
92893
92894
92902
92913
92915
92921
92927
92931
92936
92941
92949
92951
92954
92982
92987
92997
93001
93004
93022
93037
93057
93064
93079
93083
93085
93087
93089
93099
93103
93113
93116
93118
93131
93133
93134
93146
93151
93153
93162
93163
93164
93172
93179
93182
93185
93188
93202
93207
93229
93237
93238
93239
93241
93243
93244
93253
93256
93266
93273
93278
93281
93286
93305
93307
93308
93317
93319
93321
93326
93329
93337
93356
93358
93362
93369
93371
93374
93377
93406
93407
93414
93416
93417
93427
93428
93441
93446
93453
93455
93459
93481
93486
93487
93491
93493
93494
93503
93505
93512
93514
93519
93529
93531
93538
93542
93557
93563
93565
93569
93579
93581
93592
93595
93601
93606
93607
93614
93629
93634
93637
93638
93642
93655
93657
93658
93668
93683
93701
93703
93706
93714
93719
93722
93724
93734
93736
93739
93745
93747
93752
93754
93759
93763
93774
93777
93779
93785
93787
93802
93809
93827
93831
93836
93843
93846
93858
93861
93865
93866
93871
93877
93882
93887
93892
93893
93894
93897
93901
93911
93913
93914
93919
93935
93944
93947
93949
93957
93963
93966
93967
93971
93979
93981
93985
93994
93999
94007
94009
94011
94026
94034
94036
94087
94099
94102
94113
94114
94117
94118
94121
94124
94137
94148
94151
94157
94161
94169
94186
94191
94195
94196
94199
94201
94207
94216
94219
94222
94229
94232
94238
94241
94244
94246
94258
94261
94268
94273
94274
94283
94286
94291
94293
94294
94295
94298
94309
94312
94321
94322
94324
94327
94331
94339
94343
94345
94349
94351
94362
94372
94378
94386
94396
94398
94399
94409
94422
94427
94431
94434
94436
94439
94441
94442
94443
94447
94456
94463
94467
94474
94477
94483
94491
94492
94493
94494
94495
94502
94508
94509
94513
94516
94529
94531
94532
94533
94539
94541
94543
94551
94555
94558
94559
94561
94566
94568
94574
94583
94585
94591
94593
94595
94597
94602
94606
94613
94616
94617
94623
94629
94634
94641
94648
94649
94651
94664
94676
94678
94684
94693
94702
94708
94709
94712
94719
94722
94726
94746
94747
94749
94756
94759
94762
94771
94774
94777
94778
94779
94781
94782
94793
94795
94803
94838
94847
94849
94854
94865
94873
94876
94881
94882
94889
94895
94903
94904
94918
94929
94933
94938
94947
94949
94951
94961
94969
94982
94988
94993
94994
94999
95002
95003
95005
95009
95012
95021
95031
95039
95042
95044
95045
95054
95061
95063
95065
95071
95083
95087
95089
95093
95096
95101
95103
95107
95126
95137
95138
95154
95156
95162
95163
95169
95176
95177
95179
95181
95182
95198
95204
95213
95219
95223
95224
95231
95233
95239
95246
95255
95257
95258
95267
95272
95273
95276
95278
95286
95306
95308
95311
95313
95314
95318
95322
95327
95332
95333
95339
95362
95373
95379
95383
95389
95395
95398
95409
95413
95416
95419
95422
95426
95428
95429
95435
95441
95442
95451
95461
95463
95467
95471
95474
95476
95478
95482
95507
95512
95516
95517
95527
95531
95538
95543
95547
95549
95558
95569
95572
95581
95582
95596
95597
95603
95605
95614
95618
95619
95621
95622
95624
95633
95636
95638
95643
95644
95649
95672
95674
95686
95695
95701
95705
95707
95713
95717
95723
95731
95737
95738
95747
95754
95762
95767
95773
95785
95789
95791
95809
95815
95819
95822
95826
95837
95838
95848
95851
95857
95866
95879
95881
95889
95891
95894
95896
95902
95905
95908
95917
95926
95938
95943
95946
95954
95957
95959
95962
95963
95967
95972
95977
95987
95989
96001
96004
96013
96017
96027
96034
96042
96043
96046
96053
96055
96056
96058
96076
96079
96081
96087
96088
96092
96095
96097
96103
96137
96153
96167
96172
96177
96181
96183
96185
96196
96198
96199
96211
96218
96231
96233
96238
96242
96244
96245
96249
96257
96269
96281
96284
96293
96297
96299
96308
96313
96323
96326
96328
96329
96332
96335
96337
96341
96342
96344
96351
96357
96364
96365
96374
96378
96381
96386
96392
96394
96401
96402
96412
96419
96423
96428
96438
96445
96452
96457
96461
96467
96469
96477
96479
96484
96487
96497
96518
96519
96523
96527
96532
96542
96545
96548
96549
96553
96562
96567
96568
96573
96581
96582
96587
96593
96597
96598
96601
96609
96626
96639
96643
96665
96666
96674
96676
96697
96703
96724
96731
96739
96749
96753
96757
96763
96776
96777
96779
96787
96788
96794
96817
96821
96823
96826
96834
96846
96874
96891
96893
96895
96897
96904
96907
96911
96916
96926
96927
96935
96946
96953
96955
96956
96959
96963
96969
96979
96981
96988
96989
96994
97001
97013
97015
97021
97029
97039
97046
97054
97066
97077
97081
97089
97103
97105
97111
97113
97115
97117
97122
97124
97126
97127
97131
97134
97135
97142
97144
97151
97157
97158
97159
97165
97169
97178
97181
97186
97187
97192
97205
97213
97231
97233
97235
97238
97241
97269
97283
97285
97294
97301
97302
97303
97304
97315
97316
97323
97327
97338
97345
97346
97348
97349
97354
97355
97367
97373
97379
97385
97386
97391
97415
97429
97436
97437
97441
97445
97447
97462
97463
97466
97473
97492
97494
97499
97502
97505
97509
97511
97514
97516
97517
97518
97521
97522
97533
97535
97549
97553
97561
97571
97574
97579
97583
97593
97598
97599
97602
97607
97618
97623
97628
97634
97642
97646
97651
97655
97676
97677
97687
97688
97689
97705
97711
97715
97718
97731
97738
97741
97742
97749
97761
97771
97772
97777
97778
97787
97806
97809
97816
97833
97841
97849
97859
97861
97863
97876
97879
97885
97894
97899
97912
97914
97915
97919
97928
97931
97941
97947
97959
97961
97967
97973
97978
97985
97987
97993
97996
97998
98009
98017
98018
98019
98024
98036
98038
98041
98045
98047
98057
98066
98077
98081
98086
98101
98108
98114
98121
98123
98129
98132
98138
98143
98157
98162
98166
98178
98179
98181
98203
98206
98207
98214
98216
98218
98221
98231
98234
98246
98247
98248
98251
98269
98278
98286
98305
98312
98313
98314
98317
98321
98323
98338
98342
98349
98354
98357
98367
98372
98377
98386
98387
98391
98398
98399
98402
98403
98407
98411
98419
98429
98433
98435
98444
98446
98451
98453
98459
98466
98467
98473
98479
98485
98493
98499
98502
98506
98507
98519
98522
98533
98541
98545
98562
98581
98584
98597
98607
98614
98627
98635
98636
98639
98661
98662
98663
98666
98669
98678
98682
98684
98706
98713
98717
98718
98726
98729
98731
98733
98751
98764
98765
98773
98776
98779
98786
98788
98795
98799
98801
98809
98811
98815
98823
98836
98837
98849
98862
98866
98867
98871
98873
98883
98885
98887
98897
98902
98907
98909
98913
98918
98922
98929
98932
98939
98949
98961
98963
98981
98984
98996
98999
99001
99005
99023
99027
99032
99041
99043
99046
99053
99058
99062
99065
99068
99069
99074
99087
99089
99094
99095
99098
99103
99109
99119
99124
99128
99137
99139
99172
99173
99174
99191
99196
99205
99206
99208
99211
99213
99226
99233
99236
99241
99251
99254
99257
99259
99265
99266
99272
99273
99278
99289
99304
99317
99318
99321
99326
99335
99349
99362
99366
99367
99368
99371
99377
99388
99391
99394
99401
99402
99423
99431
99436
99438
99445
99447
99455
99464
99469
99478
99482
99487
99494
99496
99497
99508
99513
99514
99523
99527
99537
99551
99559
99563
99565
99571
99574
99577
99578
99581
99597
99602
99608
99609
99611
99618
99621
99622
99623
99628
99633
99639
99642
99643
99646
99656
99661
99662
99667
99668
99669
99676
99679
99685
99686
99692
99701
99709
99714
99719
99721
99742
99745
99757
99772
99782
99783
99784
99787
99793
99798
99805
99809
99812
99829
99832
99833
99838
99842
99861
99867
99868
99871
99877
99878
99884
99886
99894
99895
99896
99901
99903
99908
99928
99933
99942
99951
99967
99971
99987
99989
99998
