2 100
2702
3689
4850
5201
6923
7455
7483
7930
11393
14116
14185
14831
14891
16995
17200
18025
18605
21231
21754
26204
28083
28166
28178
29308
31443
32239
33152
33396
34488
35800
37149
37736
38262
40400
40852
41843
41856
42238
42263
42836
42843
43058
45454
45676
47446
49473
51365
51546
52545
52962
54281
54687
54753
54779
55449
56645
56974
57225
59771
62623
63256
63407
64208
65550
66130
66615
67917
68711
69157
69186
70919
72309
75277
75650
78516
78878
79508
80870
83542
84037
84329
84749
85069
86400
87291
87874
87939
88891
90366
90928
91347
93217
93277
93350
93861
94364
94442
94684
94960
98057
