2 100
105
554
951
1774
2112
2925
3189
5549
5677
5785
5982
7924
10653
12107
13460
14290
14567
16100
17210
17294
18516
19076
19348
19443
19495
20088
20845
22505
25609
26505
27215
27229
28400
29675
29756
29899
32163
32271
32528
34215
34986
35433
36037
37782
37857
38496
40000
40170
45165
46338
46821
48218
48386
48436
48644
49083
52555
53372
53499
53866
57944
58363
59928
60653
61744
62474
62988
64655
64931
64996
67806
68296
68331
68552
68807
69419
70343
70966
72907
75063
77749
78065
80616
81901
83674
84067
84354
85295
87846
87956
88584
90814
92467
92573
95388
95518
96243
98098
98160
98727
