2 99
855
2258
2745
5485
6095
6184
7366
8138
9116
9595
10043
10099
11868
12576
12681
13030
14199
14551
14891
15240
15294
17107
18193
18578
18984
19807
20594
20891
21727
21749
23443
23672
25889
26348
28253
28877
30337
30343
30518
30796
32166
33807
33994
35682
36899
37984
39195
39765
40986
41015
41266
42239
43486
44767
46660
48086
49635
49702
49965
49991
50232
50802
51708
52698
53480
54676
56201
56834
57312
58911
59833
61320
61723
61950
62650
62835
63827
64456
65844
66956
68621
70179
70350
71210
73018
74121
75729
76838
79209
82452
83021
85098
85112
86431
88136
88184
91600
96045
99389
