1000
820674098 331358794 371879334648244 313152118807273
524465437 277699460 197407357147458 53374826589175
458279768 72444420 608880623692382 573743111154115
861713193 243910599 330386789508877 335175998405328
296740133 618812710 374535562221120 135577672390040
962559336 827770385 460935130636048 980026062964179
842615513 789028179 213094816867329 991781154363825
414850665 342288339 67528054752833 344517425690397
159124562 295102926 436483072626919 67305155926266
998862681 24289824 923319952739382 75357521196135
364592653 25872762 597844508571865 610127301543421
991248392 761125802 80921270874918 223877095982861
391814443 101871320 600818137431645 25587100879588
84943075 921188037 502615998674920 143144471577608
311480680 122750475 309908101280411 177512039166329
735016698 251786081 473665201994226 368924648731635
732806948 112155862 813289275211095 999131291650856
375179259 458069779 56282840408923 504732496821000
602038110 872508572 424992662537465 542990233229563
509176885 979516685 964846318145752 277895612252451
880266675 93979230 76630154630791 998775263507357
512066197 394987552 528778545740225 961146089462206
566396002 561664703 198595696414121 818929625543511
267682475 882424000 110484573132812 244740651789298
641650762 811964930 751653689638051 610201709352980
9298084 885860606 586852064497744 371061462833787
67267305 263034889 590497228543069 709343375257952
552097104 971935375 622999303657922 371378152745908
768425053 436104791 878333550251102 531255275865699
22701085 190163139 381159111779898 298461275435414
582609766 627226638 24303091960523 945482372431338
299158809 522848397 171830892186159 888380484448699
304853858 713203697 503824696888428 943459120105054
287037172 407716481 191282847655093 160058036931936
389627470 717056610 741006401637542 398680012307914
746021626 703051984 374977216202629 166748914248030
560756427 383168356 542330353642881 403750727719384
577597212 742368077 197129593511668 906830947440175
470857749 365687449 295184089866147 160638868033491
373123559 260519275 295410350348794 782206649120750
676530700 653693763 641923037481554 686523760983205
35166346 985831996 993907176297004 368865191259734
19027758 223222854 505421674017652 184814162595033
855994067 988622450 756311070634945 642625972321473
906153626 544373284 71329380722577 494182206710938
191128881 929184352 373257528305039 622449935512106
505215503 907165439 151577381495247 895279941388209
807922355 746903544 21445194821902 912053659537707
348111849 214644378 497579919946740 25642396107146
706202375 561994446 824277490477651 252682732009470
730238761 307131479 57617215991398 728716013882671
358474363 722819091 550264687974421 905443612723326
872777069 37022008 899733242513453 157380231855434
375898109 83125401 464253413874602 545952991301671
674950899 539680225 734082658584303 15916598174757
891512606 899127509 746036439996682 756301938995217
297507481 788094612 25126964078322 830781602446253
974499850 858704599 37583445384906 926248520549623
856668639 49868595 429748572586781 52335287668074
156412817 847222355 266959191559713 659292935671605
770378466 68682048 74104171281655 587597893917319
678811936 474680475 832558883226342 577265276541637
529561697 407356383 138754544051365 880195017868239
40599239 500431009 609864422325135 49252638484288
718313916 525700561 183188690919662 543906490134957
302559028 87249657 457815102341426 192229618208739
466623727 186725242 737243434178361 515577825623082
563274165 338231251 721375562157959 215407679353734
580977818 397952731 532518643045260 140158843065074
166288441 943804676 117211551087843 25653665963173
939049979 145839512 843245796274318 3166550484302
33169231 831843837 393499450565181 968052142123354
159527665 349758195 111846522437510 73798651202090
441533477 920341457 396060362261291 700746978407263
250216954 504990157 294251135971417 915968475998224
929306760 404677939 82385923438053 252305931073552
261981748 190577322 854929255610767 7967607987498
233527017 287380085 801660933737280 318763483349094
796681055 910798253 603919114190925 938630088468291
464168022 125842313 976032772290227 930435259271421
740783576 580730007 572281184960602 858506095086534
809451132 798475778 651700890236501 579920279218702
791211679 263926988 176331974194206 895733775646652
506635690 197660435 392693298723547 279057143365492
52657489 644195661 484497354914974 89326998818769
684853968 892279181 392349368422302 66470324408489
99146285 768014014 707849191147904 491618723350606
117165947 353861092 776571671790226 119333243140297
717130259 675074912 693845645656332 74143843720479
207675354 481893930 844724407602255 793243222691469
874472575 275825430 510067183364135 355413123043789
784397499 931402770 419990814439435 825521350790225
472560017 659382115 768200185367129 490320160727428
613721997 982806765 788666588580764 572016793516046
233164295 142559594 276305389019592 53508277856014
66388575 998950831 782802995703674 82729868495711
831274815 690295276 471774609293114 895205211653333
89232862 855812330 591046734567098 712072011504511
14433081 110778188 977687601607189 174962761370852
115285338 927904976 630719156692755 987377703747912
237455507 820303757 887879589179489 334554441066726
27868353 363656501 775536911933659 837855215321396
680909451 527890002 854441600204484 616653355368996
996482721 70540681 190317383272202 944312573719391
68704511 929443036 572309515655300 505488171624842
808790057 838289633 288663256942389 647182600907650
898046575 922614798 164744298796936 57438687379361
929493288 826608111 471293215596947 394769261584633
767916024 569147499 703017876872278 67656328551573
165672971 288099588 451387221938427 646656801068732
303667545 429372437 772856752485909 539608410077231
538575842 949331476 605378366911203 573218147959656
77648113 891480271 144364912855691 44462643040731
678040155 725749936 978971142549345 107261496637751
1171390 618347515 494828305071647 331847119788195
254515140 646299660 632152058798380 467086254099971
519141215 941451932 623712990829528 209006209143602
968627980 407103739 918616975326619 857418959864646
481363474 23736148 283460528749915 527371800135633
943688130 423832557 626173066689700 596818233617947
305710262 877441638 706462217089775 816025989899371
276617747 846485751 935027251085533 412241704427325
69999817 328199604 286963754412923 459171812255371
42613455 157392330 178525964844926 579450744425223
607596649 133344449 139441664679046 86285713720156
845351780 49160633 885752431143004 824207370301809
205870678 870832815 514656560376373 430973084307367
555664352 831795639 731592202096110 768349980427800
144380397 992695360 736773744971599 37002522208216
572943090 856540245 720768202362187 125938973317174
192630574 59611608 492457678619964 661040421672953
802770921 818120135 732696961725992 840026421033636
534398646 733483897 122179337137152 41004403983284
825057458 608023007 555760823022302 866406589639646
445530052 236009669 641552898617924 797645339283028
672806877 680593936 548523909967969 37717101657598
499900471 662041343 525713869110604 615822963098307
169679512 44083051 837333232010825 727441953586879
34418318 652583176 670527338221825 623626050648972
277286577 936135844 918787161300683 617885493141371
771349477 609298789 808929471608808 337241957649113
366688919 766112781 914239121743552 117531713789229
589846013 572359735 411067029695271 240284885901942
311941977 591531416 566447508671900 977224128735342
973858100 191094592 940184330418822 587045598854091
649568932 204615897 212349553114487 613687441640827
188011144 702353380 690818149692523 416591100362725
443189448 234491648 603064916325127 726685056769068
404555159 262379813 651036507622876 53196502970220
905199283 120806114 47834303090082 589127444828157
577716897 318617508 509999838268031 417744734440109
536537587 882631409 695000505626432 422264929417224
178936963 312195494 334189537338524 692159369034129
729071799 660992318 928023172064374 340729409969927
446290621 957879564 511126722082073 766882717463459
6020046 830421885 908609879428219 638572818625366
307315564 476170072 494621622197116 815719081502733
986466469 604966143 258224387981606 542061184331503
850039119 523687854 264296805344748 346240102409626
814537036 658856120 688318499241709 955083253546859
955728325 336413903 650765391329583 523810352071349
260347505 630715195 884589022940390 544548439371270
503795916 593644831 565966202648748 803537643980135
800698210 590642360 25568899130568 633507973089178
70491907 587071647 231993534475881 494032850275164
856434190 623395588 926770402630378 632172881167522
894095272 790451954 577041645974285 65624853754333
787354371 347513744 248788781581890 859508322087224
640965786 14828892 366945780209119 768932079631830
180991345 426511727 330542586243174 8186040931606
611176535 63458493 602352111846596 133594844775377
712759588 410305364 888109648352654 791613304593304
650919421 804096921 435899819439171 248235158523896
173225613 792370576 454336940891279 107422679432119
469217100 405944851 313737008285571 380922439585302
386900665 778754071 765366444207840 290670449500174
831408801 467801068 537673702438987 806785427075477
412900183 762692731 863786421356695 896513112280792
307428603 762679943 10270530862848 761043655368064
186857142 567612910 66448775551084 224208190181871
902186490 656011496 813050598128298 653088485706881
913025987 921145156 556015860262836 987876927971022
958567898 987248559 554274315081966 610357412624612
458669070 719402222 871143533183590 799667044417166
206680955 567583008 194516740816404 638091249075345
346277829 897048831 508022610616089 625492177548779
188759643 272569629 228400790695169 756389162688789
858235318 890619177 13695142676226 380171265535296
81655961 286951721 268471651970877 456285835868057
281580368 500886719 770875108392442 600554373879942
430066419 195511911 36270818786541 245118407790823
206800033 316138164 843955871935093 677468774571864
992093895 365089688 935796994155737 541111593598315
644423769 557956506 27901265477003 922793955771633
849246741 272358175 876728757531751 837891069918511
447263173 330056611 876137933445874 823196529889322
978643322 517535999 556906637483932 620456535631838
252120275 443113634 558799599632640 49668181750656
701419574 889751770 93046059264289 383417747707073
435653651 294513162 245737356275885 49462292018443
609968166 915645939 895221930232379 686831903425219
365054643 350429421 691460389000590 615280903280263
678254026 642071852 104180953668305 355105281146992
910867074 348116989 54068242689498 247829135375694
206237759 464002312 289105254758761 139479394538480
195517933 448327565 380138240930407 833255119706715
114430788 955284905 922822063305514 355890344272656
521611780 910037392 9129098526381 789263187382856
198876472 745606866 645990521367514 108990516747065
22469749 410031511 783112104310977 27326622639440
72024345 242248165 779292051310048 323938318555509
522137998 137631446 93822259870042 58898802038604
270801542 773983716 13312230394434 418202080989808
840261694 728567839 106546782090191 743493609461688
752721341 310731635 956773685776551 566045648026228
144482835 941033957 506918343286294 531503639833007
653255580 811346132 227495485663061 261234577550700
310790460 173871673 796173580277957 314501032561641
836027299 632989161 779816997321523 212293202728673
516115592 353200335 538878195504916 305772614639811
664407023 222984245 279616136855495 751038557149694
581349733 179672313 274788876994264 285473715230263
747294528 295570137 674406814308152 57625226197390
628766177 368793002 324688587520136 667441248767455
196809459 996688538 363375561718349 301123592634364
70542507 736604019 375957208074042 919928952882421
54202119 144811481 869407270740075 33210290513746
288326417 541054600 275684952260774 111318089301076
99075099 294762648 663399199369114 899569126850874
782614275 763742395 207314334207265 915198706966647
454407022 56393339 681397797878911 808829462224638
731476237 758716798 272199992940450 787790502343033
890865373 22257348 546284843188833 449400375064970
303917152 322622437 966104194299327 733825534110482
573332199 891980884 557095437105960 816511181625704
75899081 138859680 558964626313136 896450634738847
586475690 929124784 771595399638872 257183141428931
858364599 885306884 184285775595594 492689063518489
881436134 52506873 838896315799066 357746522098020
501105977 614694402 353887965799685 364355405260572
446324985 434998769 81818935459122 215955425157302
736493052 55959086 669913219839477 979945905600737
762394848 902041084 776142273622281 411655629495237
498451280 618074040 555366015827411 495111825069123
279356220 870537755 952189848642724 996545034758457
575025186 745234293 506091941091829 601773470851773
165810761 452797170 3670555695529 270743826626399
957817346 793318358 70531791252048 134836803641705
113533160 405376706 719442968053856 328989630864416
596208926 376059630 606375073593724 945023099455746
399536789 19255151 173599501780911 621723409530119
629755461 428086896 682771243508911 948719355393505
188558192 290212986 730572248511772 36386421897022
953595620 420356014 863282936562623 805294973374466
347746359 128902406 123114722958542 709832071939984
214300427 670925722 587636032590116 958599720792832
557426761 299367383 266322393145739 391089039307367
455809895 370435783 573646409175539 39380323964436
197394852 284732749 498868690543801 948197694188494
887753032 696946023 700170219961827 51247115219993
430812391 225784684 716871840132705 247032784994160
310280348 746374990 573207509133131 278903945868169
322438991 961016279 149535369155878 726889781524630
919675378 454700013 490886800663329 655300529393280
474210493 211498959 788187852056146 866441765587500
455799 323681367 323342188294395 724245264497335
317596590 760104503 323374379519433 178751736166075
609609210 305589566 128685834265360 225410891944330
518300480 476585874 472427698028050 498946352216175
742790891 106354421 147852589336119 520045437417458
79285042 490969603 937256754681940 261131274823954
560906839 431738735 616843197483494 546658756003466
760786916 12368715 25281006834773 306787341380110
864962541 415068222 445558763989043 630420860334477
561263698 116071117 975316019734652 50270725770350
822796283 299698836 887669372210646 102125408186580
163313180 325423500 103147474055632 42408966469852
259780465 457277253 704623864349220 388157372098524
957394304 254327338 866670494800886 607508876924835
194208731 505146561 378311112380180 725179611418045
23798621 733512938 279247497824566 536552950413486
891242858 740825373 817324654307645 799580104430900
94193969 657721262 341104761993845 406532378524550
547842795 851777546 797502256961492 222525252523161
750626587 670142969 951804329604922 614151385003863
362729421 329216220 360029137329329 151328521186792
344516056 868456685 543458102850989 867938457445099
339338782 814824579 164924275055691 653982151079611
508250825 51282765 398965942239890 541093494078636
277017229 377431444 661827052996022 372830724661324
138494442 144850299 858167458589010 431161351664292
286432873 333668416 133914917206699 443224931819383
793033180 285696890 109629866630130 642849900546687
47411104 959527002 326482696746879 956583472075957
670656475 247952620 108647252515608 733714351344007
914906304 173461333 98632737258282 889313735455777
161157063 795163924 981436422987276 477648021773479
816752375 38197314 194704620433217 378228790979958
192114719 207828692 118507074665140 351505016815720
412960278 652613589 700699612106747 300686353552398
626449920 237806255 306483141873045 413788374493430
799675529 71545952 108097266340910 562583723935460
525421865 873261254 623871002026456 738858520816154
668441440 453293014 632149565412690 482521140811922
185427449 603170014 903834737088834 761477648342848
233186888 73360840 253195816023932 245180771399506
343486318 311571544 687359097050170 497401628906353
620518289 39281002 581897086505315 242299073008896
225873702 860673079 620330712308166 448577612851545
222180905 938807182 423347224024157 751834825887509
558312289 443351325 323363405561741 728542092329794
603794846 730960039 850617327498338 760606343108268
123029244 668710220 862056480395733 995036844403478
513852960 326053574 372509867429895 649994167703680
464762743 841108648 136832271399813 691101369776736
907593339 396695455 504797617854595 816589445309674
380530927 632607410 29704218897955 379499112677963
377045024 342036100 202973437426093 609608427542503
975318052 151801998 57255766002134 310323780416416
317883164 407852647 523889665376763 926076153250063
419486323 599885566 448977218504036 624041765422794
437467166 963137499 845066166160003 716316252425119
135908315 24950883 434458915444276 736114842870741
271640692 554749715 45898126614269 310661004207727
571524347 657129154 832907242444877 875411033164393
881320973 871914465 454603011794366 645848310295547
889128721 301883835 113502657967700 8575893453267
502583672 296288695 582341079582653 267576179280477
531073532 402645139 751061517308304 64496444201212
531198946 357465000 878652524304528 174643728591695
336808506 201968682 523071643396584 5004051390063
347404059 265489511 307918081785455 394236346326061
707611369 339211013 630600457766371 830123980552278
698191761 2745414 574613149571631 760139856279024
70846921 51390788 91277833706150 517861412844668
536597074 414079799 483129000521543 701716317979956
697738039 960829100 508384631616505 904971337410635
867994893 129396941 573879430106062 876772030345778
618944563 964477597 791085132127297 730356663474383
824285713 903021114 555839084572793 582921999788229
132944986 616535067 803028338230406 742083876856496
662026316 393645138 270839466457249 281835234607207
656102892 130082761 36846385261677 55214900961851
18154315 633463174 767784418312762 297657298641972
309929926 633293288 373560170007102 231493010168664
780780351 429404137 24284096271836 269270449175270
111986023 525218908 82472498705119 906576816578964
231463670 64614189 579910210277053 56400048819926
795579118 325772454 434539364090326 565032019345432
46842333 196236966 816362020242099 504936102098432
344424217 358020073 886891062001993 927521554031023
3233283 769948997 90753933584950 876986088126974
244277575 173457640 153499678822912 143816066349251
983303704 576984477 491669682473051 710050762571787
519428982 744526854 597157457122145 34629837842271
699870057 139628000 273676333208281 295874954998017
163392068 635483460 476870882855794 913568273671981
496222693 624517089 658222390581766 554058311737690
568203505 149312069 522629357539034 57956440371577
744428058 430636307 346929388892378 340471154800946
672183130 737182284 10294688540895 998549167974187
995462967 174006408 308330819179754 767701209832514
861033471 279096379 98828418122599 686164567668944
307802890 77612786 938899195385453 984013814649318
546033661 729138837 871507039915771 483687857901200
915298307 81106085 357267863666746 721429646470422
962114323 250923900 178782190693055 751218455441464
610164527 990907793 898044821667783 233550172255343
156949920 782801075 365314259422330 519023884250417
997735485 604360011 622282439609642 224046704560683
27584163 318015900 245434594027667 74097602315398
54473083 986675972 665732976775962 584351856579620
311908280 192897850 375290863147536 60476748582113
786696152 205783951 254888360679150 18899798598612
874427680 715169327 415925179746968 161945416424589
753593571 123744607 130292863869084 363367062773335
617326009 41407166 553851040619121 700752230166901
492793033 726758022 473686583534266 291749210055782
699364097 605825737 994906540329091 186616636987682
441017434 54272182 951600093061760 159466886806108
950485783 688905683 392519741364818 996722000550079
496621316 581065026 238689407262659 828877800255539
148784824 38105854 587528711701510 606126022481176
453855445 826062109 110849265351930 50304971983239
438255429 96998157 555058338041958 119167597558422
949250172 981576920 621825567057724 582501725316498
699271866 827164258 109774083590359 903992105755971
553938760 75593383 907227762933310 776207128635181
931119543 18664191 486536207867233 790492467480779
811159334 405998684 467315482655832 770367598828756
882965371 762565256 638114379009193 483317616777336
81513638 66955626 343307688451713 826746175318177
186082787 639745599 425042551966711 149052055154484
908675830 962467554 167708939111501 870817403054159
995581294 573406982 760756797583152 702485166487434
177374692 594078072 49684283637749 126008617753912
856421691 62743903 641948841824476 761638383588261
798250975 46796158 310283466944079 35901366244439
921785096 92071278 884307759954465 646120945091918
632424949 231566054 738210500030160 978899717099077
480756531 415602421 620382131243717 702381227742705
511298006 425487683 323031097516944 376240541787967
931608764 339021654 833544208900398 85126954729111
469417935 394470344 822385359724869 127995124334365
667948865 82702739 90199255728740 919636683837420
799852238 153768263 270641564997445 199518718484827
423258367 463058000 243077328650765 380447831300666
733023332 473672242 798600399058824 699368279403795
671183575 241024462 861343286356591 645602203407723
41633469 836544669 486548700667555 97025313307904
358701125 761400305 986167465698417 227589540088074
780991144 929944632 74164912110541 491224159833979
17037161 839093818 629830762749849 465925812892737
869348757 309794904 494756787681501 611762823229057
179844353 48894413 814895826041358 88974287369691
290861456 649389038 276536350057033 59058294413226
332698220 170790763 117687513163926 83701515056194
367647050 445985165 163508631965479 638529054942258
212770729 55832440 874000845741720 211080213185922
623301648 62750568 777127719045422 236053298688243
513350484 563085813 277894886405658 975731544201027
648132561 664961873 869115026224309 893668383082088
614323886 706837126 193783637268419 585386540226258
701538076 451546810 184478290442418 217794579251371
892775829 711356012 577364722868953 487214153029912
755055390 968525494 263604802807483 725876717430
821060231 782073994 33003012134211 982201530843807
573261735 340908535 935845648114440 454228202366501
640528034 692958052 136419507958664 702551181750163
352347941 882943185 844076147395694 645753274471345
480298918 861308186 736438124196045 835914119977918
237343910 128189237 998017576395876 222072118033077
314329072 246047600 38713109616345 266528229001866
620968409 583346358 706401995831040 464632687210860
35540608 222901193 46634248171028 783713390096131
207871757 993084550 991197586080506 400175057736112
206376179 611691814 497620191012226 585788836598737
224272687 484503417 612476387762599 255974144844028
292168584 605795882 46465397848779 79383196746560
546210767 230921216 609231104110334 645757464934505
674040094 975225112 449033299976758 352735310737211
3584794 905157677 381643514458518 437881304100020
139334451 465161683 835492204408489 916516696381771
51749857 309906869 671528642331300 53203634189877
158413798 682265564 140435769784745 357361104157340
518377872 138488296 339737138017793 178637725784296
273214453 30806 185479064832863 742916589120504
490272822 897047994 355197590782497 445909767048295
321179326 26995204 494692514824847 85898404990409
552121986 264264637 208441186363420 911059859268589
207364673 765591880 557676138101922 484415263780890
710899139 334149667 826594026822568 150758398490195
140944668 833929765 237906246385053 491310344551061
250621927 164794047 796274299644699 660590617544214
453018764 514235453 355165427095591 248025929471109
17290620 483511044 145535795963757 917466961291598
123379825 336432851 802002320741766 458205894184149
866283441 289341444 37535247043635 733358792683959
246806858 208932041 304774201941408 470062802207246
932389972 947768433 476549533362084 436653957928107
798175796 948888738 107485276724989 252343266576988
715766229 112860830 41394704302742 845957239477029
344616174 799563392 910518736254659 380084275075976
788531009 900927614 176968220969089 746893782131135
128845271 47430694 120915415652536 339944507323134
906865222 824813474 140590438870906 754953233469620
733774317 194934006 316240394614595 421668461739464
215909172 835276606 76014398038072 380296284173277
249263311 888080883 176457243831146 563652625596560
880763641 138932772 834153996475922 444279701113526
441500347 967609791 727930189454548 384715085348769
652109092 516200647 2753582198526 141090713299034
838417551 400272028 72135072524743 408651282966245
110232034 906441016 54384506373010 556432333872002
294064075 295860334 501197749440298 587017355588071
192443395 618162475 877053018791686 366898307749513
471197836 299909303 162379461660804 393188712797138
965271797 543948274 771029950496559 637405145405289
534351250 516551833 788351447851002 791056762986351
122698438 810078336 933310813865092 450918720065470
553302586 740670166 132918368142931 805207668109098
809400869 709513574 128167093639707 881456987409601
107354244 813468114 82921380514550 286180573170956
241920608 475917016 507198985362860 102727085465422
721949965 315723663 236343413152746 679515934153409
767325030 221529256 778535428441996 61578201383902
815231764 17025967 231373068826068 822121392650643
607287238 71342152 303504295989938 242049697565324
869869688 177831284 349853760048124 121019919774316
499833518 489102540 425898153059508 820002567700242
886750135 571050946 62587462922311 731557351693783
481342956 477575396 18458447476170 491313126215884
813462512 855161626 5555609434941 380375016705022
422143471 88237797 29338075658441 656274118982324
179319008 963773344 996437937927171 764273794542764
247572421 707498688 47432629879593 208785867500387
772260072 947139861 359006919489633 251980990953292
447853854 261840905 471481072235774 671090529938709
617798917 84391133 781971138864316 970491878544103
270275654 825751024 407292821266689 96766799220132
41197781 705402873 246486289841180 992194488303145
33383470 940944714 888654471263368 588260635592331
383260824 895616269 818904147365927 203419047884635
174268515 103706760 23780959444872 838520030094564
951149867 770308698 552479500970275 187828242293865
860857108 309817277 464985876561049 184087505629546
813353997 601387460 980818186399222 391326374066909
170427151 40007324 465739338021105 217853299398774
10980189 419390668 201469434694696 516882776254433
245985220 210606198 400283055438950 390676383191556
340814809 833339542 301304393998303 452546490333248
639264063 653632063 672349789540720 499700406192559
206321888 951649763 40526536580065 691867540848740
584532017 40651401 830010274106660 503219896600240
675525744 345996054 649856917352853 468171581736025
535423975 639509895 127216092952377 37334999192546
735542056 41439795 113962203429121 435099404836807
171704400 613469962 35124050424326 852767330592703
321942086 871423706 363239442553036 357815440846330
745453050 227823750 769519845319297 652509696609379
607467944 662976079 224490369527356 520467132117469
917164564 987998989 743874767132736 699111799588743
328771534 330607476 30066245514552 720723863666170
88878189 716948818 491839578944890 614274158822023
623845845 590187725 350950109851718 219280933723259
20638579 989137830 863234036422406 333138553254492
447830397 363068538 858828413718669 528229264553770
164993076 230862333 630978223127642 646573914505121
386593059 995503679 864378285514196 532892129345396
955473503 50880489 510829661646732 283238601830033
549872582 782802302 291531401731712 5267383080545
837682242 226121372 370076047551828 254958964377349
189473029 342437690 740394507779992 992953131463836
790470348 551430378 244280926752007 707501934279802
561061662 635376149 340580598758596 455695152042608
575742860 78088003 948927587690652 989650555999752
952020208 863240786 686151935346760 364543070949320
472111792 967449020 754562370765994 681408549738092
776032761 826127828 939119378346764 672352544431149
803652358 976530950 622043836577894 911598581933054
944363096 381567003 7581757953175 9349885222603
555644925 566982516 569528955393448 507799668699322
376914123 634080845 246763274334990 58704452902507
730907043 133817593 680857593942247 203421705740858
105201840 306994473 19213903113017 455061104372089
465405095 797386023 129085789972791 62168926075320
225405959 886451477 712888265791613 171761494867455
511627864 361847344 619418245763153 379067243019280
921240941 991263248 938386613566690 461234377339303
349218979 226854887 498475952312970 416151444511163
614538273 614698431 979232541157646 744312476785084
661444632 382938047 944791112761050 778199561164500
350377987 848428388 717684070114374 175358473532200
711073765 558148809 941340958641878 612449896346390
865344911 931859937 167957534545011 12340252134007
678251993 291307961 922404492644021 891488560632283
778924517 852545977 477974381225498 669225478120401
278261345 538070241 898706118067533 601837144089118
916489411 965551886 892959121552482 265810063237891
389808268 944062004 338151010966550 342695741965945
757741704 889652642 855929654046993 169721381417845
488007690 568234307 664204763334437 935862442900774
6191666 373363929 4971927702669 192799433289780
922802984 39368514 915820245888305 725356926175233
355564383 652703157 975823676693982 949653803469801
441032917 949898499 140600834903952 529230966543491
150048847 655853784 315796399753898 586837743188191
638001311 735028985 402921756308026 188646488581063
799834080 305829508 219744067284791 401055337517312
513760437 851657013 12912446636996 270285855421064
148336015 897677469 219904302057068 963652825742807
896852454 323014507 800029752673637 645655772061983
924380540 145306277 598370430013903 488941968547982
866351007 666069741 863026668614388 96909899619209
887251046 919600062 363826414338439 53014185327088
37927920 946210989 514407954393831 242690562277726
365138858 163764394 804032791321691 690864397406824
321196935 765568830 748323467662932 804417032228315
846939463 102395341 492569434122160 316087356776959
865002419 122859219 541041230631155 799273633087448
327112668 486087976 120268776001421 153387109628001
5573729 737543998 558287156973849 527364392141265
652044967 879688799 739550654697113 826002244068568
898128928 778249201 776504196747197 277013944766944
745793927 937517747 757766985209371 590333884915278
920794656 530446335 463060083880053 860989596789183
470188794 4365064 790220938720760 197695742094157
872887342 257066011 291508436101497 847120435324618
700760607 757182431 418794429580471 165669055728130
242384057 133916822 535721548327838 168395395445242
332604595 698298716 24767505024896 369072807647285
682805967 262227300 340540365965915 963017173280747
548824343 397141312 799905694816791 466515554204497
892935199 382188056 70820630029255 503615715967190
328175175 261853423 46353296987877 431441813506145
920791288 267903458 794626428553367 311335487518870
538045923 493349226 811277139033838 112500637527056
862556231 964157847 332496112247844 836621260813989
528592426 612646740 396975753290203 311294121530023
945555868 973374376 242499422839906 172752680479
18671097 237300976 734286315357681 59444845449234
687521573 577824296 138698252640745 289905563397566
540153551 160700449 78262093959190 617427700991963
292004272 902343881 607276089198575 253654789634011
35652299 755545192 863525362396114 51246249547052
899310252 719533791 595385525845066 932896081967730
692536491 146304744 352343098422091 619102252741327
286176808 407213915 803602754373489 855707696697117
894264270 148827749 63382375454535 138183444112177
428766930 749257936 318437833047163 820250634349335
291390514 738643263 603546739623724 109874714105946
888919031 230388080 933989473771807 820437419181882
116343413 271116666 809000911051010 715420618775541
641112456 578632974 177637372646833 959951300478977
444022231 472996024 247966361366895 30397202593613
108366354 538318621 873948222045482 719319789610373
802281013 202901564 49414954544057 999938162776909
773934277 115136687 132570274243871 293088306942850
409289231 447950056 192009015722439 860853495482494
589940077 958665334 48000772910535 723167200192851
273814146 997203775 275473518490655 423450317207308
358099067 867748037 730465306931705 719556238608881
361942350 150130020 82874873344488 284176169369281
222881532 706626959 942805140369194 672931863333879
71356112 225034008 153954284126440 184129791557383
800151710 103267942 951847429107059 879496761942431
282273287 172110270 480042911212934 967199608850152
773801394 835373692 67110211872648 609346529050821
377348754 66067545 390223574977224 598155176819985
931067172 851213988 718134855037633 120480138955490
474725039 686501771 726310188034646 240631982311370
841525379 55007569 556393475581716 587355998156050
4149564 908318615 901129018373236 517698575070462
195709951 851366037 723341506184983 452641496592398
594006457 707913311 320390218709002 60417402774072
230191717 881853474 176901583595522 973067631824945
856008260 283037029 332544808454815 245397264082083
456707875 584600907 323464995854762 829418857510261
28550042 80961485 640685998829656 936640918909192
584280138 827214594 998128563195526 350110598181750
476356892 69369945 631240546501628 794873408340947
933936774 95881691 633895204078509 532277033728366
565796550 124487531 286807854505715 307378938759438
618615078 115156487 92623502059732 328021423176246
285828920 570706694 241051314864449 903692012831843
993268762 733604697 660758126872659 509054408954954
144575409 587238604 912000063961487 368164740806941
483905007 691040067 20357183237921 448101945719237
486488590 356713471 817762045922593 624564429558310
82981843 293496025 524223438492882 700197904357471
330390734 617100675 905595710136288 602394427673097
884664727 162504396 480242510152607 711715074539893
840424208 214025690 964056616049745 180870605017840
934017447 799714671 855490039742558 666879511548417
560860306 309030694 798599286234010 883426319236775
367803666 415522484 210621778932356 137372035914396
633690034 268176681 111204509371779 28370698282646
186297224 418885678 634144321670185 486699033249667
272222064 466610503 334420155211890 137805062263754
545106773 547499280 476412901192195 636880006891662
590680426 257866881 769036525332845 157513098372844
959066474 748758060 711018931446632 439411515308345
175179741 507380603 447628319149082 883539415810118
715824468 100775412 781461477778000 455877636786334
155093930 266398839 970137099117249 253649511376836
517818690 643079803 423058200910672 588161081942392
453105229 18974550 47635966486088 26133779363056
568379395 384349044 167577592761759 793570130891296
509962214 149445021 778984756876853 97790612289268
638347012 986722353 962442300093204 10955948471443
138334004 945920108 362058898743471 41545305005212
289713749 393230244 994713338783780 847064413623913
250198420 416968840 158827924245116 173639114284112
689696932 431397472 513052867515368 323394001330398
453612805 265447505 689285340862211 184671476177948
722874175 120771736 51881592328212 826407214383308
715129382 715209164 507743230767178 166836004690347
706953749 793434653 629355521986816 595694675185326
281179189 148606105 454787603156728 316997284024902
536481717 771884132 33100661050786 974735252289182
391278352 716875772 436316455805524 530616932674265
148286284 893765757 847066108487568 421154933792854
447384375 136573144 816467590428739 899562826651630
988691114 333076251 460210072720130 582859275228978
172942279 772448686 98461978027340 711525059478959
650863165 92221586 839574734552780 774670744400427
171718272 239315617 317801692376214 465283369779175
64279827 789835987 970716531178599 892836748557276
213664191 805635445 856195106973672 533894365747712
227272411 644109169 782446231463913 138795367701120
951438468 828151690 206136527941543 140496445855493
515369443 944589214 192281642881032 716359830763505
652203628 148295140 544968274182875 152016231125409
147017499 336516654 123858384854554 675767956941226
898037174 230394150 78424113131305 17874647016477
35289615 926435217 586557923425814 81926250076356
893869889 485593489 25573405128921 905109378306149
779161328 276377052 330891166500499 15427845433852
440775307 937136904 28571962475216 950617343666178
836518027 849218241 135547767955654 108710261188010
790588339 246959374 872163745920662 716310877238304
327782479 566269841 669731913134216 880583176363978
426455415 280667845 6143524465744 965786968251785
843243595 23682880 393074192956493 653273032597494
84993846 130620144 462937402757830 674089081115815
825806124 515067488 193939750196525 420672771017065
846584045 974937073 584248820750174 563349302098309
614605378 448879907 843221094203102 43133765632764
672804157 134190539 927298146487837 761903393702861
839518587 466072412 418311449499574 150624703422252
378369890 914015776 659153967061420 797904985156298
846403429 323454590 647566815576237 583229636215825
212820285 382449715 799040313758544 282196531400038
976955183 628056986 177077747713368 226039978120039
529010506 966165222 47236906939120 478326830111277
361238695 515610981 699404413895662 312705816613513
96052393 868224700 734539825035026 684493335099207
608168509 173980719 655848517866821 160009076757103
357593368 844655063 549228359814364 382311635544705
850215677 873089515 810833239143637 115185796274102
205057782 889673722 820798605342743 64206371881284
764037272 728440877 167183518410931 63438855324312
463141697 430684295 144007225637670 636269601880218
537859419 755289638 322939185097110 335306663032558
373179800 972534913 972249675792147 949362360247600
984373813 207287465 656733885336277 279702918366260
200461369 900059786 137811443104642 62668530670413
309034165 736390185 244575387017830 284219411647877
646049283 727255781 242052916436666 665651457496799
651589896 895341239 860603799318751 682553645445530
83804787 524023156 326924952352162 832589334848366
585985534 231128583 46497815562616 948109940470478
710291882 963904441 153410456982464 58138413564965
305159428 145636203 705139771783686 740358042132251
829907556 368464088 139483125562171 597573880830928
923187754 637759446 612004333433599 516926852642845
200432129 562092435 293710874264794 210700815701207
467380766 647264729 566447482924924 383505458649869
707840128 362657868 139062372698114 926643339397447
743551023 979296680 866666022296881 696695651969223
846537854 324047109 788905208742586 754352475744969
67603018 60181781 819787364418679 242339134418372
716251962 786280802 739626523673002 826896916621991
168741631 699937170 889209978466370 725961391245855
420980371 742229668 692369357359126 289415209984462
642593147 825249842 596965002565161 944173015800210
905637127 190720943 701693826594791 825233153833158
843378575 34330024 376814160576100 83337150798713
599609781 542366981 370083079944609 932142094241722
160221095 721182278 205671500639176 548654220761806
467121243 102789831 700051438773357 41203255420533
861493458 86563838 823828521763788 595913074923050
261069655 659548346 544403451274767 299798462858337
103913151 108334179 268699159852679 250700973795273
223579561 447905854 276965697104624 145637139177610
708842429 885286568 659133965018799 914146854825349
388856046 833214552 218033624925717 411693448432024
553584314 472555935 780971132948890 153077357080793
571220838 526235560 6719100115236 217978932088280
247229252 160593850 4498558187328 851996897234655
264032238 823984755 372688017177701 260875361723187
330900362 1188620 862792774222390 515093858508882
676771845 82973849 929560422344382 861455665745716
251141210 119644488 879809185558451 861363055501707
251784138 599323038 547948507747765 417890324123397
837147939 295822271 198672211195789 698877816396422
30364668 512478885 685111779620209 77116068773745
717036020 616691557 145314386670652 371763603916510
581270519 367607407 334649966561464 956888079697122
27602811 704117964 56249900911317 731578944732620
399248828 765309280 659277568610544 791459607835491
748289286 656725031 890783433888527 868567020526123
808938985 41430905 608647513683489 646005745989279
768475780 443851591 827289404866369 821105405305461
42309052 932355165 226358816288497 747197904042463
385130627 110648224 329461910996065 627952636244166
293965587 938282319 935007183480999 320267985899535
77566002 817711172 196178882216453 464079061146327
439133806 905032498 864819317813032 815346614590392
323902304 199738342 882993617791588 398944206805508
400708842 805286023 200745068401915 682307481073414
234378874 238391511 434766817438293 135256504791878
90229319 685591921 368282954128199 646819689929667
111123088 789106955 119522208289102 881975192231736
413935330 739524531 813736178522578 5940309347161
924313424 112739860 673016536922469 220846164816405
115454394 865241264 930180650493699 280832381957843
957514505 679887652 790263558074194 410455397073847
341965934 580791145 618308462395361 523533011314395
74085544 442808078 855260011993706 765557412992920
469852477 420510849 579569837568017 697094675948477
927416253 657837125 975265760093348 428890793002196
614722307 832655419 632952161466842 972133671525729
266719349 531349211 624881602110102 323680631479844
427268929 836213369 118517306523172 301149113897811
672229792 596262530 652253495884664 662126351473123
497490453 68009150 108950834390131 55570720308414
520421548 60298381 266637939265823 391682446948876
281091133 618949164 270888232714992 772879647977580
525694376 337956847 677945109669890 593007524541497
795205911 911126918 62787431990879 856853470448839
322817857 547577146 368844541071160 828747130214820
478198947 101807918 588620588866089 964296924569562
163526342 131904160 680657311565943 375236297817897
931680638 98526503 129504254382163 747093196132175
58311207 650212340 891583945109525 346961254556993
857333480 964574995 709189240670595 369049219973233
899523057 581004968 829816251032842 54641596604423
33422014 898332212 982228328881409 500626467389482
135512403 814899152 187016733012203 221667795681078
990929791 918872942 858717883400370 60614035385093
342813211 345528861 192095328514030 481572702107176
409481802 224464707 236169410507038 70169177298221
708750008 353516002 589134031993068 723140387324888
327496925 486487509 938518969457003 458143781483115
207831609 567582482 684860137325913 19865177348832
132919703 545893607 895076093999967 892850895486507
396879436 294977854 559984706165070 396370836375930
734688630 255537627 136912929167201 629707395408758
167878463 817961882 500120989477759 714691494633858
964069913 343232947 166045394162807 391788264957176
362828288 682376440 265468169653571 410538551386225
608072125 278918931 240536554727496 610424981964027
736514080 791886794 985972550652562 489213891303266
575007555 827570237 444796532621082 240783476190569
701977547 750259748 499088070113793 524346332140304
868227623 957235475 470990806934484 350365135034317
975764433 377376183 22263400780999 684013510198229
55431818 635666711 901454897047548 824548899665234
712057759 961782741 127732831153851 376972953003435
660485416 908989805 997261885852601 677358905546433
306724165 352888691 225763788748371 369393330481198
348094305 826420950 516474608723409 485779137320069
335560561 20894497 373457110082725 371191240496791
778940723 225360310 136955367541675 29402913191594
703766385 593037587 741979452646761 768221222125505
883684669 860482062 65411545479502 804217607101657
756172084 117557530 664801369882356 161717217025575
541821629 881293698 465580567951711 946031339398748
424563017 871938219 285910812523069 172051845742563
91787666 833058644 321575189613861 942182671342111
938897630 912401110 532589678660314 340019229486767
248923194 520021605 730734914884743 445389775883948
253119937 58778703 117807101523715 991465920583655
263300052 661876537 811818979390988 510300141834797
598840416 646974311 843025167318925 840432201135236
582419485 650583027 70087006144217 532336284062317
199541708 100683282 151727387920367 183569183617314
242976630 858078804 185930027250358 499605134427351
39996849 985767394 75300221926976 590150781851130
991656667 975502784 498682605708296 755732985695860
497058910 452644874 115209247343413 510393577582311
911502317 291304248 395102959397847 617795570559983
111169219 221694812 656857849680423 321271159632740
518620904 115793760 375437827287496 965490874947988
850174573 430183498 353639856466186 989653767499402
739052716 378927225 692531236451363 807989214968652
742199691 595545319 786311529787510 534314957891350
178493111 247969382 603442610372558 282328197072033
466206955 844401893 57707167163297 524701071918944
490378536 476458666 118441031895118 915630907957439
94618620 972115352 870859602819169 623782466618724
703438013 352006760 809333272065996 11327840770672
250719949 66101744 623741723412269 331129360763580
333250261 489644641 527596106960653 933703332463646
453788683 252629634 847136668775196 643343968394403
331245422 693266680 24370186866040 372479165521876
131644166 726629248 832867690336740 706094960854003
342932775 58761776 985177628662035 337369188157
35568556 188900027 884286855353308 744915126646055
678807869 414435756 832704044050052 454667474686882
80114827 203000743 395278539549690 58672803280984
397969809 708672685 449189366456595 858596094838254
414102226 820313942 202744615712724 745522182820162
900571807 683372054 21282808500902 846834344947373
24397904 645747834 569254679537569 934691522242368
177031047 356698218 449170912512963 68673400821256
16130418 523041126 42986203014712 623958178901323
822618120 281957323 580926889118609 236601329017801
324346696 290598925 29132900991246 46614080768510
738988671 369405948 935390140786647 310227252791132
861760384 705551873 214422341832764 401181049094035
106665963 381591647 953065033135354 942063819579339
52468328 731983476 156431064538742 902142446441446
747295723 903406583 868344384810497 181203427681216
18044655 56854585 73920945869076 66591826344048
403262653 896500070 115798732020883 666942364682630
661676708 653463491 743411131600908 973498551136845
860750144 454291183 466937665519862 830856863723272
967899572 274732323 968356173245940 888067602924086
714766065 636963956 939332515084818 560945294115279
849385711 423718414 840148805537796 673870105693318
445726705 232815480 708821366173035 740940384904967
141196227 978056660 571214753027601 651766189015352
949842685 342863133 240906291130153 619573591761785
202672190 339736424 525915571651218 293994909352933
341955955 401537061 117322562923027 805537590690705
496490255 615226206 218779949556382 517883031688138
116652370 905366772 993021668181902 901039051948888
652174213 637030375 196110644704746 838375546205119
812078394 634624396 428569814669218 698868108883578
450065293 20221654 116699848480462 85845643858496
721992807 414842255 579439737223412 198709476307009
522671031 891256733 889596552274497 449516264730984
691476153 984335424 893484614451404 193413910703000
313882417 809770320 918140070600663 423774806757103
164834990 688733312 368051703980815 158591645135624
298522569 848209056 39179223083465 383486468656178
563098981 695113428 739612489783877 90638077741244
799432686 960822239 707900024935661 307374692439595
765599900 291659101 819638339047316 108370698948223
105273519 836380930 587135422224568 37976565501300
821784242 426781149 267851976786625 265549814017468
952167865 466244505 822536519563074 446797069086279
432347300 496762296 5911973556789 75440744988540
781227868 289588440 571292867470657 927405263140991
662029843 223641584 573411813475061 928113450890347
359570054 228685713 76461649097227 527224622028695
310393660 906962726 338825076975784 260634302954707
290520773 145623094 796502617911192 454558573873833
413528317 870082463 321162577333652 766295453315230
822185032 195958490 591820468836989 237376817958000
751280341 234233660 685443333749407 212801999042391
716369886 330863408 116501344633329 769132499843909
116075236 492531071 377420490833746 50029128511528
919727348 617234570 290292858318795 879554558394661
624021990 768909708 670416647494096 459063181908444
713181594 481408474 289317587800192 259301570444200
548433211 505736228 728318882602723 965125406636766
692595326 499334579 336966062332713 827778765317130
372474081 232694699 39336573247983 68127915608375
253660398 816313416 326948741511546 921638586988325
65416567 520224290 534288365935867 327552797201042
608188121 266677098 758009772044235 427634850061684
447232059 31252780 418237708900526 437064470832187
138778317 408387213 46521547965714 108142518850321
930220811 697129997 703326474261582 504007647818523
487617530 471445187 522287349377765 163686210031542
117267047 259275685 273811978218946 895074873426876
209800237 391959231 603915835663739 871999039532735
1358701 323151480 600356686596497 828901866000970
883534292 440445651 656923800613803 477100985603877
190294490 404485289 409556829371104 367141376211599
665585151 812580081 484780877493995 458223790580611
421928975 883207161 415226995813238 251363284951030
450734684 48119979 710710066338642 618609536322068
811133704 369327051 243193441649594 390253763155336
866676026 519266614 361872216276886 160802124383410
796665445 52977442 526964960907955 710915423241712
7115654 335869794 739611479710989 151690209671384
517241444 377359009 807257782302214 445442457230201
963254992 806113699 270023366127534 301036477800351
442868196 662478473 642782866407931 487159846184974
958311750 737776651 524021304106512 979241838177732
615989347 960357053 599668354754935 594984284523833
354562486 409493068 647382146703720 828273565449119
922132480 7661760 212957933118978 813790153057315
132157327 850003386 447910542880143 532328520052012
257047417 530629557 65022739701698 226883042780569
811894495 495493446 718027857254649 297814886390277
627130925 163171932 108642267370876 47101258109444
432704086 131683202 74160790848702 994244381701477
529284634 706695451 553870480032921 360457606584687
811496769 552077987 461204451443860 703406704293414
881783262 393971186 295894934524190 122537606710148
950006158 66777721 661441990002385 151107913481922
533433017 650940548 493274022718897 895686096541582
127750093 595204216 433774247967853 966512580986196
583232136 639671316 820039062176666 449673365587064
27906348 579369393 493392381198589 557446394264471
798336970 107029380 222533399534271 703291184826571
242003322 703149272 807291589362360 884464169105126
939609502 298689879 506661154996646 187570378742451
895909668 862608448 9486831774324 328243317250105
828734403 156721583 132625842107766 402640141897721
860448058 524022233 142143522603945 363361998320685
408833685 802816079 484723595643381 610275059189257
869327722 432474424 911771196728428 338411371903740
773071126 363400857 330999852142986 96511616289261
41411586 233358222 468717977916788 853917492797567
170994913 903306639 658581288158523 992528099835983
268525553 258801582 909753430489624 724110485881907
974575159 8169429 517685245881519 933501471624570
920837829 545352714 13274369030222 839774461450544
591910390 833869741 25814501754412 282224966548824
451937966 76063926 69106697609388 372033507298866
554379675 383176953 363009542270617 115410563558260
487378040 732613987 974878893971050 900890278589843
386580295 887952188 60069978950013 84603308272377
79795092 970741092 78164981249884 618137986903373
530217910 838864791 236508328519933 732290901290672
492130319 150157227 435198266344443 293813024868092
17566281 596776143 427844188370400 689116029710597
512839832 577338060 94549151123293 398779267968985
149295356 512137029 437383987304333 298412924361729
949721725 397768440 203254025273143 410296950593728
897071727 649031931 677908094065675 128376206504272
698930094 385560578 509555464455138 774827743878698
679912416 420357013 380444302073855 999774157238844
409916088 301912412 281169810026578 101235786641458
