1000
733002177 450640701 191037558175486 716632509713228
159499831 848757132 281634923457868 73913447998963
466884466 991833183 982936532024962 732864569377919
783824381 912917088 889484209657760 469163955333528
364734880 497624841 682483664283267 647026141164882
829674139 948471256 886791885445919 368386318526572
989381863 897766297 895594441953476 100353691488141
416815993 266465186 648217750134618 144723161929351
298087808 181370127 758568517309607 923913976480662
766693796 760378380 508816637072773 642658995362463
708178759 106805001 170092744714030 489278605912179
703272901 950316036 849716643799154 678582271800843
584114613 679036869 215752742257405 985653032264651
918866471 237360923 75861358345364 596853679271105
174797285 644085793 225432136061014 215758603178468
15284916 945211261 103462122760188 234148330401111
921452690 830753693 701791453236506 765008496045477
941881591 735477242 5201088989790 880847470557444
661494806 566495830 222560962868430 845957886212244
135870490 275843071 581335816297740 626465418136479
371748971 900016908 8637803489427 498385067467480
74540776 600535452 958486555775736 131805989503902
60862765 493274396 690769809938219 225466761999159
561999308 680240511 601535429329077 40624252242455
511319957 214754949 117336118568186 688315770335000
399127759 497527542 431718434374774 15390701107905
620151934 351887846 493124770337793 272739663430274
626897821 565329904 937500933058061 248583680084979
561733219 988126333 97975374867428 765467845093402
596929920 262802172 425057947641580 935363085645475
367426398 726096937 513770462732772 942984492667175
921410914 564926280 26069727648294 825490353380968
325399338 483656040 505736035631333 880194507918737
837114830 316081826 762445014146158 166318281832823
495073568 523098456 636809869054312 164661268771804
467615982 146037112 40455895716886 120300077070505
272288828 66510265 27724216500625 557135415576880
606221965 353859291 327626334494992 607409547194226
837676825 922284776 238495002627361 714195935816020
231544341 163778679 350605846955247 737805754579945
503962096 429918693 950506412369276 199712217296557
566321297 639408795 66067232492261 866766723722950
494644892 657521741 343127888173475 691249440610883
734821548 183194167 244122217623494 123283668333406
669273240 670077536 693637928582713 457664222477244
190621359 599783640 438798964525571 827100532045737
530634493 156535035 896450898810242 48344747497821
982954630 85940909 150661840597423 542412170007611
691996808 503814557 116487992309598 468231561844751
925794235 482214532 618506899023996 797976553452621
380538257 571363941 330742762404177 976945348436823
799555960 757809612 359142426296766 443453043178933
525309460 473180689 402913296635518 936621763040603
896281736 105239700 625662928538214 637338707671272
58386860 793206272 527041819613094 719967219637987
819495765 721575305 634163183251719 167307837028606
457872273 90474031 114946619079468 602012907777877
243638250 153863163 114489054391763 483456972424109
522305184 258914623 533484996336915 124578022071479
151460337 556600280 441314649107101 319446849845580
168370003 158210157 660812984917757 914855583370160
673723573 988548014 959173100153560 316326052478160
889190851 428087703 680816977530925 481648382138246
122926881 691909804 211565432026006 233819005393874
460305837 390016317 839600599553414 215819832670752
208666046 988446881 606011129623433 733709766686342
787505257 50440828 129364941918601 105503301121028
766093496 322276346 562841938225925 98597871855555
31182579 454743827 32435357191257 893830507148377
887725529 819285959 225791256220666 976077120433409
117336037 677002593 370022567975865 223998594334949
598480523 884424118 956401256679933 545951870864981
645047673 712740964 866058577578763 45762650758671
214659545 693753365 399915240485439 514550148793975
381097867 136187835 692261638472530 329291776620253
337778797 995645395 798611021046676 159600541887164
342437268 443127716 243300489130800 463531210130678
566173842 148735103 722850568474220 3851861938971
314072240 468964094 118033414469352 862595894687905
480215602 203068486 745266940372188 306570680631850
186857880 776787783 613705746694236 890611056959683
48762073 471886328 426446262534805 821934615825697
114824359 326191261 23042533310223 219882946646755
150311343 690374915 55540930712810 910415777317845
615253976 619918784 239035020789795 117840424833832
819332993 79969653 688428911280846 462783921526973
842285252 398419981 991672367545946 835620335615065
947327671 796055549 776464420492498 36817107814639
185061032 684327300 187072483047960 464730862856155
151453534 150773226 706748094668074 259982831846435
959096924 623918786 475423536951647 983138797540790
747050783 69125417 372818633088936 908801986188462
242806365 260144390 832138321698769 76396244096143
149633349 677113418 690368254081471 475293610051463
427453123 457026607 80739455594160 653110672517550
88694458 229015163 907855576468096 874097119220805
93096266 27368124 455956892933344 513535643662585
831679497 925532554 523530324794015 834082622932254
341820747 831134153 496819849111267 613091170200821
509606749 203900902 693178416481390 174213286518504
529342403 868776727 843400943742683 158052451475147
512776831 882295966 462516690672607 937670931450139
567905099 502565124 216333605020810 336587439865408
228121819 882044255 721667243415173 293591760598476
253851677 435739278 234479106370900 4149937060282
910598522 585564793 342384340693907 98786436696498
427089940 140300627 128355754282043 229395688171073
273771784 621883610 965299796321243 598614439281699
485192363 924504979 922880656165344 288748883486587
948785102 488550928 119555141611983 333583913101079
871748860 756686379 20310055246984 933911201470382
572147641 361409610 60269121579395 324491096629027
58280898 829695131 535390072229907 275177724538817
412233808 155817559 156599736058023 636940133411710
772174679 547592448 603793278463494 629806521265978
308548289 684989860 484970071883408 712153817875966
469498293 329636377 121396929258881 828748657640512
630368724 912234049 447080705647663 902472889961243
607148663 449863493 797756114203465 481414977205145
730152948 226896092 149000786154519 121041090257386
979607768 434382466 551227999979966 681179035091116
81511212 486560451 722463067699835 521583566726179
144251315 213528687 303323177351397 709370356520319
89288999 959977957 939440907449645 291854718092827
820482944 977832010 305108183062110 742848643820217
387094831 132849872 894826053532575 999247577546440
611044444 322969586 668210091025774 344599868010400
581884973 621722292 73910420686564 469072207114179
436289537 86605285 990403704897269 940321245999643
514416302 306288990 101961376004526 736992954109248
457226696 266535233 410554243938679 698922810427057
66042587 527274812 922747071842385 789617699309079
255112365 587780038 877483061874967 9358882664583
376762495 259307358 204430587601086 204633590098878
472227147 148780497 376386271268758 517974618114404
146695428 247474546 846508291117704 787139505527372
683942874 644361314 744376550945879 813176815872432
420915061 390822855 188328361932513 186813149864054
182235703 358443798 784532041587805 874546999545967
735494269 444407626 549965513939101 394701676996500
855270364 446967852 275622020786763 476345442978634
55854181 968616843 716666104257581 626811010177949
448409571 762548867 365313871375970 116187228675717
498445081 612509880 427724286584739 714769808970533
645235462 48280473 141958950932101 160105690803465
579074594 978893727 842387775867572 568868323276645
849479072 796092813 698511204167223 761755265851482
230128300 950209455 542462366361264 775700320332850
404223404 477124893 6228426413722 816802877706401
966695297 519801590 661496523085451 69804377831428
352761028 323870631 784959865724529 499691157318819
62197003 770601508 618498768197335 543731513977840
305201187 262417195 326247037080095 678133015634374
382339925 901393542 708362046795206 697298352819116
151770275 510724678 653907075799972 763156164871186
760384009 323320330 644264906576683 317190064944529
318635198 190935608 199973614430886 466645714138669
909549170 447712064 430958797674617 21170826087059
27841168 611414238 367493711584357 103584067277149
103925627 826718550 141770695938242 864344560948810
5357010 665987256 683057721680836 504511692803464
615358893 626746907 36243762215096 295603691632364
813576159 801295587 293226341298502 932545127835958
640311092 168419324 393332356685486 943480913118544
987977138 514415390 961444194212621 637969478046093
199408089 409938953 671367742573207 390268942154988
562432996 779138504 261719633609947 829842054728275
717246728 3710448 219126633276932 310702823646166
962468018 479473631 903915376019476 175175189943791
136006091 1868287 951383342441513 28499982201541
976660468 519073026 272081464269754 172499713973607
332396748 279930661 479871488616920 645524751236368
17393447 454748527 725658646658159 431179039348834
437746774 874535152 730335947060612 554018291210413
552535907 246161412 570685752906870 97739936724263
185157715 950962064 850626596357950 776910196672050
300768612 288851009 124181341692849 634688147619995
753435214 706913745 451051063068858 97099429746902
192574340 8070211 253887130216354 926687280123461
202287474 597957412 459551068009802 130494934785648
731097533 921090762 61789378986861 302058746142796
318510728 205476758 714644587856353 153205306148726
261779371 9840947 895821707093972 666150771920758
380665852 29290966 937650391172368 592376868294399
795718791 53274494 764471955651385 136666453340971
206643671 911952178 360031345499915 700839300227776
196590893 115866696 956037309907358 831273637890415
138554821 338402202 797839108022692 174564192783121
872684054 68887248 87739973436583 859920271498986
162209040 994479515 227549417388109 336134220747496
910968669 149612277 560571575466902 858148101125859
189466786 71777379 760623462060058 168172240924636
589483709 425401141 378525609341772 335457154741055
227599110 608267202 408924822273979 86493878463011
943058319 49756846 830610466190926 465272046779526
794990182 251332646 13310523895685 422907316520083
845257424 502187808 703975485125820 880865785080285
169558669 792813726 484675720151401 357063024878755
252396824 933906153 328691976842331 93055900756236
644158182 230043351 415845875235067 626117428935274
230343331 18714887 180612357591180 104812048279161
714669178 987450657 480060914344811 184233379145886
948866892 409344792 308422994358865 60025407124777
512802293 830869097 35952000728974 964067045223573
716435083 915877723 322045829883982 187699465123525
11996576 126379071 644970611828181 133806979253831
770585469 831894192 453735254357700 29252798464914
790942567 494275281 351233721004115 387051758461001
504843484 470471315 579450543650710 199487266640503
921457364 216594670 627717770699451 854525166860242
655468801 491236132 909836229575240 447414450348281
848155409 512611843 920395764716126 304132264969400
655600617 965435169 924289964069882 721255615896385
646705897 924200480 705005719440944 44076717433203
22567724 791924713 199449721485168 922057253848084
965232326 36113906 233284257646275 834297934164760
409488902 615698810 135685996440845 759902008827097
504523443 189106889 149865777919562 326335617454430
533797201 610507891 174818650952402 199424552635798
529697883 243953299 634319809087638 371171335220892
23192968 9264146 338543720057954 594483542363378
901035783 811214815 655762560238363 657237943386055
892788932 250322485 87160698661633 568676871915571
48903075 234325466 308626771078379 355739796415608
699910338 141651292 781843189110159 659796283394880
955286201 363100244 782567304935097 13908062605027
437934298 763565220 87724797915280 378494728071327
489489522 590440890 341554094924502 827136750595040
640961032 912994765 239774745249318 989567945220472
560720539 752720156 574818041294134 728515173075685
667862246 150188340 846255380049428 980078377635215
678182045 933405736 584963922637675 833096945501704
11614639 877593560 117468622108093 952807512834892
296357251 753768748 85702858939559 268955887479297
898251325 619312984 205268211009570 14774397943733
312622072 800440600 620616937456062 106611006807589
317611530 52824562 738803048682982 781969977003634
414005829 951339896 73377258181920 988814230375531
685651506 4358789 347555454008652 523806863946183
946297941 722109053 994782738975458 974282130852201
191692142 978250383 663454650692150 906152072907420
237991348 710085876 207253997142197 743659282693207
471243801 99985967 999482995992103 774702276247672
651918730 629403212 689745523615212 298637379110666
350833198 455523362 325853814337601 99831911688576
730418340 310916755 98224459686778 569006314434041
367917383 330363337 751725591491911 397960061956732
645328235 231902328 634317956006897 554399727675
422512286 37555489 99122217127835 133234283054801
908379114 744566602 327103018457987 480535412703110
937088271 311382216 439527349368640 124282640119943
712885707 953725175 683477916823555 383340017748016
150787347 109478397 517349336033752 29784013465668
368089689 687122957 924929556717796 615598607743280
576006342 887160991 872683442623142 88009562664270
810754174 27203003 381082856116023 664895987571741
681399777 5686061 714399580353164 941282674802059
577370309 339405775 223469563037104 77552348319021
662348223 620304068 764751218067468 707393173230979
780564313 538595512 819650840961185 171783165010743
63392602 704357667 485477036898122 490344737595484
147905027 668095877 529705876338173 145102964250544
480129870 906194601 756133548028424 782733763633116
885800495 614958051 562906495434069 253152408022704
87061972 723488340 960919906787240 266114817430633
878858471 251762722 426392017205213 324224484941549
114272456 769865666 124523968628013 171375575557388
322969813 358462768 617914591828071 600686261303742
951706019 501277491 18944723266872 111879487031144
943571523 390949019 524583937092454 601652309005081
46034816 679513988 240860154859534 517030674556870
703236382 386782355 5572784111339 916368367298964
101888282 266832949 450371562748816 101522219176204
674523374 643419620 330374330452650 448477255356006
841988299 619857251 433070007024448 859313168225473
698498782 358789631 612923858704373 986240038751590
501508749 124366286 838596022566978 935829598073610
648647097 943154417 703412500949438 141464684434698
824515580 285181651 107118525319512 17946222101166
645882346 928709993 527682203427992 102036097277544
140273233 426880625 331424490064611 492080771389716
264851322 917321909 289834686789302 66697277035831
955468903 364414279 43647641966312 973307163947586
134545941 471075524 654624890929130 4845423361998
455819449 962187923 128063836603655 212924611680479
666950404 489016869 802880460781990 132394704152355
611861345 692341812 556207037176453 417406729686578
869218611 815162885 418386244230909 828372766490317
769342490 477373608 974134359355970 252834609132064
390637356 191844916 789785055319202 860735372774657
999092797 296415501 313139432416451 929102970940209
702698265 28496672 167647946985702 772756265947800
108566727 522059555 395572374581288 68066507460234
495817413 215868887 478591775638462 752395277972230
800750160 412131144 556728426831926 40193013909491
550696859 853244937 246236065365690 429572934392930
473111316 794033273 404916711618125 299775036129745
931578532 228398594 739169123491085 330071751061348
399799021 840077910 962205454864753 833308307524908
128093836 497944755 277446868200331 489143321044833
376622934 828529438 714334596666949 588789394770345
853074332 950377385 380095774380197 803038827168337
66989416 954134446 266090501543690 918800782298512
431349696 450762002 139029817701486 399945507039432
898332640 840064389 932856100895651 427585036242374
488605825 353350079 443654733260952 550544037189119
973443862 802174658 930153282890132 547742021486035
989607179 576665884 499737493868663 597498495533004
319769862 129081379 758506134858749 688041598541789
354371112 635994424 440927557437692 738063630237348
958957899 256823047 550949335112610 895373753769130
739322946 989237955 674440000131258 429471593199007
185928477 903730540 642773098989285 70222146517920
810171748 942491402 840928343338979 984618201660019
838687577 189429744 72813422320073 201035611038407
412536633 882189820 180645651112010 998588437003639
850048633 182719443 473686684648945 250695263831749
827488010 104212007 639655654094178 790901306831264
645284502 366742258 234528027486878 706505205437152
651718083 819459770 217897812149309 329722305082502
306530157 573690829 591444522417331 20574400499967
417444845 837313412 415426814479245 786288154048096
459878998 511636353 75429139476147 706758941823400
511856564 93337842 872190840937381 990309455847938
93764685 368273357 194635443591360 426410914911234
822670561 659646484 347983075114616 829039063418085
429795308 522082064 303090138996893 399134412074451
272284384 842915480 103515174281112 755388870948638
299958125 634536009 474802997617068 877097062151042
351104699 712801996 607788054541367 949047364453221
776142508 319214357 580648729335024 216954674552854
457379612 977981855 458408632066856 958127468023567
972868898 296503219 489909358426379 113843457899828
670312526 907712672 545580457602270 27735919837715
283238891 33508097 699449340066368 961545525480227
772000828 589365756 565589621707627 304403863285511
169884608 538426495 277987772635761 193555337390282
47134831 614902403 555439505867393 156975052503843
722044668 649979467 159452372326689 302601943661488
954599443 74345891 984645604374387 977225781642812
234404762 308955426 593599864707954 287857933965306
627853809 4137834 86447074765107 410447405765321
68404 278927461 867147833463847 937153275832431
685769333 859220103 465691444998229 693254651506144
532692740 638458384 116698317663138 7396855912055
15901097 801578569 188051111603978 246705487550265
987218917 761565891 892947069937637 372788853420566
253433655 337252509 818030789343525 816970635766057
371225683 261584829 935973455189140 681592571599349
192580714 258397715 855683329899544 976307947487399
139546214 979389147 90156894120689 625397902959448
289285164 449721817 910203117250295 915143806166346
524122586 840856732 85112923781598 163684925276712
354507528 362303933 398221308727923 744533678797128
962227721 858166815 145434304384477 285260777337066
142246696 306997294 558560048490719 996840179595639
468627437 845314850 145095881414930 311563801712836
129592919 151460923 233693783412269 42666302469455
441274914 381936643 723064055094079 125615478438270
694086656 146451345 547343288911856 589503831631589
666343137 669083586 527329071729093 901516631216510
915707181 267542656 450897608336731 898280727397104
489835525 163046397 948311417354153 567731509659082
588636807 851178486 885546212763456 337063721507014
181484809 845182193 519457168391564 333883345242632
327156827 746619265 55136956901393 314552392415839
217104647 303738751 100708353991088 968049669867648
693169810 690318672 358838775415777 573930172965968
425471162 396825891 571316564164601 631765201619480
586228919 341886513 351962587988067 156347455645136
351164540 387903485 366776990593512 226307941768790
911754740 843739028 154729404544233 328578451753141
759179847 247956172 319843235968673 255376286925665
157983508 192545670 643000789758565 657303801035127
60058038 182588653 82324395481829 355568375188991
207424642 532778165 922603800341354 255641740177195
7913988 603442271 598221386522904 441706524365207
12551239 100595313 431799917386795 117816093889417
532407308 71798208 290103093668155 768922689210415
998782479 806694057 302796417856121 881502118816485
879087686 624733264 67802583210226 987698162219630
141976355 222929385 197654243866057 852007011073080
461228751 255647725 19240396079998 736629868472219
950694511 557494625 610815064321835 569812701411608
753902433 976652565 578436019835330 70670100557211
205008509 675352288 283780697592146 581438616331706
865930581 392864486 996202009160258 467546403139829
927167351 228748500 502538806337682 753154697953526
140248999 948794144 663357431994654 744442467435728
631029032 434542667 516948703779548 821950191840322
211002610 76429344 729121899788314 221170649436915
243415290 822821620 794519599914947 140551921406901
340066158 618139366 738796858447513 356589879100355
441860600 561999646 405907317446777 577446258546180
8112888 106895119 511837482000796 555806644938312
947071692 463648182 149148813533138 470721610099847
328695562 226537178 345763275885510 525338072438823
966124482 428710988 583120188615230 562259273765685
35471038 874985254 917457457935706 467537055722920
132862146 63748366 635321791622610 217501154275490
689912526 79513457 444841117979706 269713713322416
15677785 151224522 709193697200704 78901584739847
832862613 651076058 979310772706281 549230783763911
805694128 766566639 61549023621337 468967841083193
804376334 392089887 637085315753354 955345472031250
603897745 583731083 596907758324881 52320844929712
344519891 971774622 209852258277342 296264521790809
154888296 439583054 812502728878586 130779948441984
636995615 324060247 693843775262536 533323263268098
25257791 896971140 961439210397510 975445206914914
882718668 664154344 586546483774923 780584891567379
48720321 200807966 38605818442824 187078818179756
244265044 987883406 872856208030473 82815370170418
806362935 407022505 482649110727283 383296750095443
413055443 141549097 119745497128005 635052662196135
660334220 479924052 396455858865368 541557895845871
370282498 941001016 311052827683937 995111933115224
911329355 470132974 865515716816940 866368567638966
332788284 893047768 363908330826720 754439917468107
2295455 407779044 118543301421759 520350733230207
449828732 470902728 691828358054116 648650224746535
183633746 283511878 748268574772356 100670262694336
503827547 979840359 534470168682288 562633446203954
804017102 418444993 517754278563599 583038365361551
476575510 85465011 244860593549350 422110348407379
456891165 91703973 73065453548945 440785215317155
313878918 380454987 312146313607880 252413077121424
953284587 155527392 565213458052317 603065952711251
248230181 456015213 136570669894586 710345303691152
599603842 556850945 188251232050022 389780532540565
454888206 281975287 624918376209726 451626953024153
978020556 930444085 786794457545021 308887801641983
465645564 11751785 704971878104886 302123144413074
969269333 275719244 553033340241942 236352392850376
932855369 701763553 1340405104421 513601466599937
446614597 358558644 837245480162115 202111952560583
775319023 724307996 85164483792941 969172225922061
477625704 362086779 405900152233911 616262314679922
518058634 966292346 505787368960784 326383602845309
785553961 438076496 416653312562179 752457940839648
179857235 74241530 655466683276850 836517935450294
516744850 883941249 431212982329435 77481488943814
756125990 330955833 640784924190101 513960307222720
445132365 782075645 492556556183185 185871934410876
131507836 822322038 781863471899354 312452057301824
657303204 357752659 226054504866327 197593475782904
585963376 654047120 459214614814022 924086984305533
438911107 701106097 700794728697856 829028514310609
700814781 667777285 871193971093946 799757113856863
729098356 59146725 556681123075839 868419410811709
808091324 40883956 991925608512184 88690940949354
305686178 781958750 471481694285670 859811026829330
202797418 511267099 210776169478244 106426312176327
873947350 478771242 275441805413159 573625786191303
506019935 294715864 908987156183167 134353308258107
455751803 976227577 565996222315989 197131612505203
633277911 825974315 628697865518701 985957274502444
819037341 42152215 887502324655267 253031984338636
20805549 433161649 496289605626671 897627838920610
311458788 452141941 455104359960163 237469049721384
808744794 508534442 312513159521641 912673347246146
464186525 368373152 685613382067079 648037068146303
396277752 210126323 470044122169692 746338703986516
582910129 380567495 992042055978530 986653238242918
63708228 677041931 704572239833324 474791882777534
604719530 618900152 371152509002215 93909122881300
570254999 360213521 758333630170010 233671867785990
93445301 882292195 438610096620583 690050836760671
883912939 119726531 43891252567690 466981684365651
609886873 90262868 894893192975318 188953051032767
186658523 695727488 96842267284605 318457653455211
455085508 794382780 134528773427590 834316000901449
158801314 847227718 496477981668822 531894168736949
608687678 756929128 156082488461162 910553803740596
295207450 187380148 103475755610264 930097320018743
166619058 490259783 915499635077459 787312904209495
357164734 66715144 164493903083622 965707553471384
465811308 575667431 525497393145013 840312751376935
797035431 613917728 934956336803457 239453606525726
80032853 331442296 546666905122978 297787285919421
848580754 507260028 963434782034380 328521660341680
21714167 598025670 762386778942925 208057690778701
396174551 538487353 374902595452618 110913791952340
492800894 131587906 764910128109191 889101712410543
67585394 998480663 98511897192350 846754658518193
4085684 977337337 731661156875972 952587833739353
115719421 595860339 551253367827465 912093619110413
470073091 326011290 988163986412566 600905939261537
895933875 763808844 176916578642286 876310271714383
952164982 551388275 631087150976431 461470263579774
113010030 892768577 433570508888784 16473973422206
140274871 310772595 609971557848162 904476669424648
527104936 885070992 663256003084497 273812392368703
362330129 264764969 786506529909410 419968185577715
236217213 220913432 99447783705012 756204087319514
868534383 707649731 844859690390657 826193865748438
542115238 328934487 87019374377307 572780506082868
536641882 550434319 840975153102769 130485351262185
748279422 110714988 641017250746697 835547651377364
635976190 794161532 158967145016197 337057502415617
277298176 725565461 616969915234464 91498227995106
508942117 577499416 860234545254640 313213491080597
291179462 420089008 468509882426403 822447858877986
103550776 60432274 251563575134852 369822408830652
118835466 951398461 619721800924724 450084927807741
658090564 428060729 343925901474931 469675553660972
516375720 739863385 161491095113430 216923230848120
215727602 912278266 621720342412432 730153877515835
863575833 827621700 957292643804075 391346713649465
908103565 876784229 665058021177933 518979608905696
709560953 797761499 529986743711734 109331876208264
320152064 632803240 57949826148030 331996030944946
254259329 69609885 896849162230937 778562131296843
410088916 978585746 763506415918228 833426194929383
489381516 107919273 270612744921111 275717378267400
700904756 484943760 596939691804706 886277543960406
151247252 491405757 899173259474578 641140259134949
511596524 887233457 175356648476507 454420926294388
652486709 752142904 460596964991436 490981966586538
874356069 928052389 521282465561040 6241970112857
23881897 540849176 507535278102825 257406382290877
608792745 473028793 664621276289205 567948442289595
530470601 888180987 227381180117419 302816412210212
844255844 281695452 198369135046364 22009501777905
632269329 490782497 859316276758004 308933012045190
21209312 312110748 330638227085495 392538385423345
617279899 588569448 675541004852806 604040094674985
783027719 629883944 470152111830106 95659212318801
383024162 839027021 670097959508101 304269005194996
728227684 581033039 433910393522550 118321850254920
731862016 392046833 361292683169843 829210090365805
120021537 624760959 167752036701 905737743323565
651132207 961148688 376055075309169 74158194120123
450971914 718586054 953578720280324 350938020333814
543029579 337544970 860833466845700 693699109815460
326836871 221445074 427337349293819 144149644719417
784193933 704894173 73418378911565 303975790335375
973616805 117914868 863345100089206 490437891019309
3613392 759704872 165906751187022 533350179460227
557327628 867619864 965183694843975 954480949966377
710034831 821944617 151851491658923 741905839725605
577648905 592660429 883078849448672 987096510020131
42143716 877751487 568932077232549 210316071550396
694229381 350400323 203602486297172 182730173931954
747341194 674098792 840946611032608 584139292485936
390449419 905648199 204816463596374 416088117166859
540127706 519054659 444019329844893 107594980332805
187956165 738341192 960255747370039 941511548104454
575839697 465103117 54937200676160 279886834296419
132759422 495356244 322388769039595 429067654420762
414852615 571277863 192994285535690 829594589796625
325501856 598389274 590474304001796 358672468492123
894748856 410654605 314031089726878 745644198274932
547258167 288144361 323618839211445 128886043447938
698708926 911010016 319477945227200 851568071635604
233384171 178569646 742522140542416 151263679045092
326499476 314433628 312283655675088 790762713754134
599937801 68001017 170026005943751 972877992963961
112531540 744795361 644291382306578 735245568783426
131711353 780643832 523959488730541 755958375055317
462609336 844447725 446006622006889 300569669080574
221885896 631811961 67038009485108 587418107845169
61208347 25618847 580209839908950 224654548294352
37868319 354305260 416691525877168 144999726023779
187078265 405065397 476860063510524 491034019691742
675627593 648123997 309871695824401 111077445297888
166102378 791271054 988760111656478 464989742091504
862783920 398704253 323507975917292 966365452432576
636974890 888476968 667287510106399 572585792723564
958553439 381130393 731808793194611 821059457766329
922029714 617198369 631989338825984 265177812589400
924432128 380477599 735325847090295 485614335984674
637116447 826160057 934596708457316 741454371984475
795508703 73096480 116238262861420 288232087931120
64626666 62782157 950260606210958 739420044116155
260967140 231170888 425654351639396 479848504463291
909498797 321243357 825665782960736 416626706643550
269566108 882729702 234816070754833 583241744111802
915676355 529329926 39342362352221 828913166262733
468039983 446137450 242107192470214 933411337150145
220358695 757801736 161950476637095 711916850267692
103099498 534576353 313859560499062 987501086097225
825542259 152784704 861108498510849 877915229392194
945884598 933217785 820831803757491 685683964994151
757993954 192520877 737406639531726 525685835897718
564103198 633569795 778469572244655 639176044339923
561175629 780927726 885719020926222 926492346481614
995678796 721845739 630211382133053 368764810442210
819117361 779096641 942560630566247 353822448060401
797888139 247401280 796971262314960 56038407197579
169797030 843087748 339491186265112 569437298216998
313624261 510672946 77308187877497 576864141876836
991697000 331011639 325433794700038 232248386552658
933766790 380472718 335325272146157 361102955334564
651078097 934814328 768140666028467 415745555191548
222215926 306569410 943605406496892 418002102635299
446745052 495683845 54901101813057 378940510662475
863127266 298075103 291409593388569 477604286181205
857612835 212345148 949737491576947 346518651750150
549761715 121175441 859750758771288 809289367917905
41276384 679387420 972546398112683 129052050167698
958808691 954403623 487663604825962 562219291479247
449014255 214601541 239179099663596 397134433698039
390056398 447293073 17191121170722 178182078332964
956097225 337667315 291079215904727 289844282601946
917354510 367820892 627487946161394 756010409991239
155640969 491965446 169994230887857 42070428831619
268812317 943325110 267153472627182 231978144774351
273284330 859117308 113407047517531 44710039739863
939075718 193966704 365919969167559 429566593548274
570785606 243481332 580022086550360 476011618756446
850840948 152603894 224310755404751 924739650819718
658227863 156314540 226260240101833 788849523828030
857901232 471927383 832203854872315 629681469490179
51535737 682511747 250372251197555 949371982341949
485144998 168185923 13701025421275 120451983940222
131107877 872712054 878021159785655 490287694085057
311945567 250689799 662389062096291 20312968306349
279764086 523790630 952153604206999 332227079837650
788945543 489810833 486771626494245 778218415550441
115138023 96483536 411615848669111 890202984922902
677081960 531619697 832180904811731 141113402585127
940829074 754219858 750546969195864 848809627659219
578213868 816535254 732349256023232 20908869643261
982936114 473686571 137540536589918 692990459623152
594397086 329705612 139587942334111 20470382199458
422143009 121642362 228503628334154 552268694732787
807012264 135331843 824520368392642 446244900277740
793802585 650768382 829759581845056 875272042943747
989031637 132920650 115808265879323 409487007091283
944618869 317558036 944082412687617 225913884990182
363574159 643821839 957838577377597 181484476825324
971576753 208893627 205790501398257 100794703181059
421692898 30367392 329984160021595 183133029950831
774236901 14002578 575200118745105 140850885619040
115933558 269212140 191472808595014 716124343079472
383396236 176020695 285578130557445 230514716794020
496767896 620739458 750167395675762 270043710594088
746872770 813268072 925955728912398 984115581473301
697689393 864091279 860328935585265 198562141947117
559104321 259489989 571073638929168 730094717811610
103418059 184772835 358324286957430 5392308363444
815252834 343741196 480588739291532 527185607675322
747908242 87920876 83246700140371 22628694900309
215291169 637531898 35840158076837 520912080333722
806531152 784744376 101191421743994 988651417341766
63432985 195661551 958811985162014 976763592380161
596328815 885686006 426315387882365 761993105002398
910192003 42392554 911718233204570 984361279107159
479347962 266849524 699416254642321 504284467899922
944362041 675644808 23023672276314 530399422394016
997024156 87160482 547175698597254 742722463036410
259022520 882487816 261778365012929 781775304931205
436512670 468891021 164608850753232 447351840861517
212905497 799140937 10601215134418 777926561705802
801030892 531781603 878284710335105 615417043964063
352473878 791608265 885906150656112 199626373306584
953269007 999109236 314466300676171 811980576007977
86472714 989571751 74030636292124 167908781850035
520161587 694966446 11593568082306 565493664036032
121609456 440570273 872856641266425 334080914478596
586825762 707210400 856005445091607 428867499909084
526986082 475930134 298688121708490 668230490681488
92365894 357669623 913652971985820 243408781023633
141389467 393719299 973060800396017 637297936423613
884621226 428422403 978740178833222 893615535768984
228302709 929000457 647876398202481 678908490303635
170385912 162593970 818368246297573 240645827404359
620718698 211309924 153523346225644 210656939343032
711875195 710331026 887958822157037 744077662793875
265957782 38287349 629621336238757 951851348471922
353010206 584678354 438426263738223 517816170683412
590247602 906015288 181919942075262 831809007549351
340088170 15826496 592064878208543 712425640731392
693853977 412671821 906846824051962 786541065977055
696003211 910114892 505971538122064 6523959115310
93948870 384990962 532640151508283 821041380557120
682251082 300067074 257965970525426 830503694715156
986154323 989115782 1305919686660 406869109904
688403219 747754003 120127361308314 931125613390280
957633530 277566471 717761020888759 177018649289014
57918704 646843340 76428834866553 377672951724289
310269847 100597268 568868451985495 523493793278008
706440587 381973276 167833375514210 768680428644886
759053219 276801515 32363239131526 667943700846909
108140335 274306450 67547263139783 681927952446205
652582201 287696491 652475810002054 23736797250187
942749638 845334875 435419773110716 952503131714636
403695892 131511057 748517446437179 936186177818889
993354459 355590983 256362523018738 251700725981498
772114318 610631678 366608537953575 296332509771838
429980569 317334211 909610643591100 725762277091230
394945698 889573358 839674292423532 814248386665039
510944457 667822047 440250004290572 16779478538222
208027625 519804482 327210727361741 171872515846147
949904599 208911177 653142646276470 947196564983105
460023968 544807158 641906422083499 398272430190786
96990156 156805200 930714176839723 900002891797836
294802335 550382250 373305046161419 48762844232336
816513876 477670625 9645736184318 722259056826471
44272482 43585692 953153103572878 448991058459157
728717497 646156172 26767648967265 265800661975432
366677507 401545899 778176929254774 107932324975256
108054757 676932991 79789716696679 78767535564358
373338429 449007445 533716091461287 829864080934398
896419427 49788552 694971878255811 280047437803223
866726506 55041977 31805696347554 872169926106319
448849757 230222102 85964339809735 584099770154513
216636036 390107541 184614660123275 504851708431920
445948830 673108023 864897731351397 310339721697643
921330726 448344391 461250211304228 563882999539689
504894097 465943450 728576601071920 798396137853180
102105484 496556495 622940331612878 61561677592160
632760127 305753486 699060927374427 237536777725818
643938446 721455818 50270383813262 971005394054298
146598484 715706113 58864054680504 761691078425147
199862952 678073976 259656502677764 677903413480512
798385177 209752961 198635140587449 528101640448311
211239667 272615862 352750046124661 459651728002455
912981626 810971453 111110637062769 689080170970882
627156012 990561795 821838154614977 381864781285253
564588289 205356803 667540159782802 381250640795861
456505516 577928062 861331354669932 611025650980754
463583448 938178626 3935974773872 979484002143878
101501549 821788390 109575443437465 359103251696100
26263242 606477577 24151697889276 217432232139403
73415946 309174167 585978310950921 28785869472065
112041793 14960646 360265137748681 524833732166138
133373886 756296082 225259043269920 181594883317520
935205449 80716423 715447082948362 33106956467338
893228899 745095541 831778272222431 886793905646423
410654602 260784251 800662072555664 588749677911186
739413108 622920318 797748003672809 712078043856061
82077264 395766384 966950083183823 957043132118791
783735050 939128971 326522667303041 135441269432456
654812038 804806037 219723461288665 149218316274562
284984034 508214300 446681051671690 301574623249055
600092598 736204217 658782415496032 277160927636535
501049684 596081230 35664531348357 844100380317064
7260426 501709130 927380423141560 507397773288958
89636188 712498401 497577370810261 546582536338026
562276684 35179862 141808878702290 88369400309837
539497876 395846706 838897089230973 690321648871692
135183336 831451532 201185132139329 500226722229562
555410487 452781888 285442582662047 83464524191699
87501288 288819258 307830840589623 479598474486140
257170719 263925674 638200047303678 701251987432390
512169463 864030287 423880267761031 886762807381098
927132614 153977263 104897632000573 570445620394125
891344478 288946010 227827905003172 273168740988922
747403080 231197227 815635025519773 793480672426092
411494664 955197320 771794877643936 174816473782467
736593502 13656735 864906258886401 683075984385099
775992193 90110377 184072248802605 767802748581371
327585123 28991273 634484901153516 285455856255921
441527026 832284459 116445416214430 877240613081464
95355986 395841671 529871165304704 344764262960323
957841445 235093533 246601009446118 405965874155441
541439685 54516247 501979841388928 720189601664073
885284742 855690540 593108119465878 860173184966589
420164087 373579225 241602132089678 179255778463144
923326751 434061736 755418218306531 608403932619602
953096385 520815210 523686055589101 800353586741992
356439706 919502718 778323539847069 469239430403782
67230623 767792906 367468556520447 338014151126191
196122946 652248382 91059774689847 485612926826768
365140652 612820374 315259760225222 609947433206338
455912449 315659286 998806084672709 375747515085767
622545313 707462285 229434677622054 433415708940682
384299362 162273748 234874038022648 368128747062049
616338905 975419662 105829503747745 460238203506444
352035728 568984296 528936494239267 456699188174325
231975502 325719255 131311781946457 195202646978031
700165204 399241822 989667955779384 213783370309048
930353052 735931975 447083987034129 22231719008249
682637082 839255015 547613878752459 650739489056386
640861181 389464156 694860537250091 24243744796048
196492012 181502416 106106359461901 693958840504073
714857290 489065141 121602168597673 455471229138364
23345268 48128776 820171954529233 336081773398180
911404799 623334799 982223366016303 850044377908771
168409597 337681693 209417076491401 552536880236360
699389494 655242187 517053811899135 195432673667851
796545393 400011838 442985010595913 940280897792398
513298858 519472357 950970090726394 793242436669275
317621339 547375418 491956174620353 504064917053610
455068085 6886654 455566460384165 249035452343449
812969445 639084926 893675863812422 72024673376372
905500753 187687634 415827134348065 364018833296108
156720858 327788314 973849303667402 148639911157602
271253274 993957825 233034416691504 520846771976475
393000357 675416764 911850397796318 256726580956810
313635657 815694282 110738734375478 93459209020555
394107983 754680754 877876402362038 565862978531747
273234361 315638665 601778075912244 251640156956995
994216068 239188972 197217951792931 78099205222148
358285029 621097024 25470040326862 96602310717930
513063822 359387638 224070744758938 809386218745763
924728039 752553418 126616758810437 883365931474887
801733207 356250881 542532783997995 527782618924823
339295610 492527784 167130101276797 648962324525759
767097705 621698778 26695885963401 544989775371157
578110967 738050040 692829340792567 548375690703194
116611312 149012463 411882382566920 412568106077685
362070363 423529336 643644912949463 858297421566141
350624439 784035665 710964864713881 868852488544686
307787838 378785158 899393846637022 821484168682671
209759782 117004460 721560690036175 201949503382740
650315484 241956642 32353956078448 349789983629208
32608841 367550032 388052858305757 269365665044512
655107343 366376425 999835382705294 3924789791356
598484939 195018538 182435246980756 561226583447271
301113938 934315034 302743563243995 22817271291140
953490165 903458506 210012745931112 117510788202272
824985535 896793748 704650020603291 414192704146805
804221875 159247198 937238079624555 836765014808930
954969616 714092245 931954209017774 193189954121909
661521806 105976756 350816682796112 464219628863715
704586145 571681020 787289078576536 443009077699148
445674930 866736955 574599831161192 459040229821306
425056875 197387207 294730899317372 226340214860896
177091817 41456642 555411494535591 86739858387356
226760713 568626325 63535428030235 638867290632119
36694941 685432502 506710025251743 297848606766689
859860918 15514980 13967157602776 764586024340407
765888985 61956775 942833162858371 469918290628479
346437707 823488723 894825925410486 673832429618792
282730824 769718723 375330898192164 331031691496781
771900997 226518559 73848119320407 817343190447216
253915955 41280664 889267169281526 176292467180224
762799037 782531881 344614501321470 456024662778133
451547270 199200853 565564759900427 381484740078960
995465837 873074285 289249782863502 725032145172030
224572874 520672457 769363636500245 895225120759188
675768240 151685387 370499596162184 122327991198833
741319979 762025057 864072602998887 771944874335744
305089665 855563970 886191468330255 846142549379797
621267571 239692845 661385616035572 996873794313261
606601082 166658031 110152970835430 85441905139504
357367564 519477723 248723485222478 955628091084848
256501462 545994129 694393413835375 745947190957545
264481792 510609337 166596446024615 649152903488705
791508078 518516039 506336593109933 913666488830471
301084668 550832823 543113099804114 413003347058485
459490751 196303183 730493262057538 84655653987631
933144904 57666657 936489540330818 811584989464450
637119969 34209416 397777081183345 288802163738536
84904399 985193704 598227218467848 36278815838273
691181968 861838448 346034670164508 426681639530585
923284764 329723160 314287312567768 792075695668902
906259750 981684005 669479590787270 680648693785801
541041754 655146594 338959290013700 291841294144137
484639902 547362151 673677195185553 841753312483613
313197650 217515219 940215264342399 936549322468961
317764498 392523411 264634833611583 959790218008604
472666480 403925275 197972217774811 846726240665410
694204220 163947689 266113530698292 799161269922606
558411710 971914886 331201565003338 997635849938149
707907704 18967622 255991309074546 354957722780247
698343142 323664644 670362057951135 601008404437407
178810303 69515433 753598041557403 389420163112000
798441523 912914212 564204028951628 8210296216167
32640300 614726065 894911904386801 92746956058157
172243599 333369364 139529562684260 835867770457812
130033274 678455772 973839871983448 675540610632711
223222917 729952162 445795838000538 345853304713500
631945987 681595465 347848115767122 149707684925523
800744511 766165053 567923058593088 743913882727957
788365761 654757558 980648675899649 999677910402103
411661193 847734516 737946862874185 930140097033527
24231760 678317954 550348723811367 802864599746427
103094731 370073460 86967347660358 563285658996886
96173545 301506475 896992512822824 210896550787205
568819218 376617997 289556005274731 843067488427243
763381607 893941967 724761600866822 408745895746651
307392263 802697645 56124074494346 257534765812108
222625093 482674478 670539297599586 916958074259107
371095796 649132002 224149074317333 338218379544686
497873565 149052837 15457087657857 236778381590949
120552901 962165979 556678678762527 891737132447274
8110634 849598900 138037640620867 820799315146311
822882564 619462503 753694083808091 156973073744372
610191942 896664952 951286864667949 43019223962639
905721819 331258611 586892827557147 66201951327651
719186155 106974640 15860633871455 825105551997220
265203477 342738831 560458287106641 233451628248495
934166965 846978491 978132594349470 46579469670988
605226269 23865833 808002587194768 302320075395373
769702365 221538199 827377942485834 941884599741166
88815100 582123855 572735734373131 194652597443029
881778238 316891107 214475024332136 554015308449040
186069342 363014064 991556305143955 718271832816635
280768851 4395997 988737740597656 645578004746585
159985292 737200538 796789756306844 505227625635480
378525493 967187811 532921169849118 334734216326928
581805682 99599421 297249010981688 424646667522882
730151841 887329013 87343113601757 867628669443098
521704346 642852198 774852739185690 779527941439022
821545455 492422577 96996708136790 156169880984830
660548654 919554947 600421778009235 698026666524212
114041628 388044116 830633835279533 690494690419939
563068409 547980709 751045640637079 878091690317002
598643136 134150719 875605561259171 953928015347088
477723749 802473848 510244025259448 642297291623943
336699415 633968494 559593023661723 822941794660202
946463357 997857099 67587010336553 287464340957344
458618875 949042305 588980809635736 254087028337017
966659308 790542861 484986136136123 976268723273197
634624742 538086327 408834682608189 518872878672226
633391611 395866445 176524938838498 376949084203492
526728692 634617836 376404420832971 393962554499949
157676437 182296889 474419769791920 820844777468700
383617502 325273250 311075491654437 253730983963263
311507782 228897951 462326365357271 381773926494923
176712447 790177780 58967114261198 483202177177632
375995959 862804718 171167512486059 380294191037639
586028370 17690787 136309130874600 519776336999541
173841203 143713845 75696970511388 587843224340360
948229745 67091981 960556825867830 767589109079622
923089572 759189793 533299028388799 599347138303010
801774999 266159664 303351621555483 703597716435705
211312788 591313154 857917797547462 359029362529870
549687710 813781930 579766354544023 128939557811859
337192624 287357893 55655769264642 714422033423458
41710336 440079291 14221588604752 222326495853501
360895040 560136187 833255823403494 669342537742163
993707993 66823744 727712252823430 499531564927932
773891119 469558480 800535242967174 548458582942393
599928290 161854904 728668262631708 905565099495031
686957833 451382291 979119455443603 174357758946506
59479158 87071042 213382598167700 621164971635316
205104374 846095411 177189740158560 187989888409181
48491664 964437661 377640673122323 192872235799770
118771139 751832639 52401037396960 67117045703400
367856842 898863654 414319564586840 510213268842863
284527833 707170789 736531453394085 659775006945409
701667166 163176156 305084212644808 368476641845914
263370050 70966131 530101375112161 845321403068383
814981672 173298781 883053455877221 499564209740129
439143338 786253272 830809863399015 849867720664153
896401057 99052777 856260104713681 7285327197547
596213851 687257250 25566975042217 467281747629028
598309860 16059230 71026095856207 846706515825918
412809536 360192001 800326623770811 562031425384217
537578668 147002170 530817667678657 898816621982977
209575394 29872833 51181039075918 814878004394284
771105619 359626395 484039909038505 338169703700730
803464044 250293331 141239719652021 330455693996021
323472340 840564289 62087506507051 601924294865680
180218026 27029700 256733744092898 429194507777002
733402568 662584201 955183473407241 412671764433930
718274564 957636291 828374712503657 952373928243234
533065836 585516146 177231622467493 477403525573453
135064455 175237023 270161830895226 901460906672722
826917528 730320795 581493154863361 792509051813600
965640924 850734405 619090899110890 78312856740562
996270280 137765442 259881371626177 71793002300267
206844237 710801989 990219366396203 164647551241368
308884246 215982150 34064748858407 169211765861426
665385414 271415756 256309870619470 242639586452795
307701565 716784165 485107784448532 374792300301086
313241297 538237354 273040503030023 92047575704817
780540055 135875838 927604565569293 838116463720627
33930393 975213133 792309485226664 811873234681488
640193054 347596431 461193552218930 683784495938586
360974567 23957700 418975841819171 856684851824527
210418798 17946422 795628028591176 434711126160151
501804838 911335100 927848787288843 48704090546181
996048832 899311603 459792104318384 830125775993363
419180642 125514885 541405934740115 573997034150568
723833327 591989860 241268411041900 107954476241939
334244163 799933196 588188231763852 46364885902542
442490486 400279238 292723405794080 128663731655357
855872022 249935841 271467737815659 868873953799790
143685743 264188921 205540568924685 143759676128857
581106372 365758770 770328490812736 290553586717215
796141716 81421692 893273852565270 968658394987981
158655192 412954574 65064474237886 330237677370647
435913025 411166572 295123574927807 328773857705631
518584188 104893730 394929879532345 487458900383533
538472047 143911560 172091737177896 220313740287222
423556987 316253502 473762330860194 889967176968919
852786617 153467951 831871365298709 205037652020120
687334207 522110671 777784204313228 739684376415531
880926298 287412319 833519545094889 678460386933739
610823379 108550949 925623144244521 229169654072800
398578476 321855414 729558881474469 856446060512760
503742434 629687342 617832696127053 384038714488652
56360106 19769204 582591583673324 321876684427362
957219765 474010233 538525376570217 573262354138727
119342318 80641911 464478978908418 74232449202291
503623992 840028979 488617212177296 293337377669830
796312498 890563132 292547898572231 841952062798351
213162228 112674348 490908714096500 561800621215393
919784529 481121508 733388237571775 542401303762877
373573397 431281617 450533358426473 468024968283853
249851846 168352043 702762676975116 126791606420132
921386341 663186226 285169754529120 111357246859969
150157483 787270513 89233777513329 425887121867402
440151886 731846653 306343344025835 719761316775059
