1000
892695110 516253625 466985666704999 306472726363008
254137363 996080321 318681944028298 196849921410207
634064662 225745830 860251841116560 62239324451609
21430523 723800935 181273209928269 273962971217852
121346894 928869556 229616823884698 325126945400875
889361856 68070448 857264362664077 13376063616792
362829923 596518062 285442013970626 31325373142152
807425001 402426229 729238860437141 753272792669714
749094376 262322300 709033797080421 75349032650527
384539928 885202605 299781529311187 170985550086443
26912146 726363173 952868698904064 95037805407234
221632787 216008818 980327412978642 525825599573507
69360950 920168147 283148024977198 423218508698720
49279421 550816380 698783150990911 810794038664028
779932873 587948239 637272782785965 936245795913355
362694428 335337378 553402357657319 800250374615316
768378462 625712511 411104893982297 159347479092722
319880533 777203679 931888241220021 311639466643502
772627498 138963822 481940827766318 44924485198630
763240106 967092810 172876321056440 866118268926665
921974914 470167619 452932624206409 377372463236056
577985410 305359644 362819291148827 543839132253223
356919771 194253000 298166644096999 882962607473369
679623264 236855213 31543025466410 577577827545254
868252872 415498468 544470071028835 568137391618072
953743850 782605942 909323105923410 725820616674761
426552319 652049312 623145000791355 911044158576806
109203682 195441935 799054122922529 910892785773103
427296339 784584997 469467694217226 23254884417204
9627183 936978993 715783816305473 545960213284248
905018553 474799290 525718013797006 952683803783570
335795924 959941045 706050362871168 653842155573479
787660358 816342218 354802148551331 930690043866545
590886903 693364882 256472814466506 119552833304090
225713711 333371099 30755125755461 908515957124256
154465498 12720866 250266832590123 865724923535443
292166087 632531863 339148142789522 291551486569746
644646116 715807196 275681928923345 722805492351953
136109700 102117062 523538172453060 971258488470230
721647001 955709402 746101467353607 981060292421111
308075513 939919696 180831534793785 924653348599516
681978524 415971923 530532525907515 850120429921603
678537179 921052991 936369648249966 771472186351414
139455923 456407521 751993729486584 707578368721238
148574208 770210234 374742534844415 500815529793300
515637954 900279356 394409518891499 700108771484402
926145114 914712330 635567490860456 931613068324549
635196365 760638524 61714561816801 288320038708214
248711935 348070040 440623356480582 572490853591996
714450169 878230490 727457727283654 449273803806562
978180132 822039276 718564605956821 155082595930247
630211723 809356334 225130522066599 325758917202265
621341212 167006639 952671463923826 121299360015576
664473831 119670129 399212946222512 350203316678425
252310365 77480360 779238206979162 235500627508608
239744145 370532091 376890624168237 342107994316548
705206394 621477057 136224923858408 728893461595246
905125935 700906821 542750507751308 873366438242457
950409769 277951491 59647322909850 484805581734067
7565444 829460456 338725494580056 761806858990714
470570301 220766100 461700381661196 9733075033728
360265332 997714331 344855841280830 393734397400167
93759660 953519807 837708125638650 429924064376613
705987334 871380535 657617348364811 537807545322305
368345993 720338924 409879715353665 923139381106963
145233244 421247670 591387622454955 712573564818695
235920137 986542754 573387294512349 68113496674266
957430972 68528942 545515360721963 664459590676187
225229442 363139467 746284715031020 603227800415275
239478922 322203354 841096241125815 216405546524413
127970662 622710895 778978472094632 274712102996950
302202443 54130193 871062487380636 474030917549261
100582220 611728439 594874322655856 300297776357836
322817442 257954892 866487438628421 127055109126348
358647270 586555627 159665586144959 1830273416732
953900629 261415970 448598959597633 959630768432283
764221707 153666995 508996643785009 979911057626617
55156808 792055630 234978812676154 784688778574586
733841069 510462680 478255162153605 397187354725298
203360639 904153255 99565103127038 230113042311113
361638627 799520707 225518595595157 777549889599159
796748832 566472742 389331210145145 370174179282953
335407072 543331580 62240946806110 574108449975194
135562350 429697764 778931785852600 503229970094554
448837624 420900396 672147354708221 110901428225034
39009998 768495896 8188713600487 172321282389117
998006689 184003099 151064334469039 557595084400345
757346756 732828699 613830883127122 114627710066771
127373678 98550961 890161307388624 531641563254774
761999862 669419622 354043082298215 38584675923676
471904789 998612215 281502808265692 137434925668466
195716647 389732754 587837060372145 181252238717624
442817129 7359254 978098785983599 723028890287742
866592572 998091862 273341494221278 766263059150760
702942048 295608406 745486050246216 501673418714475
595134009 698711692 928867034530233 396673366186637
814258701 50130208 811062056450881 236918635267496
680789572 481133355 91604750122799 653544791337318
687129510 376177403 458059741054295 312718724818118
968931488 707281485 258855749490509 876565358621525
190782335 840677009 920762605995688 4622887464310
764277426 980161322 857358607018815 363089666953370
528143627 723501483 177408480930158 772270855032712
805938686 538773018 307253631598674 368352583608982
116214241 319209263 383419990319112 98998268645357
118864426 899484822 900535636953074 225013035615176
838359988 382962984 715559894494449 664435408097461
732898041 64175414 270170867460011 766886513360850
769998936 718407358 264154734963398 14464357701904
888328784 451260851 599863751672106 944893155371891
209747907 656606776 36750696715331 619944908381520
896078388 991725797 873162782915133 250254843610254
603308552 659979008 185341065628741 290682871285477
429500616 170787013 580816489546958 774847397823009
986880349 207579039 346441730401737 358519651155039
26755154 974388843 172071941809899 837745419492429
316908566 456677819 55673021311978 585415819553134
191070519 323012625 262404349231808 693896112460884
318912678 711280671 276515226708454 524355822798564
551115769 526319373 453274837343898 567895032495253
587146660 634294963 86771413873433 927570774647472
742473535 654083545 694686389644516 703059354894481
456571331 163262590 736498800945919 267579244324835
487832524 471968270 127847169152045 494469400702184
670024663 330387882 318812241087797 675317044995759
155864197 472037476 884925717903136 850105527088987
438690518 556360063 837253624706423 278993483848802
639085679 214581426 97226402315401 883050776970955
686497236 944480358 945505577346979 422204340910958
771509933 12280819 786560080418645 508885114829624
566998021 131722214 480730135484339 314843679601508
423276678 538229310 89092045278865 273012161148354
433780925 20219050 8361796104646 72760243583219
569953628 747757772 8949423768937 156039373971626
879212402 860634744 650086643327511 570629633363436
895884468 839365109 116379304461098 972294499071824
467690424 229258298 402105016294658 285526606317888
177991732 251001650 585768622127936 98983269682742
609087299 689144824 737974606784261 521274549804799
695681951 371268891 906514752738615 21819879103227
39844327 828594907 389181016677564 433981614073946
385152218 148362089 92095222543549 772411062107231
512212378 520567082 459041881815780 633968751143841
729113066 793884404 430093097730461 244384612401733
202850416 155747407 517862873851480 422973032424516
936643315 192701366 168443984981957 54720551187883
492557469 472532691 916704614396950 151674265782997
482803257 351196357 307383446325056 19099568791731
438488693 675578973 933314734059833 558579825122564
521499681 435798107 417291796327483 920753871640220
97920110 83286966 254175760788223 517098295993761
381248304 190834641 406645564319491 116663216634824
462911772 55173830 371871876003524 621917585802396
564622346 691557791 334415887608836 882272325651895
176783155 368907927 715654182205956 215607712954119
816319347 801737564 460114980742090 120286735280906
882195848 132020048 640707932303964 368323293716241
505970768 997255107 961107805254403 229170695691136
93292303 777186874 663822254325129 50141561129996
101441958 352548523 11611665924730 350653563803643
372462812 29862846 152755256746342 138080628556391
530069657 62465293 594905847367453 849868825989755
783956517 136766820 751562728346609 43561229517747
812549229 133761793 242003975621111 933385124609568
911310398 465091028 226618132611910 729057408489121
408619655 509797824 593216486486069 688962598410027
35324571 892807384 561866752564641 540786093510402
793252460 154145698 730554152305444 766207837973245
840078033 834277207 301955612924255 776578359203269
984589248 76205600 979547294267440 179809225941013
741830292 478612826 401937523178748 962054805549307
770337863 170527186 629646770436326 512638153686549
615422905 40896521 780013558376213 883368162692053
41783271 399247985 142609525304050 686385173034429
523059764 468823982 913801756202598 196734921719459
31495843 12559062 519536872962080 123239677061358
302240793 623843761 547415915934157 652476148586198
949066399 2410232 338055825184350 803942059438759
613895070 905477785 374723923431493 579532166586110
907421218 462725105 908633460969399 243591175859978
352610071 297776144 753091962667242 702520311162572
591534478 384515064 166966295939672 273244713911127
433901304 643492574 930204514095866 739486342499088
118469481 993395815 413834886828174 521917223445998
911566294 447700716 500640969235921 329913664011706
266619991 2060214 89186519423173 9509879555664
515315301 158582081 493045834008812 519512148757980
295698204 817628541 610132679560586 455027162920221
593288058 652301320 305711179305958 177192391585701
292407966 810768500 937112657417609 512688760515607
688161801 805748871 482682327211645 396674758083687
940582880 331219573 48343825849230 482295645099549
337143591 835044648 96785796296844 524593259324049
586777094 493968504 696566818199175 880621261715248
681964040 681045875 206798111392273 368788826742197
287632471 297394837 174403478884735 129812658312304
87108609 95584784 980955368768296 239358178004610
440366133 90653702 288134532215715 63714048867359
940898950 979725513 711178623476749 829850288954058
153303334 302382369 68417922648128 146597301980571
877510444 604619397 157372346440989 556885597912444
913564878 940842848 871460802610883 490286352744807
705050535 616747341 295612622845652 260149047742121
743546098 514185051 945453647977142 574913437364514
205682636 328787530 619418671485391 938998253538178
980979573 177483468 33949240142792 329127923195789
151598991 589819844 218325985521355 440789372624472
397323869 981595273 104088483997125 556727086612617
744049413 387865380 4519033222820 996281014232730
284993998 845552781 734623721734296 307576334680341
859347554 156324593 578354944098902 738787419422937
983870988 701455343 636655891662928 446255319109459
223888379 715333845 92857874424573 835894695661253
318489981 761127655 504432135677207 237928369382019
899771972 263628184 14422853806552 869174723264305
780049572 461628111 843216257819451 286660833542917
131100114 527213347 709694121275457 32703554344458
711701030 837364767 565246423284520 307875981283931
9780057 730899070 69869463674805 147145319412835
842665671 643379823 523284671060331 476731757908771
370573230 910769617 904508450421201 94596163608684
663183213 635830392 273955555813040 335189743366432
471581125 40150630 397831825301586 333282894400885
501144859 642951698 971345827647428 33917536471345
731124915 788826788 905819494194452 202747477451758
382281462 831576118 160696996122003 810132037562711
406137261 640308244 352796862360083 829050198608233
289568323 945526012 478041319812393 187131401044146
549367302 205527903 236691953826156 446119372974229
784032869 19549597 384549990913971 110661611984772
116759347 275840076 818181954010459 721261157267780
719164130 279660658 791072492051071 937984438708012
670074057 923818950 466102219681853 447006502602853
156535646 565665522 783350167842551 668878031403563
982471292 680928211 676237091822735 432756565753866
405805982 230692279 453857631732393 439965875207201
159875105 35856285 493075703932140 736718998040418
594621317 437213816 132490798530369 914483266175439
740169132 332848492 722422297988114 105962656387774
616604441 289074191 219955162485387 113741484331286
990986034 170313897 374207558237404 266394930977679
783672447 550505075 694476540163701 425448119576821
58485480 478253019 153445031006793 312972405160037
889476089 21292222 601199674603787 696583939230094
812396833 406349485 776392718655346 807786826489073
367749102 598296872 745268484146296 971802062945313
970632274 433175525 592191140099991 522272853821955
758628065 106869001 863655845390090 27908404812559
835432208 688201069 600941135492626 721411946747276
207334263 543313114 787085045193518 162337713543639
250641935 672952397 546489343559265 891965107122844
15053429 267749939 180955998572399 140940419632411
31076388 351235757 116720899091487 614584285624676
714165950 822627789 970275415682682 472644121391771
632770628 567387095 336051835210506 51842884136756
877390680 102054272 816012670265116 974434289105207
635095426 367527986 404534488936190 390618574622333
605504872 540975686 317699295228992 736161663289584
928357651 697475399 638087137170423 863683591360206
328264752 343036981 367748066174197 878623942675175
151437388 706036671 402964828450322 420098473635034
116181271 908241543 925975236732006 412385071788379
464449186 91387234 292545196568971 146611183727216
817752992 407627157 418183840514527 509018206044078
418923944 561167640 149275179309759 79613758733952
648152944 501338326 341310777129165 573964969677408
897727251 873303275 958266594637355 636662262353180
961501260 627486948 732738134948029 118699405682450
635240120 337083906 273487950653547 715883276435315
843197464 117683575 400294916631899 507440946472067
511109260 878203558 168611938137658 423263656190935
779055832 127125862 372696865425012 494375498982037
526928034 513957952 291783921175671 69767329906103
148848817 549468332 385120321044468 452365415936583
329610031 596045144 726069767817245 224147601526180
108974056 720792160 221108755180008 430772737648060
84689032 170555798 385271439998537 869752426109263
463546081 844217019 131889521864827 814172422527026
178781986 874909123 984573672686648 788881072141192
623515680 256349461 72512185230332 708933918357002
187380112 385131464 257722525054789 397145823528000
879270986 918665703 81356934365397 119740309456070
784948359 84450989 6304124404974 233197307662472
297004580 657355977 716625727764372 240841786714885
299912925 602549403 850724384961231 476692353598094
489087634 972861556 166599211971813 354291785660552
28009860 985733850 698600625055395 37540037456294
734227608 798846657 517189583645077 89987030740527
806303122 244727762 997971374861897 927039871887933
46158683 305648295 759247015334544 133391109441019
717659196 390843148 593199723399101 952685413561830
618372640 40781888 565314934505699 286215982938893
698032853 563448113 192898666211610 436642015372113
807280715 342697667 452668740018618 791817086341541
464176338 436380681 465673129117853 57715468340814
889461600 336248970 211869339666017 28381935247139
328717257 498624125 923404463367332 667258396026829
137517828 828952332 275716006440006 283849496744456
939457900 934929044 481156293135273 400449192426976
499217660 230673123 826049092076788 913484406323700
256230289 360720761 491998033536075 503277828146102
311538988 765556679 511215012150808 372472487448489
265012781 296712562 948036629919045 858957590387105
135661464 942115984 141492848527743 297709353581830
547643219 826269161 402993333857652 180335216284944
861539430 271964983 921327369479445 513846468896012
863113529 47747942 806433140337620 981216096225429
326196696 648639188 992103106798311 219485015485403
164844082 359517073 746981032740738 47836619000799
522893397 473194912 717459646738720 542586064502452
103929524 81357108 632245306349499 325521810965439
287006817 771783411 983755682439695 290939285511160
158398290 315951158 500707886087130 954894632446503
447239839 524378950 309059922211870 400633963649830
203561154 306099616 375967616443229 475687863719461
961280981 56159794 811632585529820 919147292751073
859243479 455251355 475881339950560 37959411041259
248901863 434783854 913120850674163 806728635615975
449997702 886361967 593419740723999 208685934238921
684887257 691852243 25282593054513 123754396823577
390366437 553848196 671520317252343 364046776909616
456297681 70551387 594207984939138 737279030767736
540158246 540716388 806934961196388 360771060745904
326051346 765008156 299513117460723 800463446530341
263545760 681962422 647300297962116 743468755031034
336292864 23803473 373689101965232 684292927422560
538936261 57516099 730509696404113 426575218627806
221054498 69420881 920784347213829 580931812560265
153111852 103904755 556340809012714 746471415303244
379347482 346672533 305102361252192 492499727253794
141246855 671821520 741558352815370 508400883554902
235495854 750375861 755701604446028 394465416838345
225090221 895578626 454913498128526 913101776946220
122959554 311364457 478864644520311 113338327518017
242281616 998966224 100471461597490 742516272823325
653959515 959809419 946907652662188 881995139278953
740384583 742792100 247919667849171 539001694726556
541140380 454115859 993131612581336 54247858669890
285602564 244038150 416802764457325 819750050476344
239681995 744624666 346963004763144 372109656990700
680648222 35410079 562922340746013 398506664557729
754110540 71065559 737885231681128 349107252033449
799826696 921305142 723437416299040 634738837799592
17936292 229236899 679645508479300 709321268761815
620328534 240844469 259967112186834 415732088016703
449251958 697161975 377413473041674 875590145303801
733350590 182180645 193137595967919 726163343362932
642628488 126173292 299411468582469 156236437926574
886994195 327372205 706413024058708 900888946754937
605711294 75261369 913768435932579 681869724299704
627852363 519206806 463084266197117 776889813055646
241970717 762060472 562169777147887 403917823215349
900939129 210987848 735001204331783 874428431750484
391539144 979607136 564731503236630 544111158349928
373194195 933353549 322113349790958 137374915414316
580265989 293220555 306072308974885 4452656196912
894819500 461192012 227085589205584 48812795053781
596936248 2076977 850750130540104 393481065940366
421028730 117596686 285626751893352 617453259099680
69805030 612005354 663983725332171 51571282498274
625919953 219974524 611326834718354 177748756100093
717131442 975284335 996349455462428 229911666632621
968783204 901482398 905219620883020 372521010915966
676624994 408094040 521529580519367 423219056261008
439214090 681479068 127383364412722 807142314903763
140212955 4868702 912537362900855 45139707305803
1249718 147643328 198214321426944 894591995482956
193393183 777564249 655144792317178 504463951539390
647260284 887910257 633013719303060 253640264155994
284830805 421557058 865792092250685 580879012292330
846545554 539771704 835598628084968 74006078951308
9643968 464022577 283498613951819 332509588559344
560377932 952948414 920236868548891 124771111351189
883388613 963847008 867788159701073 491999086988047
388722205 332778699 682093907211111 413465455114307
842706921 432994341 903139298673051 13525862574249
216745116 744371527 202899179908907 66653372464009
897678799 254509306 239856536576919 460932877298238
820351612 807010107 722599254564834 544912131962997
185774397 954236792 677373941640401 281994337528942
340526737 353923280 229384145424681 169396660113209
720712471 531059799 270286569525236 601003640550650
817045969 265545039 340763473735356 386891477159206
629428834 383828334 249185888027598 75876232395459
799853904 446863646 334509785713785 600083028178091
510549058 426916792 302211137784652 299098326576585
753770562 199090120 751705439170138 488674316911961
500654075 223097676 943806300978553 161941309390636
149869051 507972596 348820002918526 149388876186593
577864946 477598563 914372207005058 719326989805869
347609073 214361964 507243732676384 386835376554516
838845612 32344149 791140474278580 497279312688940
200785848 398390039 74977365364380 145551296669409
432944844 23034779 532454587764859 141744958295467
163340036 591344894 923051388388209 288466130187865
192007961 754571725 961508369514083 640961571598921
111206313 174538313 761387041831481 490542488754604
824787829 71892644 133328007925786 194310079714247
385797533 774868290 950328848695217 371091238037292
507570150 509555960 857708272614763 925592463512069
836065012 729621840 3142948636854 599116292647497
65587855 659039427 379825177430595 803774980064772
88660450 36038908 853336561465925 293070173842323
728290230 235856667 620461246877359 539197462677989
353374395 724941807 896079797170554 715989080799419
810868160 648894010 964543026233052 527938196144359
5628405 187609841 307695529282448 948732157176976
549808431 726342009 709548574323476 111098380623724
517216804 35398123 478331628121574 460560103339781
714924714 216302928 268080107761606 490777738474228
993577468 366156772 700336761179640 178007708329256
83359476 17374038 106871730204030 836021765630496
848318546 564506374 704679238007137 564884518168876
516316403 667110982 994086784278760 838712009448623
642883098 612387482 222216876465630 604697976169055
291156394 836621303 851168143508176 242083234419587
958402152 832418054 940577976406348 791837828752692
137110077 447997282 699297956960292 264198294163612
716043378 404532693 650832177633704 661504766903097
277978611 676152479 78500271585775 357176351872794
471929228 184874415 105102179693838 186318667928352
687008814 732980455 835880485985630 74172358193982
8101674 101336667 205175424754106 767356262971578
480454772 165031570 22339983678398 519173018452585
313767649 928538307 729299107145225 530343856237814
427761256 948657945 316814347401851 465619869334299
485971045 602970351 415040300734583 923701686584805
5123537 119027476 147466713199394 212566712808692
595790730 25635336 639773679101857 571961851461304
907295377 875361340 430050412215134 298621552373941
824838214 275876438 854340658029124 719090220875711
746078382 166716778 335806191914238 432797350404158
52282541 547154241 953431176527675 901146388325995
39204428 793859221 950993826688492 123880361881232
882559731 890947922 888704441771396 380647661178188
474667951 979026135 741634253109302 309240125982668
939595117 396414514 697412087919675 180091395822610
336760125 949160039 440329026298377 195914904281394
176888463 565316266 263392264948380 605841966442383
570200440 745555615 326738048976304 767674865860898
429631726 151684768 972431816069124 532375192816051
913296135 907859959 252025079277976 833144575444765
968820542 700769567 217420550306799 813232787675534
330713774 538011655 157304789846093 963351401853892
825060948 443122254 625201967848954 426288000293712
136675152 265729415 494392815687805 810997584064726
381158180 267577206 181941299930594 545544603811915
738989555 530690641 520572886340852 334060359375157
592562883 986111232 604080819907458 181468841733870
988501947 40355677 537855085249693 78267805778145
858351717 137530996 28656147396312 59459756280523
250196460 32003780 82900047676039 983043544300794
513660767 237041275 288241182246912 389202330598545
19427308 170271165 895203094169052 366648732183490
451562277 379306717 366875607818038 927949429651986
919679294 730531489 192162332010986 518399593512088
92888908 669952130 407623380468951 792484630679101
690882951 607387369 740971273254429 915000283740156
242674056 802627443 414317772263775 201372123177251
195785867 897343278 617335791838722 594378963879824
671221166 150455001 820355201119596 847478782787573
422114351 667029799 59230957924677 551237122358804
917733298 329933052 544530377671096 92960501818627
270985336 18733485 340007963857842 444721190199145
184440745 610833220 833523009793826 140569267699646
797079946 501848250 570286113379639 516910825613454
862422983 347491387 500431953864357 967102203083958
697749930 462044005 851746424820191 954345561266085
234646625 13451656 33065254455646 183394159480220
315607867 446610406 773993272820184 417218201793518
990120427 900584948 331933914298505 712238394388800
359511235 923975575 411049771385197 862942740698570
638129402 605554536 680743778147715 227010287877011
679973606 455857392 399892978964747 773842643300024
535813698 897512172 720005174505928 580087911554469
844959849 131019145 178128096216383 18714404737369
24689304 216359592 968532702676726 221879286951335
137341999 450234395 834166892363445 215104266549615
117689584 952941029 768895718788807 129834073272040
177285438 601526910 821133501366842 740364497572825
44103775 285732108 700333820076826 609668261272027
594604730 400463787 861028917762233 13012504807064
870640665 569689510 952607335763434 870836730520591
114578920 433338810 208761844571969 369017722550477
759470451 464837721 738626843103572 820198667339828
935193643 571277796 985141998636796 117796729019063
329058786 505357040 413406295371668 313686555659804
70903562 770849922 365788555969848 440246526766520
236262137 508183634 366660154602247 460361874199222
390319143 673071883 300745893006178 563089580526672
316776557 952972425 623075539285546 556257236111379
995111751 114132505 514937033023236 766430376522271
142772755 839314108 903687327787928 44672788784484
147582544 217953635 733273175718349 740556467078118
261201887 396258100 559751175529999 394173964820218
20207941 257656771 78374556604809 278968385329030
619331046 589888857 515364860223595 977070244806212
260913227 453900080 803956027836452 21519853566975
109941340 956964277 875450894304680 641687663854035
840126887 652850372 92586856080298 664778092953969
480232855 291327471 485771775113443 538756911492440
359060412 873458871 627135591147081 783591753728285
493119497 303846608 787713392303448 417698305331619
50483984 669616737 163402952420940 506719159084387
752843848 28673601 964135989190244 383250911024293
584747591 168271419 338130937431584 876661321937348
714751752 696368970 381376896595844 549772120504686
626806310 536608221 694628021349458 78412319984353
164962590 304883732 545285974686803 781527043057711
530326417 593199616 986040321448846 517660232269434
586526079 908364774 354820064895119 199225606682168
166531468 347791996 820287292887713 666780763360111
439671614 154327850 68880749969428 514213361348089
583828284 152582219 229141050940535 600922161293761
827169168 129014633 828033914726110 696626004711172
565848038 896492419 214813263779869 409149565260433
965702602 428881738 624335447038218 769758550752777
755389677 247309150 123193375506622 344929687980063
651290465 670995093 315505349384916 761888052149463
116247511 541215285 234738372064680 30046417903051
569637864 601703989 402574252259481 642272250036833
363304521 688636799 224189130949192 703008465158166
429258004 521882672 272775703760598 539000093268662
345329157 272996822 194268012389929 744275971194016
656094394 651854256 893243110478375 194626996827910
423868146 342280434 644152169143544 854458895321642
58084047 831383806 87485288863560 131491388814754
639180051 152163242 460560119670402 12321648808085
858922342 556974464 765233209416469 981361557678587
663873677 44350457 165528119889587 879101583700193
585471156 184714689 84797839477389 604218564453538
709796261 663966454 426900820981143 881382356978990
105709326 831278952 768065613548234 345381174491974
538645695 456089818 216171143632732 325004181196989
175338729 358058815 396755991396617 90088965378232
503303775 505873661 97085721318477 38957448951791
127774936 677013805 408949131123367 965966851513577
374542122 532117976 739405570701528 262992978368579
857832848 785612347 846016661787937 735195838952681
453530085 214786307 756213224457608 312310985566299
895077863 694338194 766852844668435 64460256940777
6139764 371299128 320445875336970 326725521999863
41291983 177722745 413903186764601 400545845632569
669287643 613517901 740860971552299 904101366466551
434988894 500395355 617779552553583 697711007380298
249699135 387036988 579887588825047 7346181419613
359600841 792622526 490609790978484 294573735685036
369851365 760676382 482855267382555 678158978290247
418701923 629913932 45396304439074 476993470653968
792231985 624591402 451579822187298 677759267093496
586258337 479316941 105456241060086 502103735012933
233947047 30723002 721138897470267 577239949530319
910218265 581973545 246759578426766 514544627246398
602433005 165365829 471590897918672 731690847673165
53777789 166330986 775780385612645 211859788253450
187966150 239168613 127066986316655 695134366199571
439145891 225122231 567464819192087 771788978896089
14523926 535251922 439711600321221 104006361569504
363353216 856769113 591794284600674 676882295714045
116729316 494525284 981669207343773 364622849970838
875580455 280874425 987816908269346 147067161496293
550601298 273619732 999691229507812 21951113629493
581782222 14388319 339557615910227 269298001177891
255857062 512373242 10411596025766 667605123171037
864269512 927079924 466396730476307 965120324616038
132226628 568876623 196198390471953 625787542989519
603765899 441539903 300621702048668 919587371153023
930177200 375525739 897920072203121 169577870726508
342403242 485698602 594811471534669 461882099211359
736440207 252616647 66674542278961 448318521256500
103006682 101288894 369422266258080 463015582504983
43029414 748643580 448308035016927 611857364038087
622579441 147599393 133569795943476 19441776801238
498122713 302655425 233606706698536 415488613785062
819514593 945268382 615143154949828 301895120531181
269085485 700875247 449183713721559 200147434393969
657304769 699052445 463398739479085 559835964748237
988792517 156144256 624083307107033 30452805314666
308562883 123643557 485946730806892 207142919760390
875302887 648815499 529625496354362 827174963806192
943851326 211570784 289703009371036 409324166187080
881013751 96784456 981296149642792 870260908932675
396753572 832168598 621172497801723 412064885131877
711192697 413824273 861611938215407 543369097173702
491032460 201369136 542110336248292 833401251529549
951652627 451233630 479543063426299 893955404752375
330815912 552516406 817795779967957 264828447171344
325405064 773712327 739324216262360 821740706140535
180321487 585106640 247523486552170 298185785327326
745376701 171148804 735518418326323 899746894133256
547655411 480606023 185383831404639 637578985052425
155978678 969253103 350228513846745 698766572021129
257292331 927017988 226217176976529 378865852721409
772687769 699257984 342499940546230 701204023533307
855725225 742452111 851036836734460 406178468930389
207399337 624474064 935911349549527 337492800219774
279914692 27827089 413135726196158 302102453813688
458441803 351982870 405092126605160 940704950228820
77495022 16157906 248617751487761 430584370301688
741070339 163641259 796326636153782 582714863338972
895425470 159381306 582756218004820 111768055962375
419560311 654218248 457071703854892 505728288829334
659903975 78503890 306247186315266 629570985814774
173440874 851131334 148242235993689 706145009708837
742182973 706592451 374532313003704 96644513929460
126712001 59748252 403441164093927 186712975214663
635332022 51759957 102017368988466 648558708666450
241977472 639533412 455104341337764 119970466164701
226039653 877967345 302464983271245 981239661818241
593440205 174724117 705843779523965 217374031123433
636414592 206451230 417936790490374 389474390481425
359077355 801678793 750863390178172 676158202684298
781435994 372709510 88969794795128 494678132157619
143130175 708926392 848052852709840 32869199468289
64937065 480916722 878219525606881 133766895417655
540842573 767409210 63191689696709 934101099149230
944367169 397067849 238786665915804 51066162078862
661555131 424641224 672811363909831 166392867907602
854046101 86504083 637482134560807 643581488951496
416363596 732222458 946811794169954 106446141270990
670970940 708805883 657518214068254 739206763578646
397579749 600313225 114852121769540 619476286631842
833770025 11685831 1612637161533 995866490303944
911764619 102767693 348394769532984 136823561261422
442381168 921292897 673791595991906 632294110317646
78611041 510507071 689142714673195 742801321306163
911148615 136975186 970579627805831 370948630138682
317257133 96416887 117137692490794 455665665870866
329138945 394771008 570484751097547 779027355535931
164141267 824201007 491453742040673 590726942678602
272641044 168310262 365575327561064 109596267107875
819847256 165635517 335079930227997 704485178151229
623857684 522058332 799138871067581 794348003647713
80794336 802481307 838019807118026 530362158706795
673650101 109688441 110315610787141 444937037297031
425076527 802994018 269356985650676 417857538959476
817016779 335699575 423883277266333 363738384712772
105430570 866057418 161608236683593 208284068695834
286785356 176589214 352649651413122 990991454268010
814599893 735171754 539967352050580 441596496374587
679110476 90449495 784091382172111 207396675943016
223863894 508563965 430535638181826 259915419319514
422728446 116979753 344513660222849 209395408552911
349044208 216325338 49279774520544 749435174880534
973361081 74700223 478892184127414 121498208967504
225312520 646579834 428393116876315 656200209731120
665500400 913609951 697779901772969 585349768995515
269419811 507985717 591482893200061 183096417399689
917308472 519871091 826405708552375 571702219444481
428539877 118995588 952459199516213 745513442584992
614602564 331069059 630713880647772 293579252185650
975894802 11349759 875467222609935 311215680013847
26692075 561132600 552428579942453 363751324882815
222366351 36310111 500758793442294 352333282379694
490788896 808114649 450440214265086 457440041668408
257737825 615473532 971733959786937 71873980636741
44599800 673906897 906383824618388 401895662337230
231092908 306254928 854111132863810 663554909729501
831079847 71999398 677732226676980 502294658676945
933867444 811451889 288782268325535 209361164152727
42914177 318089730 30451735857722 849029843050737
819593182 60562073 286643781663228 195228995078067
447682044 510395053 640003440288930 521418336493568
423481775 96308641 229509811210150 935232629931921
703035308 291391887 895791433317768 910184392373742
319452619 419100033 927245536140297 291073559950514
768857413 266201522 590537994050155 432936964030410
440746230 10318288 5057052262322 175131948557750
519256987 154215741 328424744409317 505909637988295
38114325 127286601 493509701711692 305634081339999
508335012 547332985 923871072401075 172945860257075
136306221 461159875 756589296896934 388223601527691
899121780 563721423 509786050075059 452897076630656
290817634 211048503 292763341099434 226818023549757
838682943 660142279 893722426251231 935564933459775
806196216 150179517 950660983108198 624055622216852
418884954 804451337 938958422392662 394675315514399
470459476 594683022 851517481890567 959372451376082
432696377 587434591 706661964832339 449217621020401
561439995 514309122 198606801255639 640190516336213
449421681 951118512 845928546847539 239530607349926
184818577 545099922 579752102159685 815529974477472
922886326 443628293 862440803839090 415950335903567
108286426 839249622 257139726317021 605574154315858
229063644 465815174 718133966422189 372215711792667
599387068 276776071 156038215414859 642864694003756
50002649 982346109 218424732133025 475097342963035
397386041 306660478 801286097087067 284145891349518
586030017 705783122 766210889196841 349208253465215
332192376 141730994 227156250619387 183040969557754
620894408 561297036 464110943433539 609624036648985
908766653 357218877 494627434752310 664364490792206
614256707 496828117 130991020539915 739731984158169
286372715 134342998 432770860261945 555911017585549
235857574 567528693 180013064829629 937051462021263
690651656 465266007 367480000774993 673218226264278
377252998 887543509 517833493011126 102045240746540
766754872 407067832 744597728535274 346552922293354
648597655 544342396 910898171127666 942992665170367
70981823 304019217 212698102303633 731903541096170
602260910 590610709 340001872068750 337704846005115
301110914 587884826 410318389347314 841358344819221
701500607 464916710 219035328341447 215374408820911
749484678 836237485 429271665202905 396022246217933
297753823 862971737 289371964522232 669221001922507
600812015 241819330 48393142082356 819635288958738
437510978 16870902 891717075837983 133204902618209
179495426 651600754 115730028559374 69582504698373
818885949 516416869 764514248287576 763509446932256
360088098 797801972 743391911051413 541692363569125
817444420 438196080 965254369841887 427999328863705
660690901 700747425 635081675822100 455268266125332
300104172 199844606 261662700094737 362572501707645
331758271 806251762 292259709914616 524650640247569
774947817 178500120 182792165975146 839562814087197
41262244 102934912 173642486905294 938670991710847
809589776 851853799 227314080444808 780382433853672
387410282 943406594 939176601935682 2877984340252
807603797 242400435 384807811730725 736870958340143
255270676 225335121 119658605464096 196915773504201
413482701 84232677 873709321551904 302727137797475
203244999 652642151 29195561062998 827825730694280
579217324 586167300 333406455661428 717173623678228
511484359 80593243 227379169682415 509073712831608
442663239 919280826 711916760139838 709182276540659
215546234 886870373 382650860341016 144912562627033
271873554 512704719 841286729154490 961706083307472
814829411 44976351 693303290963999 290906415817998
376608418 914788908 419748428653381 418418581335452
726979111 848417857 472266009075566 789386353305493
356983723 766821849 706593986788443 382345840604007
109195914 787837731 413614617737619 75532734712848
570954754 818201598 939212376599706 291167586109281
778438514 538782270 948984625135418 691514468539966
208739995 241990117 976121063781820 944388411669724
151626210 777474410 269900711492911 90423678884609
698405003 746130933 257099678515616 660829895367752
890315519 810697120 342505498528864 741294569562
599210246 214434231 478862471653953 640410101967668
643735053 319762168 712177014708696 536260894453095
579593057 250397652 810810833928636 765774794208339
16149618 732777643 598754581212869 730968826100330
306089233 216575507 83638800194125 872470875148147
339018161 897664274 509983439845490 950285765079236
213426601 833488735 461294336446033 432991848573319
504278895 11011492 559790647398476 752851376421621
598942942 596455870 110953255897157 648972348509341
8624497 871180027 800854269707232 295178588480669
619503749 389706842 183535548091076 279576624195559
421619098 267576014 164524430859482 399573653152382
486036626 345612667 189334199105676 794030112217014
619991536 731845111 422893933783303 248553970817654
959707418 572697738 975879736876153 885893993868665
124540567 352399470 544527681143379 583157401529224
358175313 998279694 289548407419271 831764905932737
950322132 908704074 916793015506634 54508358563283
963279500 397193650 486922599492307 789931504798271
303474699 770998982 143925738827930 756487574364824
731509824 758987836 715210900765593 650863368226243
777181632 617227833 579756924124686 646849881500727
205191168 804039062 465417768738614 405930748108862
536312728 748419612 338653045496211 129951516517938
602003585 971739336 595872696574247 727919161781440
856009303 398149127 537152803377590 403059099108648
481763480 204382202 67638399149319 415866358031226
889652451 575009459 684088810893603 385442360731353
306670905 974103158 639807380909716 735331719588284
613195839 337245176 145754244122279 565751384054312
421163898 582974627 127573610965418 85181538408950
582001552 623694032 81455548525870 109406957872915
237835405 156563466 249537192997445 591844737829818
714193947 957096785 902797965775812 38898821469883
622925768 806447956 748939665235074 771802043669432
289148228 995887285 37065795552663 235185761368930
159191199 559679049 361405693738141 269741421556671
366642831 964257621 918919559901682 991339406686311
911354536 807507409 999931917692660 778774408581826
518266785 542562472 468273371509826 855960326359627
951127957 903679478 579271311253505 184422188733647
685926463 288460616 36652504226837 439374609141422
200669500 440520159 93293064328291 748563717585689
253289036 578596589 370088199894293 767430030281810
957105553 389081045 380542656180437 689005179794414
319537103 23929966 908606237429519 264565840362261
63079594 481008449 597942255845939 145053627425472
125771498 915788230 772524280972785 869241679793146
730053817 293996715 476495365555580 802981827553312
298544611 677659148 813584989604295 118194558234912
939608084 619237307 299540175974346 416991590705597
567952157 977507193 790879600748221 971476710778312
918407984 330415418 12769717335642 278101328894568
295354655 461387109 316245044399391 85646590785107
709929120 50702097 127981753994 133047243260434
323618443 323767881 990409255786842 412536785684544
428167449 885160008 296135088676308 270374948881867
86865447 936348605 920711389076475 261047146439217
175066480 117197064 895625377001943 262747512336324
534111958 983302267 332097260659119 477786050835430
231678106 890406553 873311388063822 884815429728077
825559967 585871449 567612537158465 477628632358464
725260202 790796131 195752046690070 336630223472855
501078436 201328721 60821223687582 745721682754366
382394838 823522543 112328547091499 23009010273778
219657259 654269564 869232200413650 412780679144962
866602609 629777382 181938811289002 124291955619150
847632023 118456337 174527658478859 746757970330315
529771248 518460944 391922963628495 10999967922877
919967343 88045930 699942451742868 988640109807355
402272489 552605782 739951990157048 795942443151151
420901717 874322942 696063894536667 293616690512146
412058638 762550976 561188598952864 530009918570675
312348943 121205351 384837079550571 659239318315185
559904309 585809526 749888091264611 997575915340412
201002369 810940509 433617368608753 868357484756631
551252307 892379585 123397065440767 699489313895641
486125743 500091064 987831811720250 713511600563366
741923195 522418186 647607372953936 781672952597818
834030270 750073713 147985746683186 309042098738654
970383075 462371289 922327856613203 951159705681456
390578675 927955872 989412256990438 512321053087327
585384926 830432982 867189206736675 55796590952301
224069810 161217918 324638005490050 808934848492395
382316257 491096011 692525311801341 311359595107775
197522815 416910947 132499564551506 182050012482400
507223170 386886815 734485681656127 794326425672472
865210112 378003144 492443545609924 727176645809601
665737075 144532571 879881101736548 870043608745608
110023160 181689926 193592410693731 661701190609709
809398923 683094824 682449137589000 372323471717440
146713420 61789076 147108512225500 36660435963237
575668924 616233550 46518438968041 494609468763537
114613248 583755403 805888222061308 322597047873354
724092701 129373749 708988286159331 34544108302569
690901305 581399589 965398954188207 770554704788699
125636320 81075815 801898034882547 10031216916955
327136316 970046585 160255369985026 173879415448378
179705180 663267211 784621535358260 626464930924823
763608685 338921663 996125225372961 826442043005095
80224771 585590122 458054392574436 623762250689645
581575505 515508049 805607809909849 408368047056002
967427179 62856428 83185953609310 204493889832654
288327307 487233447 281711770599701 1303286228812
107234889 17767451 71257447549728 537360405616714
540957153 204765785 815282405971683 906228357178022
841625969 88740383 977519747569862 652240275703313
564274999 586952479 944669130495344 803570333040975
743759830 602006847 719633502857228 966380115354229
530598545 218611923 29115686359175 334975918874409
627923855 518636261 926909210053071 176041858725093
752207381 693255533 564827014866965 588438531215668
383101646 540436377 655354636189451 323292193554931
951421446 540224006 197074584064039 299635421031825
910760938 567311108 409153518829790 946282849145678
391508169 12104405 185031285119209 470226267165567
114640725 710564333 576702606887042 64612016324552
308662498 567290675 174859971786407 880769810477920
849020326 761201726 860504569878358 478200529744720
969310967 642421145 955886453524943 69848851928756
628980111 227273984 518762059562709 701008081843960
144236491 335995808 21111426868972 710789837793307
118142439 471625818 32257221322908 786482362218735
639897667 93011455 153063718379180 667350000237398
742834081 292716949 119908075626087 215720597410950
752315235 400208528 542301037151706 670365654062406
433296849 108776729 122946198524435 279255128726062
440838737 33055306 485327117991267 49671750464490
852871085 187575920 250988141045149 413775822215031
641284688 187098439 87538655001172 518835058087524
260801672 345210945 163751978840864 425941856755474
802993861 980511423 239528823164377 275334558549236
337541080 250739797 648291672003802 283708291420367
934686005 231508746 302959575346495 4906658355450
425768752 70162325 854852446612774 676339737731487
321920323 841890209 879886386100721 134426699760888
25415750 230544393 537172807052930 801939966813074
913537205 563033372 275811470723454 539382960233613
32885486 315490521 3298040931210 385782662630873
61488495 242456884 88478521290128 641539246840953
889911068 979645007 375534814263035 865831520175299
341117302 607109825 730537742793718 371782597980830
57879268 423175634 760185841449904 247472516620739
860976365 189417916 864265793869466 224036125787644
869402748 739600363 99846115570854 437113579993960
324267547 249226045 638278177567626 165526028582580
78893623 37850691 18600724110587 730845698583906
354859362 681924990 994638189159666 455126623882758
334065291 251456418 607137080389610 46219829485699
686154567 579455445 18149530968351 844792799295057
620554252 644885488 563483786031311 911055817396922
969718896 907740348 282146680670844 110251152970520
738490222 259602999 739526288929576 879058397568793
770243488 728690636 848641163802520 979738675781883
560640389 686608542 522032026821265 792600377492943
199060924 817873341 283581700373277 860636212807097
783335239 337555054 760625937943239 876349113201709
675279817 836559974 218190193241050 419711394420788
289264072 145886735 961795232915365 652061146139813
4862187 50016450 827938621746361 825731089770603
603084347 374107403 706550078178601 879819835141829
130589286 58456296 585835186484424 720701026043776
373105655 581447689 369882709776238 130865408327487
144200607 342925329 883219994597171 390830587957171
213948015 154849491 972854228972210 814675954348003
821215259 694457493 373529935399751 332695231835237
884925751 164761168 559434244848465 579409949312930
122922877 634348525 737678240380016 836091862639125
854566405 404736649 171809103701447 174911096826508
240535435 874238129 436254515145274 69386484995685
583427757 145315494 969111481335473 314759024943570
332593194 285024922 134116575494227 650212381759509
363434787 123966193 318062654517963 521099937981380
824144220 139701888 747675859439238 593710475011845
424399740 155040465 482228860491507 82245343927251
429133640 677706845 90720936949953 167386782940215
497333739 526987471 680300935098403 281083757015695
450174001 986892103 963646422005519 301879254274505
436073159 624182420 662607989046138 454345904706984
45241981 210104696 814752977231261 73697008888574
555707523 588612840 217298735052339 726671875653616
1983150 894051401 665664547202232 735035871173685
624015284 435228084 626229384111531 573319520076118
232141163 998494770 46822001275084 796050685252335
580551950 468028927 796034499518302 89663409391340
71471479 109508298 785528868215397 17431315275212
149994341 808650739 445649488072937 923522451448545
46952376 482336460 498039447483953 388533101966478
707101103 423923417 226407559137288 225962560033927
206377264 265116175 174347279621371 170518134734868
660748544 995551511 841911285267097 843167617896525
585729798 500318604 89778428212145 114062059987550
532474508 743698488 613646107381398 582526518740933
21310077 922610011 724834774348638 733208555454095
724415400 803354852 385532206719518 437854604194206
39489275 536775349 658367701446959 82723520970981
48335304 640895714 759437685183340 176840577733033
636744706 981532658 57425918273137 118239988803266
601252992 529496860 240909779634397 861517126271191
37870905 717929099 718306254993552 213399037363877
445397382 733294490 113042408536301 391082728371512
479181924 710182680 688468362035481 42451700176944
373306030 878798213 791807059980857 231306589751805
696727398 315646802 202258460300728 320729129024547
828125164 176178981 678721153377150 406802235443062
446174789 252033042 577497494835257 901738520069214
412882773 765038562 322153487885207 561578592791316
348482853 910645071 607918711641738 316884685650915
374647581 804419654 705339694807426 570338132602727
586649674 534766115 876973568107190 895237645184721
392105369 414530552 66025700582491 564101075162144
853653529 100113093 633492035963626 306438154695272
391048509 130680769 588220536496990 282703406720527
835443479 240195215 177137511057779 442558534790411
711724190 911444361 452806738935272 211351074359076
650119144 369746937 987829501887677 376606314143288
840997488 584898138 41318113528693 76105329063537
634037072 795975835 605059800127317 582451993372304
388293000 650882651 813906991725474 329588375607334
646891061 562788141 409567474489319 792456149094357
877323482 443570389 365556890902060 191226313588114
335391642 781163401 395072793747775 851756988175590
3129211 169688113 76132534266606 139847901310248
491507876 621793447 628659738384971 795033960999364
151427743 365330935 871347911412198 364874001148534
382895767 991697056 453224732048918 190758109676431
352015770 207082192 264981257509680 15907126820399
619416280 916245675 536949973820365 385053352009864
421866467 795315332 257461103001352 606483455344161
187556076 938424609 137195206379197 888115883675664
647206667 350772219 622528061857227 910560110761278
644593783 923348859 161291310173778 361146831714983
338787530 978202942 27986945994742 185042271374231
595044670 151784018 402234788812313 900522239437293
982242033 594440566 675057862559268 742918786387547
776796964 835439965 869454343927230 715745366020259
387584888 411778795 981727956914451 372625193039835
574647343 892046709 162626261010702 723787852796585
148996720 119725829 891569613121950 105712796833672
91658371 366456980 982801562777588 145684347456769
787248657 111633486 995655214749891 862787457612274
628229733 468272593 158927747137151 382724059897290
804769965 309273197 199650655051678 281935399481546
368388664 33534820 505631079953625 200045337553989
24141497 791219755 136654422261611 225214133476064
965849730 33489063 900958227224400 460586885132498
802701514 919505777 300716577636743 837412057181221
1619943 828689938 889310049439312 751278852209906
961284500 585812295 183496966193007 407267187897768
108814124 647806269 860608599373414 782922774528838
411836396 333349845 866350188178110 34589154323868
414576948 860804321 657071644059710 267094544457614
471737030 11779684 477128429802802 131927724291920
111010565 60003030 136169351233701 93508137688746
38278967 227731293 929690026768550 194237157387060
985827779 881363477 63668286466183 893726162241179
824961651 707353161 437009610506008 226602694696666
210696371 676595894 598700613999856 804165690826369
417645519 924383182 366502677858980 738603271367921
832581944 240886258 243621523437325 316295249016478
780298943 256839095 777897743957382 476227649944907
540888280 1725986 765810756400172 829112223150161
