1000
52388043 581866550 742935922718161 524278235720628
496258544 141144053 727770114341831 691823249597259
506277563 309915373 737569297691805 391618374492595
966328824 532425326 845105507425530 78764134585825
730475260 357854816 148784690778288 3225602153220
801565926 187669640 827736839882235 286328953931204
883761630 295269827 675287438504128 334331762088323
347777112 536127816 810266413190608 989785568634269
495068239 48307176 31533784143396 854747234044585
126604 864802639 90748569033248 699314252294071
788096478 50954050 107687950320850 700801299869585
592509024 631444703 482975036933937 745107929605628
702090936 161299426 722578014989152 488744982873334
472400212 424080348 321702796152810 24732250573303
235325356 89359740 421156726737669 656735136131890
562620293 20430792 3340445070801 994315564053714
320336938 273187682 748377184984984 181649607364159
550395826 966413765 858579688417549 114464022538072
736276543 858915462 741320692664207 615925791477177
245385531 660602005 764410383364196 105773267200500
324717210 40318331 525194885114880 256359859004633
933946396 302891676 767156321489213 327904834811055
800460425 187939444 277596038064290 540458452947578
797247221 88437211 461552769087391 486570405107509
370409979 321274691 971604023489484 447959012901143
655843588 67684342 386925629988399 436246237274320
87728511 244918618 753158788793972 921387655982794
886476840 680329774 288566163043892 573197596493930
438083650 288335820 468923158791217 281046218708301
717291742 613415271 6509684969366 156561635890317
590094356 368725836 165628710085432 334419969675772
42888775 352696354 386030998094041 482196105249638
247661923 1544747 203868261471329 353220287106512
197175328 68388483 750496319819557 72787384775357
806610750 291127390 424696087489315 652366350509413
283765959 174371915 460084211914305 611154064967677
17076050 343777653 650576364045714 25961115111668
242878780 77755102 223731080900754 210238292285489
432283118 132206243 808574899827815 228318893640792
359233308 747640125 769560232976160 224314830262276
962445826 304696508 783199954445047 21635629645579
502668454 340018699 622958817063312 833478431087551
862429467 889616945 529613555810106 479658077316137
396606650 26847628 259863093866026 291873069109070
777618280 575375637 683810286330308 543966837109356
985878740 495742368 722061223000532 945149570731579
176431543 818113818 374681935427022 186911801476141
437181204 875527627 972769430519828 34225759925168
98134903 897358228 392721865875758 676745850371944
503106104 716697391 464373848251152 728538494351991
430597815 925230964 106384302025817 333219843423671
313383838 860903056 91114322869136 208064791225597
277181476 860832589 502423188761191 305979104474197
287441734 986616910 172762963906810 63072220652874
6042382 506978641 403477891571982 751029740411932
217541582 164713069 747579062825300 888945006380297
100024163 592671571 157507523604645 227810870188423
416870516 102726287 971011961110853 263269461609861
671222193 591955654 585809649482785 845033141396655
11154198 247544823 236136340053011 204169015619497
67737895 580548796 262592073371930 104606271730000
899323444 711913352 102573289700260 471138447354878
153104276 919143399 994597126262727 378199746614981
291307243 753624515 103669264703617 841796085250736
276386149 50661531 608128418829052 630458929543175
934316794 561340619 204727260510670 691433067983753
831818666 922644680 17416089557042 658688984935345
441476288 960005731 900229932961106 230325604464115
976825361 124051459 460129777903486 312620798714877
591232315 825120749 828435933323124 828764384940281
581056232 566159741 187936523697048 325427759142599
153408010 518803564 413686863305530 402107816749893
261149470 510715913 323687920249301 554828606989704
138267499 967380610 333057489287755 739562216942370
43488834 182147610 627067386333739 674366622729564
422538813 524927090 470623752924397 387626287685242
891038849 569238978 146725358247731 124258345314044
693882878 992925214 119143911653896 565525695210200
3866795 701704371 838479057321505 303813522054851
486314188 457754376 453865413365536 153659698957671
536419374 819994176 837331444496077 664488722238636
249768295 101250644 980172860528733 918407300289265
998440728 907955547 101443655269294 928338248270928
120813356 461728452 130281491249286 96048457838559
432164376 74398360 477294395918808 103964579099884
258687003 899473082 327950663403776 253897645510718
596179069 824362024 938423741583620 907535125893464
417622737 109793337 451193050794451 564475167094711
922202676 510515166 593247984245639 226517556361232
372546189 38322915 629307657603492 817180077549973
982453197 933114156 87582079579736 291728906312495
204191022 855564282 802851192688059 825739346022594
55152758 899798310 496102547495182 997622534219885
143360307 611778146 484284322036221 57230360766409
123655165 986706557 410234792381919 978197162651943
396540856 168408221 949878492592370 919245318185173
240453841 925408644 166173662419361 332338481648215
384675454 181958349 659677027967936 100972252450223
620113409 68704301 47264925705164 384387429178519
280772579 653113012 196574232242733 206882723432386
409771322 960060939 370163270508148 223228030745633
310745317 930543030 880165816072863 416475842648090
486122700 241664593 510515916648018 579984682524880
528979746 48018132 264876874557982 71074404360032
978576805 55195601 532358726783676 821811892938271
474613978 920697010 86650078436432 979204927241694
102146387 330658045 302757592255911 99475128023848
339507946 651691410 203000788855675 563117437696896
204548613 657533929 233398401436588 112218834176678
975356114 563713877 80165919281286 184165542866896
107555466 849235013 681148040956927 933943908000498
220009135 472298880 314015294507767 176018590591480
852559 340519782 463255204251767 934153310739977
299283776 480723763 632996388260085 284791517010116
908878180 867565629 89088034856332 459269635819907
449994724 971079987 487139104444230 335378170851996
461545590 731202909 989951260848723 342085128949404
194223257 173982688 705695433007441 113282480184716
32936150 677730553 755272191729796 195261961099822
784403454 120709951 757548888533276 642716414924607
342169200 983950563 250280120474739 173956071752884
553178961 114314480 666907564105550 256567702871294
61599187 672805005 541709131832601 825792427096648
179083889 838734391 944214428594989 69116643120053
521825839 685203210 960479444337676 607789741138596
774890460 958708727 502992822465184 700963476631534
971369296 789750540 6299305870721 213389247170852
548802736 954924209 492579238720046 924986049600979
84188583 802355431 900605302313040 276124290598081
176087213 718272649 99115487606012 908738273290543
236577857 996909196 550899584579055 930764548775958
487802928 108992320 255441313682641 756400180536684
905157325 745365902 511277385110133 508192016826718
763144760 236208185 813470407420437 479479865136533
286197658 572488991 923789162869911 623284648612467
497589860 286031479 758287172580300 785414785324117
544145813 668931091 59829186676141 757876396763344
492617459 403888285 983208882323358 639120829692917
330906190 872362202 691412877013421 540034659872142
948577474 447873260 635100846313938 20974935985761
519385587 917514121 130701010308910 391624227620202
126775120 328107335 467524340829518 290052263779618
428531538 423809490 552767744771942 151748126128316
107264700 975258929 432466203843479 401960413573476
760465370 115730694 265801504063019 313797076818816
294212036 259025356 494502341579990 540568484131825
988152217 854005273 134895877143029 169556410938704
32704966 752183259 72308821256144 890464109958451
325270335 874033053 860398894222296 300358920022375
369011906 794245568 173089217053163 771699070481717
990562840 402511812 723393803335565 906544436928159
700299605 465843582 566831362701103 61625331616673
915589653 405479521 45459860151146 565695713519474
599421119 189014200 960463285971522 67250593451970
204055491 81866983 777405583579236 668059261037051
722511581 987446958 647997614716010 923383405617282
738464337 73104488 453481252436499 269994430842869
249876015 841765446 491252517866893 437172712778861
303967630 647992214 960152944549549 368733762275003
953734098 173345791 509411486168115 464932154333611
444601319 395997892 622450644328201 143684271601477
295037317 352959486 153565785036162 404133960347145
901820524 177270756 209905557845661 526616333458992
397112231 99104261 90677742040384 551246038873840
687160011 123058826 491798513462143 448110631639990
765314870 316948854 143028375623124 987649812214123
508216146 301443559 489981311710822 251725837325232
309449681 452064596 241977376366660 593745412108836
424980208 896372942 700000144796329 377985823430043
980656054 799809 7706951126071 703153176972646
656743219 735379378 903828289379901 751609897125007
650729923 208607360 779428494706675 7712553877275
920744522 774528164 834370617577915 963516136292168
793303416 71444467 554878808580191 818747759891150
198616324 396519256 628958909241431 923695199422496
582866674 926672412 816414589757698 469571304934313
158488783 811352864 598613635399657 670264149552401
437405425 150423071 853025880007681 510786836614264
37475257 950369007 867601866389735 860340198272951
319847122 327492798 729757003672099 728724271710115
121606257 967169366 444392398863976 102975433731403
424366740 856261211 991329153766096 393286269157175
898731077 572111497 964587321097761 440787205785257
563565270 810017016 890023677451276 451457578597597
174897445 137094234 236812130304106 895199876941898
914271447 799460409 190380695605887 690221608626656
539072413 53813819 658017503334457 579785366917705
12650100 149371231 422426251098480 735487985573674
168667870 88231743 523686680142629 866501366448224
422606892 774541134 646671602479812 317204298024262
610579125 316661273 32758371664228 935203562525163
134149917 295694472 336064189638403 796419049274462
527254417 246947611 443013423443404 713731511390692
945955079 524893998 984213109091666 46781204775997
863320704 754785847 582985756593620 900270899412708
222725704 903265541 335500728841081 208750559913037
183735602 688981760 257930957443475 969891720672039
416206301 390753133 463632346539485 142404075115418
926627827 25544873 93665270111167 566642529668231
664707943 227237739 720992117544838 39114029801677
522418100 190523908 506169190066606 636928735220863
964976930 41718687 890828131068442 796339326343728
316009986 678925699 282800103848791 832309543135273
124033007 490208846 854957442708959 813725122213295
697189644 743956793 288824072895313 318260187177024
949962570 521295704 50891013681595 896485721913556
385128865 640453337 610882009392850 852321651816733
3705171 763882562 856936804539190 354367707472073
985514798 305259444 429585375311281 793074761824957
90981576 179543596 841531820252790 388586352757337
360453059 673929406 874836803846756 402192948306104
269329672 37782490 352920313577025 588376225765870
644692493 170265225 633462639555073 578492625683018
842790417 448311727 303860699397118 431780021330835
924459868 737591112 457354836384831 188331194939981
594866818 36885420 81107108249523 366982583177971
149938078 851052748 283697951142772 305511542312763
921138072 630846836 352657480974343 661455347372887
633246561 851290249 592887716588696 466905088449328
5890356 42806346 40219120708160 582296475563947
715694037 667050897 842514330527552 594704489886693
130363347 20254481 520107401644613 385180545606264
755406022 124946071 708496509490596 725858504561334
513195155 199061578 634062736732828 712095276527082
762339493 436002284 657761091986585 745700818992284
366825779 154827800 538822392341612 606353865036747
374340223 369567620 989899339129750 651638228953650
382354963 450354238 614532839667580 547123904009605
750481411 793028337 861570160143537 902670800727987
862121007 433862687 566318795309617 492810198377507
858364287 403751269 418071673195681 462437494449401
762405671 478431932 997183208948114 42871931914319
330792931 967784883 814742259706557 941211934821758
313940793 377562296 481001771712839 696765468035669
624240315 184994382 519249269862651 478701878788190
58798404 513460310 287102620976020 773318596123165
854655032 871404360 247350506664946 691463724109906
480269510 628120440 819567484103009 840156596942644
647203111 956305491 725252287191768 316079446569909
284651486 708555681 445125438511669 625239840069826
377955063 69669570 712923611006851 626633494080642
36645705 831115763 181703378152501 479273811236244
790951350 563812232 307407066021482 479205679296595
419741288 120473393 512660268043305 94526204382227
273960467 357175607 226931622973092 143709181481058
152563511 443226045 20271358862710 746632518748746
720830813 123662849 804693543483879 274546643427723
19411543 981835674 720954732513828 55260262413795
541059970 631554489 102762201341065 681628612699207
651513604 344319082 875030217153241 216183311610921
861422352 889298386 281408040523137 31677986450610
877029662 284547952 50473082580698 898540821516806
911365429 445509469 716090314665574 199386705267332
207725860 398324110 15621274647568 701726489816069
982242754 245353742 799420227797870 15676205609243
944027187 31681350 878907777122048 656011592898129
881498915 729369911 94669397519216 467911177215854
338672138 742545596 411926879937233 766812128003251
606691944 627163083 139384054013921 392004421814298
170932488 999994802 287879998679369 213427865563799
239482174 412748379 692489474778329 721889064450392
939233322 443354506 322238154674894 307628177066758
745995253 983872027 200993699885326 510486456337668
751964945 52812614 273461185594984 392845001805996
190977403 396587485 337628304348631 265145259845783
564931066 896138122 628264244345277 823703306929619
973889886 389065747 792015663097641 101944654181676
597773251 43994776 219598532843795 264669252834405
318774222 465598161 528031178040221 319887065839486
330498540 991901778 903966893911889 413233878906349
826440599 931668936 96361573932135 329498785308647
147583122 867469370 739823094222333 72384778148758
511776298 908566602 133200574569823 38016735603297
210849397 750484340 439864164152638 456260018968105
964715412 864940876 19075971060987 588986329794184
814416626 80535233 829295799139291 875303289060881
372902020 361969502 303979417238609 431644841820053
718636552 305088133 560368690263865 114847600810842
535307848 317152948 234067822313240 931854924440675
598889558 876696770 989381169292127 943799179627949
527194831 903190816 184018412561319 930176168374125
198723354 622782745 872883476908788 172783341876308
759652008 954230804 340995314135796 121050596601549
311979571 401185487 406591857307455 476840297551419
436714240 242910883 201348078542998 740460095515709
313484319 749414084 158283255869477 948230016911852
589382567 131642240 841000655385282 657679787676953
891944444 930014077 988031925318701 351599147507089
550555915 864598268 649771535592016 601249429611098
851423114 566935322 728708975349887 406044698623733
288741946 337787147 873255719414455 976267856183452
679271206 905583455 335018776801503 427638845154179
992531683 312128831 618185955582475 433180668508184
263968208 911977391 426745704398774 831236747227204
982378325 460630219 746654686179589 75231480321193
373450533 406928139 177506908933640 627195231068643
331806846 350698625 69857507824378 34741755923914
341197669 282022423 812262889388926 865590387651756
479116779 587329235 628063834179041 967594372296340
575374189 670693652 746694613179997 709868788829320
576029133 892912084 269661470405201 417772703972804
772263100 433252325 14373252180875 941908295212289
20585202 226965814 629980610810752 799114398475698
545005937 288245773 143958026837648 195475347607875
637145287 810214477 873130566819653 933081101360218
941765194 335804079 771039007957394 105112045827096
898007387 291061769 682708702817813 42657611156311
660526758 722871948 484470867211607 213506242729962
304885598 887179519 107488490431240 407633786943457
396448387 308135943 366022148364613 347106351283908
953933853 903631713 713536982619092 755663425710805
982174335 996779811 293075659715428 524439537631825
838160263 580688128 730681675444432 211601825667245
84307930 104007043 149226208376922 816654020606938
568434730 570253136 679123958050033 122376971176322
510025329 227870312 442619519947629 839706148498506
15921973 167974755 850108555060687 825223558250769
520572612 620131509 814547044994692 822560259367981
812259958 258498027 952311453961121 710864515557042
572832240 6695661 832667373959717 545749633788844
471943261 976456507 751602554538299 707519153319265
790117812 453532466 772982712948087 316237347678865
475213303 129604934 538436487949334 386824329411512
845278831 879129415 354798539208256 610617437212744
283583731 290618782 471999859625031 60526595150833
852174624 800285326 399395128815847 911587941170139
945303967 152758645 157929253811334 454020320148456
169824611 441150474 738047077695602 406476901655540
566074090 130822558 637878620408360 243808913679638
995265401 982802525 2416667963017 407993239797470
508610659 879204492 530433269003555 799847092556951
866128448 670253514 52994576825200 830801218169476
475052087 52203088 791948050155536 84394803284772
280639286 715016243 412146683954703 826899585455215
53840694 259391647 501491435644963 523487020166424
976109689 625220379 700256095941613 87549560496587
603592398 799674057 217849415578932 884441609611886
35145929 295588772 802856279103791 951524959803233
144127757 135323585 46185716396474 964859155031743
227537796 412643984 709286847602844 766993532338589
421858978 614381083 160207962008265 881194397409608
437916327 285476931 389321241113500 287762803334281
39776476 418458632 951759558942746 704361254542561
792554194 39445183 265638574219827 97426888276943
265513384 695746907 403235906710530 824069467604998
30086468 447521190 566775834479370 876513805316793
182255510 455311750 121293414706040 707498831045842
886599130 765350971 780794295305061 495497945119796
255279060 538383773 476859035379219 120185321910526
313809171 892125024 971851394481965 387431501112008
970934320 351732305 836015933240841 556351310826980
194656270 779431831 214136437045479 892689692780704
982788377 730862068 12856925073456 585167643256961
428570761 889618180 731243845228985 343682195451783
81387421 861056635 126757687905280 361525908267374
165768930 986735976 53584569459051 384106282541288
733336428 372036470 309075296996237 786061788394725
914536473 707468839 95773917859427 744295829411276
960591059 740377 848187301208976 109291039761089
152815564 782592067 780624161752487 513638733364959
587756224 65832758 323289890415455 453983028467325
371072056 388058717 541797007620829 189505751092331
152763588 637658943 234162531704047 177312659656499
912096830 815266490 529547655567437 137337536239194
991910667 957967431 735313855401177 280403432048542
248236378 263118139 769944211351261 403690167419959
635651684 698840065 667757143638609 821140763549208
281291692 305001314 579420396893715 807034584888620
161757247 378994623 694713021925166 247556476435611
838208498 501227603 751660598772758 5410568939524
194442920 544156275 932385558284264 293741070909634
107533195 231789775 412269970843052 336440725365546
654283856 70265520 520634796096404 994165935776712
461310070 442440506 92569087192636 326692225457319
424678532 335485097 281865566424042 843395094848135
332765007 185726869 883670502037452 771409984971302
278092595 883041327 807579120778558 319563365787002
782806359 848614787 47915303250691 432010658447603
108295916 542222006 155101857912457 320895132264635
372766316 806812232 679916758132520 54527705984503
801965788 80853841 390965707639137 351088715555845
299448588 988933316 970882040408608 977963415252413
877895891 715633840 290245401647611 37159528297137
453387349 62678395 515513414506610 953978765638767
140772671 919334184 90589994043183 501537105542075
111056903 30997648 692682727720261 16760184305111
491867438 300283050 135172014404211 509802230684093
924397695 510154692 757112797878880 570732215795042
601940047 479475913 34289016293342 182296282678002
672184509 225687162 311793562746920 616697345320472
484215537 502037687 913326563304997 552504398639412
581759582 536833974 787759201158565 226043558746788
208989185 881413959 411155724797600 306551716497918
718996385 484069912 31043007826044 706043658044754
316307727 370761964 334265294775621 21127762921066
436944229 45495268 401828923235573 811199385614346
895976520 124798904 804973953001643 455742610103090
535967528 274882812 683540122203637 454324030887001
881348221 819975518 983206681905672 274645420351665
442086665 248071395 80094753606916 633677330297704
836993306 232246575 189412219485490 556482017196770
408205766 724403388 50463100111431 528646227906049
196974638 568485407 727364497709216 408944271212895
63211197 412438856 179377765100678 237392376980624
195080296 350501567 527106838396265 476632689567587
163062766 421349098 704215148917031 3557694842655
109187863 960994116 33504092995395 601204087530440
799504375 160584613 606594419768367 91414665321816
397437993 894219646 634856335756421 387796943411464
111883797 238407963 574718857642055 634077710225031
956952620 213383393 814129186068004 203391522831678
263222824 981423759 175137641965236 484964713081236
747339343 698678398 908539122759608 46955813650982
786078383 74683107 505530900281181 294127268801803
432519264 228450058 324688255803255 574347585109272
627011271 193318554 677919430410440 942612867960599
691745999 871318741 570105272612408 960600579165967
362890799 571085782 905110609428508 662030168171906
244522665 63501266 565721317148528 568576058789031
850888518 797042266 410491949041951 821967263223221
786737564 44070293 146334851590456 351943813883418
42900234 180189576 923485954747959 675633303950525
657599992 75349327 875874238374980 344115934515009
11668250 911618146 154888834017389 827338083868483
5735595 68838355 841694323514348 10614218844057
253407156 512904076 932604390997861 862497820578194
950771012 823226260 517938582828581 594986001080890
911738294 375235400 729719968346470 450026323163028
88575472 592996003 515011395601288 433576251747808
920019616 339095928 299810590120791 207458277240020
45045119 122293940 455795499657033 358596785954021
661619855 255505823 512781071507646 928750196393085
493695327 937332505 573927329726272 872202192047427
668948035 604707038 348954313135042 11408330912088
977488286 667807428 404027328695267 875652706013334
650204953 746977274 273990466247978 416370446888401
249095403 508712521 681700841789512 391010565723159
490861841 831200596 474762195330139 403534934074354
833458836 721889241 648960306160167 513263475263650
62139080 348002030 864788078098268 410857083589988
679406216 83903815 289390506410453 228232450181808
869655933 226745964 72839323710165 216775102137204
886547798 218066949 794051881456201 740470560836188
68811535 588914960 194089878284810 112867724072715
518614060 621471526 96499314055450 540119648318305
56238588 880998332 134767981285092 52362690087092
176352984 468782429 532635425238654 167006518285592
598876515 360275186 968316336691687 467059644631193
339086793 599412476 336971963688267 563176274643582
395389185 433889494 519029047423548 660159497971334
908612109 236437493 65388833764088 30224276644395
47223095 429532457 694311958615463 106276061772259
824524115 403006939 737743049791388 671976201537115
457615106 566803791 514966530408593 159673825659324
984779754 611381217 824770501903853 721541256078569
233863680 630059593 818330589189631 211706576778428
554759360 73738457 814514188127041 971046694147917
710212209 877655227 966477076629399 576970730625325
464542563 467060533 332343791417231 133083847625380
227596594 195060966 407530368941473 951291025521913
533697538 497408264 956158240458094 410253806004136
380042178 965686446 804881093590787 82393879344554
998997355 449739781 991053487948308 67545444874930
959060544 656899476 315930574510403 902793437122668
747624206 397140861 334510634530136 806348800105407
989440362 532279995 769417570273416 939916823312905
302074615 479993444 242528130075055 72569393157735
861863071 894312167 264880605536152 218646728222444
583120855 612209484 394282553570354 899808782078438
461520349 802957944 653093352665049 17520207330078
88549627 398150248 194995148987541 106014840355094
266196419 53568370 59614066569555 519534773203530
119716946 366140809 492974867334447 550091699724914
751259535 449752952 643705616951980 9168337635260
71387242 607644195 336534593401592 230084945541139
963492127 919262155 68719702579499 622154907524700
837438066 515747144 772577944720773 850087875207094
663648499 327060814 770803831773365 217856779462839
998152249 291964330 602830805806862 20210245051059
714729512 314062468 95595802643409 554976416518390
94402605 213947293 65193855859816 890817009686022
755170430 643093392 587636349289382 817967318835428
345106780 748375314 158275221298441 258716371862089
178807890 882573363 280574558775290 476896877914603
453614965 781451676 378741789014794 421603673902007
866301603 17734608 238620692913972 283005624298774
544657606 707561581 647598225175327 715279492209194
524250384 510655850 371371975784027 907554554462991
724074046 402301528 928438437854368 44415624167708
678730199 502047651 970404635035924 664708897473569
78092140 718208976 184623866909059 468079501060009
997432279 475041470 791939362974118 628377641168951
51148414 86265063 772079650231903 815533185200266
80318606 25918109 680035526559993 433181603354330
283927106 866570063 20056714838634 32148137288218
22138395 952888003 683930572562065 731742904909622
549063206 703359579 943714641037178 381357836045908
130408764 357365842 766934755086487 912556503355412
471603259 363022078 109886685346310 819870973557458
336985423 804247053 26206567144399 620468271167456
242976045 859348938 354573634992421 613976592730318
911951956 462126166 394038784523170 253967868892324
842543180 187604209 478953756956300 640914044493092
999676648 981574448 75246624674325 15648469146634
239368581 108208198 680582737264276 316412599273549
363920970 908482109 332335973388238 911612382921565
208095080 947841851 973299552854065 882618862677605
187628122 163197632 395494550543381 426668614969224
906540835 784405220 761244598277371 171711667433253
712357780 164390811 934981471976655 888375562925332
316007556 869224946 807622973753640 289112894705128
455361816 913037649 582631202078340 373604498034732
332376059 826720952 240908042740622 877827736623528
757567652 621545988 694773538479194 996381272882332
607407764 855142696 757498381757861 117534631154945
430791319 162816886 832682540787735 304056293852620
780157952 218874070 349501929569154 270411549662764
291890671 607384843 698999690211874 235434154698441
945061516 735071475 170418028745692 32791990228741
507882058 447086021 576157423792513 53846570725948
265136935 367591506 297615373899786 399174972558597
117816296 491919942 783754838125531 838068488026736
623012703 860617061 946129077660673 147218481619271
286593959 967071440 818123592506742 838581442869583
387211619 255376960 927169944198746 80320981610630
826526980 75223367 957666111201593 944344697927780
201661442 779230867 499427425390665 658944830438172
642816031 116893484 823007129770154 928984085297369
185077417 422405555 860370606808486 658454110162179
304552375 652892067 897139403805680 639885612112762
293856104 977382546 808305143268582 379222743573975
299570985 555688302 853631742441937 484985820891311
120094957 699149761 788039297011490 988638862155985
186127988 191334126 850800421760948 927039929735300
809907335 821023604 560643808655374 858509233265868
679770679 937785896 394792943600032 561728398408356
31164451 649133436 744479883335170 627957912691779
775467440 946321085 987502896089658 35550213201497
857276496 961262926 526122277421556 937035055994192
644699838 859179503 919277461363401 298108461357709
787413054 564472314 381854197677947 387010379188654
727338463 299680930 129845461033780 294319826687435
38180794 184986163 258874296296652 590775619714742
791829553 874376023 278119456807426 625470411517501
272379699 474175565 394610346590911 183317429566821
963724660 868425777 954958714053720 226563095929262
31590327 508641337 165163397336266 853591493296723
994197510 342820084 377489494687230 42765258732936
821372661 942208394 663812110975236 302069694686652
301961444 899050752 208734020559193 554414024990422
757664060 387356019 645885636775971 174615027712890
140132782 465316186 851805638422385 795807430568515
220654969 193483973 179483772159357 283445056217864
805091491 192330402 619556514174955 706534654157848
263622460 276427764 232078531030793 572149357387647
995064480 712092444 511609684607247 239005053354049
849019059 695619346 822643835225438 752813096554396
869301540 152245931 81436196958147 235139025142344
319207596 823518674 167264627086258 990560172387767
544198222 913439440 439374630989708 601248322626903
141067926 717301125 529629342015452 365601508687820
731833052 475236014 304381304306323 828514531738681
102356096 853414687 98909686878801 941906746769270
768813101 670441224 604131666174365 190210520318296
834168599 891545394 827974547185193 67167627280877
441342015 932080193 454564087378961 512532347973311
598978475 384516593 984522294700314 746221854990350
700343728 352347226 844369023264757 372790289020440
752864298 523111725 522331137995643 723213112991315
664070080 419070198 29503436587503 703540729970862
576691490 435636314 106853046206529 660857647387861
601818188 266552664 161285927976264 738102539575148
48233923 28847242 960501733686532 925396621809489
200736724 89763426 723012005311459 542749434606299
277175769 387563119 280027851172346 864363754495263
277203829 318063255 844749930579529 292478924133159
110143445 931637340 101129548513786 75082077628731
855502574 427299353 641313688683424 849705016260634
408741572 572732996 304581511586426 957411675517503
284825247 704009899 189176360047023 92977592721694
519860308 517856185 45418687329168 734698922297957
951635844 366284719 276691589043419 125061881511230
675257046 364068845 9199642316788 946212393387913
329017149 744687656 530355217897515 773091084129060
224070966 64993203 974777178189050 141118814645028
631909896 976189624 180618702091590 148734765164827
247939843 31397246 377835684233883 603158105410130
507647683 827838370 476398048132210 646751309131021
99074669 948665695 552482047570797 242549122594252
842608366 949672136 674063426854039 115492235844742
483062849 115864842 31272181576869 333685964595693
592551 427833261 995189989559097 820664707198126
522887661 375540689 754965851960859 525483318890160
23933611 458234739 349678903913600 41305091732050
915148162 962414759 305965567248965 396611382669230
194842203 944638173 928217292602163 256981350320602
410311084 559970334 771374645546554 225260101997604
203499443 700857933 518776807305399 403805614276435
447120314 819970664 547493716431280 514645793885930
637411667 498814917 732900366052628 356140358760038
454607260 637115736 820931330604797 466523064016509
585344634 59065577 54438653140719 821276288438878
20536799 942406240 373317420450584 234044392707317
397016837 254969595 907256496040848 606142648376869
233301425 370484883 830015822427544 903442597773326
893618547 48902365 179387939575516 617411245470790
115023074 464070820 34044802056371 883012281209122
215142627 630709009 643059505015643 7967082522348
621245921 896817381 119481769281855 545732429120811
247804691 7997883 45763294913075 5179321214944
849527226 876713289 627894791657139 930898159946949
424862817 38428829 277413877467945 427574607065230
464452638 441620833 323716204264230 200508887970857
428359117 533600537 235938705323174 436056929446399
781111641 131838049 506064652532558 946127101201202
596540149 516375601 112684501455791 747743771907295
905110108 923683099 599547877078658 611848925039963
598839830 453368457 683237960690667 684509622284664
278585012 501733889 322808517430967 954938045548990
751073809 829409890 406849814362016 806712869250996
81579664 468611878 275450991792261 216169392491286
118077538 519263648 397523338727349 97837023194909
724451519 269151805 624715159903011 514964502691773
952607529 241516484 336477137818544 252731810428640
754342574 221415576 210046950361189 571593466044845
120374053 841051634 238693192044983 465127965445573
105186925 299791657 84696777020612 189628565544577
385051059 202726123 37720309296787 465082136496695
157183146 286257283 939170918090581 682786963095412
779442386 103156499 239131778010536 399925728522817
745887411 164286681 159098654759375 621239646966113
863795489 984675947 340286575786237 599522734252942
276138615 130190332 764526242996361 115868744305856
885119966 722078871 346061896665401 877593434946408
425579653 57890656 645437545280121 121060043750830
881703143 334516440 975206455414178 747553880063672
250637322 640602647 190151569199414 869001054890981
861576892 404083218 201014370399263 518561281573387
679214294 834877652 151378281206005 997863032095422
933769850 461028038 847571061223735 684635145769354
651632983 776184808 997109125415054 684696486590773
49342433 274806039 502746989406223 514444972726528
325171355 890218311 208438581154167 263644211689957
950180174 49762504 15308553933422 104206947568599
438723153 659352195 293974622502855 94121192377094
496610241 360931644 755594812008636 695785856896282
265308359 336591055 64708816124467 821896943351413
647543511 130285428 756643956066813 604197582313332
631717101 704641788 113134333643283 531073572106668
937540303 120884755 205502144390105 614705562494254
137359439 984233854 866373676694365 56763376944581
99989640 83022684 575799896365719 251739309316148
89328926 385001575 215115649647784 945727344834426
565769088 603729202 836908736131356 629355873640975
473704999 112055657 890283508363050 508996818857766
859668950 701424918 693148501946608 528335212276715
29433561 410981336 298902648323769 604164951367876
801624648 613400619 393753817567801 143096683642514
575686979 154427045 653470671837644 464637238277102
349832757 368128820 565968821085116 225265519045230
671511058 48125538 816009975673210 991946211814367
757393306 411654291 717284265718498 589560077922186
810828950 247633220 353353466161529 374601887338353
197048600 689723467 545362355467184 627058626323856
119456957 41580827 818524213723168 555109850583326
754284011 262294014 503716186155212 316496876839883
309412117 458178395 161158440154724 814926435497730
418398708 445717743 191743710743422 481654924486950
712762573 94862101 131289287817181 801166631600854
659320751 247015424 99060581266348 867192647369770
455744947 616187133 218120808563393 766075079334389
772118588 42674100 702717622763484 886594177596163
915288119 76203366 837647863107559 73991588162906
239287641 556013613 993463951473973 741206111400826
130995557 612645440 508559026191044 84584505975198
621421925 685211438 767385135386493 869552578026235
451113198 76428064 345274545793393 968311397955326
846343006 182006809 445073288223003 88245503004304
734014239 482980151 412013715010722 525995813122387
727184611 133380593 905051533910805 349257566765795
795985639 331962712 974096072806319 930001415667735
164234802 295872856 455110076744978 253389144714303
390278612 226850805 528054305435789 308404731045477
655356458 591493264 346446077119832 814509029729934
844298262 802312482 403908988680149 704457310413560
530825288 129502589 872496607881422 603803583044955
597166202 822219920 156406214072507 298488301000746
144730285 62953377 795111271320315 615790798468049
180689006 987347346 411869624664343 134265036403701
111221781 780387358 825913123444228 486420215393465
176966658 952153882 189574346654047 294952418301941
90325984 397103542 707609518621360 602964557009535
686084068 396790716 50275188847785 665219876618595
621609485 453380301 425287421266022 467081558892332
116203875 320285609 32821844748461 330199995871515
431398713 574137189 81819502757165 399235592578156
441965676 525247155 393756268971456 433779049042838
729227427 657330464 558483427714474 793102952788873
707425679 538302543 76447998867161 837218191141103
175706666 277851456 43715761130789 741554467816813
15025145 987892621 354807343337871 854381778775265
20987980 969804969 793866982243715 416920322630307
38583163 528287521 287856872652311 322818640150213
393174056 553091036 150786173517644 713276956871509
222169216 422160221 45023542615882 508580070394264
862753660 726557949 401810110941605 359223140114254
8295450 683732531 751632750295708 394237731646450
205108390 70719949 145491422341718 555067386725881
566360053 495242550 344413836451877 22167185432591
831776422 217463216 621886090751428 773045005440607
156009057 280564121 469252085928603 920080950895562
109195545 230518695 169552043280119 740099244654380
940553804 905392173 900382921092948 663581178339483
590564927 304490582 257495347230613 811760207802025
760732996 932771175 315309653169735 708120234120095
230893301 342680062 288420919130084 743614050220738
419316600 318341463 822932655952395 882855011775888
269143226 117251715 679722358251210 849686888040705
846418870 357409200 416863429853142 386124895969991
597559725 199507302 756169719089615 704751376037520
642260333 177903558 925584783456127 223587346826049
696677516 659736011 762883522151705 274398673109050
289604268 592147082 805483704136571 823325891342998
999576758 663199347 450818069623662 410698130811497
783824929 724065423 314251634391267 431302451128322
697537065 17520065 741154317760053 700351743371560
58006298 13462024 468638444584811 266663151918687
517617028 515183545 26339296695668 56981246953506
619842950 778314438 242203106744682 655237984386088
373528581 470895099 229087082686418 173631042851488
968222195 790807613 581409701354456 505860920785782
660253578 167407563 26569310403221 562313644030862
402496400 15742335 80672454559306 870257128362502
769767059 534314508 558986607278500 425990099928438
193553452 397367614 253686900452088 381294404163888
60765245 895366975 948045401888645 659592186718849
111825972 836563918 439548717684407 392119874778608
885571144 737706375 398265436337503 96354221311100
699630264 420462368 922058264475901 436717676134624
692534545 430523047 496967163824889 937163017876688
924325734 493329606 124042149563363 357001759370811
322538903 580118529 427741433466552 1531397115016
925196941 332271605 328380511157277 54624396391899
690336633 963877016 818788190002595 400346955412559
311634202 214195581 9178650038531 782519172954938
775832310 878427918 439707156980577 398141133132910
938455709 926726610 955745466750091 224651559843188
92754666 880589222 177826124169785 331551072353488
16907587 918144262 262173464181580 360748777740098
511702230 951238723 101225251683088 153939563056385
374413276 902479051 935063785016444 794573109556991
973712600 66041958 73995137406318 322291467852841
35337686 131738740 86857509833201 88714150835878
770315694 612429106 532946258708344 770544614285589
946314560 115051764 944609766201378 378067513158609
309374134 837640041 717136319831542 859739249269294
828943559 105837788 443971886196262 235103041603514
649107952 159420784 669213613433933 479052571800959
333904826 610943072 928444107625906 581539282272061
523854329 673732422 938442583559301 433522283067570
992477705 674690387 61270260163359 260568862978771
1815057 360004240 921887872685892 651501247899922
250910785 717630757 296020335299937 655491179271832
767903765 731571344 295984214391759 964837618070409
483971473 786195691 395775681969680 493718564936261
585441412 940221480 277117847097359 913230644892834
950974407 190161750 592324589269346 860713858486581
63187069 506314715 920665548796041 127789960315016
779590994 458486969 25710396825133 736953810328162
779703742 937630667 555998056769636 222722023459588
156558657 335447814 765281737022953 95494569379944
371319462 197725627 904629024987493 249055157538690
571425090 287176657 738600108332203 720438295136640
290456115 445049100 84465782809589 884547002685708
535512995 383426123 647768550185258 517253271588742
757940740 236743875 290220946083609 703978326575692
479074642 932842823 932970738326717 533307219851251
399850070 196330369 830440383557752 17961812215180
334882272 316034359 36940453909337 913375295812578
495991306 823759752 253133053924440 914710742111417
637417849 257705518 204364910123927 19115617071118
483392668 969254588 530757175813536 354360035103067
655013101 122919903 871994645685931 810536536177873
987753005 502623903 374225316779478 588844340481181
465376681 590028188 616955570708589 496860523214373
228888953 431684691 425135684551969 606455297308490
857555901 583366231 125389563434834 728962910055334
786379232 718492826 361450818169416 792334030768589
533523927 758079140 811214215341171 97925345855629
276410208 624966616 607912045312688 166352512658479
420338501 814356659 792507165463428 407392740588469
785384088 392581646 720643985969760 286605602872860
811255286 138226265 261556231391965 544674279759769
548096198 743111904 474976816503807 259212740320989
875808377 159714055 618461689115508 917070738547283
886806985 488284047 644202678876372 71958232880478
699140092 615556561 393741711417568 428892713954718
555160095 459733247 68093364234436 518216295249961
538628173 30519143 620006017317206 886262780497619
144354023 817751473 964729145094742 427470350824808
553675738 236548126 596406551911854 24298122419951
532285918 631215561 722907559152306 946451442653926
746487220 58738151 531832048357726 497642329844362
467927397 14302472 326586313227676 40956397436430
928683911 836025429 92267416920701 762325491931616
51931768 305393362 638086157276541 624667747083241
456787362 658136731 884454228103617 572554769422539
335207608 206571048 678319918482265 775330716231971
449196789 12998026 447547876752000 614136052416198
661710945 673803693 376118227994329 945826566236677
169009933 11241878 750507107908273 56099342317291
583762003 194875813 587241059604034 129286760475259
113661977 237304017 197036914252523 600297704613876
595998220 425714672 29254551094906 991241036086798
425002727 182932718 170111550469732 984779481193532
727838123 695710738 38427691299593 590253891350506
528876774 185519934 735295244182258 742188510882238
6538734 246687021 317185222895125 525899275905753
383663653 500545205 429405636909325 459314628631061
335482420 694207493 404220387852387 565595433902405
185904465 758446053 67612806863818 885250819560057
271047803 280979194 93868811411804 531129838597433
240645050 708532992 321515195572448 611810749840327
651058529 708197904 130321663659781 694218858389600
859618126 200709594 455002058225830 824068974488185
966790694 401341673 42058223328773 356478298217475
985036443 465576420 492903718254097 66254787872424
787572392 448436936 639814920935842 620333834946830
141864144 284895280 291050155857593 927299458020369
744543588 669972624 404949855169475 897028404746250
91312060 304711027 748422376614612 161159567456780
775419770 818566849 46213831705838 891674648375587
155492812 680640509 756685639712057 716090778725269
452197033 789610369 533471126651978 645884288818210
722988048 10466242 861257471343454 525699735342918
58176846 30584464 84403429679005 947850811336819
614129206 763678291 55088457162073 406783017502553
51173992 290666833 330862687226702 28047146472736
408624268 857038565 433918959537634 162084743723434
808042902 656762567 990455279821411 861110150510803
678352897 287010888 471980640866893 663040588707762
461915926 758824852 24790240398979 725486228777432
715669540 519278320 264143594697363 161052174919309
633345991 858698747 87449564655605 27418660005399
928793890 126401774 224548380565834 591866047162100
607729958 819011550 952844425692574 423520969325340
145366987 169804278 41489924531111 15992774262082
121516884 746997439 460006301734149 5707729202706
566925197 173174618 135740452714882 297441080179058
726354190 202012098 187405719425618 12768806953922
714719350 511513613 269192826815825 965935693324062
361801138 720268713 427220290439241 679462107728024
631849269 144809120 144627694990379 678773383548288
27367743 806693590 429847305896019 3896769411230
61260057 173829447 260809382421958 169435962124148
732333653 318331212 523784580573812 914809085323134
711128591 210972116 82865196733560 157244084534131
675177520 165443757 580573489530197 142064001403011
990244007 140613050 781537105018168 47056293424024
587870384 908135483 371860795786810 820577713600151
760247823 873736202 938875251345309 183544561325470
626578003 275368154 741929850257676 326491851742277
305544213 968448376 344899951898077 966659531471583
187162680 467047692 945070364135504 132828830374839
886303528 834064982 644089379841230 882976089270357
660714013 485901555 896901695208748 125522756023993
221279831 693556374 154126018839527 305809252212380
481824865 900739665 607156398892904 921719378671283
882980687 593213388 346855281782079 224238362917357
636777473 968064138 741108635970922 992563727357106
648590944 823161641 118271474972044 392508685867555
766277278 90684575 146912800773175 446534100164958
462656120 281269119 440675525626917 141785072159417
927537781 719487284 470210324475768 425785911094532
992482597 419663171 349586160722687 195127595428553
224714852 616076939 495498866952562 449196447362957
843145878 853339269 336054636779186 854607251002638
606657002 133008517 324844823038732 944862261620868
869623706 957720825 107649395644021 494878216308706
856648999 957086375 904398954308556 851830210998035
402615198 996752368 10292892535836 46182572870975
899070167 759373329 602802796638681 291092735379973
978870450 730019423 248407513957408 831203641057984
597589082 17450376 689657085127161 264850105837509
438601092 968726742 393379816609174 636585845170592
299291054 875886956 56787678887827 676801619517020
881447266 510710152 608176273721909 417892749108922
617339762 987561410 228296474741933 387265523194742
618889787 508424265 671624336868948 252263889828486
703139044 231097386 991559774452206 397886563273820
302494365 349798538 264575406043369 832064631912737
352158178 946883560 77765024720541 869168663971322
987995576 223596894 683285163301770 939629192690245
90652908 751062495 770375791923359 216040505011418
333369177 148113784 988332853521007 790003012335947
768753952 573520528 139131375500411 42737119059238
995859950 844635945 464210497453165 436493622836527
782987323 604664351 253063506566488 499897383326377
827074183 550759525 316105595704059 975502349107340
453146270 199617101 199218182634749 371342825754829
634429138 625108158 281166291565103 943270833527194
577849157 988126845 643361788748751 275608487856797
829252894 880580967 70105044168897 675428188316214
17223120 584181682 236820140507350 23093172046531
430892632 402846001 559279761002502 335878103965658
594349693 270839951 407771617907127 384717236837259
248254480 302881936 382606985442293 723694015572896
514411563 810449749 387520746670777 790469539426013
972422260 752544662 901422987354917 110647318698562
31794776 879216103 719669209890500 551438824539718
495108178 758538741 631753448011468 20272028754971
340868899 97106888 648892946827101 366578320038639
612665625 130031873 281338932101824 282792263699750
839467338 684064794 719111213575338 325036494161314
815695575 263797162 301634755935608 706928482077949
84160556 403687328 756121036557683 223464317511371
578825788 525641349 188908994701323 388915472414427
771418566 423979196 925843691243293 931587648212596
750860437 255357891 102003789461039 685756789711258
638425785 28913009 425995358723504 498687749268552
301031376 311588664 949111441634875 443041323716532
252969538 112968546 235726205002706 233074155458448
756640381 417243220 384333056817444 422428410713925
658266687 224366543 515399819682505 948397299900215
110794698 177222188 877079535024770 996750966852102
438042415 259312542 790781921821308 107725813674440
978043270 926247281 353070305642635 324432557399378
936090161 60673870 920189728600433 792579834010990
723828254 416923254 955154307902486 152802696106532
629725956 549254916 200435253497038 425798920837107
857986210 402585390 641874909302936 915922773138710
692291588 1384066 900447248730204 650464077274817
400339136 939498795 21391180508202 310806560263778
810464307 879267114 264332218013310 726290993979106
728813766 677895071 732512508553088 843465739139556
841477932 696086015 750355090444350 204668115885314
60647331 338268509 176733199140338 726596612955925
667147568 364892067 906506839907648 581472376692075
73553637 443033303 343027066228085 910568687194384
664444701 634112089 546126860671947 607074681949192
852470460 658543649 727360457698978 83288850046608
502273648 798812163 378952093042886 546217660163170
352907764 748623596 286411915930797 966897955060207
332056394 289098275 726703073191863 869406612494756
995479038 235591307 485528310351214 596375270891816
337647207 643933661 536691091499717 190921779232409
978189543 954245616 926641628059995 802513003955668
372094760 261689843 612705269078711 460019596373420
605962590 693529518 69968189625226 898316857718064
969539977 613387975 382282887642866 183677506646247
48694449 449034232 221259747070387 780693899264020
802869290 817721435 897941459355005 304782143597044
742898896 237372576 100416562695211 573263915852540
722722889 859224147 77536175139584 223788576389661
412626503 146767641 501145219677673 359701606313474
157209029 298766320 591026553660095 86593277487694
632832071 16516212 995902199499908 587388043881697
86937884 267290646 828917730066083 48230039655185
153054877 113609573 697049032945713 841208301506291
710430573 145686855 533840011843376 460872242414737
553332664 65043005 667152989117385 904905649803058
962482294 410382244 984281121223567 870059348553367
374831783 297559281 187125964547264 263668393352249
436893845 448372466 742105271579012 569642984671374
918614295 509018897 68773257767726 720073054928964
25341642 956017297 282880808594808 541382849935746
783057240 15135185 719289882444233 150299081754923
433115826 110738310 346541625469552 99558089130011
153140311 362041346 157303021655527 363033447788650
17490573 571439729 781178833091090 148298776763046
803998628 216932376 442666478688127 890093211730714
1069368 915959703 216281345860774 382640590712588
374509933 936085542 429433469067560 729210695895544
845205554 273460440 467440950038802 562621073208023
926451329 414144476 385884932579352 601490709950813
570447771 565818297 554924031208668 157015676425012
799078477 305513615 517826371419174 870728196419907
317369391 319959386 900542946284586 961131017542891
433551585 519392560 324145704828871 24762055259461
440648526 976875647 550893054933444 277987071927399
921324778 179667538 855172718149652 343557058675870
315479798 750816139 909538831306512 882153910463923
340720568 134004263 69396329481409 873358055123496
244365253 399643263 24132250135572 181491541333113
724476729 404115587 767920052629541 368398434720862
244932859 841536766 852992659666807 273388050347013
526249980 999512279 637435050911544 586045018056025
861369462 370957899 731349795327615 181804687085376
619829038 234605622 150108792682895 119334184028886
726709939 247598409 775613616581907 588894174967988
236456607 90401106 489782175664482 561662001641005
573172947 572684921 783719342806458 521635600480909
987537596 712383103 938866862257030 546524399459418
903717522 799795710 264386709092761 225655998234261
877622421 81068461 140630983440241 282836645438967
342786640 776685979 746867869573239 512345415628342
440215000 385447025 658207971450684 350419231283007
889001740 818586291 574112294604987 521226808722043
555664595 19115517 838600712660891 154529175762956
936591971 269345863 225278168774508 938460982041614
