1000
212080977 499995827 18886178731322 114120599854056
738379724 583434537 764821429879557 186796577784310
673457760 394084916 242847752007595 720997424533581
58710774 48341876 136896655179687 883563150470150
487087275 789099532 695917850379719 681328553872861
711510540 454752481 798202874649449 559277549278320
254950234 991762136 437174012780734 637344593485437
738386119 817313051 519250668717323 226298344598824
386266295 541584213 981994768946914 6182290214450
763196927 284594161 881715608755309 599677661793858
961605673 523028574 890466051994531 306562646848288
405836206 192104781 613585806113424 592351257378292
42113081 842622193 789973297708945 554269309564299
307845866 590052157 572585586538901 866633607706770
545493648 33222185 205034228238429 377222328866776
615062510 555781101 825317534743739 560415460784272
19779062 215630148 85653770954966 203949588151948
75878416 8140202 785266840647781 917288578432642
140117076 578867102 628659407818991 814892390463563
872755147 351851744 355948740639249 345428265474334
727459505 903176883 969489705831863 135349402256857
437391029 155199516 171493351829600 739931535109432
244001079 331368992 884990724739422 825917443645979
619903881 790276105 891560365224723 395565130153412
874826543 229310370 398735828466485 327782781667862
65235486 352762742 864530301537035 146678300324823
748904703 545080084 883172576796590 559692151129326
368782701 162958157 150119352908360 235504554698405
301387314 644602996 840417625624663 538835405515751
572439950 584818844 297241996084202 767160911012739
832719216 115168733 177576261149666 344119280792166
457273786 747711120 438050635576370 938513200149988
4890240 334230925 52934374391328 775752677830128
803463753 593155187 244519825172609 653989376438111
682475084 246624224 818641344190464 768257893637673
118099124 41055668 297858294011735 728615766208423
891729116 55023443 962002437818259 132414040880341
428786579 439703007 799745525586004 697671092219025
728456537 604746369 721576919910410 857414006103514
996819615 389827744 165055853374521 95532513327633
911783435 814697511 13529371836853 746576760948539
470842033 411549123 87428405445862 816836432253500
193805402 5664547 122855315886597 559882970540316
948724672 447544630 395697750953308 504133062204742
109435600 380541039 992880185299850 587118144425412
603603174 651013892 49712927109564 190194664946052
571942164 721515306 741759525217780 70180122302869
89422938 547965786 883822151739206 780133628625770
949817327 741613711 716852935079445 781005142119189
996794742 405421189 201289969218650 379835744705932
177982793 880939003 494208293062109 511357090917096
436747442 912449777 957100271155321 90370665248929
225729580 554658538 52181356049500 490656701449170
203117478 853563691 946317276558404 775943272110970
202225343 496285434 655680721388994 638600003058361
783014154 958894047 118271796449658 63747311151886
492582476 268898789 178785828383585 726732573748895
223582392 944737241 399275561954045 25215782204017
804359481 610992522 111971976055720 205262848542891
12483496 667888647 133547185525965 274492169988823
517421841 497880548 63479470115369 199483763393569
735608307 573596020 488253883343883 548542497309589
505156732 444575503 523525129146259 326479723820644
874367696 785611598 177686473750262 517817184987679
479393602 380984137 178407534629304 337780625463034
428433048 141625056 190099458374896 670294718632458
280233547 566038767 461438442150791 621299180488583
632813764 703998871 254940210232952 796185175801098
23388576 30187643 173979135743249 22018091981776
797761517 182813952 443734475777328 441125370839796
886658154 657092235 968929282591623 376136972837304
857129930 541025990 328348094006232 702219423242684
716684017 264479196 52503665326393 809359437621573
951458100 236614840 427592832654929 352067177274743
433363101 777739593 94469186522520 718944121785499
891176997 85664961 492648546251162 815615364487257
17855992 837327312 784454072710452 640638192809982
37641652 491021549 631274303339477 718399466621623
568859817 743202957 198700805005758 210439689384404
914491929 158839145 808159281153090 449241062896390
708940665 842727100 821179000689158 551427554878112
848011950 48353410 943057808139074 466646863746520
806698577 420063162 512681071024637 282563751599367
958580715 348534949 853670198905428 60899505391077
560715321 725636868 910400287386291 97027729974733
918555496 733223517 19747320499226 335471861148671
754159961 757428789 97815708506713 257477314870232
932674526 486757974 916522658653267 14322624122651
304706810 924738827 924302101294142 293428256759851
425543461 554709855 276602645233633 595777626659918
640485253 307807586 893661350893781 446027181923819
357889590 323655267 389908622230724 98191746035404
960196227 941980470 14102014039469 644250885444188
712835881 80240238 695222854883869 976162955089898
251660442 972772003 74981387033974 454723054073060
50464055 787847854 342928952913963 441823712634652
664389525 800687080 521278825936898 427758328028934
88561337 882783342 227755748264016 920436568338935
553097307 613747551 8504817648192 456051838571623
885321510 598944539 762251565251852 909234795535407
71211254 931961221 447524932761153 69800614218444
564505368 175892034 275007732419071 469857723375513
741328525 462600952 471588645073719 15663802724888
104537158 999714191 850465410225130 773794077627434
840939369 938665586 681301758215536 916660224523345
830363530 941909199 644803522179246 105431526160373
365932786 573320402 889959584984670 534516995433883
798634204 241466861 135837152702283 359348362032943
489355186 891627795 202642067909777 209971163167803
474708307 673907448 188437674565601 795476932621357
150587216 601671762 325551827649466 619973319944341
543939882 102615066 754872101067697 101786632540003
398396565 316027851 113206197650601 949658457486637
171326392 495693218 57215289232667 422700928905062
123583850 380068572 831736486794575 187978470741672
22977398 262738426 174243121854369 833006627244267
606182615 858244351 296264207677628 98754438345675
197375996 729985456 521016929107937 904705702684357
449732869 84371923 606072453977889 866168099401081
162915331 565357424 61818644755358 89574652129769
947448635 183863059 785823534368206 420343516341944
363884387 134353927 639130886050231 438041343555948
668886500 182347419 974880460459828 384001314901164
282660118 55757409 760581688037933 271731325729411
371367558 37759081 602140205136610 540262437281434
543659826 590604170 493096781803041 551821426174081
946499019 20881561 175340692067723 147778568041958
311036145 695266992 515895220348883 966921322231003
334396282 660230504 855707174762750 758005238025748
580664492 864455966 783714192020131 308589284267814
906157694 862096177 621075476124715 174648563174601
402586074 119946817 49749432343314 867755640116503
524017373 882837618 642153971856164 571593377745354
808852245 429691302 990030393331392 802922503785089
545699265 284343238 569530684671768 675939663861499
539486741 732697850 28160333407342 598530776609113
475377011 253828075 345522944732760 230230482176096
394918321 261807623 380646995035133 551290949511604
52725081 55579581 644857589693526 186762210130974
201472996 522218172 991652232597101 648097433059783
998926846 299141176 244260006199712 349260398715514
161105861 507852581 842953459115486 807689170484709
342591241 476795001 274458900435944 669529648596439
632899981 449341294 434839309956497 559536214745219
318080324 223197629 13742281758206 576660123472572
651780756 472832995 192595405470183 26418564559414
631230614 385220959 353089287372755 559479705837515
285379923 595621105 837234196187231 133863358417331
359535624 925003485 159519909160567 670099012662730
69040482 859985189 928886637778843 622648564290509
590497731 866960850 820572843623451 295988430378908
461801851 738593068 354978158823259 634557034273658
368267534 343460348 91086846558223 509478136203848
781703540 979178448 586517126785151 252228861252045
376552020 499858743 839152689985220 748473954344176
776187463 465864192 463847688881417 726482223437307
596992283 14188927 894217717793226 171672010420442
991521805 536532680 21397230479383 645179024833881
369418765 666281201 628518342066130 315289108644202
511058941 994143060 7211306411500 951243304672092
811707122 759873482 92146031910060 777251059870756
209748081 231128816 84264724964327 958392652253591
872200882 365258341 668241944893768 637628140173485
569350368 64446730 567312506200201 169111248105408
610493271 73734464 129009306637240 167166002274506
827042788 271583533 692840264760179 286339173501866
686140424 415112439 418093723373355 962667728623711
680422709 749983494 753400600427876 421282986244426
155106575 103692870 98044676668403 351425847465328
976722859 927653474 35866607984702 226499275487926
421913042 694919178 405723350548351 541164988700707
383638335 394171181 929208071493377 502786954068000
76323036 360676159 888725529295969 415700964668090
397339913 741381492 967152386823629 951114641715167
169140181 619181826 972074912537160 22690184417692
986753858 988269411 113285864102372 187939787583077
12477316 293829264 649811354865157 688056445485901
633036610 445919558 367993787347364 217631613789768
606279635 850036036 988438659604873 513187232219248
24980866 44776843 178843691598992 841824807751741
743118795 343854748 135694982544357 503432703783883
697390491 475491005 443648714365767 513325676919575
70853010 355506228 998965833132360 142085921587778
156144708 774121865 366214615558026 381000081232844
440488051 529261000 972978996404995 88453530063577
974247766 596860604 919535869529145 998892187954543
857796822 949045557 195030322403207 640065027528374
317277131 481113922 606756677412182 15950955710774
596564034 966613111 741657886012004 183773486534940
257838522 33281064 356236989992960 493754542825076
387772257 972797867 582836563600459 845767074258799
32749659 260169370 623782405943927 110542453449375
569881595 511366926 789236755622667 530830761197878
305133064 113368548 271861547467806 840906440544586
602226425 828525820 959175549278615 803791974342675
862851641 949327732 496593683830131 287690608997419
280362595 282378736 534912988569598 328390556047308
687013766 690852565 639132308346904 849052951620373
469905761 216588425 476151916745585 303434770382405
881145255 594544053 373564164957900 559591755363326
462293052 628944770 482929178916415 89004432337795
163872631 847627231 282234461785457 102396594909945
924709981 886328248 269989732335579 32431036268969
649744107 173524800 136498092216583 424573661837884
333920845 159126056 586192619529427 69563270558973
918945567 867367397 439871789479855 91806665855514
616399282 398378989 3435885780698 263856078492643
464862281 546169850 609791567532200 524047330590985
932012887 517620805 854653864883390 589868509417184
751744962 661018059 948437771287636 469598518317980
564331811 339017867 171320811078257 65604919640215
405045251 931658694 69184735491122 358462425130121
212980255 772680253 802030549909764 693127410480590
219607205 988012150 103287115633381 625633820763300
96631412 64070391 272325821222566 135452959323497
409684063 757366921 691039108422699 819341187588832
166516586 322375797 485669221201576 578313087830125
833348363 279104714 140072833631461 642993563718740
256713066 676714133 487944971762043 414628002710013
464082337 292489766 929188277648149 59893753027634
208298491 568556369 408479060890799 94817111131999
745027128 549902762 138296102251994 435167052878801
186714568 914774215 19167636130549 490464527046647
670469643 755171458 296781793301877 390273016582820
86261911 937953588 781741692038173 288658455500106
793821041 328336379 916949936044870 774618989737535
637510482 246310644 254967108607256 102193699490555
327657955 807698816 751020064555471 907118554458712
658887680 380528771 858487368720374 359222228481744
940209145 553208480 376050744929454 246993492062402
599969228 971853950 389998247156712 203620274081965
245838700 824686853 575328633137318 147759425120627
989252348 159234465 535412712056126 435417367040663
321602836 334683261 550685935391638 724648609700479
853684475 394093257 990222445643112 896684046598322
151982314 793968885 120347610219647 478706024331289
401951311 854436083 1627456881400 274171595403586
513401350 113994360 878676729484162 765825632742552
701720737 579762490 100116983687582 526198384235692
100182178 980553523 298261007245790 764703488516207
324732603 114249436 423680813519401 986869909699956
732069908 816759154 668930216141301 161069090570802
378193029 354404149 461369101036172 645441100916800
657298647 72170915 796151273807687 864509619277463
735524102 13034433 677472674774485 851666243765203
789894273 435638866 667317530805876 521465122035826
178321512 226475037 645159092091958 26822580517138
692519885 296993834 950294769380670 454648974790839
101463539 722391557 976620121965312 641845278651138
245436050 143065594 335018686339715 270028909678202
469943312 105644374 16333179937954 171397308229319
179197384 451089068 547951164329542 656141223401201
936878663 539783181 315461877723309 412150122650533
553802121 681312590 688923836385702 930808858240368
39007040 775836741 262790767868882 979509527081729
160406797 106532620 313837591271140 965547746947947
982678212 91211836 784806453585889 545205927293024
512030892 796631859 878187024453985 425425737941110
727477180 704334414 640680970857419 920331694719333
573408735 511728431 208009783700892 920268643228231
329786416 269203191 982018416073632 23677507782103
202476862 681240716 718507515068727 574908137120946
25281865 726613716 737403200942225 246398583723928
683917442 700257528 128738530675442 648706504860075
817806670 234266786 525985724354798 78644201149101
894034052 145713726 543183004269229 73441644181830
755085226 347279164 625764731557928 567231340977468
941337403 607986252 706458930739561 782682397213113
854824675 594112416 782574405426895 295932004986760
670315968 720895789 779677873451335 319026811340632
291515043 985134313 24115504693907 235729619459063
518369869 610072334 106951470503303 650391909831831
791591858 155691605 602576078220870 6261846333195
685174840 656533052 494610154744457 88117767223818
157369848 841128768 312082174304728 953827205545835
372375548 442537763 437480695614926 947799133181543
808598655 113191718 850648392219224 365567669855706
533535535 206150735 616811003887094 787559633870466
39317358 52104612 111525117164025 702794069447998
576522892 351819886 906245858386627 178664440898895
867009550 418990711 110316447551497 463208660703897
813143018 624126539 664403577001235 225828521780195
31582408 526783866 303651796574458 380938592832786
767146050 292498644 468596989109993 712836660904306
280807716 295597227 924008626900573 4227837433325
137881004 938291476 522006302026597 170127098420048
858047434 720001573 983398538231521 277813095446669
199404385 913697848 86835264732870 613213411757299
882483844 631952422 673612846065239 275454692366968
509203897 533255053 698175230332525 678698287806447
300016185 727182090 525352865172912 999852446288721
447461933 917868671 732681469354204 941098562145272
434514162 913325902 415507952245501 801758323903711
720655701 333773467 772865966005682 870658555596515
500580312 337396109 655603683432813 720717079976708
857439467 182640012 143140183233968 598038939215012
482380082 205032580 588347407057233 30183966077894
842104261 882576161 348814067305142 819374575785808
18775659 387213073 147010377482266 534735257198409
799014365 403422020 295301132023750 134209874108187
600860681 427362863 47327054757976 332261137348561
230727756 393655812 145492489951486 511341955492442
921381814 569543930 683965741445563 739273354047939
396801353 779599755 146418910180257 93243489117569
726647354 648935600 343269947265301 685831281402788
314698798 399643175 248711644175886 696375475274532
80384894 681859245 558990707748950 104096978603544
142340467 942328900 976836480141254 835497057649657
149959817 412582510 95963388313230 767428807402468
419746480 290560623 642554237665642 151630933032660
391613318 168357262 794832953855981 813772480647659
529858205 74292564 602395636991162 385907229943977
370438587 287876042 588616462542277 96274311595827
721376021 243443647 617355639766166 604706637372557
788084114 394215168 982278152173189 397027076373728
56510221 104613534 701565304622334 388226001986484
25116819 735473963 224337917654463 612489852943926
647019169 950703356 715973239315221 210426590412147
324265318 925601384 683233579523106 585082099134619
460777223 26571782 640052154864921 339781725529918
848487381 956613875 831680496856959 678950379985810
123937944 539286793 951761735924332 267226076914858
262784711 158684969 269935867218632 40836448334015
659473613 138474865 410079665988494 792806135187307
598588998 604307846 296703716255243 377586582754281
515540031 164442315 425094713215519 766848247625558
204188024 690452135 585348811218554 481461126701810
263818917 667655875 555311955661024 604056698042975
566711464 600191305 347379577028197 113183266831840
465959129 616673062 699726679706545 951447750081691
578747710 936844360 691342892483901 91293301558999
644244690 147680223 350285401720724 267139166984254
432306113 506054303 128989044633490 883655269814812
733286314 558859517 345435165840040 912504140619165
160367067 372333421 902515704659733 304457767509522
858068376 995664042 81574126896174 665138689006380
321576021 858815469 815744456016534 229887966948159
824118774 989578036 240544090850438 220836768228736
147877141 584158077 303533961043462 109966112103495
365136700 82922759 699567393215793 161875260202830
163069734 488319383 757493583270517 991843128002031
269205762 499888304 40759398029520 854385794826600
984758960 765869017 180085996553747 401946816509722
124721153 409461979 851633787444002 113497800499910
353149178 298132992 918539408526386 232400404742350
318213137 50396757 756133900949770 505400610553978
928387182 875926504 421486088219970 60871173504559
130569771 701755401 890138119768198 462729039988153
476080276 604171149 247298604248786 339488139517058
876682855 416280838 29940795482295 720954275664856
459240469 39033612 580980160093077 707847515890474
147341822 239254134 494066242167263 9424707570251
64637625 100993185 662747353107289 295911149730733
320378185 211954087 897754039737692 143257527520935
642097000 641276073 931399878535953 585679048604080
603788223 972959238 801090387492273 763753466434720
12044843 282880928 391067152270539 895347636511477
379620346 410601246 712828117503613 95112740365835
940344875 736400420 410747850524601 601124525455203
528533937 248146076 897264598172802 347740891523805
549592496 469240048 407287653404716 730215153350909
172496318 95800396 87244559779230 521138837811497
629451811 373835488 191070735232915 982102160913384
85017 517406236 537565730615508 851456016217380
249639947 89231602 343244346389631 125703551452776
356259801 668851224 999385767093827 134271039858979
272313107 542744642 765256668623521 747683089164515
928998713 392246891 875730708762412 737566215978394
676254209 17562637 384379764738761 869431538972124
96618896 728381795 265492250519023 57900975843614
692083391 841248686 401207195775720 141443503059448
60198231 147040621 541037032766990 340371862171748
455481941 775257762 121028428676622 863560760202236
891747878 213741844 689391164427304 161387511410239
313151211 190707847 509598223377516 901294322257100
117790390 940718853 492169145593341 529298402335652
191956427 23970584 784298063907666 572473359109996
227742432 2528780 228008777216624 403088439596968
691207516 129950257 587604461260080 96882427533569
707241883 659387671 682455279657343 455022072180607
968437543 515076561 552545122369944 532782918482128
170892544 4355890 43516513551435 726966487180927
231453653 870755346 611764184335674 687423284467772
132121672 889012104 781843088469270 460046591589914
186724142 242061617 846670202372581 30952180646603
271373260 340111208 711117462880063 734424189517286
84740122 253992331 890675444414092 530925849488930
643108611 504503868 198375997552455 607481972456343
906527395 38654365 719751587217213 587242691428867
324053127 973775762 81249625780942 142035141026563
61013488 639970306 691450543676715 718169125757013
177189904 598872854 784377928038550 582770950028828
362416714 806888824 747338379198116 95513134066971
710080630 650137749 529629280403581 270342357794040
616759066 707728091 117513908455194 753789395654266
829364145 629126651 214182036765574 353476201889228
828230376 72800039 220597718947614 792983881194679
247147227 65548117 233747941514192 714337982059755
231674716 865082745 16080220148831 550236457441846
374343724 398911694 674513794407580 713805494310090
278113087 882354958 747714050142638 513843446778747
458115836 789767349 721096727824971 253519623230974
307548282 953448257 229349136725756 152783661291307
840583108 586761588 110324695648860 307624146059068
889302549 683353488 786097024846169 609315300595211
370033180 636255129 71848269341553 479172898573655
917780025 884121494 759312656708342 253671722916607
194424510 597086672 503635970245962 71730950019908
277659182 605557521 419342041131811 315033783483147
96518016 702963942 881361902489800 149408094300697
67811420 355577309 299956318248529 600810044626260
297861980 92957127 243401406242794 133907660531976
646360140 982593526 740362152736272 529029256616735
201064555 39804288 16970721316306 749540380671335
367379623 699288442 799196489916688 171958191790032
257833444 550015804 132636010020543 15181503761067
984898357 762735779 827593566559011 757322179836139
736155169 548950090 738888554604563 687823039920743
627777759 429761999 480612604147001 103604053448214
274055321 65415700 370444624238671 658790734382161
954062253 53009275 187567523487074 889605814614291
546275302 629658153 11091423510289 277096397190716
12131015 342069827 546575199479502 548836603798985
393138624 805688371 287441979323675 135509591735325
845187190 911911651 326132837110223 490884581450300
781826303 224633856 176355432334414 259369329371146
120603683 898257976 620832569955284 266274610544271
963577244 188992380 684007930785706 59527083260469
141168726 867648830 18214404808558 295190652034312
372935343 362639027 169572915510096 744258147330292
414995127 821227794 685213486509135 998099056065035
574901873 491778515 61788510909567 424703042382012
935108112 472734961 194423482924869 471225435960348
738883130 120587560 746914799581592 898942742393888
924933192 299442742 291391365362242 742701048075232
678258307 222220573 178379239195165 151459618051030
560855144 180819039 293948445916246 229892880847900
202512613 420533313 881227924170413 983187523675825
492288665 880721672 406565202147762 420680689117620
701561367 655481150 774870667028745 426074008611239
783956515 163606509 606351344235431 552052852771757
118723571 395888866 893649273175058 600403481345995
99242350 733104875 370685360089251 39743041289002
954392944 639818265 858833816980423 890347191515731
917199876 242271742 567796660261946 653951296342897
830577832 788975088 775143146882378 665766798368914
971547788 82312516 883329550546713 416427283016166
753730770 192119187 416059787042523 600054634919934
378318543 625038583 441893519793939 944885855036941
509568584 827423310 500198714630106 870007892937770
809129398 333084534 102117225164568 995239459212
991733378 386869647 305728164522184 229508579243724
842679624 981297468 815205915076408 954750072475686
455611416 403527905 134727819164486 952696771651511
77805744 841196261 282661101022371 143096227729344
550307522 382104049 444494551400979 532970262818017
869146164 919975728 221404995785131 777574050324574
877025115 439436 819946025228561 238941177510493
831635262 836526327 878339398245824 436828131882022
816956376 640262303 197720651076928 308198792196705
393914454 139328823 91963427280241 345065683996506
340229461 969375796 178494374481089 985591786073408
80261413 274579213 437574450741872 414167242707041
647135752 735256954 663894334906067 360861389078896
868356722 330932150 463461404490638 100089330251711
327024970 562711741 340588029426648 990883818752900
591983144 465011854 984628601253050 805997580972055
466167700 474063977 678010491284816 110904597952050
933854541 358450961 383462997909254 616221257193007
314724991 159305482 532191285026267 245783210607181
334462475 897975003 430086796001441 127754431545579
170622146 183161165 708176214270266 548163660484299
746528682 124467627 305199514070236 245207818864976
822545463 150940672 887520402422862 244494031970496
314252946 612743515 953064012297256 880075537076866
934540758 560021517 331348163718422 853556408052575
357478989 812875240 576621039281173 478300758430149
335179190 201627778 79473330991796 220607144892415
173582210 483503984 436770187792212 910590711797374
957206290 879114379 370060251403624 369594777914899
142441978 139903021 430058186610101 799926755840561
328060993 593015156 686276340625043 250878835637039
114540190 779577470 363943106833449 18639310430340
945810108 184324267 724428422721716 956808593087241
292983670 952841438 390893589701824 395043387756346
652185371 316707771 864136241966957 448218814545780
757996970 764541930 509751152719531 116874576242232
975337751 397945426 376955395598205 746897289451622
64402308 146676318 118177718847034 628467226652546
262108552 623731259 268028669773510 766326066936819
134375019 633188631 746170047048925 379899618524990
704785511 835950435 68939545441353 490327053299278
814299880 40508178 12513122418982 586393581616047
308021964 979106775 254765317593124 753772032338382
454135972 41914730 852396961439428 298085454980410
171552497 502895043 917449733743514 184521719457510
329052263 109538141 21124624009 785647574769252
999904300 968123764 729915629820170 803591005660202
688040985 64047175 344320328904292 626017428485073
686360312 662935894 959821983241204 948191009189456
5719236 279886756 223373347387751 61235276227653
612327147 903309813 160939830415611 724346131540012
191966863 71361809 798161561800641 864129783654565
946609856 590758911 615053442151901 524579926692530
578409667 40259146 24996925529796 249572140039157
995610702 793916991 326541009344892 318598151197942
553954760 199314732 193178911885535 215467752334171
453482637 789787043 468400081996759 402883760210990
207927592 261667252 349237929160099 561889849357850
189356439 588098358 255961624763920 887058333772718
192972682 979828222 632456294937025 379000182728087
301741220 333059109 344970816301672 80428232709353
77596856 911438917 412939630479113 241439964415319
931307020 795542460 160408173501501 763879386730358
385386905 581270760 314925994013804 538443257598718
150510408 574365545 450558260246545 826930462636296
744356406 301574242 74661969649146 399029841280592
535683824 819976888 274803857433477 125942916384116
238832567 799147856 25328560622820 303700223275314
602289853 500440405 289611182812505 77646723548845
105860198 133479023 820615345796986 156077695080361
17552264 855011596 343322692785517 601093803603146
521800106 199351450 619486746528045 383406457645017
640183624 958372810 441985615074499 560852207252990
118328844 563932367 961094630435469 966012818909702
934218518 955649948 271182200743289 34228353050270
642465589 876821033 911373856885066 814357122318485
204001068 936399535 813410842643154 845646521786654
513491949 140352998 955503709233206 335546662645771
240198368 261433677 628757130172717 400665345558034
852497949 770050402 531814594543424 154226922694412
36829357 594893797 908323661643275 460626139579440
427188428 864247321 808015127958394 631896549819996
273801769 928837891 113392845113357 901108238082124
442216484 696313256 724529478430483 254892646377696
563529743 74730835 692504460848882 456542645091674
79778158 326285772 452047490322781 289948973869981
879166006 360524193 863559071734684 808105300550767
153946896 987170400 206230040538823 138880715486647
540902295 501313242 82341698269195 283901642181823
972456085 436865890 368892405463267 81603798663282
301053514 225803276 567208191954783 261911983891358
742361765 339733230 103845405828704 781005393796915
621663624 135234145 815380089546201 346839456568450
812543751 595439424 543475847920399 296886996977535
117941673 54847271 330034134249690 817823307665663
851063461 931952309 211749563502561 412607103424762
176092710 70187978 900089014699745 407375834142921
664234887 399727049 654271214738150 499180626011496
106658199 28285910 965892513898384 803112080114101
76553430 2687257 558347592300367 847124172929198
343545270 897649913 354509234150311 14372764123063
531091674 364802913 740175406083436 52349780156625
712782681 512002815 139558985207047 309339458383076
471207675 236781439 316344116640430 932441074005493
99389562 627467219 896154530381487 782875740508528
961665475 606307950 77829293709733 105876216472159
429111858 474272643 723154351144129 366271688715183
127578329 935492426 114767529380354 304238049061490
674440376 187129404 897086497086588 209912797542423
551779590 858760529 71439628277909 212099001103540
913064806 676852297 609071379104835 635082244815164
917897266 987408351 858257462880079 986545904685513
132026036 978252311 197845293872020 340774767722450
806327143 413559921 817509066667327 169214929945717
897941050 852832818 340895076993808 27236003213998
889158348 180009634 296381737608856 572858486311325
767737008 624136008 418778972066937 576007002281668
458292651 413041200 449850804456616 984548421738566
441956849 143072805 992330183412398 958762938685225
50376298 919726838 844290268605922 858695417303444
720415474 489494452 246302823195056 864349862595857
178921108 910095090 787435818913236 203384026626252
50834383 317062916 212417303924383 670005960460241
32063697 827598400 944912547394865 426838830910289
285322174 492800319 868279292661692 384814708839645
5433065 459189532 738862505032135 218291335733417
427245336 700713907 30578777551976 668957227206602
801628100 21822435 751185880041096 335641429015160
692088150 906687948 476694663931171 358784516604492
390836587 266592529 801130070320005 60073678408834
22257937 78235927 944128178187149 7821704346680
246468359 895969091 397226786831853 480362049127597
94325248 372777792 199102792546919 630778363792258
662142176 76100918 779480874905617 76795228017404
17199869 793853459 509659633464722 775550980353087
722612830 802985926 937875588499810 941492058616212
987117055 879704958 213476174969357 99727204829347
17827851 457448943 485408048780912 186912459861177
642613280 578452364 612608435381754 959200722780419
713437582 900866765 877160531749100 401827651431121
137914263 886413419 268114610495641 942567137342419
788482992 529096095 283716674428838 300063930283103
567887294 777020006 356853572313674 381406159930792
974571098 770052543 388857442987663 759087593634824
180025613 557510122 920518940687502 804435193129270
393223828 944629930 129611417413303 776378747922064
653589788 902249348 4498342781446 866906278324050
667002502 918750717 846373976342094 598711512437469
536012452 688764384 669474095951474 129565854181105
456239993 117109621 431136855529638 449236922327538
191320445 51588042 23846752169650 764789580756262
526393815 513600750 440387654585902 466480944824052
32917664 661067312 666272903571655 134103432269094
19387174 739410020 285503626818680 710242829100839
102976037 183280669 327378012283857 48113810694214
594714127 726638580 966072235124276 117463706268145
188307781 326917311 831012521209874 895963698879994
723744348 210634714 308539705035569 482259903715541
902169177 841271649 13645955526377 420949904014295
915156212 839683187 837846350372961 844356636704632
933099224 982471024 803966512241366 178993158929809
442436577 363048508 186425758957525 278378646043550
273396572 770599545 251794145611644 839242511940861
794512970 930243024 133909779458236 130522014276909
504754076 115598888 162173018247577 561392887116304
718369400 745265645 332343795533671 172625245550120
95933042 627319882 693658115020559 202630671629021
557899731 769480046 636098045525319 266296749630132
231008214 219305163 866887834554077 134940594971545
342445285 78674769 521353357191405 693132021403926
983799519 880665015 680190260717861 204163052465817
322425173 524358322 875778680385032 662025660303793
433641928 527748924 952522651328295 368644354563153
64044525 374054606 746298009763177 510892821772044
459363816 319079845 416206814640964 559489316877142
594192531 610091776 198809631268097 8308500950473
895295928 16327519 330335485911291 846541904349277
692519506 30259910 679896087343072 586542275687597
249519312 236887799 614777254171886 209126661850681
924166482 720071611 580587274665526 504922029083806
465292777 948940569 717532223603933 122523435578847
633452250 593098141 729913614925141 437387337480351
544221404 639416978 854097543761832 224822563702372
765184341 153576520 180559479773101 425150490396117
190846112 868298318 53092779953488 77250221167868
387031113 240473016 956419861132494 2226870293381
322755918 942109017 612457358890742 456801639675132
778935392 198198794 950109058482536 632702050114323
903196703 627075809 527215920139993 299704207488985
331447649 461920122 210129016141645 789957294979075
169788268 598597169 574958340630619 141004938458406
80130615 663456869 444400356861292 945854012567546
698799788 178166967 981343775797244 831013427548824
196793064 244004168 109059208361943 66744175786685
915391609 75283454 454831214433117 363334649285636
307567262 614347966 803672437768125 58446265190959
320634507 897809331 921807166417213 25294452259679
638833570 182120325 399858663766896 490449219736151
886732218 973030819 458545089263998 855930242212028
807599962 932365945 102031325257311 819943206736215
78860286 9471418 904095715345695 820230378809936
299449425 651321494 877807014320411 527707659753333
56655473 171148292 173062973787715 534337315159153
309137455 121029369 702163657236822 560553596047124
611343179 639892655 414558749138984 984792148949393
161750971 853088479 691421472029150 178473242657979
931964900 920546310 933400797239087 994671017364038
320294111 794403747 257172262222501 426986260328204
763538613 484614263 843153226361050 869139461612869
592815779 925644995 601570362972347 506895140386509
695193430 910230157 147924749773768 355925868058465
586300720 987130843 694664489774673 227787585666785
528164481 578105589 861219194691514 318880327748495
533619149 794029222 113295996388023 827996306533455
189115404 398195836 452225838429584 341920193729253
704742629 650155267 731783181226590 568952761740857
836242673 438666254 378432516708171 416136750673045
906268158 182992110 306192833484502 96423625213413
133043529 366744247 704617903271948 428751213399541
698122178 272716418 512370544725711 987165296152246
555414603 771671973 648843801146387 384969048631930
781711353 586425852 165509676140059 67118659503667
190017105 751235620 694162414364864 255596346735543
278083979 712632250 495434628390314 861571518682110
731614931 72759711 212074580372628 487088536095073
630825090 495888438 751592816677771 541947480396253
634551400 624106404 410663801847599 217114259665230
885588997 81298959 117369760156401 974806565032884
895188683 47419359 983530973858131 686285614935920
582741086 5514752 102259303797802 992513373728647
291134675 48905245 330472346297567 63283022243294
707927795 864849126 821626657289385 828824418895227
57202297 48769610 435752427922644 651402755400906
312049231 138809789 89677568487164 36692466583509
462263509 982229107 960991855123794 936777179378314
996846106 221902242 722355136203477 121881406522105
599366688 526538436 788940740520858 947437853070227
217798939 119168466 429567362391301 547291407017323
597543346 419043721 796704703561229 417758311486072
880522557 902819240 287076752134011 980278652471249
569112068 436988208 292622014815274 541566770710511
760170886 299012770 341589769480520 590703474111726
104329903 65125444 45771422461587 6213097939659
851325983 368009820 513591622407837 95378942046631
172145770 537784178 168189417064200 125252958892034
359194706 865724050 269681192415434 765517152306432
398992143 907593095 372373421860970 239657278251687
915996807 972454177 614036828866112 359411157303326
282690965 546650992 246770274733752 751203247053808
132822085 385174533 369619257057935 371056564061766
298414102 764049975 177417722623764 992478005474096
373406262 884366172 356674121995880 430260723995868
329571273 710136075 872298534348734 402568522300893
294068258 983608160 800679415676827 719978141125477
272178952 771105080 755229227284502 526771989010314
991404786 500337264 611544129786137 27313857901444
935754059 492098601 175257111091357 40554416237037
461317806 766776071 924315572099826 908788069157119
745915690 487381357 500380270451444 376432354604249
52122750 270415810 973251949498966 412160425443770
117508701 172614830 76063560481243 396967077959236
286036140 756163933 539105289574807 964585560004025
847112127 802729402 222730984546610 98874070323777
891742366 537299125 447827140364324 204636504409890
565748549 729908861 775234058647034 548554961246982
29043424 639604934 418546936492687 985331884665400
858168331 996129540 792300674375251 324456789481702
590266647 622161069 76888635650695 663346273791328
647140935 613870971 392680832715134 584621685862999
428587022 711765927 605419095617246 144445408370974
190110034 812054063 124536775948252 348941203198956
412316076 305419024 277556657644419 929480306491416
899994021 245805451 674261264532205 940287841499227
979762426 526590564 916592951093639 781381475972881
34303705 2945566 99653480211793 627827778891895
551431201 219252032 723951157755676 571615925562606
220404645 840166546 359373154943689 451019223313206
863077481 936807264 436696787095440 892061682404019
312785891 240855989 613867006554166 557871437430188
286752827 960017569 456225415920469 1417150710662
651502731 546977395 639524003068823 49100995799820
234038046 505990911 850102120194043 449346670615722
320904116 677330393 541019001746446 788426729057453
618558397 847712408 903285296930867 190241546401156
412355225 865775891 626185797317083 600797549328897
525246942 219704742 249967344528333 751377294380953
28310417 812199278 81992814337631 191967148052639
92758123 38815368 993219350005690 233027397785228
181525525 248576086 653800610167833 966023991557178
709249899 178712505 437273465198090 576194017241123
921636029 277716311 256723990752939 272093968129702
399080457 300484054 573120074636781 236777917635650
336622402 175313951 755549642932949 850405998262233
969650315 302194587 185023961371573 504083352112366
897642620 598360697 319630109013623 671389740101094
985260636 404480998 800537677603026 172367625952842
884176996 889998418 554800126115986 739964705969411
707019266 299098033 340804937821140 69879781541533
599525906 784644535 37926072506694 280346622703492
408014118 457085978 680797665894507 795118254380617
34725824 842689748 353055191286229 396028964888029
816000658 985747038 197830987822953 291530012835795
118864068 874718198 521366983756958 585901414717090
681937454 377048025 599671124983485 924372267868129
818169241 914059657 145447064347938 37004847267465
401899777 814481927 401023320383865 52307138217270
437192149 695326233 566534047848449 829578566977638
523974965 465157765 141673019518924 512210901350583
415751219 435269716 297128242993916 592235834377516
777504786 105150223 285088044295943 487239537657193
907508874 821845765 133085845099764 173048831798258
899817985 23330691 368204828801435 211019899535471
122249170 915250457 54813477922281 898652991807979
898504330 222784987 723912964790041 199533917065488
278970917 450657693 498110028525307 441021076537963
742761557 551444534 916872209953840 986098144868526
660661947 527900605 695579000953451 317793829283560
138018091 188775119 923847182684849 388719639796430
977405932 399050950 402579567272857 964000234270454
73022453 219364866 281024133564813 227107546154262
880961329 290870820 906457936715527 831248348383305
962375355 472938062 356223696653524 297035544344393
734214946 189178212 131863622582868 533910391486133
911834790 207173197 934131406632375 764765121620813
296722296 214262833 661524479749184 44582539172912
44535293 350886076 866005263993478 915805323828516
281433356 557390425 192605248122030 179963298070734
568893483 583165048 122570594305713 14363110183669
453539797 64091593 841650458397852 18007872821955
926682550 929666686 315434608435914 917632809264387
713496300 359912588 691426151732780 941290039924324
207696456 711534570 735481342483585 304109042304435
363261067 126542031 839848691096733 913129283051044
17416873 846531575 263932030795430 848673861454218
34779656 947581151 77740645680209 971634207531674
690090689 870476292 146316321122601 282904990297900
271954398 759326504 281357796477640 838508210594425
272663962 189628812 322894697158940 150891660814173
982608803 274685495 796979197169315 989191459762838
67493211 298297901 200205611331758 164647297506562
982705682 176292535 125045075023777 487558172509669
912581453 668201377 522982333546289 584262313999648
772573954 312199031 587511817412260 477923402249594
325708761 436527558 312818701879572 935803382988507
126940012 480410977 739730823452076 254906174097547
223213703 966432409 891862340800488 595040063056759
430984040 228872067 804085172842457 186616127339628
698094591 875664438 366700646570591 887707983783514
313404975 342339337 989811045738860 377314216774801
84864523 682300121 625026349841479 711959578916102
266266649 208586048 384991747133382 147183350037135
550771090 291694303 951335549623954 600238794639138
570973343 519559572 783940426041702 669132115727898
433216157 187497668 630561315260240 28320025984626
403715161 932521874 473681510850030 502573228868871
383803477 945296165 376983345095090 762074863630041
605223681 177612518 656697385221662 189982320397130
496121089 618614463 155141615863304 432327514197597
50003821 475543900 56168266484695 598034294477559
925961228 554900077 939827764347331 210147616320802
855175063 121062626 789642892173848 227299495343173
370192892 34022701 16218297048947 575052053695852
136218264 333196675 624898176032003 742089880124805
3785851 31034907 588856447823561 270071795975072
409741991 891330412 716988863586776 467000477104942
170606161 141329523 822987410377877 330673656841795
31563550 888524522 114349991814903 742754305589204
944427879 391235474 936483417205447 595428401837561
280386165 755426409 819032813681633 618869814717483
786424004 541234932 640073261766769 714702900684166
25317956 400740470 863095322366263 253324828702472
396200595 631002678 950505079343555 284303054315984
959370051 146968509 128148057735352 578418116621663
359496730 572081429 175520582279180 225848378079706
66111821 717388042 963703313372486 985773508174405
449560003 639136620 477956747096511 262461672031945
614864727 862667595 458074285953761 951003334059758
472069910 886695737 899655469093482 110238589547489
342373757 690481035 34828052889257 757396373529263
904181947 550737560 450326314261183 199744373442183
291002101 53378296 286537293866720 832786956169980
881860220 377131461 176424143007887 25602741855808
213492760 995561693 101543299115748 893255022590826
172856128 644889373 920619055288009 413398666093744
938960479 386089639 380590491632440 721824354708909
488744721 866348828 953520671673726 187101104080284
488482403 242412002 665602296564091 229652249940378
737023765 981003360 781826823727583 700411531724519
32250843 92984380 547343899476078 685886961257765
389278615 508905891 860777475608125 121582992615575
633245089 735448961 139903417490418 77636611517539
881653247 20789188 457034036812295 784743944221904
725734828 367407517 359618870823174 520641522641288
163445460 166322622 843611720853966 159454963845079
238860054 905846428 333058723149260 415508460385513
399490496 592377518 363346346204995 693570725877775
272243734 275382955 262931624401284 304400537271546
503667084 270163920 344573842860342 46803446857214
995468294 565544471 437941126757518 809131642500688
191561246 775298689 255070019701655 608579193093192
772180830 605346125 657372439265388 59288794424223
500421249 164758077 508062868891512 783298625243058
810710966 748766423 674663326672828 537571566624188
858136285 784578210 572875008213769 646294615215903
568329671 774404452 872704894393921 320887362427803
13428345 660742506 305223676105114 464250784547733
86076777 983433664 205262673019098 842240148617809
351507903 348919412 672271000730523 393104505004088
886280085 775242455 722610164704648 302402444182803
844804151 275846587 217536578594462 580608907915853
468034147 750432693 330789539685228 985629408279860
13478538 939147100 941935125396818 717594170564919
767234317 533886856 347846133570245 967331008946729
191826560 414129043 793191411414921 858733904590460
878329833 83971995 308469829975285 829341201774983
296980737 199536829 429300751409714 197840534726080
322365041 764123995 498810997560444 696634111579906
505159702 138442583 157919582463839 650495866819784
323077438 100841045 242690596261114 337756041389167
961900264 395583484 588251277940287 873352377541495
743092743 804636213 990870321167152 888157247007170
644767679 344892266 398537606900515 607228259103700
825863078 37275848 60540705301759 345108267652368
959549444 903749245 161997366908796 960358521270785
390668307 226669561 715186263181670 359007787008654
213214782 540931121 668811232627163 323427544407107
444533349 873817047 561206829820039 248178833949839
554369048 493345699 839761829541358 495968209668864
369921239 159579276 450292725631906 959843116723080
452383832 715553295 260402091105417 844886186670267
644456128 184104551 341337651924248 730192642199054
238081256 720438482 396966764860313 225297997089305
16134809 785674706 369005580361832 364176330576085
796049104 604635497 396122054331954 542321696789983
93979642 657524059 490971875908148 898476615151283
281345592 64931183 237180759762049 417535256407280
698268060 543151022 438445565999164 557699244834970
174774378 931771554 407730180414425 221435107484243
438818648 261746584 700975015717216 685521973577120
454173645 147286238 789626670640810 157107721032490
81556517 167335941 306886738154913 758594357193465
120383466 905809439 216579449525380 86651565436602
129728540 831735297 257167735989792 571449092183034
295727978 665964674 216044064066071 331624351661673
717003894 162997434 432109412535580 665762843697688
702455829 543385155 338664764250421 220928247016890
266145164 11828603 306145094159863 546098384174310
608613075 727411647 297697968005325 71189158040146
70670549 338518449 184638033560881 394017185274393
893493166 818511731 820413018578161 383639403951094
158981355 783071465 403505730383979 788349532980614
739525069 901279739 167353711881936 536176127317130
360714630 623648976 100106050647652 713493259741474
829375865 638671379 559123129672892 92346258618386
63517054 907331376 77862847950590 933340463551744
939169307 198767767 965441721958948 644513789095091
640804043 891885560 338789125679929 511550446372693
216192571 214549638 461699786082201 906533464969906
25963655 915858228 305221844286773 824704269579383
477038465 393111290 573413829180108 519444119528563
712369386 54511887 922149036474419 511480872357592
948415158 959799088 80455446163086 483345625923194
102317388 132873688 347505785168019 482686205382414
136316867 150349957 922970724256462 504812209399660
13114406 527774713 548599946077143 517086235524046
574094769 132132982 343168850613405 323480745154574
642819344 342886400 36936552738974 417447875211755
505821862 481911455 358743551161900 272809143960388
422352068 163774618 186326170244777 634378629622874
123271661 333173436 899950201931467 312765274840594
568765208 667633809 424626113763032 298065065856048
640020973 926266025 972638056567530 383152262293405
247321350 191741140 245272918633260 251402286784674
219078704 103342693 680542141785115 69981629739306
124099751 36288623 455565545901766 826914230415107
543952732 283346954 851765611956494 50863552505373
665803058 151198862 293995322803686 42602531027657
489681212 545587157 68399478021523 462439921800186
528497921 743415421 311098521232876 365498926910855
183497912 206696484 670099416257178 249325469987430
508497292 932674474 448096577887577 195687039287026
931038680 778415986 29284861589045 555788928658214
878666090 664209824 870303177030606 741897469246688
114324932 567410779 77630629149588 882127755321886
896468054 115672076 443282115131914 291096242967363
960233157 1815965 112556618646278 591676099640658
294164775 306822331 94711719789039 949550010987569
849193540 855545364 573016018887165 430054646017256
849707478 558041497 403783211824765 799658661461983
34408137 438289084 662909560449802 307307965117219
457563003 427201715 183602428558292 399665041558688
730206716 616035507 894106973451740 526987232226407
510645839 885972021 875910799032117 209111559696106
870783143 853627699 648896690366277 259137241700155
476554666 669930091 465463471357697 692922018038096
289023665 401298331 519973973637428 662648873049153
7796741 988613571 720478119793336 24797252594824
674595619 120012133 73912826151610 860493638014527
642975481 686471368 131075886805754 432955860856677
706340390 767387696 226331517452296 278688686774809
770295101 102539815 246708552876424 166999309952733
66781442 5751735 375993826646638 307213612121811
92553387 348701357 795203846132034 698933983860227
426706463 1344983 333011328086109 643295736079763
825605178 389231942 576993307192874 590736709086733
24854791 531892877 177893112307045 845183417188764
526984708 971793151 248267985642846 676040784991822
721494113 486422004 400575882281527 863222849232979
527920448 510210308 672600787488033 69991791621179
396243958 663171145 258177738935459 669961250812220
583199816 346454689 339900356578515 573043586364266
303268527 527014378 130869310390169 790425930780156
785859220 612340036 403024813368563 576495299857805
630437011 368504658 872565258025771 52195685810776
134040252 553337976 400854940596002 69749202637435
847021261 647279902 181118661887113 322073558422580
118867064 137827819 555888044559906 938969882259494
364106659 813501962 692075833970179 443472077523861
685354659 74306408 401062061041106 935448574327461
418952831 603145459 229382866157321 967187449313950
261869874 267810524 30330050392883 236797944247339
766777833 835279573 811767925832749 343467898111381
353805633 713740372 65431851117669 37459925619980
463058314 561734350 162074468052766 830356226861790
418764550 946882044 319258656182442 962286797280190
151933481 636525592 144080982232750 7782598265598
397856218 273461792 818282182307937 776577687629012
782627761 369602578 652634047424204 186736652906648
695518262 635221806 314893070021898 173245788990212
892655400 492512823 882731636023433 777213425162354
262570931 615581105 313444435175751 192232071048993
657299640 919239716 2142531668502 893534536579440
817848072 205988951 147301978079449 902389755082785
86443433 36209045 235121380138692 527354399935639
488245775 266708459 816679564861598 423460393708311
941472355 263469159 719336280854274 764827143181578
613924800 241593178 974127846057625 580688747125561
682597488 843153559 61828394928225 832044506441743
479034418 929359793 894159884071401 910689510511067
588851319 21538880 502435921526162 619359424214282
738108576 232850460 431275776830159 321802065532528
229504065 49551264 576008990453349 898809494048128
381415777 715968488 837141986495147 929624836486799
77766839 307300114 472219796565963 339074891148565
34685422 876776064 522998270370814 848488285654507
755492321 141478164 321947972334548 962230896230797
800197343 398545779 532561916029545 726164810878552
331030247 633908290 527264679104944 204869703840461
187071469 539225195 684752023599788 47805445965772
