1000
144 317811 371879334648244 313152118807273
233 1 197407357147458 53374826589175
102334155 3524578 608880623692382 573743111154115
165580141 34 330386789508877 335175998405328
21 8 374535562221120 135577672390040
9227465 102334155 460935130636048 980026062964179
433494437 1346269 213094816867329 991781154363825
2584 102334155 67528054752833 344517425690397
5702887 377 436483072626919 67305155926266
28657 987 923319952739382 75357521196135
165580141 5 597844508571865 610127301543421
9227465 17711 80921270874918 223877095982861
10946 14930352 600818137431645 25587100879588
377 701408733 502615998674920 143144471577608
3 4181 309908101280411 177512039166329
24157817 2178309 473665201994226 368924648731635
1346269 317811 813289275211095 999131291650856
121393 196418 56282840408923 504732496821000
89 121393 424992662537465 542990233229563
75025 13 964846318145752 277895612252451
75025 17711 76630154630791 998775263507357
8 39088169 528778545740225 961146089462206
987 121393 198595696414121 818929625543511
75025 89 110484573132812 244740651789298
2 1597 751653689638051 610201709352980
14930352 46368 586852064497744 371061462833787
55 610 590497228543069 709343375257952
10946 144 622999303657922 371378152745908
75025 433494437 878333550251102 531255275865699
5 433494437 381159111779898 298461275435414
233 1 24303091960523 945482372431338
2178309 514229 171830892186159 888380484448699
6765 55 503824696888428 943459120105054
233 55 191282847655093 160058036931936
1597 55 741006401637542 398680012307914
196418 196418 374977216202629 166748914248030
233 433494437 542330353642881 403750727719384
433494437 75025 197129593511668 906830947440175
317811 1597 295184089866147 160638868033491
3524578 46368 295410350348794 782206649120750
102334155 121393 641923037481554 686523760983205
9227465 6765 993907176297004 368865191259734
2178309 6765 505421674017652 184814162595033
9227465 55 756311070634945 642625972321473
46368 317811 71329380722577 494182206710938
267914296 9227465 373257528305039 622449935512106
317811 5 151577381495247 895279941388209
832040 4181 21445194821902 912053659537707
317811 3 497579919946740 25642396107146
5 28657 824277490477651 252682732009470
2178309 102334155 57617215991398 728716013882671
165580141 63245986 550264687974421 905443612723326
267914296 610 899733242513453 157380231855434
39088169 5 464253413874602 545952991301671
55 3 734082658584303 15916598174757
63245986 317811 746036439996682 756301938995217
4181 433494437 25126964078322 830781602446253
17711 377 37583445384906 926248520549623
514229 514229 429748572586781 52335287668074
4181 28657 266959191559713 659292935671605
144 196418 74104171281655 587597893917319
832040 75025 832558883226342 577265276541637
2178309 8 138754544051365 880195017868239
39088169 9227465 609864422325135 49252638484288
75025 832040 183188690919662 543906490134957
4181 2178309 457815102341426 192229618208739
1 377 737243434178361 515577825623082
2 1597 721375562157959 215407679353734
165580141 267914296 532518643045260 140158843065074
987 5702887 117211551087843 25653665963173
75025 610 843245796274318 3166550484302
987 2178309 393499450565181 968052142123354
377 10946 111846522437510 73798651202090
10946 1597 396060362261291 700746978407263
3 102334155 294251135971417 915968475998224
144 3524578 82385923438053 252305931073552
5702887 24157817 854929255610767 7967607987498
4181 28657 801660933737280 318763483349094
3524578 10946 603919114190925 938630088468291
14930352 1346269 976032772290227 930435259271421
6765 46368 572281184960602 858506095086534
165580141 1346269 651700890236501 579920279218702
3524578 144 176331974194206 895733775646652
514229 377 392693298723547 279057143365492
9227465 832040 484497354914974 89326998818769
3524578 701408733 392349368422302 66470324408489
267914296 144 707849191147904 491618723350606
165580141 34 776571671790226 119333243140297
1 5 693845645656332 74143843720479
39088169 2584 844724407602255 793243222691469
3 433494437 510067183364135 355413123043789
610 4181 419990814439435 825521350790225
102334155 3 768200185367129 490320160727428
102334155 1346269 788666588580764 572016793516046
2584 39088169 276305389019592 53508277856014
9227465 34 782802995703674 82729868495711
377 13 471774609293114 895205211653333
63245986 102334155 591046734567098 712072011504511
267914296 8 977687601607189 174962761370852
63245986 514229 630719156692755 987377703747912
2178309 17711 887879589179489 334554441066726
9227465 89 775536911933659 837855215321396
832040 89 854441600204484 616653355368996
5702887 75025 190317383272202 944312573719391
5702887 2 572309515655300 505488171624842
13 46368 288663256942389 647182600907650
1 17711 164744298796936 57438687379361
987 144 471293215596947 394769261584633
75025 21 703017876872278 67656328551573
39088169 165580141 451387221938427 646656801068732
3524578 196418 772856752485909 539608410077231
165580141 4181 605378366911203 573218147959656
832040 102334155 144364912855691 44462643040731
6765 55 978971142549345 107261496637751
21 14930352 494828305071647 331847119788195
433494437 46368 632152058798380 467086254099971
39088169 1346269 623712990829528 209006209143602
987 3 918616975326619 857418959864646
1346269 17711 283460528749915 527371800135633
610 5702887 626173066689700 596818233617947
1597 10946 706462217089775 816025989899371
377 701408733 935027251085533 412241704427325
1597 514229 286963754412923 459171812255371
14930352 701408733 178525964844926 579450744425223
34 377 139441664679046 86285713720156
987 24157817 885752431143004 824207370301809
10946 21 514656560376373 430973084307367
121393 514229 731592202096110 768349980427800
24157817 1 736773744971599 37002522208216
3524578 4181 720768202362187 125938973317174
46368 39088169 492457678619964 661040421672953
987 24157817 732696961725992 840026421033636
24157817 75025 122179337137152 41004403983284
433494437 3524578 555760823022302 866406589639646
21 987 641552898617924 797645339283028
75025 63245986 548523909967969 37717101657598
2 3 525713869110604 615822963098307
3524578 701408733 837333232010825 727441953586879
34 701408733 670527338221825 623626050648972
2 10946 918787161300683 617885493141371
2 196418 808929471608808 337241957649113
514229 3524578 914239121743552 117531713789229
13 433494437 411067029695271 240284885901942
24157817 75025 566447508671900 977224128735342
267914296 9227465 940184330418822 587045598854091
28657 1597 212349553114487 613687441640827
3524578 10946 690818149692523 416591100362725
832040 121393 603064916325127 726685056769068
89 75025 651036507622876 53196502970220
1597 3 47834303090082 589127444828157
102334155 46368 509999838268031 417744734440109
4181 17711 695000505626432 422264929417224
5 63245986 334189537338524 692159369034129
2178309 377 928023172064374 340729409969927
2178309 233 511126722082073 766882717463459
55 5 908609879428219 638572818625366
10946 5 494621622197116 815719081502733
987 2 258224387981606 542061184331503
34 24157817 264296805344748 346240102409626
28657 610 688318499241709 955083253546859
4181 514229 650765391329583 523810352071349
701408733 24157817 884589022940390 544548439371270
55 987 565966202648748 803537643980135
6765 75025 25568899130568 633507973089178
196418 21 231993534475881 494032850275164
377 5 926770402630378 632172881167522
14930352 55 577041645974285 65624853754333
6765 2 248788781581890 859508322087224
377 1346269 366945780209119 768932079631830
2 514229 330542586243174 8186040931606
17711 102334155 602352111846596 133594844775377
514229 39088169 888109648352654 791613304593304
832040 102334155 435899819439171 248235158523896
701408733 2584 454336940891279 107422679432119
1597 377 313737008285571 380922439585302
9227465 4181 765366444207840 290670449500174
21 9227465 537673702438987 806785427075477
3 1 863786421356695 896513112280792
10946 17711 10270530862848 761043655368064
2178309 514229 66448775551084 224208190181871
144 17711 813050598128298 653088485706881
987 10946 556015860262836 987876927971022
9227465 5702887 554274315081966 610357412624612
2584 21 871143533183590 799667044417166
433494437 34 194516740816404 638091249075345
24157817 34 508022610616089 625492177548779
2584 377 228400790695169 756389162688789
17711 89 13695142676226 380171265535296
34 987 268471651970877 456285835868057
832040 1597 770875108392442 600554373879942
39088169 21 36270818786541 245118407790823
433494437 196418 843955871935093 677468774571864
39088169 13 935796994155737 541111593598315
4181 701408733 27901265477003 922793955771633
317811 75025 876728757531751 837891069918511
1346269 3 876137933445874 823196529889322
55 17711 556906637483932 620456535631838
610 17711 558799599632640 49668181750656
9227465 24157817 93046059264289 383417747707073
102334155 832040 245737356275885 49462292018443
39088169 196418 895221930232379 686831903425219
377 5702887 691460389000590 615280903280263
13 165580141 104180953668305 355105281146992
233 165580141 54068242689498 247829135375694
24157817 102334155 289105254758761 139479394538480
14930352 317811 380138240930407 833255119706715
8 2178309 922822063305514 355890344272656
21 832040 9129098526381 789263187382856
4181 121393 645990521367514 108990516747065
8 24157817 783112104310977 27326622639440
89 433494437 779292051310048 323938318555509
267914296 13 93822259870042 58898802038604
9227465 2 13312230394434 418202080989808
610 6765 106546782090191 743493609461688
1346269 267914296 956773685776551 566045648026228
9227465 433494437 506918343286294 531503639833007
165580141 1 227495485663061 261234577550700
102334155 514229 796173580277957 314501032561641
317811 701408733 779816997321523 212293202728673
317811 55 538878195504916 305772614639811
144 3524578 279616136855495 751038557149694
1346269 21 274788876994264 285473715230263
144 1597 674406814308152 57625226197390
46368 8 324688587520136 667441248767455
2 144 363375561718349 301123592634364
10946 165580141 375957208074042 919928952882421
196418 6765 869407270740075 33210290513746
377 832040 275684952260774 111318089301076
1346269 5 663399199369114 899569126850874
514229 28657 207314334207265 915198706966647
14930352 1597 681397797878911 808829462224638
3 144 272199992940450 787790502343033
6765 46368 546284843188833 449400375064970
14930352 39088169 966104194299327 733825534110482
9227465 55 557095437105960 816511181625704
39088169 233 558964626313136 896450634738847
34 144 771595399638872 257183141428931
433494437 4181 184285775595594 492689063518489
144 233 838896315799066 357746522098020
4181 63245986 353887965799685 364355405260572
75025 377 81818935459122 215955425157302
6765 701408733 669913219839477 979945905600737
75025 8 776142273622281 411655629495237
17711 433494437 555366015827411 495111825069123
3 55 952189848642724 996545034758457
63245986 34 506091941091829 601773470851773
3524578 21 3670555695529 270743826626399
196418 28657 70531791252048 134836803641705
63245986 3 719442968053856 328989630864416
121393 317811 606375073593724 945023099455746
14930352 17711 173599501780911 621723409530119
46368 55 682771243508911 948719355393505
233 1346269 730572248511772 36386421897022
317811 28657 863282936562623 805294973374466
55 24157817 123114722958542 709832071939984
1597 4181 587636032590116 958599720792832
267914296 267914296 266322393145739 391089039307367
24157817 1597 573646409175539 39380323964436
13 433494437 498868690543801 948197694188494
1 28657 700170219961827 51247115219993
55 6765 716871840132705 247032784994160
267914296 13 573207509133131 278903945868169
233 2584 149535369155878 726889781524630
4181 89 490886800663329 655300529393280
832040 21 788187852056146 866441765587500
121393 832040 323342188294395 724245264497335
9227465 9227465 323374379519433 178751736166075
233 2178309 128685834265360 225410891944330
377 433494437 472427698028050 498946352216175
1 2 147852589336119 520045437417458
1 196418 937256754681940 261131274823954
4181 1597 616843197483494 546658756003466
14930352 6765 25281006834773 306787341380110
144 3524578 445558763989043 630420860334477
102334155 1346269 975316019734652 50270725770350
2 1346269 887669372210646 102125408186580
17711 55 103147474055632 42408966469852
267914296 63245986 704623864349220 388157372098524
165580141 233 866670494800886 607508876924835
10946 34 378311112380180 725179611418045
3524578 1597 279247497824566 536552950413486
832040 3524578 817324654307645 799580104430900
267914296 21 341104761993845 406532378524550
28657 3524578 797502256961492 222525252523161
987 28657 951804329604922 614151385003863
610 28657 360029137329329 151328521186792
55 267914296 543458102850989 867938457445099
1346269 701408733 164924275055691 653982151079611
2584 14930352 398965942239890 541093494078636
514229 9227465 661827052996022 372830724661324
46368 17711 858167458589010 431161351664292
9227465 267914296 133914917206699 443224931819383
2584 9227465 109629866630130 642849900546687
102334155 2 326482696746879 956583472075957
3524578 165580141 108647252515608 733714351344007
24157817 377 98632737258282 889313735455777
233 39088169 981436422987276 477648021773479
233 165580141 194704620433217 378228790979958
267914296 102334155 118507074665140 351505016815720
21 2584 700699612106747 300686353552398
3524578 14930352 306483141873045 413788374493430
3524578 377 108097266340910 562583723935460
610 1597 623871002026456 738858520816154
63245986 317811 632149565412690 482521140811922
196418 165580141 903834737088834 761477648342848
13 102334155 253195816023932 245180771399506
102334155 4181 687359097050170 497401628906353
317811 14930352 581897086505315 242299073008896
34 3524578 620330712308166 448577612851545
1 14930352 423347224024157 751834825887509
2 14930352 323363405561741 728542092329794
196418 24157817 850617327498338 760606343108268
6765 1597 862056480395733 995036844403478
21 9227465 372509867429895 649994167703680
987 233 136832271399813 691101369776736
13 14930352 504797617854595 816589445309674
433494437 1597 29704218897955 379499112677963
5 75025 202973437426093 609608427542503
63245986 10946 57255766002134 310323780416416
9227465 6765 523889665376763 926076153250063
63245986 46368 448977218504036 624041765422794
233 5 845066166160003 716316252425119
377 1 434458915444276 736114842870741
987 196418 45898126614269 310661004207727
13 4181 832907242444877 875411033164393
28657 28657 454603011794366 645848310295547
267914296 610 113502657967700 8575893453267
2178309 63245986 582341079582653 267576179280477
1346269 514229 751061517308304 64496444201212
5 144 878652524304528 174643728591695
267914296 2584 523071643396584 5004051390063
1346269 165580141 307918081785455 394236346326061
701408733 39088169 630600457766371 830123980552278
987 75025 574613149571631 760139856279024
9227465 9227465 91277833706150 517861412844668
55 10946 483129000521543 701716317979956
5702887 24157817 508384631616505 904971337410635
1597 89 573879430106062 876772030345778
514229 121393 791085132127297 730356663474383
13 987 555839084572793 582921999788229
4181 1 803028338230406 742083876856496
514229 2178309 270839466457249 281835234607207
34 2178309 36846385261677 55214900961851
89 55 767784418312762 297657298641972
701408733 34 373560170007102 231493010168664
9227465 196418 24284096271836 269270449175270
2178309 2 82472498705119 906576816578964
6765 34 579910210277053 56400048819926
144 5702887 434539364090326 565032019345432
377 233 816362020242099 504936102098432
21 28657 886891062001993 927521554031023
2584 2584 90753933584950 876986088126974
13 233 153499678822912 143816066349251
1346269 6765 491669682473051 710050762571787
610 1346269 597157457122145 34629837842271
121393 1346269 273676333208281 295874954998017
34 34 476870882855794 913568273671981
514229 514229 658222390581766 554058311737690
5 10946 522629357539034 57956440371577
14930352 2 346929388892378 340471154800946
10946 10946 10294688540895 998549167974187
5 3524578 308330819179754 767701209832514
63245986 1346269 98828418122599 686164567668944
832040 987 938899195385453 984013814649318
3524578 1346269 871507039915771 483687857901200
46368 9227465 357267863666746 721429646470422
2 701408733 178782190693055 751218455441464
832040 832040 898044821667783 233550172255343
55 2 365314259422330 519023884250417
267914296 75025 622282439609642 224046704560683
5702887 1346269 245434594027667 74097602315398
233 987 665732976775962 584351856579620
701408733 14930352 375290863147536 60476748582113
317811 144 254888360679150 18899798598612
28657 610 415925179746968 161945416424589
610 39088169 130292863869084 363367062773335
514229 21 553851040619121 700752230166901
17711 196418 473686583534266 291749210055782
1346269 5702887 994906540329091 186616636987682
13 233 951600093061760 159466886806108
514229 17711 392519741364818 996722000550079
377 121393 238689407262659 828877800255539
46368 987 587528711701510 606126022481176
3524578 377 110849265351930 50304971983239
832040 317811 555058338041958 119167597558422
267914296 8 621825567057724 582501725316498
121393 4181 109774083590359 903992105755971
233 2178309 907227762933310 776207128635181
63245986 377 486536207867233 790492467480779
13 2584 467315482655832 770367598828756
55 2178309 638114379009193 483317616777336
233 3524578 343307688451713 826746175318177
1346269 2584 425042551966711 149052055154484
75025 13 167708939111501 870817403054159
5702887 1346269 760756797583152 702485166487434
17711 55 49684283637749 126008617753912
165580141 4181 641948841824476 761638383588261
165580141 13 310283466944079 35901366244439
3 514229 884307759954465 646120945091918
987 1346269 738210500030160 978899717099077
3524578 3 620382131243717 702381227742705
89 9227465 323031097516944 376240541787967
21 2584 833544208900398 85126954729111
21 2584 822385359724869 127995124334365
5702887 55 90199255728740 919636683837420
610 9227465 270641564997445 199518718484827
1597 24157817 243077328650765 380447831300666
102334155 8 798600399058824 699368279403795
2178309 5702887 861343286356591 645602203407723
14930352 2178309 486548700667555 97025313307904
3524578 2 986167465698417 227589540088074
1346269 514229 74164912110541 491224159833979
196418 1597 629830762749849 465925812892737
10946 377 494756787681501 611762823229057
6765 75025 814895826041358 88974287369691
34 9227465 276536350057033 59058294413226
2584 1346269 117687513163926 83701515056194
2178309 9227465 163508631965479 638529054942258
28657 377 874000845741720 211080213185922
233 4181 777127719045422 236053298688243
1346269 267914296 277894886405658 975731544201027
63245986 8 869115026224309 893668383082088
832040 317811 193783637268419 585386540226258
34 701408733 184478290442418 217794579251371
46368 3524578 577364722868953 487214153029912
14930352 267914296 263604802807483 725876717430
24157817 610 33003012134211 982201530843807
377 10946 935845648114440 454228202366501
610 1 136419507958664 702551181750163
377 267914296 844076147395694 645753274471345
8 196418 736438124196045 835914119977918
34 3 998017576395876 222072118033077
46368 9227465 38713109616345 266528229001866
1346269 1346269 706401995831040 464632687210860
5 610 46634248171028 783713390096131
63245986 1346269 991197586080506 400175057736112
46368 6765 497620191012226 585788836598737
433494437 28657 612476387762599 255974144844028
377 987 46465397848779 79383196746560
10946 1597 609231104110334 645757464934505
233 10946 449033299976758 352735310737211
3524578 9227465 381643514458518 437881304100020
55 17711 835492204408489 916516696381771
34 514229 671528642331300 53203634189877
21 10946 140435769784745 357361104157340
28657 102334155 339737138017793 178637725784296
2 165580141 185479064832863 742916589120504
102334155 24157817 355197590782497 445909767048295
832040 9227465 494692514824847 85898404990409
63245986 6765 208441186363420 911059859268589
1 9227465 557676138101922 484415263780890
832040 377 826594026822568 150758398490195
5 14930352 237906246385053 491310344551061
9227465 377 796274299644699 660590617544214
377 832040 355165427095591 248025929471109
987 701408733 145535795963757 917466961291598
28657 832040 802002320741766 458205894184149
6765 63245986 37535247043635 733358792683959
2 3524578 304774201941408 470062802207246
233 89 476549533362084 436653957928107
14930352 46368 107485276724989 252343266576988
4181 987 41394704302742 845957239477029
21 14930352 910518736254659 380084275075976
1346269 3 176968220969089 746893782131135
9227465 514229 120915415652536 339944507323134
1 317811 140590438870906 754953233469620
9227465 17711 316240394614595 421668461739464
17711 610 76014398038072 380296284173277
1 121393 176457243831146 563652625596560
8 165580141 834153996475922 444279701113526
4181 55 727930189454548 384715085348769
514229 46368 2753582198526 141090713299034
55 1 72135072524743 408651282966245
267914296 987 54384506373010 556432333872002
2 233 501197749440298 587017355588071
10946 21 877053018791686 366898307749513
1346269 75025 162379461660804 393188712797138
46368 1 771029950496559 637405145405289
121393 46368 788351447851002 791056762986351
39088169 317811 933310813865092 450918720065470
1 6765 132918368142931 805207668109098
832040 701408733 128167093639707 881456987409601
39088169 46368 82921380514550 286180573170956
3524578 21 507198985362860 102727085465422
34 1346269 236343413152746 679515934153409
63245986 89 778535428441996 61578201383902
2584 377 231373068826068 822121392650643
2584 10946 303504295989938 242049697565324
24157817 55 349853760048124 121019919774316
2178309 1597 425898153059508 820002567700242
46368 3524578 62587462922311 731557351693783
1597 6765 18458447476170 491313126215884
75025 5702887 5555609434941 380375016705022
8 5 29338075658441 656274118982324
39088169 9227465 996437937927171 764273794542764
433494437 317811 47432629879593 208785867500387
2178309 21 359006919489633 251980990953292
13 3524578 471481072235774 671090529938709
14930352 3524578 781971138864316 970491878544103
2178309 2 407292821266689 96766799220132
514229 196418 246486289841180 992194488303145
5702887 5 888654471263368 588260635592331
17711 102334155 818904147365927 203419047884635
987 121393 23780959444872 838520030094564
3 832040 552479500970275 187828242293865
2178309 17711 464985876561049 184087505629546
196418 165580141 980818186399222 391326374066909
5702887 514229 465739338021105 217853299398774
102334155 39088169 201469434694696 516882776254433
701408733 13 400283055438950 390676383191556
514229 9227465 301304393998303 452546490333248
75025 1 672349789540720 499700406192559
102334155 433494437 40526536580065 691867540848740
196418 433494437 830010274106660 503219896600240
28657 10946 649856917352853 468171581736025
5702887 39088169 127216092952377 37334999192546
514229 3 113962203429121 435099404836807
2 2584 35124050424326 852767330592703
1 2 363239442553036 357815440846330
89 4181 769519845319297 652509696609379
701408733 102334155 224490369527356 520467132117469
267914296 987 743874767132736 699111799588743
34 14930352 30066245514552 720723863666170
3 3 491839578944890 614274158822023
2 267914296 350950109851718 219280933723259
34 196418 863234036422406 333138553254492
121393 433494437 858828413718669 528229264553770
8 701408733 630978223127642 646573914505121
267914296 987 864378285514196 532892129345396
987 514229 510829661646732 283238601830033
9227465 46368 291531401731712 5267383080545
34 610 370076047551828 254958964377349
267914296 39088169 740394507779992 992953131463836
39088169 21 244280926752007 707501934279802
1 987 340580598758596 455695152042608
21 433494437 948927587690652 989650555999752
267914296 28657 686151935346760 364543070949320
3524578 89 754562370765994 681408549738092
267914296 14930352 939119378346764 672352544431149
377 1597 622043836577894 911598581933054
21 196418 7581757953175 9349885222603
5 75025 569528955393448 507799668699322
317811 377 246763274334990 58704452902507
6765 1597 680857593942247 203421705740858
196418 63245986 19213903113017 455061104372089
165580141 5702887 129085789972791 62168926075320
34 2178309 712888265791613 171761494867455
9227465 24157817 619418245763153 379067243019280
8 10946 938386613566690 461234377339303
3524578 1597 498475952312970 416151444511163
21 10946 979232541157646 744312476785084
267914296 75025 944791112761050 778199561164500
63245986 28657 717684070114374 175358473532200
55 832040 941340958641878 612449896346390
3 10946 167957534545011 12340252134007
433494437 24157817 922404492644021 891488560632283
21 14930352 477974381225498 669225478120401
21 89 898706118067533 601837144089118
433494437 89 892959121552482 265810063237891
701408733 39088169 338151010966550 342695741965945
28657 28657 855929654046993 169721381417845
3524578 2178309 664204763334437 935862442900774
4181 5702887 4971927702669 192799433289780
165580141 5702887 915820245888305 725356926175233
89 701408733 975823676693982 949653803469801
3524578 24157817 140600834903952 529230966543491
3524578 433494437 315796399753898 586837743188191
165580141 514229 402921756308026 188646488581063
6765 701408733 219744067284791 401055337517312
9227465 6765 12912446636996 270285855421064
102334155 24157817 219904302057068 963652825742807
75025 5702887 800029752673637 645655772061983
1597 4181 598370430013903 488941968547982
4181 55 863026668614388 96909899619209
701408733 14930352 363826414338439 53014185327088
832040 21 514407954393831 242690562277726
2584 10946 804032791321691 690864397406824
5 8 748323467662932 804417032228315
3 317811 492569434122160 316087356776959
317811 75025 541041230631155 799273633087448
317811 832040 120268776001421 153387109628001
433494437 514229 558287156973849 527364392141265
610 1 739550654697113 826002244068568
514229 196418 776504196747197 277013944766944
433494437 121393 757766985209371 590333884915278
3 8 463060083880053 860989596789183
9227465 89 790220938720760 197695742094157
610 377 291508436101497 847120435324618
267914296 317811 418794429580471 165669055728130
5702887 10946 535721548327838 168395395445242
8 24157817 24767505024896 369072807647285
63245986 63245986 340540365965915 963017173280747
5 514229 799905694816791 466515554204497
832040 2 70820630029255 503615715967190
46368 39088169 46353296987877 431441813506145
89 39088169 794626428553367 311335487518870
5 514229 811277139033838 112500637527056
5 63245986 332496112247844 836621260813989
9227465 2584 396975753290203 311294121530023
144 34 242499422839906 172752680479
2 514229 734286315357681 59444845449234
832040 9227465 138698252640745 289905563397566
233 5 78262093959190 617427700991963
2 34 607276089198575 253654789634011
6765 196418 863525362396114 51246249547052
8 987 595385525845066 932896081967730
514229 2178309 352343098422091 619102252741327
1346269 14930352 803602754373489 855707696697117
2584 233 63382375454535 138183444112177
10946 832040 318437833047163 820250634349335
317811 3 603546739623724 109874714105946
832040 317811 933989473771807 820437419181882
34 46368 809000911051010 715420618775541
233 2584 177637372646833 959951300478977
1 233 247966361366895 30397202593613
233 55 873948222045482 719319789610373
14930352 144 49414954544057 999938162776909
433494437 317811 132570274243871 293088306942850
2178309 17711 192009015722439 860853495482494
39088169 14930352 48000772910535 723167200192851
6765 610 275473518490655 423450317207308
267914296 3 730465306931705 719556238608881
433494437 267914296 82874873344488 284176169369281
2 21 942805140369194 672931863333879
8 233 153954284126440 184129791557383
233 1 951847429107059 879496761942431
102334155 610 480042911212934 967199608850152
6765 2178309 67110211872648 609346529050821
28657 2 390223574977224 598155176819985
987 3 718134855037633 120480138955490
10946 1346269 726310188034646 240631982311370
1597 34 556393475581716 587355998156050
75025 6765 901129018373236 517698575070462
4181 514229 723341506184983 452641496592398
514229 1597 320390218709002 60417402774072
2 14930352 176901583595522 973067631824945
89 701408733 332544808454815 245397264082083
2178309 2584 323464995854762 829418857510261
196418 13 640685998829656 936640918909192
196418 144 998128563195526 350110598181750
13 13 631240546501628 794873408340947
13 267914296 633895204078509 532277033728366
17711 75025 286807854505715 307378938759438
39088169 21 92623502059732 328021423176246
987 317811 241051314864449 903692012831843
10946 2584 660758126872659 509054408954954
144 24157817 912000063961487 368164740806941
144 610 20357183237921 448101945719237
13 1346269 817762045922593 624564429558310
10946 165580141 524223438492882 700197904357471
3 610 905595710136288 602394427673097
233 102334155 480242510152607 711715074539893
1597 433494437 964056616049745 180870605017840
8 34 855490039742558 666879511548417
2584 75025 798599286234010 883426319236775
6765 55 210621778932356 137372035914396
39088169 75025 111204509371779 28370698282646
6765 267914296 634144321670185 486699033249667
24157817 5 334420155211890 137805062263754
75025 377 476412901192195 636880006891662
9227465 610 769036525332845 157513098372844
5702887 75025 711018931446632 439411515308345
24157817 34 447628319149082 883539415810118
1 46368 781461477778000 455877636786334
1 13 970137099117249 253649511376836
2 89 423058200910672 588161081942392
3524578 6765 47635966486088 26133779363056
514229 2178309 167577592761759 793570130891296
4181 4181 778984756876853 97790612289268
2 5 962442300093204 10955948471443
433494437 9227465 362058898743471 41545305005212
701408733 433494437 994713338783780 847064413623913
5702887 24157817 158827924245116 173639114284112
63245986 144 513052867515368 323394001330398
6765 17711 689285340862211 184671476177948
8 21 51881592328212 826407214383308
2178309 317811 507743230767178 166836004690347
196418 832040 629355521986816 595694675185326
6765 433494437 454787603156728 316997284024902
4181 701408733 33100661050786 974735252289182
24157817 196418 436316455805524 530616932674265
832040 196418 847066108487568 421154933792854
1346269 196418 816467590428739 899562826651630
196418 21 460210072720130 582859275228978
3 233 98461978027340 711525059478959
3 4181 839574734552780 774670744400427
144 3 317801692376214 465283369779175
1 3524578 970716531178599 892836748557276
63245986 1 856195106973672 533894365747712
28657 165580141 782446231463913 138795367701120
2584 2584 206136527941543 140496445855493
63245986 55 192281642881032 716359830763505
46368 9227465 544968274182875 152016231125409
14930352 144 123858384854554 675767956941226
21 514229 78424113131305 17874647016477
196418 3 586557923425814 81926250076356
13 102334155 25573405128921 905109378306149
267914296 121393 330891166500499 15427845433852
89 10946 28571962475216 950617343666178
832040 24157817 135547767955654 108710261188010
165580141 9227465 872163745920662 716310877238304
24157817 24157817 669731913134216 880583176363978
75025 75025 6143524465744 965786968251785
121393 39088169 393074192956493 653273032597494
14930352 2178309 462937402757830 674089081115815
610 121393 193939750196525 420672771017065
144 34 584248820750174 563349302098309
1 102334155 843221094203102 43133765632764
832040 9227465 927298146487837 761903393702861
55 701408733 418311449499574 150624703422252
144 2178309 659153967061420 797904985156298
121393 196418 647566815576237 583229636215825
8 1597 799040313758544 282196531400038
21 1346269 177077747713368 226039978120039
377 317811 47236906939120 478326830111277
267914296 987 699404413895662 312705816613513
832040 3 734539825035026 684493335099207
987 610 655848517866821 160009076757103
17711 34 549228359814364 382311635544705
3524578 5702887 810833239143637 115185796274102
10946 34 820798605342743 64206371881284
514229 144 167183518410931 63438855324312
701408733 317811 144007225637670 636269601880218
46368 3 322939185097110 335306663032558
317811 13 972249675792147 949362360247600
121393 832040 656733885336277 279702918366260
55 17711 137811443104642 62668530670413
2178309 4181 244575387017830 284219411647877
267914296 9227465 242052916436666 665651457496799
1 14930352 860603799318751 682553645445530
2584 24157817 326924952352162 832589334848366
3524578 121393 46497815562616 948109940470478
5702887 8 153410456982464 58138413564965
17711 3 705139771783686 740358042132251
4181 63245986 139483125562171 597573880830928
514229 24157817 612004333433599 516926852642845
3 4181 293710874264794 210700815701207
121393 514229 566447482924924 383505458649869
89 5702887 139062372698114 926643339397447
701408733 10946 866666022296881 696695651969223
317811 3524578 788905208742586 754352475744969
21 102334155 819787364418679 242339134418372
13 233 739626523673002 826896916621991
701408733 832040 889209978466370 725961391245855
17711 3 692369357359126 289415209984462
267914296 4181 596965002565161 944173015800210
102334155 121393 701693826594791 825233153833158
13 1597 376814160576100 83337150798713
1346269 144 370083079944609 932142094241722
39088169 701408733 205671500639176 548654220761806
987 24157817 700051438773357 41203255420533
89 4181 823828521763788 595913074923050
39088169 4181 544403451274767 299798462858337
165580141 2584 268699159852679 250700973795273
17711 610 276965697104624 145637139177610
1346269 2178309 659133965018799 914146854825349
267914296 832040 218033624925717 411693448432024
701408733 75025 780971132948890 153077357080793
46368 267914296 6719100115236 217978932088280
5 46368 4498558187328 851996897234655
102334155 63245986 372688017177701 260875361723187
5 21 862792774222390 515093858508882
2 102334155 929560422344382 861455665745716
1346269 144 879809185558451 861363055501707
433494437 267914296 547948507747765 417890324123397
9227465 1597 198672211195789 698877816396422
317811 14930352 685111779620209 77116068773745
1 2178309 145314386670652 371763603916510
144 144 334649966561464 956888079697122
17711 28657 56249900911317 731578944732620
1346269 8 659277568610544 791459607835491
14930352 377 890783433888527 868567020526123
21 14930352 608647513683489 646005745989279
832040 13 827289404866369 821105405305461
233 1597 226358816288497 747197904042463
267914296 196418 329461910996065 627952636244166
2584 17711 935007183480999 320267985899535
13 196418 196178882216453 464079061146327
2178309 28657 864819317813032 815346614590392
6765 144 882993617791588 398944206805508
39088169 233 200745068401915 682307481073414
63245986 34 434766817438293 135256504791878
233 21 368282954128199 646819689929667
24157817 6765 119522208289102 881975192231736
17711 34 813736178522578 5940309347161
9227465 24157817 673016536922469 220846164816405
2584 2584 930180650493699 280832381957843
987 233 790263558074194 410455397073847
39088169 3 618308462395361 523533011314395
8 63245986 855260011993706 765557412992920
144 4181 579569837568017 697094675948477
55 196418 975265760093348 428890793002196
121393 6765 632952161466842 972133671525729
610 75025 624881602110102 323680631479844
75025 1346269 118517306523172 301149113897811
1346269 701408733 652253495884664 662126351473123
196418 5 108950834390131 55570720308414
5 4181 266637939265823 391682446948876
34 144 270888232714992 772879647977580
196418 5 677945109669890 593007524541497
89 55 62787431990879 856853470448839
2584 2178309 368844541071160 828747130214820
2 832040 588620588866089 964296924569562
987 514229 680657311565943 375236297817897
267914296 24157817 129504254382163 747093196132175
46368 233 891583945109525 346961254556993
4181 1346269 709189240670595 369049219973233
701408733 55 829816251032842 54641596604423
1 6765 982228328881409 500626467389482
34 8 187016733012203 221667795681078
28657 1 858717883400370 60614035385093
10946 121393 192095328514030 481572702107176
1597 24157817 236169410507038 70169177298221
8 514229 589134031993068 723140387324888
196418 9227465 938518969457003 458143781483115
4181 610 684860137325913 19865177348832
2 6765 895076093999967 892850895486507
196418 1 559984706165070 396370836375930
3 2584 136912929167201 629707395408758
317811 102334155 500120989477759 714691494633858
267914296 14930352 166045394162807 391788264957176
8 514229 265468169653571 410538551386225
4181 63245986 240536554727496 610424981964027
8 701408733 985972550652562 489213891303266
377 5702887 444796532621082 240783476190569
6765 63245986 499088070113793 524346332140304
233 3 470990806934484 350365135034317
267914296 24157817 22263400780999 684013510198229
267914296 89 901454897047548 824548899665234
1 10946 127732831153851 376972953003435
121393 5 997261885852601 677358905546433
102334155 17711 225763788748371 369393330481198
3524578 17711 516474608723409 485779137320069
2 267914296 373457110082725 371191240496791
610 17711 136955367541675 29402913191594
144 24157817 741979452646761 768221222125505
233 196418 65411545479502 804217607101657
701408733 987 664801369882356 161717217025575
28657 14930352 465580567951711 946031339398748
1597 701408733 285910812523069 172051845742563
102334155 267914296 321575189613861 942182671342111
24157817 10946 532589678660314 340019229486767
196418 5 730734914884743 445389775883948
144 6765 117807101523715 991465920583655
121393 2178309 811818979390988 510300141834797
28657 987 843025167318925 840432201135236
433494437 433494437 70087006144217 532336284062317
987 63245986 151727387920367 183569183617314
3524578 39088169 185930027250358 499605134427351
2584 196418 75300221926976 590150781851130
2 610 498682605708296 755732985695860
24157817 28657 115209247343413 510393577582311
514229 55 395102959397847 617795570559983
610 28657 656857849680423 321271159632740
987 2178309 375437827287496 965490874947988
317811 13 353639856466186 989653767499402
39088169 2 692531236451363 807989214968652
28657 433494437 786311529787510 534314957891350
2178309 6765 603442610372558 282328197072033
144 317811 57707167163297 524701071918944
2584 75025 118441031895118 915630907957439
6765 89 870859602819169 623782466618724
2584 5 809333272065996 11327840770672
63245986 233 623741723412269 331129360763580
3 4181 527596106960653 933703332463646
102334155 21 847136668775196 643343968394403
514229 10946 24370186866040 372479165521876
5702887 17711 832867690336740 706094960854003
21 433494437 985177628662035 337369188157
75025 610 884286855353308 744915126646055
21 13 832704044050052 454667474686882
1346269 1 395278539549690 58672803280984
46368 39088169 449189366456595 858596094838254
55 5 202744615712724 745522182820162
63245986 55 21282808500902 846834344947373
121393 10946 569254679537569 934691522242368
1346269 6765 449170912512963 68673400821256
4181 75025 42986203014712 623958178901323
832040 2584 580926889118609 236601329017801
17711 2584 29132900991246 46614080768510
832040 433494437 935390140786647 310227252791132
24157817 9227465 214422341832764 401181049094035
102334155 377 953065033135354 942063819579339
34 75025 156431064538742 902142446441446
1 10946 868344384810497 181203427681216
610 21 73920945869076 66591826344048
701408733 701408733 115798732020883 666942364682630
102334155 433494437 743411131600908 973498551136845
89 317811 466937665519862 830856863723272
3 24157817 968356173245940 888067602924086
34 1597 939332515084818 560945294115279
2584 1597 840148805537796 673870105693318
14930352 233 708821366173035 740940384904967
317811 1 571214753027601 651766189015352
13 75025 240906291130153 619573591761785
24157817 17711 525915571651218 293994909352933
267914296 46368 117322562923027 805537590690705
701408733 75025 218779949556382 517883031688138
233 102334155 993021668181902 901039051948888
102334155 8 196110644704746 838375546205119
10946 102334155 428569814669218 698868108883578
832040 3524578 116699848480462 85845643858496
17711 75025 579439737223412 198709476307009
63245986 55 889596552274497 449516264730984
610 63245986 893484614451404 193413910703000
34 121393 918140070600663 423774806757103
4181 21 368051703980815 158591645135624
1 6765 39179223083465 383486468656178
3524578 1597 739612489783877 90638077741244
144 9227465 707900024935661 307374692439595
13 317811 819638339047316 108370698948223
832040 2 587135422224568 37976565501300
5 5 267851976786625 265549814017468
3 13 822536519563074 446797069086279
5702887 5702887 5911973556789 75440744988540
5 3 571292867470657 927405263140991
10946 46368 573411813475061 928113450890347
2584 1 76461649097227 527224622028695
1597 377 338825076975784 260634302954707
6765 144 796502617911192 454558573873833
701408733 89 321162577333652 766295453315230
13 9227465 591820468836989 237376817958000
39088169 1 685443333749407 212801999042391
196418 6765 116501344633329 769132499843909
21 121393 377420490833746 50029128511528
514229 28657 290292858318795 879554558394661
433494437 5 670416647494096 459063181908444
89 14930352 289317587800192 259301570444200
987 9227465 728318882602723 965125406636766
6765 5 336966062332713 827778765317130
14930352 2584 39336573247983 68127915608375
8 433494437 326948741511546 921638586988325
102334155 121393 534288365935867 327552797201042
6765 3 758009772044235 427634850061684
4181 2178309 418237708900526 437064470832187
121393 2 46521547965714 108142518850321
63245986 233 703326474261582 504007647818523
34 2 522287349377765 163686210031542
433494437 514229 273811978218946 895074873426876
4181 165580141 603915835663739 871999039532735
233 196418 600356686596497 828901866000970
14930352 75025 656923800613803 477100985603877
514229 514229 409556829371104 367141376211599
2584 267914296 484780877493995 458223790580611
3524578 233 415226995813238 251363284951030
4181 5702887 710710066338642 618609536322068
233 8 243193441649594 390253763155336
75025 46368 361872216276886 160802124383410
3 1597 526964960907955 710915423241712
317811 1597 739611479710989 151690209671384
3524578 28657 807257782302214 445442457230201
28657 10946 270023366127534 301036477800351
610 4181 642782866407931 487159846184974
102334155 121393 524021304106512 979241838177732
34 5702887 599668354754935 594984284523833
987 121393 647382146703720 828273565449119
1 2178309 212957933118978 813790153057315
21 5 447910542880143 532328520052012
102334155 4181 65022739701698 226883042780569
2178309 433494437 718027857254649 297814886390277
24157817 75025 108642267370876 47101258109444
233 267914296 74160790848702 994244381701477
196418 34 553870480032921 360457606584687
610 21 461204451443860 703406704293414
121393 377 295894934524190 122537606710148
8 317811 661441990002385 151107913481922
5702887 2 493274022718897 895686096541582
5702887 121393 433774247967853 966512580986196
13 34 820039062176666 449673365587064
3 39088169 493392381198589 557446394264471
4181 3524578 222533399534271 703291184826571
165580141 39088169 807291589362360 884464169105126
5702887 2584 506661154996646 187570378742451
17711 39088169 9486831774324 328243317250105
39088169 832040 132625842107766 402640141897721
1 5 142143522603945 363361998320685
8 24157817 484723595643381 610275059189257
5702887 21 911771196728428 338411371903740
165580141 5702887 330999852142986 96511616289261
14930352 89 468717977916788 853917492797567
46368 3524578 658581288158523 992528099835983
8 17711 909753430489624 724110485881907
17711 89 517685245881519 933501471624570
196418 102334155 13274369030222 839774461450544
1346269 21 25814501754412 282224966548824
196418 10946 69106697609388 372033507298866
17711 165580141 363009542270617 115410563558260
75025 2584 974878893971050 900890278589843
13 4181 60069978950013 84603308272377
165580141 2178309 78164981249884 618137986903373
24157817 63245986 236508328519933 732290901290672
39088169 6765 435198266344443 293813024868092
39088169 46368 427844188370400 689116029710597
1597 514229 94549151123293 398779267968985
2178309 28657 437383987304333 298412924361729
2584 13 203254025273143 410296950593728
9227465 28657 677908094065675 128376206504272
39088169 233 509555464455138 774827743878698
144 10946 380444302073855 999774157238844
46368 987 281169810026578 101235786641458
