1000
832040 9227465 306590487786841 53320305814140
55 267914296 704612260610090 885079101561905
233 121393 324994441164618 151935277187363
6765 2584 506937854752983 217148119670854
55 121393 2644891050657 269383757190288
701408733 433494437 601889369380459 44010405956411
21 28657 998448280749608 261525078936064
2 5702887 306321571727422 290643311639900
6765 121393 202670941418438 528464090549966
610 17711 708817339483337 215177929491223
3 2584 701809755867268 979774525022328
433494437 514229 983110536581540 464466611625207
75025 2178309 371652980520074 759456078517401
55 5702887 558699162274696 1389275252649
55 514229 174144756974370 2301065814255
165580141 196418 831764132769358 899100857877498
34 317811 193021235208883 317022910391126
1346269 55 58880625171693 25517716971222
102334155 987 29975485344967 674195354331594
1597 21 174657191700863 206983988263241
3 10946 213627642981893 360027073772137
610 832040 653338205347131 836292769779841
433494437 24157817 881728919580214 592289132141421
5 987 422023480606843 804211910854089
165580141 233 330757289982018 773333883788084
196418 1597 795083166999222 197317361559183
63245986 10946 798866740027955 198153691158587
55 1597 843921477034630 23934536627294
196418 8 575036111082800 575045120641310
233 6765 741374419678627 632445486558435
377 144 417801764033922 258680839734425
14930352 10946 716624816140517 793665234047467
196418 514229 642966652537490 658537808284041
514229 514229 286669923225669 866170321023330
701408733 1346269 480927011440360 337385854715626
8 39088169 645417152380635 981880190709077
102334155 196418 701674262269996 508117027742681
121393 610 654919652941536 636556399870960
17711 75025 794160760137512 361838969423763
144 121393 517737984446892 144937294501759
165580141 39088169 571231603052483 481703590158707
5 2584 4940515409848 542997981492848
46368 9227465 357729481021702 113090689577207
24157817 1 144647752523932 83184399819598
21 987 458794980795674 718765396790715
8 14930352 187531784635154 870710737558726
39088169 24157817 915447435653447 903646080053115
196418 39088169 276663921251568 681252926645669
514229 121393 22970949164533 707708388619796
34 832040 371615959149361 217899369254103
514229 1 933136821450414 37615005987202
832040 4181 168102756370923 789697548825961
3524578 89 641609349233177 642055693150691
13 8 689888273362009 215736900591239
233 1 855752475779583 762752253716337
2 121393 423399569444050 530757200423806
196418 1346269 637809098042185 40307837024907
2584 165580141 217955362024654 306950483569593
4181 701408733 817382354148862 957243955119020
17711 8 112328973819111 645361239532231
317811 9227465 825467418973513 758853434227568
433494437 2178309 508495224472789 477407449256018
3524578 8 978206950868848 424505193544342
10946 1 423074064542576 496495238690856
2178309 610 896939846634973 688044625691128
24157817 317811 691170420309681 814071709674037
610 1597 454218939411736 365917055484563
317811 63245986 607917951179696 625726790683270
5702887 2178309 478530269387978 817572735542660
233 39088169 755519267640998 16001207802183
317811 433494437 385743598718906 134447188661256
24157817 39088169 47399313244908 617675496094404
196418 75025 75549314612179 101149307846523
6765 514229 399572355463929 591833420267371
2 8 319021434970651 73870975314265
39088169 5702887 26451587557479 330483488533448
1597 2 265738413381308 202307728632638
63245986 102334155 61481418345453 638343772848262
610 10946 866527574509822 918505516662505
514229 4181 605324638733669 737517363528307
2584 89 922075786513225 411598622803508
832040 196418 772769750932422 189334299705979
24157817 2584 75981552163623 463309940478748
121393 433494437 202526568826154 623254571410859
832040 4181 451739866278207 212639610515391
9227465 610 170924182695625 29508273417519
9227465 9227465 286667819639130 213999385290327
63245986 39088169 784374821192955 122607310143060
55 21 40715117949537 856033655556419
8 987 125058265905976 799028594109062
832040 55 974090986460764 191367498726142
3 21 626740959974427 766077714315089
21 5702887 170530979584628 861831207499301
233 2 613333163796825 958819198346851
5702887 13 81868766537456 808073112180084
39088169 317811 823235502306254 716727334223239
14930352 9227465 512639254234938 157768246500296
6765 433494437 585520966472560 46543784677034
63245986 5702887 318336099856858 783486210587678
8 1346269 481694842984280 396850166923225
13 267914296 746614402240633 866403784728977
9227465 433494437 612810435249599 537394826023744
196418 63245986 592033811990495 898794129733471
1346269 1597 411175498966014 74206636453676
987 13 964499662880756 635709472288996
377 267914296 359303006305932 995570636154377
14930352 75025 783904501312450 22396767261084
514229 2178309 893016085213443 70220909395555
5 514229 650655120544112 106624474494244
1346269 987 96658185858586 86476128549608
28657 63245986 378782313976391 231462541858616
46368 4181 174589084321707 671815016637027
317811 4181 619764832711343 156302909643702
3 377 320026297153198 251661369018305
6765 46368 341184544072242 831766576141976
610 14930352 535291388912443 60896787436047
610 377 274445381813112 813929397998589
610 63245986 11444436987019 360587942593657
514229 3524578 106286904767560 217744009912352
8 55 750600254107894 923856737306188
2178309 3524578 193043901224332 44570296766301
5 165580141 980771672577525 909044024683252
3524578 17711 767839693165388 258790829819442
55 89 569098675834912 474398507743741
5 1346269 176833923902640 345432394727739
701408733 10946 529478096644912 706179717854997
2178309 75025 428643589995522 897827421592885
6765 21 983312490746365 528434441906695
102334155 1346269 743545629228713 350009526214395
9227465 987 400484794734208 84550355592897
1346269 5 236124509543727 532020896742283
34 39088169 421098614536658 596583432983886
121393 6765 568409119339322 941239901151232
5 9227465 818640837063722 854682739816923
17711 1346269 812676328167317 349845998860696
8 2 55488712932578 680385035664565
2584 75025 139325997392936 699616752598447
34 21 73188210479729 178387066974792
13 1346269 766889776774650 590141985354177
13 121393 430810995262065 574308366557984
3 39088169 359560417778998 45148422714219
1346269 3 539158960697754 279001485399019
832040 21 971521642157346 477850866729066
514229 89 603024489653188 871378483465588
24157817 1 596755944594472 621823414009497
267914296 3524578 404317669786599 977966201283753
610 233 154607768163279 477493637874678
144 75025 60769403153438 962837314503317
6765 39088169 447287260631234 375963533729437
701408733 39088169 555385364344222 160763535748197
34 55 397140681777863 107249514831050
2584 1597 928389507471555 393098963028838
165580141 377 946899029925064 225353566967002
987 233 425750081750275 720830067733764
987 4181 455715682655438 47027199569225
39088169 75025 461559697758455 952710192755404
9227465 3524578 100959069082623 701980689458356
2178309 1 630406979949144 432823990569578
1 3524578 340105462795942 830852901984728
5 701408733 173174320319999 963176742553002
2178309 2178309 628777543515178 185479542150032
4181 17711 74257013559267 768358351288954
832040 75025 855580261086997 925700889594074
55 14930352 19658199419678 603131435471589
17711 4181 911423465671950 714442881394897
610 8 195928191789543 316417875268888
121393 63245986 28147610502878 930134112625332
46368 17711 589553812952472 658511936695136
10946 21 757875939029101 132578172464604
2178309 102334155 336660216921768 982703605836841
2584 24157817 238613477204165 19597400494537
89 1 352546199594161 34519720436224
2 2584 374642639307277 232108217576981
63245986 317811 476947865640555 933554164732817
13 1346269 727693231528335 511544355996286
1 39088169 282770804826542 855109573675944
514229 3524578 177469742845874 68516166678239
6765 3524578 982066319641459 574648103543091
196418 14930352 345501753571327 421260465660726
55 9227465 914630272952274 440323628531517
701408733 987 410721241061662 900525625251743
144 8 459499815598596 762451769928947
9227465 3 136563545257177 765483053048918
1597 24157817 284729579013218 731370270119330
63245986 28657 236849354510359 185282368299448
701408733 63245986 253198209765475 678413557534903
17711 6765 169165469776609 740624063756353
3 102334155 678354813990560 105391564007868
55 63245986 377599452649568 454693146830991
55 102334155 189526818252499 447769136490592
987 377 991737152972508 392867697873756
832040 9227465 494315060883410 10036036261999
514229 2 876987265124285 735152174334343
3524578 514229 424497166665624 397383610831316
5702887 13 542077094053773 418762804866059
1346269 987 682068140708667 987696350757022
17711 14930352 20217042576883 476357786207236
233 8 194391534694134 825953463086327
1346269 34 683615028190648 434019323853489
17711 4181 181122507372064 403416004952877
17711 433494437 862581705108677 395555781429612
13 433494437 551514896059186 297169221196716
63245986 89 218233750166562 280383346358706
433494437 2178309 281056852926404 166791920812801
433494437 433494437 682057041807351 970673630932257
9227465 39088169 467791500655759 537619692814808
1597 514229 154060270364558 776998177760627
5 4181 867701002406251 669334210569470
196418 17711 925760891147598 337088916851847
144 144 831109219325265 765294469072223
832040 144 286321313699520 393769964108888
317811 433494437 613628943425113 111581034074119
1 63245986 568275266397324 693406340368131
610 144 181521763277244 110919580257828
13 233 196684743832188 508977061707460
102334155 9227465 775211757878227 998281782242561
514229 1346269 940078907979640 18482885246456
9227465 5702887 432614806093845 586025607611915
377 3 53806306981255 681347356651292
9227465 63245986 933933296283932 814780730517199
233 21 759404123390419 157667298677963
377 102334155 380131714035871 399788122380537
267914296 2 64596314573988 646169283449283
39088169 2178309 623948746080120 987613942491734
3524578 13 122280606214498 452483086676191
514229 233 660190403855774 590360124978385
317811 5702887 262227913348759 349545890622750
1 28657 880159978576427 258523477239417
24157817 39088169 300300180833770 19189491267993
21 701408733 6672519351127 725356096588152
701408733 514229 549136162628645 543232584436112
377 5702887 416652596569722 738416125955100
433494437 10946 264330217709871 802949128837213
1 24157817 842015861686285 428678484281554
1 5 308986270152720 813301954113918
17711 196418 493377092352936 978971665927717
1346269 196418 388006303971059 908892590061710
28657 267914296 771490808976388 116309377214146
46368 377 181222937577247 169409455059275
63245986 21 785245741032185 259811368575350
514229 987 761037250442492 592679136675729
75025 610 806611268790656 162709042223404
1 987 636792813320211 184003180336988
8 267914296 55629265721266 845873488968947
2 144 658588487154445 876230218233033
514229 10946 864038557406406 532093056047094
1 165580141 228319963325362 87863621825556
267914296 610 88128956499734 995898162174337
8 2584 388278141475562 986531513217434
144 14930352 597910007667737 468279442169089
46368 514229 129614753174719 880036219394520
121393 8 166856630538345 57251320246787
24157817 13 805078315817048 395889743458666
17711 1346269 275430785005501 277414056731699
39088169 233 465714100193278 301694939667723
13 5 326823299532015 427942810567518
4181 28657 412372932110618 685260160379290
317811 46368 125708305666551 913288149019504
987 4181 211877999209523 312543914431506
165580141 267914296 524917630232557 744831473208438
1 1346269 178292444738804 264948652544400
317811 233 568313942804234 283508053652123
28657 2 115402971472419 919297527732049
610 267914296 929279708114598 287334637784622
165580141 144 286564730508714 34471467049648
10946 46368 938801086506298 474414866316185
34 24157817 302446516976785 414263095312683
514229 1597 176672770244702 770839024798570
4181 39088169 974686144304897 295595993290846
121393 9227465 489711835606219 720509873392205
39088169 4181 419518923358274 802530496949765
433494437 514229 96609851553370 331930232031503
233 34 330288143775420 208745604395004
1597 5 585171217141762 12998512878748
6765 14930352 87981435675640 407021797637186
144 5 7742826191837 275356185234945
55 701408733 267253104551071 386464259287281
34 28657 706536370221858 592698765005418
433494437 144 521155600633977 801954957855814
28657 832040 272441003306539 640778761544483
701408733 144 995561972351599 146407266354335
267914296 102334155 419452931075183 965912412659098
6765 39088169 802777107128456 16583672643702
2178309 1 283859341450376 415097273258842
13 9227465 507387397579758 669132024383082
28657 121393 476509161833518 408940189766160
10946 2584 723794227863786 719002426899766
1597 9227465 943415198582841 820565871684489
196418 6765 720431004782307 675616378844087
5 9227465 416930185114786 763349408251313
13 13 932194096697442 158411605813481
121393 102334155 338503507281025 340847411690133
2178309 267914296 613809572739855 9555480613866
17711 1597 929826665114127 208004974768224
121393 5702887 197995477098420 971302897462260
24157817 102334155 282708879922852 474505921024353
267914296 102334155 393213614264888 623299318034534
13 610 178874312196793 205753059097602
2178309 2584 806490773516708 234252169638074
3524578 196418 684157007279590 366304943555282
233 24157817 672313585971233 212631723545743
75025 2584 937994664808165 426887479669883
987 2178309 159047051500278 380669146063776
10946 5702887 264538323471244 374413209494475
21 267914296 519943379640974 139090226744778
14930352 610 408848127545558 451505249349550
8 8 502130530919023 503931628253962
267914296 3524578 990205497160409 655272707853105
233 17711 826829402892611 721476602424187
39088169 1346269 337441345912016 984191843616128
610 75025 887636051919059 12619640901466
17711 514229 993685900785938 963962588451303
121393 5 490731715016197 234366180818693
6765 377 859989373073687 823926974435284
267914296 610 353828236648676 556081540639479
610 4181 787831465090425 564656638497490
317811 165580141 177020535336087 252113428454349
9227465 39088169 856378075389424 718335466465935
46368 28657 361288490540904 278324019575363
2 46368 17856112300372 356591621106390
8 610 433228991881918 304082062382902
55 28657 776974366848414 485009072370580
102334155 9227465 309666563181346 505800057271202
2178309 144 110217018423270 505823960316118
21 1597 99446297567292 922824708278437
233 3524578 768522862902373 645125798267592
701408733 13 449236494984406 227937255001977
701408733 1597 459366274328180 780702689205686
8 5 560763718819543 467901431941501
17711 89 249668021543050 812311209710094
8 5702887 245302568165193 523423141808172
75025 14930352 511397915550785 509176884329563
8 9227465 203222141176402 598571957630243
39088169 1597 645777042424400 965846987484491
21 3 113728104046397 58907412224542
3524578 34 385530991143569 7664806590889
3 102334155 571981668827250 33987930630394
9227465 144 597050465350651 874816235864674
2584 75025 516891682257785 974116626940851
34 2178309 160296937366696 119861997862019
832040 34 477025728483578 194492880208999
233 39088169 442076303391184 266801789401400
267914296 6765 662963712605374 630914975434065
433494437 5702887 650096832262091 483028784557517
144 165580141 685026034990510 154118798665933
610 196418 802624283167249 891605719137200
8 832040 449523486825938 748790386434393
28657 3524578 405766661741373 648348428564589
75025 1 674826855791186 450444456786321
28657 317811 187980951637252 585452422772143
2584 377 754568145079160 892412644629553
24157817 121393 925915374053442 440552841513284
267914296 1 490962045381803 717567340796951
1597 121393 444544912514285 997966015796505
21 13 460022426330228 345621150170173
701408733 4181 696453767268894 775891962220345
34 4181 148910880435324 804394028496834
1 46368 248700303230478 667986621876689
701408733 46368 358185191258506 453601691191776
1597 2 488342995953174 859231520750381
196418 28657 650258573165449 204110001616374
10946 10946 189064913274541 18070074787259
2178309 317811 371201633406335 514975092346751
610 165580141 575930723455853 351295506939911
39088169 14930352 293680032329110 480923557462552
55 3524578 100453053042445 721529533906108
14930352 46368 933155254703382 94750452111741
832040 377 585597435255655 7440280588968
10946 267914296 455971774158952 7956944537996
832040 5702887 918562215444851 196719427790008
63245986 5 313129347102484 654889670555199
14930352 2178309 660633630243145 938299675191799
514229 34 204509920781250 934574744042421
5 317811 390610996621858 753434781496722
433494437 14930352 705114009766971 629448170124841
63245986 75025 565307120214 830044737928918
610 39088169 844174983553384 860680948812279
317811 987 166917295548254 750457340045615
196418 196418 258929917009745 397933415623582
34 39088169 576913929969106 670440406092841
89 34 179596464526623 484505522857912
5 233 772105017252203 241730547448690
55 1597 157607599189274 494674268220162
17711 144 247028246353153 806525757263573
10946 39088169 991499990037674 329355710925401
75025 24157817 49654309974669 169206852315711
121393 832040 728188876891224 808841458469562
55 3524578 136856918852392 368318419469758
3 10946 808909904193485 699819626326337
5 701408733 161468807139081 160445170775420
55 14930352 738795239220689 416182255231785
832040 1346269 329299559767434 791891361673671
89 2178309 291228623308876 693231574482385
121393 8 641311307611426 733045622497034
9227465 5702887 240977398727752 657388378623669
75025 2178309 821547971382123 80484929213908
17711 165580141 790026526171628 232071540392816
6765 610 631277588053277 731819044088528
317811 1 434830229881985 940527676828095
1346269 196418 368567200966160 793025271756490
14930352 6765 380912206492272 871975632222079
6765 24157817 707647004131644 336340433313456
196418 10946 614897234746689 441835336012461
317811 701408733 270875845638332 630804308024205
1 1597 586976579496348 2721838553445
3 13 982165888937413 997827542205070
39088169 21 138881194391371 530515167013347
233 1 164651898224819 379531375742208
610 377 176534531942709 476529408518788
514229 102334155 164798282127612 86268519243855
21 5702887 337330768866659 835987019583940
55 4181 220556477967673 101264117503496
75025 39088169 304151682974974 349650553744960
4181 6765 809467546520355 2462507893718
832040 165580141 678320051833934 411234815274677
39088169 267914296 392263361044371 402017322582920
24157817 55 842059925373627 75023884642814
2178309 39088169 613653538078336 324856368495368
2 3524578 548501164888782 910532335953689
17711 10946 538170128083716 949281069442148
24157817 514229 659118208555568 784493531882786
2178309 75025 784921638625110 700968758433225
267914296 5702887 125643951010217 747257850880853
39088169 24157817 360624047609040 833015022881154
2 1597 625724139631906 417821281364239
701408733 1597 857010703813609 517729142367740
34 28657 867525085383587 266067172068812
2584 13 102152440157243 920584939242948
121393 5 914585339326292 941298754109737
10946 1346269 153416432882814 316305376493445
75025 121393 115987972306302 895078238786275
514229 89 639822876988042 427227213426190
144 21 283395823687306 389419520572117
14930352 5 3868120218456 729982209439817
5702887 8 921668024956416 428625626407165
165580141 1346269 523803844406016 596598410533189
75025 75025 165205394205321 275789154559351
5 2 816829680465083 50450005125164
17711 1 867750249629164 290000814598271
10946 5702887 250527912307426 992545463771212
9227465 9227465 972917329861907 175441946940018
317811 2 672636419565292 945025923098897
317811 3 486394707873799 64502944046028
34 3524578 596200292405618 761153720802824
144 514229 467403230548463 328033801213227
63245986 24157817 772711913925166 150653521041117
102334155 2 302219705348371 128680386129737
3 1597 976348836663286 876104050732892
8 63245986 479579068407518 644671507448581
196418 2584 781412393126085 854414032277363
9227465 46368 212483618453462 921913213458778
144 610 74276194453937 749983244120877
75025 514229 300345636555686 107700150023013
14930352 75025 395996675473141 910987454427832
3 2584 6177028580628 942065876718178
233 6765 263293626569704 293377943194207
9227465 267914296 680388578890250 713878195339182
2178309 121393 809249376893699 490675400303247
13 1346269 824118722210703 499664361149637
121393 196418 553817628145118 131410193192917
267914296 63245986 381788087524814 298679607280453
144 17711 423896179760434 936449269416669
317811 3524578 781596293459981 219844416167144
121393 233 822391332563159 616368889544820
75025 28657 83523236154550 787898848123789
6765 1597 412289968764870 703181244119429
196418 24157817 276131566668113 162980621199663
987 10946 449423800211479 369836880816927
63245986 2 954894397894279 446467701712875
3524578 5702887 63433884503811 342431258046060
610 8 806115871965216 669402837711357
34 14930352 727027277127907 644619129290938
317811 610 722679647487236 182546717247938
75025 34 859177564690734 476981321878390
701408733 8 521971874533180 870195231101367
5702887 233 559493986423422 192439890684970
21 75025 406189920633841 104735438431351
144 9227465 918281649880714 309066798070917
267914296 6765 240789965644651 898364632085696
2584 14930352 445656898498092 91284594907731
165580141 3 150333320990995 134587318001006
8 21 961171722213723 978565076578176
1 102334155 356979883055985 626297216674173
2 701408733 102260381722417 566649575127576
233 144 122296578540589 220585848019978
46368 3524578 758623828358630 734495471916105
6765 39088169 820676351445008 243415284136017
17711 1346269 509039147967186 912228601674846
10946 55 878283247822595 654756242246063
165580141 3 705448958513774 304814656658628
233 24157817 128296286333966 871921247366049
55 5 222740159051858 8793164977160
514229 317811 537974979343706 83233931104706
233 233 529745204371255 847287155227863
8 10946 660440668109870 510919205113808
34 267914296 228989162172661 966216872605179
34 24157817 56946104081652 363535875842471
21 317811 359370001792645 586815973091939
433494437 17711 380266787610420 878842360230723
8 233 830861877725184 107754420001051
55 610 678889685548439 767360365537473
5702887 9227465 63825843340445 545705162120526
4181 6765 275020192820709 235853312353885
1346269 2178309 795685543733942 425789925848650
377 2178309 741716732946695 262422431094901
3 165580141 557581109278658 564625472393084
6765 9227465 134265273348868 964794600029059
121393 377 190191944857691 287443028527215
6765 4181 35482261824262 651648848159782
2178309 2178309 890684866613304 696147687374032
317811 3 583134569360213 504133939660569
1597 21 450221406011955 611646494690412
9227465 5702887 258283995177306 767615548391736
6765 55 696554508204100 121200174195503
5702887 17711 220092096857501 435175960665986
3 1 302275536161667 644424019329317
267914296 34 907851577920454 176139628209937
10946 121393 263536472001577 670310950994556
75025 121393 358023468081823 385751696956706
17711 987 500169463400846 345427346794367
46368 63245986 271132054125583 51142725848850
9227465 832040 475488086284843 915210062748828
196418 317811 241859703166239 623695810091614
14930352 34 809319933928344 884541196583518
3 21 965661389569527 674781707695266
2584 5702887 27794359591566 445728493614450
832040 102334155 33083084562913 71089616958362
102334155 267914296 689983683277542 354018378421925
2584 28657 462825987690308 620761285891363
13 233 604837068986263 484862028911331
2178309 2 479265489715114 636220634613561
5 55 204394297393851 102515965651769
377 2584 906992550338490 306906050392057
196418 377 844712719211913 573027531734226
377 75025 862337052432189 734125455701407
1346269 55 902579582455899 912620508170493
1 5 172430600065307 486924474599049
14930352 2584 893398157658792 194718530321700
701408733 701408733 399679058756446 961308925763890
196418 5702887 280314628246282 288449640069845
9227465 514229 960204974044973 343589039594550
1597 987 746173650151225 614175388622781
701408733 89 528185827610833 122552506658387
28657 24157817 471709588001805 214690839661991
46368 46368 760804797405107 544826378647141
121393 267914296 294550489787775 397556414460544
9227465 39088169 641183038193243 272117575484264
28657 3524578 281757120315047 165502245556308
233 267914296 856753165609586 901266489990266
34 46368 416418864269758 400006891668817
317811 17711 476059553758399 851085849364693
13 4181 313619364499484 561207740355523
987 121393 935035605735724 195159954675672
317811 46368 655626199177786 811287379438101
233 233 698842286599873 722979886442749
28657 3 924084274134960 126479447747285
832040 5 507238726025127 914110164087779
39088169 5 432854459363128 410390825055408
3 13 859853107177766 421661341831237
121393 3524578 553380051416744 44626862844529
433494437 21 171803934911398 16398628601344
21 21 962051375516411 878684584114949
8 144 221705885577905 693227694026001
34 701408733 231467010347079 897329403586937
9227465 34 800048225557742 949392564372883
5702887 46368 233767763665351 973733183460600
514229 75025 50743735010342 970544536612804
34 10946 970557301496274 52090215317713
1 610 355794800428354 839397794618367
1597 55 284567231748576 714220635626607
102334155 14930352 524911572027465 25710873266882
102334155 13 473942824112779 531813962255198
75025 34 219336467908710 214227528750249
5702887 2584 557032108526475 333152388443467
5 165580141 384732543278047 206778892939888
377 46368 567497899633592 7460013598211
3524578 55 28881134763038 105695915640052
46368 21 313639958266123 754045914260850
10946 10946 176971657514411 944818593324337
701408733 233 599162734528668 877114107178917
17711 377 933959027845167 196759512532037
144 39088169 93841026561701 43848181720264
1597 832040 753262307483250 357143152493418
46368 377 445046914793084 700347946469672
39088169 233 574759259031132 488289732537343
55 121393 388490652621467 784618143452464
10946 3 965680127983862 864881991409535
3 701408733 87683626374299 138410093761903
6765 3524578 869245297902185 870769823455111
144 8 473606061919539 445667037921935
433494437 102334155 780826401528317 46566817951187
5 5 684849177494589 830289830590814
701408733 233 154139310553626 843555905627200
89 5702887 461527517438128 394795747732169
24157817 102334155 799359734644810 250139071360203
34 144 698687108462758 170337151032282
89 433494437 737896144944436 883091153514895
121393 1597 371493635873111 654074419047872
1597 701408733 845671229062305 301135294733514
196418 1 539057668017947 21790081983943
1 196418 715213794282874 610455422542039
377 8 185472948219242 946391739463003
2584 24157817 591014018435527 853226293280820
165580141 1597 639269534127839 331813039161864
46368 8 285893812330161 328112013366653
6765 21 179329473316143 718761163189628
63245986 610 711224999711871 858587842812783
1346269 317811 254542130762038 682461837434242
14930352 433494437 358951958468251 100155932767461
28657 514229 331604841151210 340294820299783
610 14930352 869333423569805 145080326206684
10946 24157817 996173918253412 347430605203224
102334155 6765 521269511015678 993221850261106
34 8 915280566196957 648954048194785
1 377 92993198018486 741248835130593
13 46368 692707852999854 704138171748271
28657 2178309 291486220372893 325307891356552
514229 121393 539165807993678 417069233966574
63245986 433494437 92895435527101 99605495465442
317811 2584 102939154885207 988109830441514
2584 1346269 762160567045693 75284896343948
6765 433494437 720599122232448 165616951633681
2178309 377 603965711055974 136411023889475
987 514229 467706252944291 774737577184110
75025 165580141 991570967134881 835874963443682
144 46368 815372444033208 293001984387630
4181 63245986 63302907539573 333287313362534
121393 5 773779179586519 222752838306398
3524578 75025 435491244427405 996007108295661
4181 1 827326524509241 528917249724203
1 34 775306374875311 515494196298930
165580141 4181 508171532793910 997669497585631
610 3 988782733898181 886095828622610
4181 377 970852634037575 446743664431081
46368 1597 693210488344535 64074091415945
165580141 4181 728782100504580 724754791294677
196418 28657 322878352327181 408648845485748
2178309 13 485160555650086 92554895272014
10946 3 175942054740657 456361347543375
2584 2584 253481180253317 261747573783587
233 55 461059330453290 328383826267703
196418 10946 549750178374426 997267105879614
63245986 75025 849536832000002 820852163203689
987 144 653615998042366 965576773172909
24157817 14930352 393673999474911 95170507180801
17711 21 243137708801640 957044716493212
1 39088169 235358634711180 216254234166587
24157817 144 529509627671218 942328778141528
10946 267914296 815064444563697 326462470149747
10946 5 579118975515731 80781397767245
39088169 3 807499789348629 576505154249768
165580141 377 54825561573605 523412521160968
28657 34 388569746926371 286945036921844
1597 165580141 330292341824800 582108293311028
1 433494437 700890790926433 472384536562580
21 165580141 802912897211612 957269783406752
267914296 5 877308654947641 191240950106342
6765 4181 441003504505617 722341142167862
3 1346269 151906448575282 655267729349092
832040 10946 749624657344986 490733217070340
10946 102334155 82696065926903 480120567196845
2584 317811 855560290714220 125975757308215
8 832040 890613339353166 580886766006140
1 89 138652367625507 386302432073498
24157817 165580141 252947528202785 175698279454894
3 317811 679872183501173 758936330253338
2584 21 801080083604089 435695946739391
46368 433494437 802965220308475 468945803329987
75025 6765 671393063352956 838079409131596
5702887 2 130411732654190 999732049536451
3 144 184982203182709 27095435361298
75025 701408733 860658878375335 352823185000933
4181 9227465 342742154005963 601014806386924
5 377 188669761175965 769147216569367
6765 3524578 106030866617096 804214043016664
28657 233 819451297546090 57742241496676
8 14930352 115058572372947 436932562549234
8 1597 438657293789509 636699046248185
21 2 385164522782965 602762218216566
63245986 2584 219100486682760 585195055001635
144 3524578 527679584386646 477328095853761
5702887 267914296 586183234383275 450062632339534
8 377 164651711077120 800032726368847
3 55 682529415624773 256124402332167
55 2178309 327036058444058 726013586730173
17711 144 417113645866769 360753725641722
233 196418 494993614878190 542359063174088
5 433494437 109087895173094 728658183428339
75025 17711 476225885872611 431970884097867
14930352 9227465 949276539731901 93115012429792
63245986 433494437 862828333373570 10637458102084
13 433494437 44291885916846 33504104594380
63245986 233 576534098264179 971225865145295
196418 2178309 511461327389682 353612440390629
1 24157817 881409820605312 898154550109480
8 233 423944530183650 964670949798774
21 8 526805775888016 528094747597740
8 2584 16102435918325 274979207522796
4181 3 270413793413548 414591712802776
433494437 14930352 262522074112196 300649826818772
610 317811 362520901996541 401590337083975
24157817 514229 414945221329417 325249085074906
701408733 17711 394090387939275 618467091006390
144 514229 459970125243546 520694777892554
233 196418 309031878802046 623018448149763
34 3524578 976387108757106 531292478010770
2 121393 972607450893472 811350684172073
4181 987 552814192358567 515131497770557
433494437 832040 898403162437080 942848772111173
5702887 13 350059013596020 167213902225656
17711 17711 72117717078255 468936471290515
433494437 144 955695940773424 231481036954129
24157817 2 440184188550094 872843185655408
39088169 514229 360650817224532 989490507813362
55 233 35819115339645 373799945529432
10946 17711 891284554530936 361998313600297
46368 75025 532135089666084 213545448288745
144 144 937347471364693 820904404429922
5702887 832040 577574709353741 52733579660510
8 34 322490017266883 83194156999785
514229 13 320595507497119 916657645290259
514229 46368 28388202835643 76878592382508
196418 46368 164908999434339 136149133872774
433494437 1 828971347969621 929117432712886
28657 28657 288957911088385 920961945837907
1597 987 907199144614090 733040015636277
1346269 3 216206396387907 301723706355126
14930352 102334155 974092027034227 996288658742516
2178309 6765 911885984306961 299396027559436
9227465 433494437 347544945411783 119112163440992
75025 144 331361913425266 232451456806098
13 28657 220409033287776 50170427226630
987 28657 117309773597328 915235853913251
144 1597 794468839317749 665863752452242
28657 1346269 312937458261683 182704364048445
46368 6765 11023342309728 915844633842385
2178309 3524578 334489355681092 737772400910972
377 39088169 520388028088728 478363335152303
196418 1597 756334528414922 70523320180316
701408733 17711 607939200395447 49909504579128
9227465 34 861694961518319 178924695246586
5 267914296 824420059346165 466578036967322
233 987 662652833157244 502555527438226
196418 1346269 236124208255914 652475360933152
165580141 63245986 75957072589144 717342159246209
610 2178309 937160050735439 325976939026743
1597 13 364688420340876 256504810987076
89 144 612560652937596 424828882231916
5702887 13 450520262998080 659540946649974
121393 433494437 61156589551338 563613123820395
121393 3524578 475613434910142 416607519598293
24157817 9227465 269072054137713 542578165125889
377 28657 670278271961453 444434400826429
5 5702887 304058085582858 490344553145370
24157817 2178309 802399264795350 338671081932714
5702887 267914296 655966727171278 366854502874562
14930352 3524578 554972951659682 84938306008377
46368 121393 467759775189236 166108879063847
5 13 258308498496665 547752423084326
34 701408733 131821160678102 859161708256148
3 39088169 80331495799715 269046465550287
9227465 701408733 590514974140395 775779344460407
233 165580141 972308449031626 790029862884782
17711 14930352 525549411734733 269831309027163
196418 24157817 206973985993269 109852981456738
1597 5702887 368659801685299 841968347250157
987 701408733 444929453421357 320655783471526
9227465 267914296 677079995266039 390320298302969
24157817 317811 807280693681691 810953971511639
2178309 610 191527229453073 752312267277165
1346269 39088169 993503828165510 438195296248689
1346269 3524578 922265451324313 195184519626325
8 2584 399986750203673 73212127630609
3 13 79690500793800 635560832727773
701408733 9227465 987916867356570 883019560754035
514229 13 719995456510198 47948294048081
2 144 354820671825651 580455959466997
433494437 34 444858154722204 388575321712158
39088169 2 27366001611308 506007444581393
9227465 701408733 315920098507602 436443933180370
121393 28657 532807628335470 574787672877414
3 63245986 544642582981841 959779587918103
1597 233 767861370677249 9676999881135
144 46368 920398517150706 644073611619515
102334155 55 768644831439949 906642912137929
75025 2 735264292500396 527604368402858
14930352 2 690708787052507 123167643667120
46368 9227465 318851264781849 554809846190320
1346269 39088169 928598195035988 290546079027073
267914296 144 47069223869552 423467410051003
55 102334155 265820707734144 825977057679225
6765 102334155 856440702641931 417814906419030
987 2178309 530785975952456 755990358384883
433494437 5702887 69808586308961 833687853450543
832040 21 567860030393011 401230679079533
6765 987 739119714151948 489898311183057
28657 102334155 220649498545900 119193925536386
987 433494437 393038776655556 501867020850665
17711 377 915153568064825 397924544321520
17711 6765 453047804040289 9593604143172
701408733 267914296 41029840938244 718683248415123
267914296 1346269 124004704123612 326264633741262
1597 21 565745723822293 282897882633832
2584 5 872412369136973 793161957289620
17711 4181 441306008395348 939522852961674
317811 144 192851442843117 701758093738690
233 5 203942733250123 909341447888438
4181 1 997478525845012 674089109003940
3524578 233 453195250476193 257319948507082
46368 165580141 503134668736059 896632246567080
13 13 228111618642015 791182671632833
514229 701408733 125124261281274 308548480047961
267914296 13 93745104556974 186992523209655
433494437 63245986 729815780762635 917940019551588
55 17711 84876674096086 426182586004842
3524578 89 137721495426628 568454955940246
46368 89 842580033108287 891082928441014
5 1 218520751659424 527890005880539
701408733 3 148646519367538 936794360962968
317811 4181 620274548286005 324164239249472
102334155 832040 298957381047576 297120833943595
3524578 102334155 672054292011838 516570908822769
46368 55 19605604166650 15653459396781
514229 832040 212010787417874 279241632806971
3524578 55 844358358751486 758446877413753
13 24157817 402615706160937 985831372018057
13 6765 366971856704559 49017975399181
610 102334155 390475926486045 590607671987305
34 987 553560668596404 479953993246213
17711 9227465 395054680133030 145478794745992
24157817 2178309 330592490863831 196506749952797
102334155 2 537500417702556 168679825910193
3524578 1 646855439456767 231421127314226
17711 701408733 703523880886520 748573056171985
514229 196418 583895047107765 229308279160640
196418 5702887 902095572733394 134966557191925
75025 1 190737214796961 81654414137445
24157817 13 495648452183396 15359832581961
39088169 317811 931471430220941 744203297730523
701408733 2178309 333404703820548 331687862943001
1346269 6765 315983694803552 536329156929281
610 17711 197944207567148 615698757316819
196418 13 987475096569636 996180151856978
1597 165580141 74066226575733 477004183353090
121393 233 707963086028543 440755929256555
13 987 172590616030358 116468961574996
987 1346269 108989721180476 711130420722184
8 3524578 555870091514473 395938298610068
89 24157817 218591335987267 193879800018950
377 1 983593461440997 463738526317487
9227465 5 666173812009372 52746609692258
1 75025 743971448881444 641028695081906
9227465 610 658068623060463 935773333993271
233 10946 938397479046494 209562094635721
377 6765 195324916867333 661834627706051
233 5 623234843173611 792882363655745
28657 433494437 916811762983367 70035665236321
17711 317811 498515823011139 913349531408262
5702887 121393 748886871546429 501543888017295
13 89 861047246571265 918298068227108
377 233 290892507269007 15622373919209
28657 377 430045325890010 612474242223560
121393 2178309 291944773157383 379259439141676
2 63245986 216562555170474 848059675310656
233 233 393552951510284 385995428488755
196418 63245986 335074792353127 258964490017654
121393 514229 876155686762279 414203822958075
2 196418 522161235660074 448779065886584
17711 21 758372107235841 189166489562530
24157817 1346269 62743271359532 597460488335474
1 89 372054017854049 669891331790947
832040 89 39263777834950 250001210797233
514229 17711 144684572481586 687300735158682
3524578 514229 105494443168879 101638420004512
144 28657 514356803272314 616153511032005
987 75025 106760057566657 297543449812174
5702887 317811 186267133326179 881469883606400
8 5702887 898686146596467 771379623049701
13 5702887 202289874061365 128045325584264
433494437 317811 443423957852255 850278713085108
55 2 718548680028505 935580010163896
28657 13 941842920936573 196916226431013
3524578 514229 764597276167767 686393786359566
987 165580141 114972165161701 94585439810374
9227465 13 705078769086935 969548040672421
89 75025 242751668681424 19249630941507
102334155 267914296 991389784238498 627047609240507
3524578 102334155 759364059810454 910821830642025
10946 10946 982300866283169 535709568600236
6765 165580141 559452221441968 517770515996452
165580141 5 479057758364892 940103174561780
14930352 701408733 872485650716342 425189834082816
5 377 323931308569468 580579470999088
3524578 63245986 825281070347105 826357787852203
1346269 987 137732898241737 25449738842140
2584 267914296 468187315992713 357748715794928
10946 196418 859260819172907 857648488999574
21 267914296 47187763423271 184256471313085
2 144 499961759375403 230492748337816
701408733 3 426681618051924 411693112721437
1 514229 531365864791666 825508984898881
987 5 827826530583111 791740118492733
233 10946 563984348835784 344220027166668
5702887 46368 473229804928090 342682990703978
377 14930352 165207511162389 717400243931030
701408733 2 896495498153988 584473808990736
610 89 717845197880931 245427087454747
267914296 2584 193459949550303 533949063697595
21 2 343410402130137 515508656155896
267914296 1 7890480828835 240568977773081
55 55 150697043054784 903081017714153
46368 2584 842552645208104 298733738533621
5 28657 635985766771841 817086055559884
267914296 10946 593829464832358 850440461306941
34 34 252510106787236 507140478933403
233 165580141 167368209559416 408966263351036
832040 610 358150342420689 349379468957813
10946 987 38670714317715 447335696492639
233 2 501031968525778 951475624193429
987 233 766433550003731 839442295515571
6765 267914296 217589086375822 539887025119064
1597 1 195881200336494 316748784889956
701408733 987 197292212091918 843014059852858
317811 24157817 742583594218301 157581772355071
121393 75025 233915430351995 688055752297176
28657 514229 435895397988921 934279138635824
34 5 572238509307165 351108379558383
9227465 3524578 357865984663611 593221505521859
987 121393 35727037685084 471879006167130
6765 2178309 887666837920058 542608657659302
2 121393 486021254166465 955215986724119
610 987 4803352561744 9901631201508
5702887 8 801889515602421 800071772743490
701408733 14930352 607318614558644 612800386912426
34 28657 754342366180544 404790099971607
2 144 668111372103872 184091947114309
13 24157817 604133676944395 371133064358131
2 317811 848029706560492 828600845603617
39088169 102334155 695368544849630 205448339746642
14930352 165580141 470467366129871 613946117547723
121393 21 370136940451681 578011960422609
14930352 89 325750559505956 419564075815151
377 3524578 47825352530653 969061607103789
3524578 3 685106839654850 8002555186265
1346269 2584 875907195531707 119656446282818
6765 9227465 749662483814562 64529557168119
165580141 121393 225764165279619 242662975440395
514229 63245986 460412235255516 559328724002516
46368 6765 754437919316702 842038152661671
610 377 208639851374505 376177329264669
34 75025 968180754142611 597036070836817
102334155 5702887 35015450744162 759809277726495
2 89 253950554096781 146287116746086
233 987 822492614611326 932203901096775
610 514229 557566517782482 845817542167651
121393 3524578 641206744261782 511728052789279
4181 89 408173775934092 882164309800931
13 701408733 644910691167844 167224000343382
4181 75025 921435142337282 104801776685220
377 46368 782738247396798 35428777227960
2584 610 328302713002655 808710758420353
89 46368 783799822272671 555403326407728
6765 233 466315685430761 749514954399096
987 34 200951045592093 678514732593613
5 514229 395097377055883 52048358497189
233 3 704629793397875 397811395999673
2 13 771007335686475 864730521905988
46368 55 587299361615096 916858410971714
5 1 712448853453331 618504701932978
21 8 215588468627493 900552637098452
377 89 988612614469610 800718432269420
6765 28657 728299933155218 745342641265404
21 832040 321322665285371 765084607363341
144 102334155 7791484541944 601699874946662
8 21 783167067238028 849394654606675
2178309 1 48548947985711 888321168724191
196418 63245986 698870762883335 704903558316825
4181 165580141 668829035592240 484735198092115
8 13 695461042035700 702616573242461
89 121393 678545953466643 27803913730766
1346269 2584 994170428477436 30141381849915
1597 377 320001987737361 928932045629565
377 610 903614314186983 471074949896687
21 46368 60413934635139 851372421251502
17711 6765 921192283336093 841979657005783
433494437 377 6532978264288 834400683528139
8 28657 832296418947111 881093119361133
5 121393 450476106314434 233876866781282
24157817 39088169 296032757192110 109950599351631
233 75025 851349141985248 351858068471071
1346269 701408733 365220092182138 799818799424570
24157817 34 843605424580884 866888675201998
2178309 2584 323723080625652 598426031931402
89 2584 426217656417877 19265049566813
987 267914296 46104735060644 658653027339195
514229 121393 538502374317757 417659532835544
102334155 9227465 413179290504754 650474535070314
3 701408733 538125515327620 410801882391402
121393 5 650657498381671 484733227548499
196418 55 356960162330882 600248204949089
