1000
46368 987 613336348217598 165523200113167
46368 233 211815016589074 716789818985579
14930352 2 41108258636854 102170740447363
3524578 55 683495362448032 99120240936381
14930352 144 630752072396546 31148692247433
46368 24157817 742843608124869 107992601464994
13 987 783801744631886 159230001248846
2 317811 173078233926203 864734490297243
377 55 596819807950500 617581875430562
5702887 24157817 494308283776348 982955040559558
55 610 177818300389422 349417453533939
610 1597 257343099514914 705058274751201
1 3 514518235933367 865355468480079
165580141 5 614780178390824 859631931444042
13 17711 38381412668330 199131242205285
4181 165580141 189867358511785 801311774315521
3 196418 944787902498832 634916676615044
14930352 6765 689437260191359 546296494670499
89 17711 634960455636116 805398327949978
2584 701408733 12433357963813 508113514017135
89 63245986 350627278816642 721274589069621
46368 514229 149936867213493 711437302613828
5702887 2178309 564857847779011 737681198547843
10946 17711 733558093113577 991644167659425
14930352 1 281899892585441 308509355449941
1597 89 3314269500701 23577555251874
75025 4181 379270958805000 686961859575575
701408733 1346269 64845797894986 48527775284488
1346269 89 899695374687746 618830670449624
39088169 6765 729557167768843 966425402714161
987 10946 183330848432185 571877159553864
1346269 8 261420887578523 326915276354075
89 5 410071753410744 373616496463028
2 89 382059146279892 572278310147429
55 2584 592878033568042 276089549639691
3 8 915852793591344 169041879494988
5 121393 861018170897112 612483327765979
987 5702887 112714007338699 366283999785393
21 75025 665169990217389 191000068554579
9227465 89 740065618544990 507665792399120
165580141 5702887 500540168623413 904853007009346
2584 46368 388010709298500 89163331534473
28657 46368 210041582993049 669330361783573
102334155 2 532984434412920 151705972541915
121393 144 474230168543907 315381146679004
10946 701408733 1808188448916 118973687088995
8 1 679319637295295 284049073493829
28657 610 903915207489747 78408896526880
17711 2178309 176327271090167 389778676099742
610 233 546913278077966 183113859015089
4181 267914296 808652131942133 974479290799574
317811 5702887 785940824767426 45992634671700
75025 377 383485455952900 754694299670140
144 3524578 915525280333063 885520809880808
1597 21 605389733166351 137553201965757
6765 34 100764846375065 305214609336043
317811 433494437 250484789555103 249834071603561
28657 5702887 398322983697106 59687153881723
1597 5702887 205011840743648 862152622569966
8 1597 329739905821613 3470693135960
1597 121393 204798106856859 930104679570522
144 63245986 556466273011396 749586476746207
75025 102334155 817659357686332 596784956895580
317811 55 236279411792721 315772546189584
6765 196418 610688854866636 832182761247299
63245986 267914296 924523590794288 435915948622984
701408733 196418 799161884836600 588290992638204
317811 1597 866497194977242 664004752269702
89 10946 52509335922183 494986628020247
2584 433494437 765865986453610 634307599898089
5 14930352 556202398904039 637766829097666
1346269 46368 73338178184091 267296702581807
610 233 411284666595360 756463109715147
317811 121393 403088643633863 482917714643831
1346269 17711 343796028937181 859736619854497
196418 121393 342556253936360 408661045993343
2584 196418 48586573411305 396654291728722
1346269 267914296 949269343145114 957921914863782
1346269 8 129129592377775 526341942597262
832040 13 606653359952918 916636322561002
102334155 63245986 643909390325304 592654295744674
2 433494437 265877613887800 798752615160553
3 28657 975631130133040 30890400278141
13 55 12361986412409 967451999456227
433494437 987 46945522865633 335950074728365
701408733 39088169 577464289676788 620507220167093
4181 267914296 493456035805493 936375752262753
514229 21 792177970595683 125883524629471
9227465 10946 387586737726391 637927762359655
5702887 5 405394271693346 804813965526654
28657 196418 438116937041041 655285019632687
1 102334155 833495400476714 706627635389009
6765 5 572863921285774 233348696722118
14930352 1 810038741272343 345617308210359
267914296 6765 259462556380185 190601091728346
377 28657 863668008908834 722761654726574
17711 6765 181467044400955 420335576314555
34 55 207956196118566 753058855076309
21 5702887 31021452882335 19977099995992
2178309 75025 704707384051614 806316187647594
28657 2 233310213042321 770296425617981
701408733 2178309 78044956306084 608971291501900
102334155 34 957582726549754 180932756614298
10946 267914296 259994612400370 204100699187960
165580141 89 984657250297700 393891770693694
10946 1597 801977462961636 343960818884751
196418 832040 775101558603771 359393849402263
5702887 2584 942704247537779 745674704690125
17711 610 598290216732297 517631622696371
13 102334155 113961709587258 154258601254675
24157817 9227465 984705727983225 295351380932161
75025 317811 115836656508020 398375030538589
121393 121393 723125750307540 268145323730320
514229 5702887 661085746724347 396054798947915
28657 317811 187540783072837 959649177719949
39088169 3 66389569283401 654713763223068
5702887 102334155 297216775056151 790889441629384
610 46368 104274046131066 235795927582124
21 701408733 929111133301557 536077217429614
46368 4181 875023146558791 250897388478077
8 39088169 679625585358889 901073453890128
6765 233 654483534261004 777881052231338
8 1597 248717779401500 686372992607706
55 377 959671386824898 997311563770100
196418 102334155 214224035642587 232546515926811
10946 233 545240616922628 588154212891833
267914296 3524578 342630619614671 364681758878402
610 10946 235034926880268 288518903385591
165580141 1597 750317513485827 35057679963678
317811 233 708158089879478 415196445160780
63245986 8 979784898016545 775038226587421
75025 377 109502414830971 725170857259000
267914296 13 14636754057845 469440691027021
75025 89 81525146072439 470919887734744
10946 2 983804052684007 530011951146205
377 2584 562451368413539 323055117155179
267914296 514229 380899123415811 155445249390748
14930352 701408733 681082191208090 629330032879056
8 433494437 491211065584372 556655772575735
2 39088169 570795826963991 158687942747846
1346269 165580141 282221776274051 381018033003518
196418 75025 536115654427764 68430107265706
1 14930352 531978402103068 87453702331998
3 377 639605765601771 765530690712187
1346269 89 881290703994313 284566521872743
2584 28657 968320493750872 714281815702487
144 6765 618397386634036 910439472613383
514229 46368 518473889981748 198991719721214
832040 8 243535866155944 698730564488653
10946 34 434971132890522 732399626668238
39088169 10946 284279377804047 168791149997798
46368 144 533821806543429 991896141864645
433494437 165580141 187569520252148 130588914642978
121393 144 295509551244687 100926430530305
121393 4181 772341498004610 955134826899183
21 24157817 14507368605043 638884421661250
233 2 707290073517186 216205442638171
10946 1 2593866883979 323586796807653
832040 514229 787955269990240 315469996527125
46368 3 658032288881937 971272379042793
1597 121393 606789695700773 475118319903851
610 267914296 635959711470304 992168263206637
28657 2584 517231174301053 419903137467468
1 514229 13741057257843 572752750370351
987 233 962888104160178 306889767290439
987 2178309 465090275916004 656426919310
165580141 21 479257869998766 166680226272138
701408733 46368 930323139290350 457517698786696
6765 4181 520840805141244 496228560264675
196418 433494437 342782142567659 957221170742076
610 377 246913844821190 533567396405185
34 46368 444941601092565 649465138538600
9227465 377 685426608918488 843942274370610
987 514229 127524083097672 759687797517163
165580141 6765 769614747478938 642172714858214
102334155 5 172218462671997 791589847594818
267914296 5 445228928476952 330251201248297
2584 39088169 472380925218383 624824244548494
165580141 317811 680735123763453 81477275953388
63245986 165580141 134846477645625 28480216624267
13 55 636355029219219 519999619572412
3524578 267914296 735020625710165 909059171695385
6765 4181 718852775432388 920610840956872
610 13 326278770067037 35110350597303
13 233 279175525753370 732471340039902
701408733 433494437 998375956398509 359295935261570
89 89 481964856150209 724863259791214
2 121393 343014485304894 830611862480441
233 317811 486733695779203 453098310310276
2178309 4181 608178528112555 922951339292731
144 514229 575166632382667 168582280664529
1597 610 144678544799023 714640152727942
10946 21 446140681317026 929192755070370
3 610 821097362821540 499942853566136
267914296 102334155 579457990384307 999632392329958
1346269 514229 487998347971461 152189729173777
433494437 21 483531742637130 704298039042091
55 75025 457950909947116 230201889646191
433494437 28657 646220851892815 112581897740449
28657 24157817 116507658468243 129408720146767
377 21 201971892309839 104277511950356
196418 75025 783604110409941 979053244145874
6765 1597 332292989115763 205654969119477
17711 1346269 880075875488173 457789413542068
5 1346269 447047831115398 801867867326033
5702887 377 555442612897462 869949558630741
34 8 757339627166706 570142866024407
514229 34 726272906286120 177374821431220
317811 4181 205531260927682 565191611923925
89 24157817 879102039372256 131223313245550
17711 21 421313721313184 463599462178618
5 55 761398772204376 164267561076930
233 1597 495273009692375 968612747230101
9227465 3 256501039431593 106308696278159
144 4181 64561094595666 451910622872340
2 2584 43505172470159 465057777168467
14930352 34 24699185072026 775726897974917
39088169 377 69062474360677 229589184921644
196418 17711 327797764124635 522442660317015
165580141 165580141 328990544546595 695819258719450
39088169 433494437 239189962441694 564296040206232
5 24157817 485470256110182 514102529530811
28657 832040 454785814839823 862678633409015
9227465 610 923204609672808 307782341248716
144 24157817 881187798194296 603842580718019
24157817 317811 944427894604802 260787002107054
4181 10946 283013848665283 665883638215401
233 5702887 112602445083569 405733160145053
5702887 21 937199014814779 138805560717817
39088169 832040 433987407268237 535507043758713
55 75025 44839820086219 277629264196641
28657 24157817 933139907491154 61078604342976
5 46368 354410299523068 784456732866352
55 14930352 717929676556890 123524992001681
377 3524578 60877103199481 182131728861587
102334155 610 799826413168544 689455842340779
196418 433494437 4417208303246 188567331402329
63245986 144 358695842357181 367888541166698
34 3524578 895588561614883 353109242796338
75025 6765 588638223556846 527302039182287
165580141 14930352 440253417942213 969407143161451
39088169 6765 943313612709131 345470031362424
165580141 267914296 125402203275037 956355026146035
610 3 927933665358224 824598298092963
2584 165580141 364982830698870 755919696674904
4181 2584 849946171461528 90375786466606
3 165580141 452971518438842 904981269541065
5 3524578 477767271490523 856963815674265
34 121393 685072165154164 16110250346261
5702887 46368 961483944001206 991537932366081
2 9227465 85632152052174 766307879515818
10946 2 650935575116835 793746430324261
1597 5702887 251621237898131 383356210244501
46368 102334155 315546073639867 749535287572581
267914296 1346269 180346037236526 893557807395463
233 196418 66012713957562 525255488017341
28657 317811 558423471075496 607396574159054
63245986 1346269 677772349641211 787193826590925
1597 6765 552854748066733 48931284417623
1346269 4181 721701895279094 810459128423635
1 267914296 639710901861255 282858077643697
13 196418 935452936283848 660153311179182
102334155 2178309 709233719013152 111705273939468
2584 102334155 367670468082219 919373041143259
267914296 1346269 784937313993987 202505463479093
46368 267914296 554259984718201 852547613359227
196418 1346269 281522949401434 649770159491995
701408733 63245986 852616408997292 316265010169163
75025 1597 104907735805936 92245634365516
8 34 831573229359967 548937454591145
8 9227465 901781092034607 343925424108279
75025 267914296 576378653106893 745160558316437
196418 267914296 635293133232418 110699572442603
377 9227465 96822672553936 23543605614508
610 46368 828607849357172 391736014728213
8 10946 499853134948835 448589109766957
610 165580141 59321880270702 730513109653765
5 9227465 708451023578144 425205450620151
1 832040 175636411499772 996401038786793
102334155 17711 166577336683841 556375764187273
63245986 21 83911154170792 756259434811535
121393 39088169 393618062618530 760207866111488
3524578 987 636484159555228 626632819279206
165580141 233 770218573422908 235636734186011
2584 2 62968318070947 724112663762301
1346269 28657 220945889110954 294517151053368
2178309 514229 904130352876583 942103251130242
196418 5 349869267334183 359186447065175
21 5 413935069584179 810137116125890
1346269 5702887 799996462457741 153870239324950
46368 89 378257589581681 885661859962670
46368 17711 915135394582102 238474186528179
6765 17711 745950276590124 748304357907796
5 2 533168485997726 459426477460492
196418 144 915308994389071 208887148613217
1 46368 466789317554718 59700254076576
144 8 432956098250339 768946319328292
433494437 46368 791002854217265 661244767406735
28657 144 866517769595028 117001469944077
267914296 10946 39649109744594 59886678782357
89 1346269 410180884845228 639433922854953
75025 10946 767894210759067 663230237663762
21 121393 66262103233557 394516626087206
1346269 10946 896933523980743 638342132952836
5 14930352 136052022193114 888735364955221
10946 3524578 936535146359344 657827579815946
9227465 196418 688940967047333 882492039926434
102334155 63245986 26477053039696 440281049989474
14930352 14930352 661293386184897 994375591996828
2 121393 879505055475010 216548861344747
317811 610 451908698276376 296697189473139
21 39088169 136754474073537 539353541086499
28657 987 491441656928822 101658662458100
3 14930352 975438466392615 997855486199592
2584 433494437 942863204156995 793096418794381
701408733 75025 698830605034095 312725979168954
5 610 696371559066380 496764599006543
1 28657 509784860836403 199105802616118
1597 3524578 37364512306425 874293846409446
1346269 144 511829001674925 787104941479068
102334155 5702887 417480765259799 984122359343009
433494437 46368 80919422312633 253704039799689
17711 46368 184878505885711 647519978963824
63245986 63245986 802492613005520 328954356615996
987 987 738017912498220 970242678359776
514229 433494437 82442714010381 16433698564500
89 13 412927034774360 819331176359199
1346269 17711 336389321590059 921785901904144
3524578 34 742498480139294 499271712389630
832040 701408733 992724668524676 822013398120652
5 377 967527050482857 669809672417769
317811 377 714871306865170 252084862524553
2584 5 147880679362242 994978784965103
1597 1597 716938787793521 543595268433061
28657 2178309 764139372127189 227920851795904
3 75025 915902569440730 313611147718174
987 34 635580853521643 163000228882856
55 3 620221500595241 872860441383570
28657 13 614741529615024 845841883115160
6765 63245986 136791644936407 656801995935809
121393 987 151027413704045 274869323752989
165580141 701408733 241271990582015 879727194452488
5 21 289087482400015 206610754938982
1346269 34 532409246211419 40439272732519
46368 514229 624452897714461 76740292195906
17711 1 208931910254151 513938841615483
13 233 188607034755269 218969248997662
9227465 39088169 231623113205692 868266395984387
46368 102334155 915114347492047 335852599259914
1597 9227465 931636737808214 665962300994910
14930352 165580141 622245228156326 485269027935924
233 3524578 133113669297742 4115299932298
9227465 8 200459119232853 291322910211946
39088169 34 769452702364031 657918123797030
2584 165580141 950850540762503 28655759724827
5702887 610 491270203588964 255915411893616
3524578 514229 192989880274310 67252343130198
24157817 2 467139213619735 153949639307847
5702887 55 565771437302843 849240499561032
8 514229 629754455530322 377994034183465
34 34 290222457790003 781703395067073
34 5702887 441840157112433 268436792258356
1 2178309 15613850949527 715826766767663
267914296 1346269 212966546493549 346540344454696
701408733 2584 715853024742450 478161404507552
39088169 610 843640389901793 721629421341794
5702887 196418 687530466197358 810319303557827
17711 3 645186903619336 409291386663137
2178309 10946 174590286636118 496885709858278
2 9227465 586872403604924 169396445986628
701408733 63245986 8789392885141 607718593570809
610 17711 27575433453431 292247493803978
377 1597 33724683447668 808668444535432
102334155 34 526335780048213 860010914137936
6765 144 994302839786975 96948776341444
6765 144 242872457663503 296722413084501
4181 55 506533633779807 392648669717114
55 3 860145860078593 581200177327608
39088169 6765 150918586398240 609250194259481
144 14930352 202223471909156 809374923120119
89 832040 594636332912620 972293340133040
102334155 10946 677563924468499 26618001934000
2 2584 99729783903789 383226808926444
1 89 755246229613832 562748690027555
377 377 55900492290286 167511264483869
34 1597 105452640566751 383879419506413
55 121393 346601522708441 713692958666801
433494437 610 738522929547282 588395003012174
63245986 9227465 503320455295545 981181492464054
121393 55 855622131622330 178488035429923
1597 63245986 839469656981241 977014333877723
89 39088169 315295726050451 757036548029164
75025 144 529447254459554 237408946326638
233 2178309 114913676111351 967306401748422
317811 24157817 349161145096544 240250441016799
14930352 39088169 593413806610145 662928680865392
233 4181 310143212778236 702504697197370
121393 2178309 952271709162475 427741016899913
317811 5702887 357385259618018 606971263340080
701408733 28657 370960756677967 607152973897551
3524578 34 769407574448668 413602596509966
24157817 17711 92260763262697 668477179614753
55 63245986 768284967885140 170574129620675
102334155 121393 347323034325042 505654641457149
3524578 1597 455792905523413 457843848045278
9227465 610 65724920169541 168173220701121
17711 267914296 662650352839817 52615062534540
24157817 8 902740252166621 59694472080621
165580141 24157817 119693217720315 679489173438365
233 144 471011008811860 447552874922910
267914296 17711 688498367002197 72349791787646
2178309 14930352 994906894081701 339267220397204
46368 46368 978474750683747 233379589564479
3524578 75025 124178305359210 765199047334188
102334155 17711 169703127883406 733493195696014
1597 5702887 880022931840221 372941643460453
8 3 938467044875488 438385256488890
2178309 5702887 63796296707545 383218389340638
433494437 9227465 222999336552197 609978016270512
46368 8 927177829829849 662510987679702
5702887 3524578 40343678189127 593255519564544
2178309 1 328691396250103 880312431011114
1346269 28657 685471704943504 909129161535448
3 832040 164737244967150 448235466510937
8 24157817 674081408911211 348430557182214
1597 34 822451312111896 34730260534401
1597 144 702047158632962 549928518326521
17711 10946 268465674650991 386935233668450
514229 3524578 64790172953376 180039884018367
14930352 89 462754570886287 358887890840410
433494437 165580141 495539967900208 954240210110983
233 3 909589175320753 4425606046054
24157817 610 528080685241915 512308664658720
102334155 28657 301338539573168 995331731668775
144 5702887 796703949225453 73540010201848
14930352 832040 56407955247879 793023910813913
121393 610 832794892365711 337828474779421
89 2584 649139675940816 844932307857244
28657 46368 689032953925901 500614137482686
377 121393 891822573020869 711366022416431
514229 75025 496797064779761 998152878110121
28657 5702887 963633619639362 452170542097775
3 233 509334066114917 212482749259341
89 6765 520867647512640 469105954899419
267914296 3 422331689052724 298706498269113
5 3524578 833645540089434 122667168814290
267914296 1597 418958198380232 514446330622619
24157817 102334155 969532642352587 934257184674386
34 701408733 92424472247084 831412050098241
267914296 701408733 726420454664557 797766057802490
267914296 17711 867291098805003 987374308360858
21 2178309 321954067118011 349208089751559
10946 3 362780731759022 724089955494964
987 433494437 367755906077391 789347436535642
433494437 165580141 29229779808769 8146973708350
701408733 102334155 753084016984163 669291072580464
514229 10946 558776984522382 969550496494215
701408733 6765 580969949194707 247996302889831
24157817 514229 343465389963646 529268067575677
144 701408733 631090017895448 826170723425022
63245986 34 656090898324638 345013800500270
17711 144 806395507734477 654906592064149
377 2 652678145632599 59602409774664
233 832040 467818739124524 485839701991208
832040 701408733 418170058916020 235855336408092
28657 165580141 56028500918289 23452551995991
2584 34 236020591237984 276331782919318
121393 9227465 822833202384886 359379624944224
46368 46368 105370554216868 701317485121350
2584 196418 920676917755892 868543812719138
514229 39088169 512262552216427 326129592333401
5 6765 451303119540935 520177957607707
24157817 9227465 1191662641217 328472563854495
75025 121393 36007477784266 397532457368426
610 701408733 914787149369166 153373106614662
1346269 701408733 869895951795701 17983621104076
6765 267914296 650000379606879 816282164065565
433494437 1597 437572351524325 608689448477090
514229 46368 321191628662493 5668206217745
9227465 55 958002983131092 731654764717288
6765 28657 167746126355411 836010265119665
5702887 165580141 166211058079900 75675313230399
75025 514229 631036238113771 966413860177389
701408733 14930352 325284923306167 658541652464867
34 1597 380280156253296 761655761886546
21 317811 738716523242560 35378035156148
17711 3 37942779288140 36746030397199
701408733 28657 86610854720242 582403210817073
13 4181 406714883080714 188492564717810
433494437 610 984999763968039 789631040584311
17711 3524578 194009404712917 384321997814122
6765 2178309 427026165594842 526271056254789
102334155 233 442433351511926 414060285695878
102334155 14930352 30152333084069 38293749022458
21 377 324436955841625 629607912911604
4181 10946 410547841949378 723643582742675
317811 39088169 126922143449480 475086465764354
987 21 875222076573708 130504561469361
267914296 55 978564583840173 159227549209503
8 3 882394079407870 118744188265617
196418 514229 111288786288402 542521947804505
433494437 3 866960360641715 503145393681425
75025 9227465 359097236016035 640326579082591
55 832040 195553273247203 385094528894897
3524578 3524578 930951817439466 337023062346880
9227465 987 650174194512619 945163439156622
317811 24157817 287705917847570 910295385799721
5702887 2584 286683553953733 357028462688360
196418 121393 497456086694372 786410625097834
102334155 24157817 381080235336714 629582136780700
55 13 864958302271180 555721388987889
21 2178309 228093022483190 723592583188265
514229 75025 104000304031443 843369998385676
233 6765 563098742301540 111219454050222
514229 377 790327276362149 774217194371755
1597 433494437 477330684403661 879478332173929
144 8 329708392603275 917181999066714
8 8 491948893578828 115817716620601
3524578 165580141 352811788577905 413687953067082
165580141 6765 858780079222939 38340702012060
144 832040 317773738723809 581822614547528
14930352 6765 579138260212758 503343033201072
514229 196418 453653160817925 526669904000706
8 10946 498839291171254 526845089120821
5 1 208333667027880 130282481667273
75025 5702887 564395832503830 558314139007112
1597 21 207337755407157 985988971622409
514229 144 748986995943793 433499697114537
701408733 317811 61275837350069 80663002245841
21 610 698842328842146 686485455992629
514229 165580141 667003872665811 895137031370769
701408733 144 38716842203169 950075114409836
6765 21 73588445413339 620861116803926
987 317811 817174923996683 438550981705003
701408733 5 12058798813622 12553611876559
2 144 484192574961689 835592607824881
233 832040 658715707234798 981344880508234
987 121393 32236092035239 708028510905309
317811 55 860234444198831 250265307096630
144 987 310624422174126 665307140657581
433494437 39088169 912826042653123 677826046482850
24157817 102334155 922816197425353 720553256029888
55 21 181645235662484 186404855381563
2584 233 262565877028659 225959973583124
3 433494437 130356689437741 262561240597329
39088169 832040 460010894635462 732941755362119
317811 14930352 941512517887033 372477951068370
89 10946 944098142350588 323974102869145
514229 89 775126160103425 713339752384332
196418 610 334363923710193 383860191342823
10946 5 600851859066993 957854926977006
5702887 832040 310406466494814 972181212254385
39088169 2 152384993873426 586991848144007
2584 55 369917882164638 382159569821972
610 8 601761745946896 805656375527300
24157817 144 925764055625900 361466039894991
3524578 2 536507365792052 786960142762997
34 13 339037507950882 590981360797505
196418 55 826749240286698 205475765648776
987 377 768609091866939 118592691015273
2584 196418 859715070551612 491034726041739
55 34 259893692731089 821508872812771
4181 987 438439843453140 193649512311277
196418 144 919150629581662 697267173706480
63245986 2178309 252242362096637 321174622502717
6765 3 698969399718909 418233252894062
701408733 377 785686775299490 354253477521064
4181 102334155 166158139392361 287577239281115
14930352 24157817 119804383828812 277740251719422
5702887 196418 556219869376508 158148973381205
17711 89 829918841997863 87768920790957
5 987 147858043035569 417967857481116
2178309 9227465 840298210836220 311547796244675
5 9227465 879002841146402 569394877267726
55 24157817 405642967184951 360539305585391
102334155 144 620581402422409 772227317435048
13 433494437 253727330720738 892570731100032
433494437 9227465 506926036544450 331642236484874
2 5 861378175873959 201515122579555
1 317811 657286385909830 954952433786739
987 3524578 747642837237969 612164475244584
2178309 3 629399191116848 932370973558720
89 987 139006520077898 888284060918269
10946 28657 741548483095867 123684095656048
3524578 196418 391753680336541 386249875126704
433494437 514229 685953781171393 708244542632098
3524578 102334155 769100314987508 532072535692208
9227465 63245986 511824109354941 57667192390676
2178309 24157817 319698313707546 575870591182092
75025 13 411490575511240 722938680398628
10946 75025 908922152807546 724056533287793
8 144 29160136506910 697556045449938
2178309 1346269 880409781066270 592628816858415
121393 102334155 852230109879706 285977926980796
2178309 9227465 180322875074991 696793031987508
987 17711 974788938115253 29332372094751
2178309 377 664519445822330 653685964470030
39088169 610 410491159498378 99490722505948
610 5702887 294360262383464 290974320453356
46368 4181 463579058420179 43407411287407
2584 165580141 68184570434820 789429144859037
165580141 10946 860210789021932 602880063012088
2 121393 103765942911864 716990178277518
24157817 4181 43299833832910 409971288689717
89 233 708266557231503 604977777186255
9227465 4181 763275568270869 876663099187333
17711 3524578 70106901001652 98071285400590
1346269 14930352 705477212183290 881257127914471
144 24157817 654523688965616 62124126455449
121393 14930352 716808704031064 860336858766583
701408733 1597 135120107515887 552320645599583
89 24157817 58351920284074 502386936448758
1 1597 605572818272506 271020934263022
102334155 701408733 652930202198026 337952500943298
34 1346269 310056889445885 80057170440822
1 6765 511467483954226 316915404143065
24157817 9227465 905596488461186 22710179744708
8 1597 945761341743486 913080573315161
3 514229 365814415140275 710390055256902
121393 9227465 157879684343527 253050313206530
433494437 39088169 248849763084379 355084768188428
3524578 832040 338696082757384 611675517174833
701408733 1 125060843734756 616611171117509
10946 46368 992611660486684 876545438517990
24157817 317811 457150795367513 487615840362685
2 4181 678895311475709 706507206832830
75025 6765 18601906125668 71411872650724
1597 8 852485002076197 836154852594680
10946 102334155 108715616650833 765891599579849
1346269 2584 564479191721392 937356507976563
317811 17711 452270001907464 162395412545946
2 14930352 87910587746647 780021999274669
514229 5 76432154455830 882454079915301
89 433494437 846331202081654 68808977493957
196418 987 66030757980068 695696072765657
6765 514229 908627910121478 104398653537657
14930352 9227465 313211896199548 571893984438469
5 3 646856115445410 355697375484711
267914296 267914296 711195963168010 604038478950806
24157817 1597 508835944794756 545421404161231
10946 377 662914969180760 861887801743516
75025 13 93568297894536 462255030547215
144 267914296 412267956977937 706364389907396
55 2584 214612788992296 603132123169572
28657 514229 546300979052670 286653296497054
28657 377 453482583438461 777069731323630
196418 39088169 558715057977226 436376287334745
10946 34 410698926880323 64514460820716
5702887 1 440332135912640 28364805708481
89 6765 634020954989524 89334478852155
233 433494437 81438575853131 550611585859142
75025 2178309 1447615254059 335109967782042
1 2584 813076435352053 393023763793143
317811 514229 805090348939746 497337075073640
2 433494437 603184443102503 61347048855682
63245986 832040 395208310458163 777171825866403
24157817 14930352 643412800523502 354111201930037
144 89 247862687341050 957987546053354
1346269 832040 341425301747187 172726101467135
701408733 24157817 22840708465072 716616839573883
121393 1346269 768392461296769 802725888537198
24157817 63245986 103797465457 812542146791732
2584 2178309 705635214333058 278231968718514
317811 1346269 867875817281525 316727227360661
233 55 535760104771970 469781754825111
4181 1 564647163832217 929718021015227
4181 1346269 554524200722089 845253819148430
701408733 89 66320288046679 772282473509222
377 39088169 935833929637571 578372500941220
6765 21 670413725023689 988512445568755
196418 102334155 7901212654651 12647713201032
13 1 726604417966889 858577661410658
233 267914296 526656383766811 28386203522441
5 377 864282359869266 842867871999824
4181 433494437 522780687339277 795793464631188
10946 267914296 587023150247615 661111975902204
2 832040 722378208946011 79070270151225
832040 5 247954770624906 49740272086853
2178309 233 315545737376497 888522857440933
75025 14930352 777135019606894 823618002938281
39088169 1346269 247005858191961 796078261292712
63245986 8 953259210535877 106937771077703
610 701408733 512837979209150 700502626086064
75025 196418 904848758529417 557350527175900
987 75025 183577579052265 740506408948684
233 6765 994650409697110 946843149333961
5 610 672187684863813 619432609085353
610 2584 247461406651237 936512178107915
75025 34 96256664771550 958008400188567
433494437 6765 116106847999889 419471511934272
433494437 433494437 519524433772892 508748058023811
165580141 3524578 896299981469013 978611523649448
89 196418 608106364796428 418402939356669
9227465 21 271103272184267 31456923840032
3 63245986 56436677822423 406399745910323
267914296 233 633374434168237 475383089712679
701408733 13 655996996904007 523123414116084
14930352 121393 701313705336151 906567424387548
267914296 63245986 512262066802825 250602936715181
832040 433494437 761535382528194 492587244965885
5 10946 852873763105124 458908799189102
89 377 160160677008266 769919288753129
6765 4181 782037251412806 899114653952484
5702887 832040 526870352497895 16083963379102
46368 1346269 783089500070455 571943520216415
3 3524578 130867027126198 269877477712315
832040 14930352 360966081036770 59347771278541
317811 2584 890372583221873 987129229908350
233 3524578 497467028643219 751753000776381
433494437 8 281802282725170 183796658578117
2178309 144 485085762062387 139974399875676
196418 2584 263829360937907 251771439951888
1 3524578 81323768374348 835530989653882
75025 5702887 172189179443536 752941037506684
121393 2178309 652364468964362 269273060947588
196418 14930352 455199402458370 39253955811273
121393 63245986 957695647004983 114630121286794
610 75025 218846424862564 481806174553684
1 1346269 977962208636221 95190231068474
832040 21 834146795390128 51200370241820
14930352 1346269 820394557135143 769108918699235
39088169 514229 261631889519810 718279327181248
433494437 144 557847628006815 636032960832626
89 1597 335003510842132 894967204652670
55 610 605661851417328 264591943753078
267914296 89 785631844083391 814335963163189
987 1 294603497154821 912813589331999
102334155 2 703604372083327 336323198544995
63245986 8 581721199660903 561101595362618
2584 610 834486091504815 555670681436455
2178309 63245986 707831434306882 4348286055990
5702887 4181 22283396237127 524267768758591
267914296 2178309 453250239955296 772333294261537
317811 2 255832614143972 219330460512777
6765 17711 858435088187946 395793697522859
121393 28657 782074910994368 314764562525573
987 28657 747302544389549 892802836377632
514229 3 846365428028341 573221211654736
267914296 701408733 1565534388626 586444450706289
701408733 165580141 349208083526717 403119062221737
1597 24157817 934484714294052 231457912488747
514229 10946 829046311822707 318780084740464
89 14930352 213646582832974 806177283478653
39088169 233 955077440304914 951030480363553
46368 144 87514375494297 773232253732149
63245986 24157817 649396248648820 79817717029084
2584 24157817 399724163830064 59817617884098
21 610 220337557623956 766322761148767
2 1597 158920591275743 386935504090931
377 267914296 916648120914444 578574174362633
1 1 623205843371791 164044343584565
317811 9227465 86352441287446 117206400552920
2178309 196418 796153092648138 589070338794520
5 233 339417011313037 729992427462762
24157817 8 327828537518780 531702877204170
1 21 24836344099565 819555708472831
24157817 55 891912278393647 130217870876890
4181 89 782513710137422 807103546271093
17711 8 881934751653901 249558473888885
144 39088169 259137320717931 238359079086153
832040 1 787977121905377 277221864344682
377 317811 318232879091104 36460535444635
17711 433494437 643017473459413 718606207507497
144 267914296 799254930618855 50338564812074
102334155 987 866003759206069 429772341563327
5 701408733 910684246950617 985052435652947
39088169 21 832710272446697 936232352945115
75025 34 580878163669938 408874845205781
121393 433494437 279911420801918 665015568358859
13 13 326811000445773 773049884789007
13 8 955693232944668 456969986921342
2584 34 325790765986851 893836726018687
3 377 191325986723856 128383801979779
1 8 704130598980687 822050967442244
610 34 749474918424643 18847659916551
5702887 1346269 482563709316491 467939656884700
102334155 24157817 402595157910848 212685082777562
89 121393 693530984777011 313067287310693
46368 1597 561951687669041 824631419796586
75025 3524578 748840136772672 473943659555231
102334155 5 864865893301729 95237452356549
39088169 34 26557350784846 784306966011624
17711 9227465 167437639742650 495307573147
2 196418 721279120979605 406169883523645
377 39088169 351520924548807 807345514928696
610 233 169555345305075 834364719472958
2584 28657 823271630903475 337546202603149
3524578 8 219475826265311 699162147823146
1346269 89 610924782452423 429593854031911
165580141 6765 610910995553910 453416409368542
701408733 196418 324110580159727 582820437150516
514229 75025 737615645190513 406741167319513
377 433494437 56582935662261 539849192727685
514229 2584 514733423024172 343699370388538
433494437 9227465 17200606779203 129273242001798
9227465 5 825985932419232 317672418376639
6765 3524578 704380722510180 554858280507462
34 21 519439614045288 612051594752455
5702887 1597 187386343606146 22965145698165
1597 121393 600187353186495 426175388777552
102334155 514229 647237542593448 580508731414112
2178309 233 879169162143359 823782137267704
28657 17711 170829709035392 601492398247158
2 433494437 64163131740706 211087616761343
701408733 2 753109909892182 503987217083333
63245986 4181 494114645609412 56559227887682
17711 39088169 70735228089106 449633675803644
317811 514229 165142948140830 293538768887105
377 1346269 924166467038273 386050284400490
102334155 9227465 191287311752075 199557695193625
1597 55 597501058916363 893792457623676
14930352 5702887 58148899081222 135528552956041
3524578 233 951318651123261 303818016604738
14930352 1346269 242534384308009 112737504294641
10946 28657 231227936284224 394227832977514
89 8 590587148494639 745001437304909
1 55 162125121959711 517278106619714
121393 24157817 505026384828914 659409175385149
2584 987 788343254792068 615918181292985
701408733 8 368386957351148 561597981605631
2 63245986 431869367932346 830422990605150
610 13 78638266886456 622607561226609
1 17711 170709360897963 420886231796830
2584 610 810088026442641 69271521794323
832040 514229 615957039657699 904071276377481
317811 5702887 678180196983890 75277409636355
433494437 34 262946464023690 375638255955533
1346269 13 758686304707443 869240836035838
2 514229 205659997694317 135361234310840
165580141 514229 662380824079505 541943486745445
144 21 663918800907765 715652446875513
6765 4181 477198044397286 340005323598644
28657 34 777238417673772 977058822341087
28657 63245986 33590651690315 497998169073931
610 832040 30828284222910 801250499905495
2584 2178309 62211692820028 501711892258345
1 63245986 316056441663477 359091221173233
2 233 954458679708627 241039302914155
1 317811 769396999782331 542375256062299
6765 6765 380900742601675 491323880143440
10946 610 310387905025947 502508202324963
10946 28657 863298736473982 519345725338359
34 21 616245690579392 546966232862712
28657 2 30325351627751 334577153414686
196418 1 976146194925555 999172714418857
987 21 502156064741791 392503574531107
2178309 144 147890288733088 889924557382051
3524578 89 960012795108579 236277001277958
34 701408733 879220084915664 888152318126902
3 4181 263921408247179 709365273043301
46368 3 833667165794095 349760233688656
24157817 121393 372731502935827 771659517614205
610 6765 548993136979975 881712095167103
3 14930352 219930665961621 97853029638703
17711 2178309 387242418772034 358178380464114
165580141 233 892825534913739 596115254779383
610 233 769057582223211 960043113244535
24157817 514229 210713673783825 664425254668277
14930352 1346269 522296425428140 720763873929854
2 14930352 664383031011937 311892917051624
3524578 1 463348277610192 487650694656788
9227465 75025 989233196444500 601166017828397
46368 102334155 774554126765121 375156330220519
5702887 5 809387681895974 737022549666243
102334155 165580141 259507648576267 838287524513864
10946 14930352 823015063414705 874591454091849
377 24157817 99975893950678 455930627877923
1346269 75025 211456928467056 819424168659709
317811 21 903601293101807 377993462453255
8 144 241199687365757 450003702541245
832040 832040 911397549207103 513071891668260
17711 144 55281575928722 69292763537673
267914296 3524578 468149366181712 516003227995462
233 14930352 8239975657739 85722097380350
267914296 317811 7430798043726 385470529632990
3524578 5 16297995404257 660401819832924
1597 317811 923361206655747 66303221167353
6765 2584 126418649986735 290833627006592
514229 13 195694008747225 647454614858566
196418 28657 857715014713264 653949787852650
13 165580141 501711514237659 932967474828820
701408733 8 669265647524030 364688258543799
102334155 34 576133814167476 58691193331280
987 377 73517560751956 287032728146598
165580141 196418 541815300847021 757892653663626
610 21 411580244010123 343939995347478
4181 5702887 866987278907058 215115999022576
2584 10946 403284428211487 476103960404101
3524578 63245986 497661919562828 612596980769360
14930352 1 522585124413803 147475576552466
24157817 9227465 646752589320103 947222052748825
1346269 24157817 276859350670696 548552859699067
610 8 567006543673741 420218557093209
28657 5702887 79343092699313 628910384429599
514229 46368 406596360129128 431319443471552
3524578 6765 782489472659073 421498227269627
5702887 13 229160073163331 537722532532634
610 267914296 875589134839217 850629910938032
13 317811 378938705344712 559950739694040
10946 89 285217884106942 985006384270458
13 9227465 634164062397762 324191010657287
1597 102334155 166914210426304 869671447902778
10946 987 548531107931804 861767432802134
377 701408733 428895617390195 607893013903724
13 433494437 808965115165535 869347574899604
14930352 17711 874848778223665 117209666000176
317811 102334155 439677694040503 332256087322926
28657 610 975699526274037 312376951446852
2584 165580141 947201872025453 312420384313652
317811 144 307883084205657 173763263106567
39088169 433494437 481749304611309 697789188996435
5702887 2178309 97972015675288 187447614339191
10946 8 4123851724353 368626592069596
3 5702887 737152822426507 254088148494899
2584 196418 499108240017683 938842360361915
14930352 89 391406696872366 890529411044729
610 8 142891018849966 770649781992575
46368 832040 372918781797660 367453213407528
514229 987 663241007559420 14355947691607
8 165580141 364329774804109 596356429482173
46368 377 486054597677448 685515451698706
3 9227465 427905077060190 396120751821913
377 377 337102088174973 845256532988190
10946 196418 996628989027465 546028897382584
514229 610 718373515094436 326078081115529
610 55 209467525334184 361044868620090
2 377 102017073893481 243151429724674
1597 102334155 426407939076085 555106733307358
13 102334155 715172047543253 350671607956951
3 3524578 438371908474699 257442844968769
377 267914296 932708082568596 470265055580408
832040 3524578 54701260838693 98162527931042
14930352 17711 697455957976816 272584305834993
2584 2178309 84594897264542 425929068987360
610 377 90440581009619 744550436403187
2178309 144 289701196242030 260039227894649
21 317811 504945174594504 610299630640843
233 701408733 173772063743218 493513333692044
377 987 488959818772473 143787098774248
75025 165580141 964986336787491 355891048079063
514229 5 139910751855921 699161057103704
6765 1597 994577318398109 734061873318584
610 832040 58130730466011 570981837995979
102334155 75025 885432801815705 185746612499759
1 987 708630692476928 987951755098253
63245986 701408733 160647461098994 510456020465113
3524578 2 208339183876940 95065745274511
102334155 196418 186915399458339 957853176137974
14930352 17711 981910877725448 601128322273118
9227465 514229 677666075554374 972701303633763
9227465 89 757069018690848 376590682183977
987 3 800005387877141 218584225136287
3524578 2 237155096561438 433375385047742
3 13 120961777632492 257196376340681
10946 5 887505830553132 724616092519309
233 233 635029194336196 195186835096735
14930352 46368 603383176298261 950542761511842
5 2178309 213943399264057 174156335410560
987 165580141 149884399748675 354750922914734
1346269 102334155 475409635279492 773042668065642
5702887 144 175928451342274 570320258731262
21 6765 493438853696640 744529711305468
832040 89 6721888569146 766533299954049
55 9227465 568662932448167 653618465926516
9227465 55 122260817328119 609520108024773
317811 17711 119854451569173 272480171225264
46368 4181 420781798397156 833772799786746
8 701408733 740824475262339 867206388440880
514229 2 604856497246347 415292741052140
1 267914296 309817115864909 243658879932433
13 3524578 754696124372246 898147827195916
8 701408733 649312571915372 978255820717843
121393 196418 135986323057743 970559833724775
39088169 1597 634063577501051 875154285159571
1 14930352 433714734819234 296153462282924
2 1597 954954373367477 413278191644048
165580141 2178309 913024372574233 799529909960745
39088169 21 53854314647539 631059024280489
13 1346269 431961234187871 308725825162957
514229 165580141 516334926757042 829657774855452
701408733 514229 329757421312701 67752516380199
3 46368 358209395241994 761723193052360
610 9227465 917506527716638 8646280685157
2178309 165580141 107549205272759 862970381052459
514229 46368 816570064917774 29695345203285
610 610 571920256659732 296774302208356
102334155 377 301579000656310 646782117614950
317811 9227465 926071171174170 566859160005425
13 17711 159962975625696 763267478106022
14930352 2584 624533302720612 457619299781872
1597 1346269 865973005587448 867346697558468
21 8 624049437593132 67925323276449
8 63245986 591636680173064 879772888928015
102334155 21 129925163971918 639746536197345
1 4181 654827630300602 18897425283956
144 832040 245787578138179 425015672626416
39088169 2 148452634427481 544609718412163
102334155 165580141 566695566200102 674739166128299
46368 2178309 292909696948943 969688002890858
46368 39088169 432746219667890 99260623256721
