1000
723983458 477761504 306590487786841 53320305814140
206559392 607344032 704612260610090 885079101561905
290930014 22853471 324994441164618 151935277187363
77588983 269662952 506937854752983 217148119670854
685309531 499801065 2644891050657 269383757190288
448744267 742496818 601889369380459 44010405956411
203941018 364729843 998448280749608 261525078936064
21496173 423737346 306321571727422 290643311639900
38302331 935011859 202670941418438 528464090549966
511103566 986765053 708817339483337 215177929491223
416860544 991401211 701809755867268 979774525022328
537397502 871285736 983110536581540 464466611625207
840634440 786375553 371652980520074 759456078517401
331803566 33452455 558699162274696 1389275252649
446623380 811658906 174144756974370 2301065814255
857073582 698150206 831764132769358 899100857877498
934973252 751918937 193021235208883 317022910391126
98386287 349441490 58880625171693 25517716971222
580714585 182889203 29975485344967 674195354331594
418694785 881233064 174657191700863 206983988263241
306722036 136218302 213627642981893 360027073772137
460640660 783603492 653338205347131 836292769779841
613563733 419594796 881728919580214 592289132141421
701874810 231938762 422023480606843 804211910854089
156309212 4930259 330757289982018 773333883788084
306190883 998065471 795083166999222 197317361559183
73659402 588215400 798866740027955 198153691158587
417295518 769804360 843921477034630 23934536627294
680067711 535988926 575036111082800 575045120641310
780554014 229973449 741374419678627 632445486558435
975827709 424529867 417801764033922 258680839734425
905880050 967464390 716624816140517 793665234047467
843926371 199245218 642966652537490 658537808284041
881212042 972381797 286669923225669 866170321023330
183982258 73818232 480927011440360 337385854715626
357582711 14366697 645417152380635 981880190709077
551895306 176321187 701674262269996 508117027742681
878422123 832264374 654919652941536 636556399870960
526974892 133340309 794160760137512 361838969423763
817477172 154152275 517737984446892 144937294501759
114515193 171108581 571231603052483 481703590158707
723253444 494165090 4940515409848 542997981492848
527930481 948862021 357729481021702 113090689577207
31177515 410934441 144647752523932 83184399819598
196938420 771884939 458794980795674 718765396790715
807525786 910678284 187531784635154 870710737558726
98184067 595697068 915447435653447 903646080053115
721584994 974038671 276663921251568 681252926645669
322911678 298217915 22970949164533 707708388619796
125559025 286278744 371615959149361 217899369254103
265930598 723931886 933136821450414 37615005987202
790692826 827036586 168102756370923 789697548825961
77423516 687746200 641609349233177 642055693150691
117436621 119409642 689888273362009 215736900591239
139724448 386279983 855752475779583 762752253716337
473495450 934452380 423399569444050 530757200423806
221710802 347857222 637809098042185 40307837024907
402339122 125285733 217955362024654 306950483569593
906691508 259802003 817382354148862 957243955119020
532053925 161909770 112328973819111 645361239532231
394978788 205269225 825467418973513 758853434227568
173190691 864747631 508495224472789 477407449256018
851076901 844848958 978206950868848 424505193544342
661988094 662819993 423074064542576 496495238690856
568946006 797197477 896939846634973 688044625691128
363130789 647327403 691170420309681 814071709674037
17774968 596106580 454218939411736 365917055484563
529059498 211518187 607917951179696 625726790683270
865550763 440054686 478530269387978 817572735542660
522253756 689763773 755519267640998 16001207802183
756242737 850106361 385743598718906 134447188661256
423727533 645461926 47399313244908 617675496094404
424709224 380370681 75549314612179 101149307846523
533204076 273209161 399572355463929 591833420267371
153148627 120510289 319021434970651 73870975314265
64315659 661818220 26451587557479 330483488533448
345674001 200721880 265738413381308 202307728632638
459774393 82964723 61481418345453 638343772848262
459130596 146313600 866527574509822 918505516662505
877311431 561184995 605324638733669 737517363528307
799433514 98807136 922075786513225 411598622803508
210392486 12705887 772769750932422 189334299705979
562183142 372458155 75981552163623 463309940478748
645309670 747615917 202526568826154 623254571410859
940832823 21258933 451739866278207 212639610515391
728107064 320426801 170924182695625 29508273417519
480760926 355701492 286667819639130 213999385290327
249890668 48631152 784374821192955 122607310143060
255204283 889499899 40715117949537 856033655556419
273860467 662840590 125058265905976 799028594109062
531103439 1664640 974090986460764 191367498726142
249312349 629603791 626740959974427 766077714315089
70349115 952088407 170530979584628 861831207499301
562106715 676296600 613333163796825 958819198346851
923588543 633125747 81868766537456 808073112180084
521898684 114365037 823235502306254 716727334223239
433738811 55884523 512639254234938 157768246500296
39290355 14790772 585520966472560 46543784677034
701435312 285247986 318336099856858 783486210587678
893097871 222476272 481694842984280 396850166923225
367322175 49111260 746614402240633 866403784728977
662597952 450752838 612810435249599 537394826023744
459136295 382823967 592033811990495 898794129733471
384413656 445788411 411175498966014 74206636453676
96315594 600533071 964499662880756 635709472288996
421295942 322213298 359303006305932 995570636154377
361815720 819804703 783904501312450 22396767261084
825945756 522325553 893016085213443 70220909395555
426774881 717116518 650655120544112 106624474494244
845847049 105258845 96658185858586 86476128549608
902140598 752716823 378782313976391 231462541858616
341334750 444493368 174589084321707 671815016637027
9918856 740319814 619764832711343 156302909643702
987993485 742179817 320026297153198 251661369018305
970342359 673600553 341184544072242 831766576141976
706550692 816269747 535291388912443 60896787436047
577624771 667569428 274445381813112 813929397998589
483515861 967004411 11444436987019 360587942593657
175523469 308302459 106286904767560 217744009912352
912070640 588817734 750600254107894 923856737306188
244544661 175917554 193043901224332 44570296766301
244605670 358105144 980771672577525 909044024683252
643508573 38041903 767839693165388 258790829819442
216701127 886398869 569098675834912 474398507743741
466091140 55858694 176833923902640 345432394727739
879828164 819345730 529478096644912 706179717854997
252494027 818979435 428643589995522 897827421592885
322076973 242207044 983312490746365 528434441906695
504741906 377453170 743545629228713 350009526214395
721104243 600280510 400484794734208 84550355592897
930657626 17182801 236124509543727 532020896742283
381839910 336074487 421098614536658 596583432983886
139888836 647506524 568409119339322 941239901151232
725766390 713127761 818640837063722 854682739816923
779171727 45465863 812676328167317 349845998860696
136012469 102315346 55488712932578 680385035664565
110176797 643322599 139325997392936 699616752598447
305454930 150758301 73188210479729 178387066974792
933455342 602716336 766889776774650 590141985354177
32054239 419141369 430810995262065 574308366557984
165150627 454286134 359560417778998 45148422714219
675622027 196699720 539158960697754 279001485399019
105492731 200342895 971521642157346 477850866729066
840642728 852159632 603024489653188 871378483465588
667263192 156336239 596755944594472 621823414009497
314004645 816813300 404317669786599 977966201283753
117934906 289704810 154607768163279 477493637874678
425068052 719873211 60769403153438 962837314503317
487889217 136720309 447287260631234 375963533729437
789208996 158049607 555385364344222 160763535748197
109476654 674535620 397140681777863 107249514831050
213841190 443594270 928389507471555 393098963028838
672733282 299910699 946899029925064 225353566967002
874367371 486974692 425750081750275 720830067733764
557419357 428564896 455715682655438 47027199569225
383711971 647367005 461559697758455 952710192755404
760094655 553653495 100959069082623 701980689458356
977432671 464199022 630406979949144 432823990569578
996363337 427127332 340105462795942 830852901984728
110023759 12620572 173174320319999 963176742553002
746649819 452318524 628777543515178 185479542150032
319331364 409347723 74257013559267 768358351288954
50010742 963360371 855580261086997 925700889594074
708234350 270436863 19658199419678 603131435471589
282469691 212131870 911423465671950 714442881394897
830534878 710013918 195928191789543 316417875268888
499873386 519987889 28147610502878 930134112625332
205256260 832562859 589553812952472 658511936695136
529370723 513561281 757875939029101 132578172464604
838419088 21936394 336660216921768 982703605836841
906325159 492652802 238613477204165 19597400494537
342323924 253773250 352546199594161 34519720436224
797011927 776372296 374642639307277 232108217576981
12515648 224802229 476947865640555 933554164732817
864159666 501495690 727693231528335 511544355996286
28015395 497164777 282770804826542 855109573675944
853623066 841897945 177469742845874 68516166678239
640024816 215969154 982066319641459 574648103543091
125660687 417173612 345501753571327 421260465660726
231704629 428681668 914630272952274 440323628531517
122798513 623016599 410721241061662 900525625251743
105880485 135606805 459499815598596 762451769928947
892379202 958555598 136563545257177 765483053048918
83549454 174824952 284729579013218 731370270119330
755879713 219336102 236849354510359 185282368299448
67199842 354308370 253198209765475 678413557534903
790922446 222519251 169165469776609 740624063756353
165750962 340950823 678354813990560 105391564007868
433128683 175436330 377599452649568 454693146830991
977509421 930666013 189526818252499 447769136490592
374041144 360027295 991737152972508 392867697873756
93061156 839074807 494315060883410 10036036261999
545318550 413425991 876987265124285 735152174334343
576975368 314303705 424497166665624 397383610831316
372759300 356023895 542077094053773 418762804866059
748235369 118131978 682068140708667 987696350757022
917601700 903011361 20217042576883 476357786207236
113236728 290937068 194391534694134 825953463086327
367607734 789298461 683615028190648 434019323853489
787769989 880979205 181122507372064 403416004952877
441217947 137546717 862581705108677 395555781429612
110511873 710104569 551514896059186 297169221196716
881422034 907536662 218233750166562 280383346358706
390260091 22612109 281056852926404 166791920812801
349021693 857078173 682057041807351 970673630932257
344144422 122300836 467791500655759 537619692814808
276455643 932251238 154060270364558 776998177760627
706330193 927975492 867701002406251 669334210569470
596793934 641252998 925760891147598 337088916851847
610322028 605215122 831109219325265 765294469072223
943649366 894786353 286321313699520 393769964108888
668408329 993113808 613628943425113 111581034074119
605456404 853023164 568275266397324 693406340368131
827495895 807761765 181521763277244 110919580257828
745445319 842907035 196684743832188 508977061707460
411829160 900298452 775211757878227 998281782242561
237725393 581756515 940078907979640 18482885246456
700517483 825871042 432614806093845 586025607611915
773970866 606328777 53806306981255 681347356651292
690150962 837343987 933933296283932 814780730517199
637483530 968640416 759404123390419 157667298677963
651839020 812197709 380131714035871 399788122380537
261359770 688326109 64596314573988 646169283449283
956647594 298563539 623948746080120 987613942491734
735632195 597017237 122280606214498 452483086676191
818000157 234089130 660190403855774 590360124978385
568334597 868149756 262227913348759 349545890622750
188729878 958567959 880159978576427 258523477239417
355192832 56523367 300300180833770 19189491267993
116739908 322850941 6672519351127 725356096588152
418936181 932669514 549136162628645 543232584436112
542594936 692031586 416652596569722 738416125955100
989667268 925120059 264330217709871 802949128837213
647382691 335325290 842015861686285 428678484281554
575512174 721429740 308986270152720 813301954113918
870421973 634803546 493377092352936 978971665927717
591599636 628454195 388006303971059 908892590061710
216695614 364245526 771490808976388 116309377214146
158620790 674978820 181222937577247 169409455059275
632123440 936350114 785245741032185 259811368575350
849121908 923206260 761037250442492 592679136675729
85181211 610202915 806611268790656 162709042223404
867720207 837316536 636792813320211 184003180336988
702028175 594965982 55629265721266 845873488968947
14568040 968207139 658588487154445 876230218233033
127030332 223478070 864038557406406 532093056047094
496825791 788869162 228319963325362 87863621825556
844752116 586435762 88128956499734 995898162174337
675573108 166891618 388278141475562 986531513217434
295482534 980468 597910007667737 468279442169089
408192520 219611008 129614753174719 880036219394520
584804196 422884033 166856630538345 57251320246787
123296027 263523671 805078315817048 395889743458666
483905117 179103487 275430785005501 277414056731699
863786350 627511772 465714100193278 301694939667723
716894179 385149105 326823299532015 427942810567518
873122530 747219236 412372932110618 685260160379290
166228837 101888509 125708305666551 913288149019504
977636983 90543460 211877999209523 312543914431506
911995764 918244645 524917630232557 744831473208438
45826637 934116079 178292444738804 264948652544400
253986241 462200464 568313942804234 283508053652123
616357797 452202042 115402971472419 919297527732049
535083293 654402753 929279708114598 287334637784622
373036256 214376411 286564730508714 34471467049648
714012023 637245534 938801086506298 474414866316185
556289917 34336900 302446516976785 414263095312683
591896544 92117033 176672770244702 770839024798570
825295390 129339147 974686144304897 295595993290846
771388041 193679113 489711835606219 720509873392205
181007491 722071653 419518923358274 802530496949765
395973314 649089025 96609851553370 331930232031503
372405644 180091813 330288143775420 208745604395004
382397692 222214711 585171217141762 12998512878748
23122235 32040448 87981435675640 407021797637186
314248902 940908269 7742826191837 275356185234945
93991598 206622924 267253104551071 386464259287281
672798419 659828618 706536370221858 592698765005418
592905256 147922299 521155600633977 801954957855814
147198194 313131410 272441003306539 640778761544483
919642376 320031139 995561972351599 146407266354335
309712916 747595944 419452931075183 965912412659098
237721551 958738681 802777107128456 16583672643702
592816712 389986962 283859341450376 415097273258842
319002654 235236688 507387397579758 669132024383082
318193857 230110003 476509161833518 408940189766160
41516212 268553374 723794227863786 719002426899766
137408461 139060882 943415198582841 820565871684489
932223347 818233590 720431004782307 675616378844087
725212895 450545873 416930185114786 763349408251313
592700763 174360717 932194096697442 158411605813481
691696773 762947638 338503507281025 340847411690133
779460236 238433209 613809572739855 9555480613866
339933297 975052581 929826665114127 208004974768224
39475783 241327852 197995477098420 971302897462260
151038836 174665762 282708879922852 474505921024353
226210029 674951869 393213614264888 623299318034534
158189949 592898003 178874312196793 205753059097602
71546366 872719838 806490773516708 234252169638074
311986077 868885242 684157007279590 366304943555282
675312154 304402725 672313585971233 212631723545743
594728965 654022782 937994664808165 426887479669883
994475778 158863751 159047051500278 380669146063776
120754181 175961955 264538323471244 374413209494475
429372310 689122839 519943379640974 139090226744778
293846542 270740172 408848127545558 451505249349550
175761368 238223371 502130530919023 503931628253962
710698928 398670847 990205497160409 655272707853105
992415975 933038262 826829402892611 721476602424187
764640668 534764128 337441345912016 984191843616128
227710211 193246094 887636051919059 12619640901466
692001698 308398451 993685900785938 963962588451303
905333647 228173350 490731715016197 234366180818693
731735731 160451294 859989373073687 823926974435284
842694409 435860020 353828236648676 556081540639479
644057822 177852516 787831465090425 564656638497490
356946706 228916107 177020535336087 252113428454349
381282134 311189994 856378075389424 718335466465935
454697068 430417441 361288490540904 278324019575363
164967018 492433268 17856112300372 356591621106390
933109494 607819785 433228991881918 304082062382902
326947722 423862056 776974366848414 485009072370580
369737137 619740025 309666563181346 505800057271202
384048968 685493577 110217018423270 505823960316118
69882558 440666820 99446297567292 922824708278437
64131411 739355708 768522862902373 645125798267592
873700188 199464032 449236494984406 227937255001977
325540989 13674629 459366274328180 780702689205686
121084909 759512288 560763718819543 467901431941501
412775605 497154250 249668021543050 812311209710094
803156976 631948026 245302568165193 523423141808172
870135052 389099982 511397915550785 509176884329563
245768712 910135682 203222141176402 598571957630243
191091123 741078646 645777042424400 965846987484491
843675635 295297387 113728104046397 58907412224542
180226043 286874054 385530991143569 7664806590889
361561746 816396748 571981668827250 33987930630394
108077139 100642532 597050465350651 874816235864674
773489639 278869976 516891682257785 974116626940851
114101836 207039251 160296937366696 119861997862019
339294993 482412771 477025728483578 194492880208999
937414807 667435448 442076303391184 266801789401400
326339665 235704931 662963712605374 630914975434065
669059332 761720919 650096832262091 483028784557517
416253703 210473451 685026034990510 154118798665933
341309572 79574166 802624283167249 891605719137200
441234869 109813041 449523486825938 748790386434393
394633511 939051064 405766661741373 648348428564589
529385977 308195848 674826855791186 450444456786321
323260957 521313058 187980951637252 585452422772143
537821846 814329958 754568145079160 892412644629553
519450040 61569881 925915374053442 440552841513284
310338923 91426399 490962045381803 717567340796951
453544808 465811200 444544912514285 997966015796505
185451385 671558183 460022426330228 345621150170173
33881021 663209053 696453767268894 775891962220345
39616225 759469074 148910880435324 804394028496834
813113959 268287444 248700303230478 667986621876689
4701410 594010774 358185191258506 453601691191776
16894008 984818666 488342995953174 859231520750381
391218142 397488710 650258573165449 204110001616374
912540959 446598979 189064913274541 18070074787259
529937749 463016408 371201633406335 514975092346751
793680942 282215587 575930723455853 351295506939911
23430119 76917792 293680032329110 480923557462552
629752724 663352047 100453053042445 721529533906108
541439830 522958354 933155254703382 94750452111741
363087522 669928748 585597435255655 7440280588968
163444864 487212738 455971774158952 7956944537996
290491849 867125885 918562215444851 196719427790008
757332328 976840550 313129347102484 654889670555199
877115034 947544104 660633630243145 938299675191799
199039277 141069138 204509920781250 934574744042421
765310404 992264082 390610996621858 753434781496722
307990544 945794554 705114009766971 629448170124841
468416280 858698813 565307120214 830044737928918
644024178 861208306 844174983553384 860680948812279
412197767 14217680 166917295548254 750457340045615
432693202 894888944 258929917009745 397933415623582
832637217 827712526 576913929969106 670440406092841
92807378 95673032 179596464526623 484505522857912
851218711 516760284 772105017252203 241730547448690
228109106 402544494 157607599189274 494674268220162
488364985 96616511 247028246353153 806525757263573
73893074 569674742 991499990037674 329355710925401
721106039 629064795 49654309974669 169206852315711
611365555 750583958 728188876891224 808841458469562
761795555 957486964 136856918852392 368318419469758
560622838 179781026 808909904193485 699819626326337
958586285 513816047 161468807139081 160445170775420
393830619 286028686 738795239220689 416182255231785
446748325 665833553 329299559767434 791891361673671
804475074 8634094 291228623308876 693231574482385
557710011 3139390 641311307611426 733045622497034
462529580 176276088 240977398727752 657388378623669
544619777 270310266 821547971382123 80484929213908
674490809 686697728 790026526171628 232071540392816
338048934 279983594 631277588053277 731819044088528
344647979 614562170 434830229881985 940527676828095
264212476 705750419 368567200966160 793025271756490
341718368 240917755 380912206492272 871975632222079
351678578 118891417 707647004131644 336340433313456
754779739 244341943 614897234746689 441835336012461
48916633 782323008 270875845638332 630804308024205
418570043 900680706 586976579496348 2721838553445
615083299 990095853 982165888937413 997827542205070
463637570 717899346 138881194391371 530515167013347
151955934 757700389 164651898224819 379531375742208
8412366 459841851 176534531942709 476529408518788
41780668 66926220 164798282127612 86268519243855
865704290 102839409 337330768866659 835987019583940
91502285 149269478 220556477967673 101264117503496
461352861 522376649 304151682974974 349650553744960
93498434 669905177 809467546520355 2462507893718
91898432 207057719 678320051833934 411234815274677
869741163 147429927 392263361044371 402017322582920
830265131 776678608 842059925373627 75023884642814
172431545 270986551 613653538078336 324856368495368
554080096 716059848 548501164888782 910532335953689
144108476 199645837 538170128083716 949281069442148
348312829 14900596 659118208555568 784493531882786
341300005 360365708 784921638625110 700968758433225
416769861 792750408 125643951010217 747257850880853
30810564 567373242 360624047609040 833015022881154
775283863 374368472 625724139631906 417821281364239
948673929 818584763 857010703813609 517729142367740
934121076 335444187 867525085383587 266067172068812
971094918 552544339 102152440157243 920584939242948
517151613 444542498 914585339326292 941298754109737
448925674 549978472 153416432882814 316305376493445
460561266 567432612 115987972306302 895078238786275
457740807 575804156 639822876988042 427227213426190
910785842 56443509 283395823687306 389419520572117
879796301 214981174 3868120218456 729982209439817
319908544 677381065 921668024956416 428625626407165
223202891 651931226 523803844406016 596598410533189
950153020 706543349 165205394205321 275789154559351
632498867 107304139 816829680465083 50450005125164
697970405 474606957 867750249629164 290000814598271
394035030 606431503 250527912307426 992545463771212
76878109 10188998 972917329861907 175441946940018
828221731 44114634 672636419565292 945025923098897
253799523 475262132 486394707873799 64502944046028
896971819 330331073 596200292405618 761153720802824
312879706 954162956 467403230548463 328033801213227
860020127 979722711 772711913925166 150653521041117
785930176 822639554 302219705348371 128680386129737
349809616 749781778 976348836663286 876104050732892
754593398 626500331 479579068407518 644671507448581
799923757 650345366 781412393126085 854414032277363
198168446 54609083 212483618453462 921913213458778
980393287 155327399 74276194453937 749983244120877
49664247 585908103 300345636555686 107700150023013
459825871 447206827 395996675473141 910987454427832
251002914 496688580 6177028580628 942065876718178
712974741 231538725 263293626569704 293377943194207
919925087 26756100 680388578890250 713878195339182
865346441 897228218 809249376893699 490675400303247
541153839 198238975 824118722210703 499664361149637
569978813 561407278 553817628145118 131410193192917
486974771 570113415 381788087524814 298679607280453
727264865 350077799 423896179760434 936449269416669
427649066 174607505 781596293459981 219844416167144
202111173 384272232 822391332563159 616368889544820
957085175 529028914 83523236154550 787898848123789
761733465 619745366 412289968764870 703181244119429
107844760 99757214 276131566668113 162980621199663
420830639 222755189 449423800211479 369836880816927
851398446 771371562 954894397894279 446467701712875
749110390 195981355 63433884503811 342431258046060
370612730 712650570 806115871965216 669402837711357
269228928 553232891 727027277127907 644619129290938
675152989 58286995 722679647487236 182546717247938
41298876 866133642 859177564690734 476981321878390
22376663 741149881 521971874533180 870195231101367
150254908 389000605 559493986423422 192439890684970
593479432 37453457 406189920633841 104735438431351
874736431 688703255 918281649880714 309066798070917
36257202 569797904 240789965644651 898364632085696
69589990 66507518 445656898498092 91284594907731
35371699 471213641 150333320990995 134587318001006
577972946 595443574 961171722213723 978565076578176
334902030 571711601 356979883055985 626297216674173
855549059 379202244 102260381722417 566649575127576
883484386 747717085 122296578540589 220585848019978
694105770 175234380 758623828358630 734495471916105
638087536 19684097 820676351445008 243415284136017
485966872 836122514 509039147967186 912228601674846
141503768 7011954 878283247822595 654756242246063
85035195 275272251 705448958513774 304814656658628
145581916 183550693 128296286333966 871921247366049
104674214 210989580 222740159051858 8793164977160
440889051 744192301 537974979343706 83233931104706
259100937 209917416 529745204371255 847287155227863
350304085 39148607 660440668109870 510919205113808
145093684 927857877 228989162172661 966216872605179
814438829 513628464 56946104081652 363535875842471
662463384 310648311 359370001792645 586815973091939
852303329 168812853 380266787610420 878842360230723
237300933 798893715 830861877725184 107754420001051
699845394 135106977 678889685548439 767360365537473
242067563 806646797 63825843340445 545705162120526
49356674 171037161 275020192820709 235853312353885
178656860 127019497 795685543733942 425789925848650
714149520 15229346 741716732946695 262422431094901
592278407 196368332 557581109278658 564625472393084
510959293 232432257 134265273348868 964794600029059
900159998 349459835 190191944857691 287443028527215
402379689 298207321 35482261824262 651648848159782
165497072 71485146 890684866613304 696147687374032
635985430 503816479 583134569360213 504133939660569
231394479 566931949 450221406011955 611646494690412
574963170 979027176 258283995177306 767615548391736
912186538 11338969 696554508204100 121200174195503
618940944 960550377 220092096857501 435175960665986
655926130 145679843 302275536161667 644424019329317
679573695 920572533 907851577920454 176139628209937
409253560 697930094 263536472001577 670310950994556
833194288 703633665 358023468081823 385751696956706
988057933 330041857 500169463400846 345427346794367
280136132 109254690 271132054125583 51142725848850
262824735 664237118 475488086284843 915210062748828
308284922 936212621 241859703166239 623695810091614
694605122 941418731 809319933928344 884541196583518
28534900 491767573 965661389569527 674781707695266
695373796 53965035 27794359591566 445728493614450
308907762 264864432 33083084562913 71089616958362
915983958 656621381 689983683277542 354018378421925
441733717 398791281 462825987690308 620761285891363
884338952 953618715 604837068986263 484862028911331
821461660 71428493 479265489715114 636220634613561
932249996 260533683 204394297393851 102515965651769
883410153 786794841 906992550338490 306906050392057
464756370 38503537 844712719211913 573027531734226
874285947 863433034 862337052432189 734125455701407
923656682 288494809 902579582455899 912620508170493
831110068 832072435 172430600065307 486924474599049
632887428 782013584 893398157658792 194718530321700
823453716 535534602 399679058756446 961308925763890
112898674 647515483 280314628246282 288449640069845
809815612 807790178 960204974044973 343589039594550
376957667 148925214 746173650151225 614175388622781
438495467 110749680 528185827610833 122552506658387
344840233 552032733 471709588001805 214690839661991
879021059 562425546 760804797405107 544826378647141
448222643 494499262 294550489787775 397556414460544
309383812 355041570 641183038193243 272117575484264
790618643 68969219 281757120315047 165502245556308
284272270 998300495 856753165609586 901266489990266
400265464 227627027 416418864269758 400006891668817
911371107 396862915 476059553758399 851085849364693
406794547 560487282 313619364499484 561207740355523
499667297 196562196 935035605735724 195159954675672
933835958 653290435 655626199177786 811287379438101
719468555 27514871 698842286599873 722979886442749
426239631 674423244 924084274134960 126479447747285
224206336 653723967 507238726025127 914110164087779
904375024 424938097 432854459363128 410390825055408
715049729 917589986 859853107177766 421661341831237
950252841 535534262 553380051416744 44626862844529
752533487 360205043 171803934911398 16398628601344
761341867 441769921 962051375516411 878684584114949
924154057 111697832 221705885577905 693227694026001
780149766 710990036 231467010347079 897329403586937
895353521 15284564 800048225557742 949392564372883
113899755 661314902 233767763665351 973733183460600
896425959 932939629 50743735010342 970544536612804
180621354 116354763 970557301496274 52090215317713
610012107 34480518 355794800428354 839397794618367
656855219 132127446 284567231748576 714220635626607
266080990 664468821 524911572027465 25710873266882
164863640 314987325 473942824112779 531813962255198
334125761 395228845 219336467908710 214227528750249
312446729 625587172 557032108526475 333152388443467
249122867 51619204 384732543278047 206778892939888
252456534 101853904 567497899633592 7460013598211
310032662 652801517 28881134763038 105695915640052
230570991 271177764 313639958266123 754045914260850
90785898 659446814 176971657514411 944818593324337
154560102 376957990 599162734528668 877114107178917
150394448 355086442 933959027845167 196759512532037
165899114 282275130 93841026561701 43848181720264
83598855 723486535 753262307483250 357143152493418
515016140 171381221 445046914793084 700347946469672
426117105 352974152 574759259031132 488289732537343
635102590 220988106 388490652621467 784618143452464
908969358 397655331 965680127983862 864881991409535
744326542 270093487 87683626374299 138410093761903
246397822 325218220 869245297902185 870769823455111
43163182 110642808 473606061919539 445667037921935
485990786 411904470 780826401528317 46566817951187
538501295 35441450 684849177494589 830289830590814
727917179 104892600 154139310553626 843555905627200
234707328 911969256 461527517438128 394795747732169
610455656 95385988 799359734644810 250139071360203
751992882 361607672 698687108462758 170337151032282
898608235 173627281 737896144944436 883091153514895
819492214 440497854 371493635873111 654074419047872
474252484 57640018 845671229062305 301135294733514
358034204 95476671 539057668017947 21790081983943
619225811 688080731 715213794282874 610455422542039
281014292 558167198 185472948219242 946391739463003
56928538 763606626 591014018435527 853226293280820
757656688 502612257 639269534127839 331813039161864
462396728 732183354 285893812330161 328112013366653
684806496 390185260 179329473316143 718761163189628
350321645 127769049 711224999711871 858587842812783
125165876 158218436 254542130762038 682461837434242
508682011 974335059 358951958468251 100155932767461
170611037 729355277 331604841151210 340294820299783
692332483 511468763 869333423569805 145080326206684
388845674 455204683 996173918253412 347430605203224
187485699 543729608 521269511015678 993221850261106
922983438 588418787 915280566196957 648954048194785
348350238 315863949 92993198018486 741248835130593
77288727 978798425 692707852999854 704138171748271
742133618 818720958 291486220372893 325307891356552
481949048 520760147 539165807993678 417069233966574
238723202 887681553 92895435527101 99605495465442
477502527 948244372 102939154885207 988109830441514
610390766 387620954 762160567045693 75284896343948
20349855 556299009 720599122232448 165616951633681
312650869 274156685 603965711055974 136411023889475
482538214 27000991 467706252944291 774737577184110
6413817 304625086 991570967134881 835874963443682
904138374 341550994 815372444033208 293001984387630
252509049 804765987 63302907539573 333287313362534
946446351 412144414 773779179586519 222752838306398
11708439 619710992 435491244427405 996007108295661
554865202 657767592 827326524509241 528917249724203
174409747 482984440 775306374875311 515494196298930
831184064 299047861 508171532793910 997669497585631
816307406 580591730 988782733898181 886095828622610
323494056 538999784 970852634037575 446743664431081
888018119 296586545 693210488344535 64074091415945
330413563 659913480 728782100504580 724754791294677
804725152 68105738 322878352327181 408648845485748
775617513 453072631 485160555650086 92554895272014
269208601 456215793 175942054740657 456361347543375
174095044 119181754 253481180253317 261747573783587
571459602 21089274 461059330453290 328383826267703
274548732 568483191 549750178374426 997267105879614
826214541 729220955 849536832000002 820852163203689
924415009 40364657 653615998042366 965576773172909
178666408 887837032 393673999474911 95170507180801
882557156 67640078 243137708801640 957044716493212
111650470 902718101 235358634711180 216254234166587
881403156 439024080 529509627671218 942328778141528
304350694 792413046 815064444563697 326462470149747
183806628 936643934 579118975515731 80781397767245
771850985 852773057 807499789348629 576505154249768
158866595 991188603 54825561573605 523412521160968
357077583 918582090 388569746926371 286945036921844
798598465 124862477 330292341824800 582108293311028
571490266 524663813 700890790926433 472384536562580
713181647 474419478 802912897211612 957269783406752
31486057 279866375 877308654947641 191240950106342
527362239 488064189 441003504505617 722341142167862
477768188 139324036 151906448575282 655267729349092
865990047 287745605 749624657344986 490733217070340
721114550 656008400 82696065926903 480120567196845
369586465 595011860 855560290714220 125975757308215
576025045 261024353 890613339353166 580886766006140
611180822 174051501 138652367625507 386302432073498
882883515 774853835 252947528202785 175698279454894
271778925 971433140 679872183501173 758936330253338
506202599 972505026 801080083604089 435695946739391
910060855 532941040 802965220308475 468945803329987
712018939 942051099 671393063352956 838079409131596
815137957 308239171 130411732654190 999732049536451
563049143 153593034 184982203182709 27095435361298
357867271 797608371 860658878375335 352823185000933
451689979 423392996 342742154005963 601014806386924
240129486 237415524 188669761175965 769147216569367
836928201 896643485 106030866617096 804214043016664
113719690 22245274 819451297546090 57742241496676
658755392 158989641 115058572372947 436932562549234
952642027 101399994 438657293789509 636699046248185
883072160 78051935 385164522782965 602762218216566
271204291 479981897 219100486682760 585195055001635
168995148 511494000 527679584386646 477328095853761
32916226 916971755 586183234383275 450062632339534
836986050 696442675 164651711077120 800032726368847
504448184 624119653 682529415624773 256124402332167
305752483 809832060 327036058444058 726013586730173
617288981 124891546 417113645866769 360753725641722
225980849 855321151 494993614878190 542359063174088
550581099 679205008 109087895173094 728658183428339
21404107 318088081 476225885872611 431970884097867
347483177 507073899 949276539731901 93115012429792
835754482 528084390 862828333373570 10637458102084
730712801 401969519 44291885916846 33504104594380
625409862 861448659 576534098264179 971225865145295
511336514 223507458 511461327389682 353612440390629
284265480 896080268 881409820605312 898154550109480
500589598 20621991 423944530183650 964670949798774
850602905 285995110 526805775888016 528094747597740
266138980 573503234 16102435918325 274979207522796
865168505 73269269 270413793413548 414591712802776
850993701 138664666 262522074112196 300649826818772
66001992 348990062 362520901996541 401590337083975
828041618 423830033 414945221329417 325249085074906
888547271 942655333 394090387939275 618467091006390
548914683 349756589 459970125243546 520694777892554
118312663 433974543 309031878802046 623018448149763
48832209 346733778 976387108757106 531292478010770
323594871 158026656 972607450893472 811350684172073
942534308 498785989 552814192358567 515131497770557
478597321 602349421 898403162437080 942848772111173
204041509 275235049 350059013596020 167213902225656
289292045 237264618 72117717078255 468936471290515
904210212 522322372 955695940773424 231481036954129
446662563 286885548 440184188550094 872843185655408
492003474 937466362 360650817224532 989490507813362
323241484 633561960 35819115339645 373799945529432
930220159 139247696 891284554530936 361998313600297
741068521 324730864 532135089666084 213545448288745
71598876 112292777 937347471364693 820904404429922
931913210 599476028 577574709353741 52733579660510
294152120 73318667 322490017266883 83194156999785
298858015 795646046 320595507497119 916657645290259
676138694 507450778 28388202835643 76878592382508
421749081 756518539 164908999434339 136149133872774
606967253 538986139 828971347969621 929117432712886
573746376 490185496 288957911088385 920961945837907
601258901 46645617 907199144614090 733040015636277
545879726 392809337 216206396387907 301723706355126
944574936 837782946 974092027034227 996288658742516
896547434 588653379 911885984306961 299396027559436
823491469 949245139 347544945411783 119112163440992
388017788 759861802 331361913425266 232451456806098
360239301 935805126 220409033287776 50170427226630
339466375 395886595 117309773597328 915235853913251
990896818 569498466 794468839317749 665863752452242
116943689 253066435 312937458261683 182704364048445
779490722 938887850 11023342309728 915844633842385
254136484 741314173 334489355681092 737772400910972
214894343 254162627 520388028088728 478363335152303
388986263 865938278 756334528414922 70523320180316
564157809 137922033 607939200395447 49909504579128
206090308 238405075 861694961518319 178924695246586
673902225 339593370 824420059346165 466578036967322
205758443 224191544 662652833157244 502555527438226
406317879 599039809 236124208255914 652475360933152
684516077 618085674 75957072589144 717342159246209
587774804 446395019 937160050735439 325976939026743
83497161 213265246 364688420340876 256504810987076
67471352 181729085 612560652937596 424828882231916
896911905 337502119 450520262998080 659540946649974
614318932 265741371 61156589551338 563613123820395
789124789 909537530 475613434910142 416607519598293
339933880 891821705 269072054137713 542578165125889
247274853 23518316 670278271961453 444434400826429
427700884 848597836 304058085582858 490344553145370
817428018 464729393 802399264795350 338671081932714
949102714 621121481 655966727171278 366854502874562
492753981 335410847 554972951659682 84938306008377
161383194 699657571 467759775189236 166108879063847
477134789 214916136 258308498496665 547752423084326
760653380 742550432 131821160678102 859161708256148
191229484 695169890 80331495799715 269046465550287
99982568 812110885 590514974140395 775779344460407
704686066 171622401 972308449031626 790029862884782
117517592 656262324 525549411734733 269831309027163
685763255 945106395 206973985993269 109852981456738
811148291 258856756 368659801685299 841968347250157
472461629 973127394 444929453421357 320655783471526
857211898 442558888 677079995266039 390320298302969
143000931 328938796 807280693681691 810953971511639
796609135 923864629 191527229453073 752312267277165
809602601 256130286 993503828165510 438195296248689
793078768 977514272 922265451324313 195184519626325
315092913 263999611 399986750203673 73212127630609
267185199 391963341 79690500793800 635560832727773
449673532 395875400 987916867356570 883019560754035
599739900 687344064 719995456510198 47948294048081
518732584 785362666 354820671825651 580455959466997
807869768 917155998 444858154722204 388575321712158
273049848 627473686 27366001611308 506007444581393
364791587 194376748 315920098507602 436443933180370
772013899 831417247 532807628335470 574787672877414
613845950 149706574 544642582981841 959779587918103
903567841 724590970 767861370677249 9676999881135
63231593 142749448 920398517150706 644073611619515
766826397 731179453 768644831439949 906642912137929
557208469 407551103 735264292500396 527604368402858
728864381 531909530 690708787052507 123167643667120
652185810 939053816 318851264781849 554809846190320
2082211 577352295 928598195035988 290546079027073
939718353 50402775 47069223869552 423467410051003
365561679 893028761 265820707734144 825977057679225
971008866 578696352 856440702641931 417814906419030
962475745 897526467 530785975952456 755990358384883
349254517 30911737 69808586308961 833687853450543
62008026 292321179 567860030393011 401230679079533
804923676 764135588 739119714151948 489898311183057
964410074 259197428 220649498545900 119193925536386
510203270 276899208 393038776655556 501867020850665
107931555 138239939 915153568064825 397924544321520
330412805 784493481 453047804040289 9593604143172
194939668 383671582 41029840938244 718683248415123
428711176 334246186 124004704123612 326264633741262
425402925 749284407 565745723822293 282897882633832
929625121 196525137 872412369136973 793161957289620
443486993 180985188 441306008395348 939522852961674
765703679 289198466 192851442843117 701758093738690
969653502 262827802 203942733250123 909341447888438
980100467 79562049 997478525845012 674089109003940
605212758 548009452 453195250476193 257319948507082
908941422 475117619 503134668736059 896632246567080
570771608 842562704 228111618642015 791182671632833
808920577 684760861 125124261281274 308548480047961
694278246 721185753 93745104556974 186992523209655
153225307 815239907 729815780762635 917940019551588
949377408 362591933 84876674096086 426182586004842
525908685 233950346 137721495426628 568454955940246
265391303 133496911 842580033108287 891082928441014
385460168 454843701 218520751659424 527890005880539
64856122 366789573 148646519367538 936794360962968
879662812 891491370 620274548286005 324164239249472
651374843 696041586 298957381047576 297120833943595
175093946 543291085 672054292011838 516570908822769
548078922 990941132 19605604166650 15653459396781
555593009 427602082 212010787417874 279241632806971
196828295 324894566 844358358751486 758446877413753
340042548 293427535 402615706160937 985831372018057
56616755 973506294 366971856704559 49017975399181
132534994 851479191 390475926486045 590607671987305
340062959 210885199 553560668596404 479953993246213
131751228 710128223 395054680133030 145478794745992
86715515 951994727 330592490863831 196506749952797
225564353 42902187 537500417702556 168679825910193
421017015 942671953 646855439456767 231421127314226
985985748 213116320 703523880886520 748573056171985
478455204 195518275 583895047107765 229308279160640
24805379 871265667 902095572733394 134966557191925
831109730 990402192 190737214796961 81654414137445
470644225 83189944 495648452183396 15359832581961
538710834 993991854 931471430220941 744203297730523
506440092 975331780 333404703820548 331687862943001
361518197 886280752 315983694803552 536329156929281
403543238 446129482 197944207567148 615698757316819
361238443 345818060 987475096569636 996180151856978
883324560 958108176 74066226575733 477004183353090
671481716 555728469 707963086028543 440755929256555
376332585 872277754 172590616030358 116468961574996
429193617 77915329 108989721180476 711130420722184
886452194 816564493 555870091514473 395938298610068
517849827 575645732 218591335987267 193879800018950
395797804 71349613 983593461440997 463738526317487
413887849 612670897 666173812009372 52746609692258
645762711 870074206 743971448881444 641028695081906
395106373 90487999 658068623060463 935773333993271
742384340 297811525 938397479046494 209562094635721
977579447 924865 195324916867333 661834627706051
673417651 217021862 623234843173611 792882363655745
786140960 821758795 916811762983367 70035665236321
348643365 25953575 498515823011139 913349531408262
466371839 496571923 748886871546429 501543888017295
140156986 99582091 861047246571265 918298068227108
353932022 520047340 290892507269007 15622373919209
345325347 391264695 430045325890010 612474242223560
864321989 905788364 291944773157383 379259439141676
318893360 14809775 216562555170474 848059675310656
253458764 216269511 393552951510284 385995428488755
596825553 892462489 335074792353127 258964490017654
311190668 931624976 876155686762279 414203822958075
60177816 862556856 522161235660074 448779065886584
888599973 559614 758372107235841 189166489562530
286166581 147262065 62743271359532 597460488335474
443470809 206746884 372054017854049 669891331790947
546369655 781088585 39263777834950 250001210797233
528939399 116491190 144684572481586 687300735158682
103368273 75111907 105494443168879 101638420004512
587246640 815823562 514356803272314 616153511032005
750324945 939692294 106760057566657 297543449812174
858444916 409857812 186267133326179 881469883606400
314782761 530177428 898686146596467 771379623049701
31640596 789735815 202289874061365 128045325584264
575323050 459930258 443423957852255 850278713085108
654786545 183161146 718548680028505 935580010163896
988093891 293507878 941842920936573 196916226431013
582155 891622240 764597276167767 686393786359566
207486981 335308435 114972165161701 94585439810374
991350146 160018766 705078769086935 969548040672421
862060321 127361086 242751668681424 19249630941507
912147095 448417399 991389784238498 627047609240507
471388391 13790636 759364059810454 910821830642025
359894698 779345010 982300866283169 535709568600236
880517192 213431425 559452221441968 517770515996452
709379645 275531506 479057758364892 940103174561780
303383380 103617665 872485650716342 425189834082816
732749039 477575116 323931308569468 580579470999088
414804284 565116817 825281070347105 826357787852203
80670080 518501107 137732898241737 25449738842140
860244048 243921846 468187315992713 357748715794928
573518803 594742398 859260819172907 857648488999574
549220865 156448020 47187763423271 184256471313085
15703270 465770656 499961759375403 230492748337816
795847903 313026543 426681618051924 411693112721437
895652571 429020078 531365864791666 825508984898881
670448794 195001004 827826530583111 791740118492733
378111217 881936412 563984348835784 344220027166668
514072580 101027280 473229804928090 342682990703978
781259146 158115966 165207511162389 717400243931030
958208781 982816767 896495498153988 584473808990736
19172902 857619850 717845197880931 245427087454747
515939524 937859069 193459949550303 533949063697595
244123494 404922388 343410402130137 515508656155896
712579932 238866095 7890480828835 240568977773081
419071753 215201552 150697043054784 903081017714153
121865251 987974938 842552645208104 298733738533621
63208433 174981523 635985766771841 817086055559884
614184843 115582050 593829464832358 850440461306941
480223262 498215121 252510106787236 507140478933403
693708069 40118219 167368209559416 408966263351036
165078192 548032030 358150342420689 349379468957813
418504096 956088506 38670714317715 447335696492639
790167528 633071856 501031968525778 951475624193429
240826061 712287412 766433550003731 839442295515571
508615463 599159515 217589086375822 539887025119064
260222365 952479069 195881200336494 316748784889956
679940332 714053011 197292212091918 843014059852858
959477793 757545593 742583594218301 157581772355071
293870297 961189613 233915430351995 688055752297176
223132040 489811949 435895397988921 934279138635824
763306414 742043357 572238509307165 351108379558383
554249251 16105918 357865984663611 593221505521859
835615052 752118136 35727037685084 471879006167130
785796963 515291152 887666837920058 542608657659302
406770354 924464370 486021254166465 955215986724119
334795736 297296167 4803352561744 9901631201508
323852290 388289951 801889515602421 800071772743490
73619250 961939817 607318614558644 612800386912426
294619260 596323829 754342366180544 404790099971607
469277251 891364185 668111372103872 184091947114309
228827776 174939784 604133676944395 371133064358131
95120123 234230172 848029706560492 828600845603617
421286799 714515468 695368544849630 205448339746642
667814506 37522678 470467366129871 613946117547723
985605194 916542806 370136940451681 578011960422609
671785152 988326988 325750559505956 419564075815151
557182064 588776794 47825352530653 969061607103789
36948303 25466531 685106839654850 8002555186265
457960163 472211757 875907195531707 119656446282818
640178310 632624927 749662483814562 64529557168119
367651235 261078019 225764165279619 242662975440395
77302775 806293765 460412235255516 559328724002516
419254224 436964145 754437919316702 842038152661671
906535505 411088312 208639851374505 376177329264669
942892460 751520811 968180754142611 597036070836817
440814437 903520958 35015450744162 759809277726495
348201621 342288518 253950554096781 146287116746086
135490597 937524667 822492614611326 932203901096775
181960974 641131510 557566517782482 845817542167651
356328607 521212531 641206744261782 511728052789279
708302006 571628112 408173775934092 882164309800931
371734021 457884876 644910691167844 167224000343382
829220942 551290248 921435142337282 104801776685220
169093799 43335881 782738247396798 35428777227960
505261495 282050483 328302713002655 808710758420353
380910070 694411407 783799822272671 555403326407728
629728752 999084293 466315685430761 749514954399096
528422530 879086178 200951045592093 678514732593613
225650971 169489363 395097377055883 52048358497189
518653436 122845864 704629793397875 397811395999673
517889656 997428881 771007335686475 864730521905988
142864180 425692132 587299361615096 916858410971714
748175463 374099412 712448853453331 618504701932978
640811035 717139643 215588468627493 900552637098452
823370346 143950928 988612614469610 800718432269420
519934913 969251313 728299933155218 745342641265404
873155359 668621530 321322665285371 765084607363341
4589142 241568876 7791484541944 601699874946662
539657801 788637287 783167067238028 849394654606675
213994796 152275759 48548947985711 888321168724191
801270983 197679626 698870762883335 704903558316825
451760307 897513823 668829035592240 484735198092115
933461146 803218680 695461042035700 702616573242461
868887674 891008064 678545953466643 27803913730766
394572003 419634822 994170428477436 30141381849915
194437428 635753272 320001987737361 928932045629565
322066913 355509288 903614314186983 471074949896687
937434287 326618570 60413934635139 851372421251502
702052598 232101235 921192283336093 841979657005783
710569950 677446043 6532978264288 834400683528139
74179746 198250523 832296418947111 881093119361133
589937359 441440367 450476106314434 233876866781282
240377989 899744757 296032757192110 109950599351631
664257204 740544556 851349141985248 351858068471071
292582752 211182325 365220092182138 799818799424570
775748574 491558613 843605424580884 866888675201998
497000212 478786353 323723080625652 598426031931402
545166268 969932943 426217656417877 19265049566813
91318944 732250843 46104735060644 658653027339195
449127647 787009951 538502374317757 417659532835544
550423078 127254089 413179290504754 650474535070314
317703928 224690280 538125515327620 410801882391402
70818022 768882671 650657498381671 484733227548499
171581143 479368561 356960162330882 600248204949089
