1000
14930352 9227465 15192835672406 271050996935224
3524578 2178309 468253357189441 691971336262989
14930352 24157817 8591146049619 168865562229048
514229 832040 338902435786666 547842480238624
75025 46368 113942662889661 982467195282708
377 610 652161786189469 833287942850383
144 233 641500258133814 468515997115763
144 89 73586851552396 847581035933904
610 377 7590961004032 714749979486364
2 1 656262952124811 846360180518201
987 1597 636809885500671 203975180876660
5702887 9227465 58944949776203 247600588951489
121393 196418 967680819083701 368886266261890
9227465 5702887 867028346822943 385526302205503
121393 75025 857950190059332 782658320567533
5702887 3524578 627705592433657 390776854569257
28657 46368 294374483527278 113026630280827
5 3 195603590989421 246021244451734
6765 4181 924858883863959 438539848504724
165580141 267914296 430272086945964 25424546702139
2 1 863929384227009 461123599063100
102334155 63245986 480571979521160 169277025722480
46368 28657 347553428693390 947108394367771
34 55 338185865246070 883954749963819
2584 4181 25854581612352 429575064666488
196418 317811 534012118460550 832555753042435
4181 6765 620277505119931 749505518603576
34 21 833857497828460 868559789933614
21 34 443454074966656 526652683585251
144 89 424397180193146 919949701429122
832040 514229 706209735049907 892277058209182
233 144 712468989510050 625624842301814
28657 46368 400191160722709 75928255887153
5 8 170599333886071 237885390610977
196418 317811 994586369748234 724629189380098
8 13 61575903705900 683147017759801
17711 10946 817179868670867 976685093931798
6765 10946 649054254696594 656057706679572
102334155 63245986 392494300624724 202821937865238
1346269 2178309 413088664615198 69252228564138
121393 75025 968759378990222 566134158959943
144 233 935667250538208 744551360429456
233 377 749232244612389 812232352713616
34 21 544971215345035 657218943923453
267914296 165580141 165113217706138 546591217390199
1597 2584 837240877816435 816932327367367
8 13 299220950561809 700789488838178
165580141 102334155 571435860722825 223870247838054
144 233 900694469741131 618697421064537
832040 514229 997436278522976 344919420573167
5702887 3524578 717153834658731 709751307402626
63245986 102334155 78640432288811 722594435061785
377 610 178295489115701 831247739382435
46368 75025 448158674427835 987518189771323
39088169 24157817 144262690950537 103972886841187
1597 2584 408980012510340 665469483635018
610 987 602228028523243 357474312814856
34 21 83855520252312 387500592143583
75025 46368 222537930177854 827494729311097
144 89 618917140844457 464091922575150
3 2 971725005119747 523491106029885
8 5 488773281863947 466197770319119
433494437 701408733 356067493574749 318793766755193
21 13 97237685082543 623609055493624
89 55 551131035015951 727592790034932
3 2 919414574100263 578099839214591
4181 2584 352283397887611 991168041034517
267914296 433494437 949218384822440 895412629697500
1597 987 840254474442148 635465182880739
317811 196418 128051950593794 815404874814692
2 1 662393874909485 412632022046723
144 89 576840079938729 422894537011470
144 233 858010964021078 638271741772220
610 987 877025565719983 428273284963568
34 55 233980778109957 731464061813238
4181 2584 24873956474822 822128733519810
24157817 39088169 485493531680954 562944304463925
3524578 2178309 642409854175809 115464354364249
10946 17711 266067658208408 964770342081185
196418 317811 731514412008979 395437359600684
2584 4181 646945697479778 64790617974273
39088169 63245986 496613649268173 826379385968978
17711 28657 761191828198010 648882389181883
14930352 9227465 836396888868260 535822254230657
34 21 201840181505762 480830673380308
17711 28657 599848036803432 689402569607695
75025 121393 143455100325694 724734922735861
2178309 3524578 637236036368012 124452058558707
14930352 9227465 302813021494992 505278438954083
63245986 102334155 195053247143972 427975497468612
1346269 2178309 673574217555578 529185340904452
2 3 580130794203873 374945299166136
39088169 24157817 557134465862847 465535913245792
10946 6765 747343367353110 554624828932774
233 377 906243449900481 21298507102365
34 55 50166701821621 670702618145027
433494437 701408733 189582281724739 768690039294593
34 55 702988443579730 29007703048935
121393 75025 224074650387622 766254365176435
10946 6765 555856517916702 104976305696520
14930352 9227465 752889040660207 344257512904569
14930352 9227465 253066465155564 833745353836221
34 55 18133229126847 246652028383033
14930352 9227465 597784681453358 758039066779132
2584 4181 815925312378456 745586313602556
2 3 484487444852215 270185731289947
14930352 24157817 573034059590046 931350797485733
24157817 14930352 791263619274234 165278311569425
89 144 107057876044307 247479359857342
34 55 279746058016905 520279575746549
75025 46368 854518791252185 67539863534187
14930352 24157817 324864349730966 429934885314941
14930352 24157817 239491085518002 626207966061683
121393 196418 231947246066357 580075279805887
14930352 24157817 885506152436226 486243312924221
14930352 24157817 509442339958039 991231054145650
2 3 7872341746378 144259095669711
13 8 540884586729358 947483212650477
3524578 5702887 744990059794094 223431302385616
9227465 14930352 826547809663886 176975836267814
89 55 174479611501295 869121395762055
75025 121393 459891389279274 937535730246580
8 5 551161324495473 922369029916377
13 8 299569597089298 807277983365580
34 55 430978281340341 80726675693646
28657 17711 188143864151963 496020422264903
34 55 579216861047519 679552200738059
267914296 433494437 480350413490358 163299866440345
102334155 63245986 965821230118320 105309799899352
832040 1346269 453660117857014 756756116432601
10946 17711 711719890837388 671852371910170
75025 46368 526333858486670 286741874165183
17711 10946 719083702519668 401427732827609
13 21 797595908344143 748830969727648
2178309 1346269 163461226942987 855201199771578
1346269 2178309 637267270903981 528265741284212
514229 317811 126828689330581 536903679851013
3524578 2178309 293331410051002 451812167395535
987 1597 282979622956530 792857061212575
5 8 698510397587497 147008347350506
89 55 785138974805158 185664154493456
832040 514229 82961008766283 256813934485659
13 21 140407866685652 90740403176830
196418 121393 167795775833108 926836939174231
2584 4181 743497564375869 783237063306415
121393 196418 488413454615318 263663099476790
144 89 308075617292868 706431617996553
832040 514229 52538056553091 727560636961774
13 8 322062698117612 154844062624404
8 5 311981834865711 263625289624534
610 987 915600438801367 329686346718198
3 5 850892721857419 657128462693859
6765 4181 837959204020040 593545624311413
377 233 571670326218153 650537444167598
102334155 165580141 293501215928610 684004304495608
121393 75025 490996995541310 806776862189931
144 233 831750685285350 655066967840005
13 8 449696730900122 529426554596849
8 13 635332673648567 248057964374211
610 377 466179129159601 374940473273016
4181 6765 458828568078936 6990519366904
233 144 535944526516245 149261706966997
2 3 992441758437163 154126823394827
5 3 224263286553848 470205772079104
832040 1346269 8977340784435 762328651591427
55 89 28663736605997 369654283487374
24157817 39088169 543158528792850 134318165090693
17711 10946 124886101192999 163222976764278
4181 6765 846774354225419 867520932668888
6765 4181 369937041079031 103359773173070
55 89 682762768994560 503962645797603
75025 121393 278878419641937 613394255991118
102334155 165580141 340324317466739 90913630299693
4181 6765 466375032451207 164781776420171
89 55 155672573414536 588613555854299
2584 1597 443793252044940 560641496558524
267914296 433494437 94765034895361 437670514878133
610 987 64928079847153 210390330452407
1346269 832040 380421886524224 560184744947744
377 610 197253810208234 263980788135668
2584 4181 802030181915720 188905439348771
267914296 433494437 621498313949513 341036506885576
89 144 49106911913659 204865411255654
3524578 5702887 282560464508545 689063755328298
10946 17711 627628072899547 715552141301038
8 13 696754466614435 796232869770929
377 233 687374578545292 472218999444321
5 8 976146400795747 630688058337939
34 55 261070611468112 172410029507207
233 144 193061344546835 310263633763238
1597 987 232977207893065 467887921040325
317811 514229 999423540177830 596101552046434
89 144 176287194618169 106708559081187
75025 121393 514317666989229 560322959793628
9227465 5702887 946908240575364 739369324292679
28657 17711 592198395640412 995346828207563
165580141 267914296 370884436563499 179105226957559
17711 10946 194921074818436 392574187841669
89 144 854926679998930 609618162617497
267914296 433494437 502538668644506 952536445302786
1346269 2178309 431479935911099 683059379409269
14930352 9227465 823661178562478 535942716559575
5702887 9227465 637779602275015 663935651183217
13 21 370480303337588 75875503227451
39088169 63245986 542347742182779 60541960460051
377 233 668941579127357 70186935227908
144 89 284083903925239 76151875347842
21 13 679804195636734 452879331522730
832040 1346269 843823700112128 680580509514372
1346269 2178309 250643331618375 149436576751938
28657 46368 355371169199350 692349623183744
433494437 267914296 824034792585035 604304162699652
9227465 14930352 501816397017566 661511768763517
3 5 729365669172958 596128277251525
46368 75025 990090908356440 325938551983136
24157817 39088169 648094354111601 686988818320635
832040 1346269 219479095517352 304448477431728
102334155 63245986 474578690666775 494490856177855
121393 196418 891837392654001 926346783440148
987 610 708449973397379 747825520125253
377 233 715907117318132 314482388193490
6765 4181 589971182035974 678128669849957
9227465 5702887 940432885907605 726884653831698
3 5 497076563649684 622394467901077
317811 196418 182543217617493 284786957317784
3 2 13400878434495 821421258883308
121393 75025 531263085153431 406017996675788
14930352 9227465 919429543983546 256719300017951
165580141 267914296 147390603252830 432937168998837
14930352 9227465 38537951892054 541120895947398
2584 1597 49358046000205 924459786483960
987 610 968495422555911 161898164320024
317811 196418 364305610345637 135611614176477
5702887 3524578 411083022519775 753426144498537
2178309 3524578 931911738446665 795167885477961
3524578 2178309 629131884627600 687533263741106
10946 6765 970271562152892 319812636646596
3524578 5702887 522064748929646 413303057519304
987 1597 749406458289952 285025164823155
39088169 63245986 886058900507753 544180936343587
55 89 411856060736568 396570360500254
1346269 832040 104579276951830 973733234477528
121393 196418 991318645581670 257984645360427
317811 196418 846071723771558 376834223637405
514229 317811 523543189480109 446844524396448
610 377 75026033603821 18684961496011
75025 46368 638178365248944 973623649484835
987 1597 916455931067739 611101070345046
433494437 267914296 235401211047343 438109155874300
267914296 165580141 133737439609605 104147891426774
4181 2584 42502537932176 294860239489297
267914296 165580141 377272984310428 722458309673345
196418 121393 340239101007314 949018393274344
102334155 63245986 462647398943347 516973106622254
102334155 63245986 735878231755930 199472637063080
28657 17711 33574471090813 638396291328595
377 610 842690400798122 157017078543383
317811 514229 973880689734732 729921993230598
165580141 267914296 33052091034212 700798109124508
1346269 832040 958098713830162 331426756318206
34 55 787228789752267 473835338867517
8 13 655357509878690 798242839850642
610 987 446080736417921 95877719576225
2584 4181 105399417644142 405122678701752
433494437 267914296 16438374475977 211672450795534
39088169 63245986 187687471764874 80397918098694
433494437 701408733 523454742168197 971150895082603
832040 514229 504655645659303 382938359534771
14930352 24157817 36189579932471 105836494626622
832040 514229 53837948150040 364760544844694
46368 28657 615392001715715 47452732633775
121393 196418 184033682410447 478142334872101
17711 10946 578835744322475 775637823983490
63245986 39088169 920070392313696 856033253952375
10946 6765 692033455831697 922368257318175
433494437 701408733 325407121642491 578432508984641
165580141 267914296 877584036517559 901911862110605
121393 75025 765598774641525 55764041439195
2 1 948022547734977 372221462417777
317811 514229 754910447944000 83692366476859
433494437 267914296 522778660446960 854667621607442
514229 832040 631817621703277 874665672072696
233 377 135390574393128 63346895052632
28657 46368 803668716389808 446527436597064
233 144 145434586626283 641638566703047
21 13 143995988257626 755092084106497
165580141 267914296 867572145317978 334807802855560
75025 46368 108586497191264 333811902106778
9227465 5702887 706448861975354 330606378700640
165580141 267914296 280482702139218 304953602661930
5702887 9227465 187318639983851 762399321233589
39088169 63245986 551130444406372 979094159969383
17711 28657 961361927505522 908806347767695
1597 2584 890663790344551 918118449194151
196418 121393 361678800606831 770474664244627
10946 6765 764102062627023 783958491952866
2584 4181 414664475132199 476238402167561
24157817 39088169 856179637020335 394387593805229
2 3 917146391949434 676658091085527
5 3 892531841922743 366268614264383
233 377 961526220606445 155727723300483
987 1597 628870352776764 709463906654318
514229 832040 297632045441184 156426320905780
196418 121393 38674155088943 717459269181106
267914296 165580141 251314966546775 685205511299248
1346269 832040 760319011336483 132817755262496
165580141 102334155 994821151495797 801799300958
832040 514229 472952481728330 574512189378159
13 8 994446692169211 238564000043588
267914296 433494437 87709452593784 867620262912502
317811 196418 325063245421452 177752309196809
2 3 785002552045598 273040581348778
5702887 3524578 130800857049196 300843639432691
514229 317811 27431172042575 294464943653156
3524578 2178309 771035664192379 442663083599849
5702887 3524578 916664712652989 163355314765464
2 3 289867144040765 655806653337713
144 89 873334764564156 132924784771806
10946 17711 249598066342868 740656239390898
9227465 14930352 507190523759932 415298652908908
317811 514229 996318934612739 32130813014130
55 34 134004149072338 43361785571416
3 2 432562199374893 413900413498905
10946 17711 120420053210032 641885047754842
55 89 818941433203283 513681515531947
8 13 943411800513447 798227365731527
433494437 267914296 993626760484376 84650713339344
28657 46368 551859931450411 748259455174550
6765 4181 729516828130751 840575814196687
55 89 162226857486669 149567290226013
165580141 267914296 908244684670250 319590887708557
89 144 366126073356482 995219763748180
3 2 916850110426588 846402410953362
46368 28657 692352028111322 474539873136976
102334155 165580141 795781122875127 621589151345923
13 8 654120066979209 171875312403912
14930352 9227465 66673924705598 926047179418536
433494437 267914296 434688015541856 48389065161171
10946 17711 338302566851347 434919376548326
196418 317811 904408125212819 354962211020583
14930352 24157817 212884099180665 11668554998213
55 34 879558887707124 931955029254682
2584 1597 601797988264722 733871621024746
165580141 267914296 698617457619446 9513731027363
514229 832040 822327852361249 555633423382429
2584 1597 340405768886699 114626367514457
10946 17711 666316677687944 252806200412868
2 1 776980822975429 188012162576242
17711 28657 799312353937097 813043959591397
24157817 14930352 772701087153303 923403653935301
832040 1346269 694080808136456 299530525042726
121393 75025 439688805845523 94611640923335
2 1 491464161043719 223645400317775
39088169 63245986 167422312977357 151932775059344
165580141 102334155 166636695347240 442387854657478
610 987 318482615675638 72475413022678
317811 514229 359322588722541 93324766820497
2 1 878110158934625 479335410941680
75025 121393 536361520152442 176425866336087
3 2 88218104063616 607854527830228
5702887 3524578 159177338848913 538502819094622
987 610 382631889749350 981016114013208
987 1597 94382563960980 230993734692493
3 5 804663166990022 780988276097523
987 1597 393906636620037 798851561071466
6765 10946 770058223735794 417474076905020
514229 317811 205411517976840 669265990012700
39088169 24157817 461880637599708 454097421764457
196418 121393 160910406477662 348402590242921
377 233 126661832081176 126862474688144
6765 10946 666650327500907 560458140705976
5 3 640246019063766 766383456720744
2584 1597 35850744223281 747060802764816
3524578 2178309 902921360237035 67645185425480
75025 121393 549662544754769 815975863698710
34 21 258023895527112 413556740557350
2 3 445899273552912 290519680402705
4181 6765 319546525135232 209087679592601
9227465 5702887 142634677314638 178862467870697
2178309 3524578 181272155135686 814914895389142
2584 4181 846540605358480 260714667228194
102334155 63245986 614617846463724 211598736905910
55 89 51006578649590 52546951794404
5 3 29761833290724 344547178171053
233 377 899754589698372 858616955954166
987 610 841638689369409 943111733181394
17711 28657 978984526364893 203224522536381
55 89 376767478287414 194210062277341
10946 6765 687982241640386 249400765048129
55 34 996827885487508 145488143577891
5 3 809275575892631 813401027076648
9227465 14930352 377087823384527 764751726531228
102334155 165580141 417609288942493 522161416721079
196418 121393 325300695524089 472494736241116
8 13 991674189562551 409102057044951
55 89 649138435006661 760321091394588
89 144 577661244616040 901835516717325
55 34 96314666220676 910032700921650
233 377 345965673062099 998385142797439
9227465 14930352 492852084974378 740010277227411
34 21 912700614574009 851975363120885
8 13 905709752050505 428148364192855
4181 2584 941465053589117 735223582533589
24157817 39088169 593882964940051 791705165750068
377 610 130494067959586 709320401982757
24157817 39088169 843176822702684 666938376856705
75025 121393 251037711919947 143007873866636
2584 1597 179735631629973 151581227188019
34 21 51874952555065 325369983514192
75025 46368 558755142590160 202587508284642
267914296 433494437 753835260618959 631169734491992
5 3 801964128289218 294104783863237
17711 10946 99681000941968 216067330660138
267914296 165580141 310255915571131 754884772994224
21 13 68402959389854 571481707367661
21 34 314461888281263 898921316669212
4181 2584 485732067811260 509880794547815
3524578 2178309 49728380331567 695214942115102
832040 1346269 674333135074892 387813543012351
8 13 989588496441200 496861811618158
46368 28657 248772146143569 612596041039035
1597 2584 839222318669122 868114633990497
832040 1346269 256689098878829 252970194935362
28657 17711 434677428269080 364827906890990
987 1597 874368767499491 950132681432283
39088169 24157817 841105759971846 388666521061035
6765 10946 290649817709461 775290020325227
9227465 5702887 646397826746045 611624038536144
3 2 718338440305414 916156976345977
5 8 358064826225552 682301828314162
433494437 701408733 620957642551384 896582577300780
2 3 517141941688178 164388233296456
196418 121393 59520468483661 269813820585803
75025 121393 215426907142900 919928928568104
21 13 141768917351753 315388665078587
832040 1346269 339453028085834 898516626824842
2178309 3524578 700171992466254 622133499447556
21 34 309306604919622 579348927575747
34 55 983175258221566 237688377546571
610 377 250624178600283 180069274695882
165580141 102334155 916112170565788 372538398651224
3524578 2178309 125012384532890 726615287217206
39088169 24157817 914201770254346 257180793250064
89 55 931306855167159 87201661692733
5 3 862019903170250 338301796494075
987 610 421271698699524 355001672608437
9227465 5702887 532161073993472 702840289806911
21 34 756061331275379 252602060685846
63245986 102334155 186701478396014 113718734524066
34 55 628812002764440 908330324804469
4181 2584 621035291224181 627875600795274
2584 4181 197976962895012 780713786225545
6765 4181 475550762824218 610406454306559
55 89 438448226173289 745804535542184
6765 4181 691955856983549 754149423395751
267914296 165580141 289498795962204 18173688963018
377 233 414821157173859 187464679368392
102334155 63245986 56126547706509 186952254081668
28657 46368 972355628038957 918148535163209
21 13 849146518638768 678651964641549
121393 196418 643265781002717 242418390313648
1597 987 578765796622614 706606942817595
10946 6765 157771639221655 240206217799972
4181 2584 276279446123699 425172629797766
28657 17711 465422328335132 484436585068907
987 1597 129460560096794 733642449756931
3524578 5702887 380111912475856 935110243532524
5702887 3524578 599935629080955 922978088615274
89 55 740415718904500 575908802413485
5 3 345718077609131 739633870331663
233 377 822410809827947 938342801219669
89 55 955909858432795 745556253515499
2178309 1346269 888310235934521 920724855563306
39088169 63245986 930380570761694 163461342477972
1597 2584 526403406819838 429621538094355
2178309 3524578 481381584527271 495345595994687
832040 514229 72005229338942 728549876178839
46368 28657 647965287742663 113970070284484
28657 17711 754172269910300 451749090635483
196418 121393 730212905008946 33501124359065
433494437 267914296 752572236170073 341893805401254
1346269 832040 732073215809146 304341067280085
317811 196418 146811108228952 891175923612000
196418 121393 877844059257810 388754779212077
2 1 768510309141021 71371554163725
75025 46368 925413640837643 764511685839865
433494437 267914296 809281435936328 949607232375382
233 377 982395259385241 450781091611440
13 21 951946470442013 433609843873919
377 610 139396161885326 645493287593318
28657 46368 820210599455102 721418337712497
2178309 1346269 499821170009756 946827195579348
24157817 39088169 245023442033134 781219119658672
5702887 3524578 234492414373142 685621693172303
3 5 551746481176208 6162083694693
28657 17711 623044153484015 923287518000975
5702887 3524578 353253976067621 311719867088213
987 1597 95585961731257 396657180767209
267914296 433494437 42381137769744 110808523498214
8 13 619218168420518 697749545231315
832040 1346269 782975519784276 492202656034080
5702887 3524578 408580292793993 655921038345574
165580141 267914296 39950964340371 515007541190313
3524578 2178309 735040848252885 384641558157718
3524578 5702887 903880244928016 979083217105095
10946 6765 987947047909276 18270927260667
8 5 841700977575597 14241918008160
24157817 14930352 612063846378128 287170769951435
39088169 63245986 675291896266989 557859966065916
102334155 63245986 457239312520964 434076292300509
317811 514229 828267293754098 726022661956289
102334155 63245986 525943292044523 2619028853671
2178309 1346269 978070826274943 741468121395317
13 21 828771605749206 826904143822655
6765 10946 538743748207350 341717146019967
13 8 739978708505849 486342916119132
987 610 633975305671001 620844513580005
3 2 436395932946215 425515104475221
5 8 299863868422220 845694672996942
1346269 832040 682604926823120 736753923747616
144 233 542497158570513 978374888266241
610 987 163104945440777 723333666963283
17711 28657 908151781748362 619957082288099
17711 28657 518748079599747 299152941513765
196418 121393 365337947372346 189092463968123
89 144 881911143169936 192226568917869
55 34 610247153912642 504152598031088
17711 10946 637572205152805 506691895334305
317811 196418 188543756136295 616995144674056
2 1 447546046940882 111939305135576
3524578 2178309 275969691102730 125037169309483
1597 987 301898867733963 679977503766983
4181 2584 895816443996974 659278933536093
21 34 761527345662178 921583121043910
2584 1597 217949495382132 553338726611526
89 55 213965848578953 807869452947659
267914296 433494437 867795862697249 705147917238573
3 5 155912931379924 802922920119405
10946 17711 227691408049686 230030275658743
8 5 475105751465332 814907457203426
2584 4181 624722492943829 67173425089324
102334155 63245986 222412519418811 645859124221184
4181 6765 2244556143746 592094301867505
2 3 485466693408670 937908768229950
267914296 433494437 470508938203102 594980712847886
34 21 76273098335405 641473939283123
1597 2584 647528815475533 595652714953705
5 3 469874038521883 409505135644437
196418 121393 428465548242896 541165665642119
832040 1346269 205410705541308 257286606307002
14930352 9227465 851867864278027 822421705268113
5 8 83547795650305 554236222262170
102334155 63245986 898812037807167 318012042810188
196418 317811 986489916753149 72274859016266
17711 28657 484540911137360 87845958280350
317811 514229 132106330789475 28063730317825
3524578 2178309 655262148558271 134406182022415
10946 6765 414193478983813 273745408987285
14930352 9227465 492476241476527 144436131494085
2178309 3524578 627352033727061 842448772415102
4181 2584 935439750862564 315053458336390
165580141 102334155 265257183411302 850419684755665
9227465 14930352 989757342052286 770572045968313
75025 121393 701429893921002 811485700630341
2 3 195005257450561 708416759327844
233 377 219768591340469 959292046257201
10946 6765 877496267626512 70714193877806
21 13 856752998216248 131956643130506
14930352 9227465 258881371479148 776907323030877
121393 196418 509599895354246 408073122195433
317811 196418 284448371136568 277155017785048
46368 75025 470042954367057 898286489907330
144 233 624424612401143 939374314443301
14930352 9227465 943594761593580 124211785290541
2584 4181 305835424411084 763176358467692
75025 46368 980483961765706 494455788355424
46368 28657 137941622319480 176382406609265
102334155 63245986 575971954266877 879345893863217
2178309 3524578 911200993177694 721308364561308
4181 2584 331959595722039 60696386080600
514229 832040 102802029743489 283512936967155
63245986 102334155 215923051114188 419714425153322
8 13 34344310935939 5489757890078
144 89 751125233058349 185416546992286
17711 10946 993091452680871 527275236846689
63245986 39088169 627869476942700 664838897258570
28657 46368 600095343238351 894352487825316
24157817 39088169 755810784821309 323581416611174
514229 832040 598884681451902 413492383475566
39088169 63245986 549169811617779 103605118790087
317811 514229 197636377950166 298017718737380
39088169 63245986 383152800949118 300578101500388
1597 2584 288922319154330 882013024347086
14930352 9227465 514616307805555 374750561279188
987 1597 738010704994860 862255210107025
10946 6765 392167098829315 914491348309069
610 377 820964479086735 241841441968693
10946 6765 894123699740417 648992862862501
24157817 14930352 594697736353125 400105742428512
21 13 941931957103584 647566851249363
196418 121393 897590541941745 20726077689176
5702887 3524578 853322081038769 475193259476590
196418 317811 844502959744277 336968910164995
55 34 616261573040936 312656613068204
144 89 13672370098004 927241805388265
514229 317811 155277301474456 916345073656164
46368 75025 178667367825104 367009036429872
89 55 807918175536113 344319482829579
14930352 24157817 189169437345099 495105240622750
63245986 102334155 117375216160967 149539148783289
63245986 39088169 843268577487401 867123786592153
6765 4181 937403838721101 141027196420900
165580141 267914296 969847156757100 328077531647017
46368 28657 433032173037909 471912149907875
28657 46368 785336890337462 150204786250228
987 1597 519474877527122 144476093560364
121393 196418 709076320437577 771244762402112
267914296 165580141 892602260126549 654444065822549
514229 317811 712171806299657 731865753741556
377 233 111629087577618 273308739309141
6765 4181 489622656960119 950632496469655
34 21 341184153087451 957649835771651
14930352 9227465 192859032938423 180540641539662
5 3 551067694933410 442247145263061
8 13 442570082949259 215484181266144
514229 317811 651748171776506 983319136125409
24157817 14930352 464441916271956 469209596192180
1597 987 609181450408214 295876003703006
34 21 962203312478231 344617857255120
987 610 446991895679688 816040422468387
1597 987 512570330534005 306224058813659
14930352 9227465 446340392312962 679501533475238
144 89 62095722675120 527502909528348
5 8 836485923575127 140631807447038
21 13 600817569436844 83878838381432
89 55 552963829085690 928841012849760
987 610 22851349074922 225517098797687
5 3 274662356261053 997700771915684
317811 196418 958409229211533 178105147976510
34 55 306033793158546 292613692540225
2584 1597 17619296095065 807912897337748
233 144 806061558810124 654887783256907
102334155 63245986 32702740189358 749819376852961
233 144 732261557435741 662101224870523
317811 514229 936762385442449 323903279689514
89 55 431458153111641 744242694413862
233 144 667853466538402 873683368691477
1597 987 235050790827377 293733617439812
1597 987 818321494410277 677402783669738
28657 17711 117156548003000 515235657973097
39088169 24157817 336421823317501 587943991724174
3524578 2178309 971259674099680 118349169620174
28657 17711 197998384897195 681978915562121
34 55 925161404721725 98021775151177
832040 1346269 157321170793298 224325431064065
377 233 376572607332544 159538958272591
89 144 204700556313269 518467415548860
39088169 24157817 274695123821052 998450824159224
2584 1597 246301671094583 54676217482016
2178309 3524578 108426126718499 514981619338490
3 5 343462917448409 444808952295989
196418 317811 92309009209096 882891308752812
6765 10946 713030062969150 613456092114337
433494437 267914296 673115040561182 726507015793411
433494437 701408733 372190160765865 420404406159530
46368 75025 953611626876535 59334185266327
433494437 701408733 478829195661052 661612728741175
46368 75025 167152667801797 829213521163423
2178309 1346269 749712635971002 726786765933518
9227465 5702887 369446264235868 644009976729071
165580141 102334155 392632395784197 129600546292630
196418 317811 354428063155244 277530327983616
4181 6765 689487589614496 735017710488149
21 34 319609727113930 192049404425447
2584 4181 771926443707373 794192633975922
89 144 625411248504935 318054261106012
2178309 3524578 760913037144559 577010433801460
34 55 907379500071895 454426714307764
24157817 39088169 869829578486856 306512423595392
17711 28657 128643132927370 727489772471014
89 55 120017932590907 823737806440029
63245986 39088169 425060182620053 786153243208328
2 1 906991018300586 117362182538866
75025 46368 552060900255145 625363093174481
5 8 31823647863832 43655176188742
28657 17711 888652801873177 29087520370073
63245986 102334155 749998352155303 706320128180478
8 13 216398041586904 907714317839188
317811 514229 626305373377306 671392363805281
987 1597 727640732972407 790071465811737
89 144 434186359729619 848027398482135
3 2 50653868892458 871725750216864
121393 75025 225699230202068 825339063827556
2178309 3524578 967620837610435 961483470193214
2584 4181 333052486737857 461789196907441
121393 75025 251687413242549 577382910847210
317811 514229 649489455545308 715083648107522
14930352 9227465 172270539048209 869276423144507
5702887 3524578 636430106393607 706952627355968
267914296 165580141 337703320259467 307720090504807
121393 196418 439027895585988 137616935093744
46368 75025 273923606640757 803323511143492
21 13 382873771278391 57314950175544
1346269 832040 2002759290817 998291777070410
433494437 267914296 83577388135970 516002660573408
89 55 139802484864771 779461850131342
233 377 56790818784231 249241608648014
196418 317811 872474615733611 485571406144454
89 144 305788146392200 190230722862472
610 987 910667163149262 963488224820555
5 3 204154209826985 69063374941492
267914296 165580141 187438639088797 772059323116050
433494437 701408733 813046732275339 878599058927258
75025 121393 98909503863788 187036936619697
165580141 102334155 776499788917266 525975717890720
514229 832040 493352323395435 714513775379039
9227465 5702887 876024017302719 739569185747148
2178309 3524578 155714612172399 985574704776946
377 233 585959572159926 492204057788229
610 987 654628939833833 100934413230306
987 1597 373108617949624 860076663057105
28657 46368 612807466853484 496110234576708
196418 317811 140185486603049 588857664366295
165580141 267914296 745479953267243 406618733683664
233 377 290000316285450 368052595379549
1346269 832040 762014078365944 132874114759386
2 3 704439029195775 422945319913226
39088169 63245986 881844621078597 55079449809755
2178309 1346269 57212924972105 575578581971749
34 55 933087299871013 727025052516073
377 610 91941724783564 581927911509907
9227465 5702887 191278856328778 125792199500217
4181 6765 202949328703753 862455612186843
8 13 589006535029768 468031599499939
144 89 240566361366563 327727974160932
5702887 9227465 211029300189264 915146610158365
34 55 123500242381533 870001353770293
233 144 948398696088245 285317071560510
102334155 63245986 958635641577626 816125901351539
317811 514229 935992254037097 595900304799163
14930352 24157817 29180092255835 667450302970086
39088169 24157817 612650518511680 403687681230828
3 5 108644019095235 527414147788339
3524578 5702887 294808428700331 101870971367880
121393 196418 240027069811221 344737989066402
3524578 5702887 324455943911869 642339003136483
165580141 102334155 471980334362164 686865324490008
55 89 252156718925096 947621222971766
610 377 680777682667169 89734179160861
10946 6765 730994729981503 444448214844502
3524578 5702887 260085307133055 292271169591510
267914296 433494437 130657090713589 88549241426171
317811 514229 353510641387153 947764952997131
610 987 650604458333916 674133584289913
24157817 14930352 493801518297401 782901441490210
3524578 2178309 279326009256230 412627007743625
63245986 39088169 497736284726906 553735492111648
3 5 88183248705190 795584287797633
34 55 214046363010550 12214253539246
5702887 9227465 961713994178767 784444141474390
102334155 63245986 960382911896816 430452649524753
55 34 149772053056179 284036239213728
3524578 2178309 352073479409226 513652490616880
514229 832040 474379924357380 502861944469
987 610 44723423820423 119711032804497
610 987 938123144430101 814705363357964
5 8 803149837985737 210020278265947
75025 121393 741044627457497 249382464954235
63245986 39088169 545459349875155 19411773661012
1597 2584 115257121826273 543658812667896
4181 2584 880176969402887 276129807588323
46368 75025 997254755501409 390783878579002
6765 10946 494989934604136 309349626525454
233 144 538347087853867 422619310736536
21 34 646077699458712 677217129109628
17711 10946 206628613287858 623354644939272
196418 121393 887326938016217 931375184060019
267914296 433494437 586341601351943 629444813089824
144 89 438946069940495 512337411605978
1597 2584 335423356440286 551871640782359
55 89 89472154194364 53978175640119
89 144 699717644008585 241001427144132
17711 28657 579280053311234 33501252613553
165580141 102334155 311239458981627 550858951041949
24157817 39088169 718600947497379 219198290573583
987 1597 703351994676421 161557440295609
433494437 267914296 130110187556867 74072059650998
17711 28657 771378522052123 923294760360141
233 377 974478788480548 462100208427950
10946 17711 110378798443727 689282558987825
9227465 5702887 815602479836584 292709471827356
2178309 3524578 587737312236627 424460080778715
121393 75025 321590422951377 112580449062087
1597 987 325183765932475 570532334239074
13 21 272126405510019 454504785132311
9227465 5702887 181307896394679 744371615503612
3524578 2178309 602756076761407 825666867697936
2584 4181 339269360503452 436302917764991
24157817 39088169 690001124753193 759941528825307
13 8 636998624788571 727382576196194
4181 6765 758442418756354 294149969696573
4181 2584 326308155295880 610311048109500
2 3 299625947441198 978801147048348
9227465 14930352 72451928416339 666559805043779
8 5 489387370555310 73609190948864
17711 10946 706286854452881 811161372777293
46368 28657 248228886077478 259839796892686
3524578 5702887 830894568887219 846986941973202
5702887 9227465 152857049908695 810098743539214
165580141 102334155 388491411259852 574432038651238
233 144 297330802418341 93759124540646
144 89 811874138174607 512214244331586
233 144 322613025930769 976011245782556
24157817 14930352 599734176985421 824795383696188
1597 987 190431177098559 231581757586903
433494437 267914296 346418033506042 615202931818698
2178309 3524578 234197194797808 776366903977693
3524578 5702887 379530911032873 703601754736130
89 144 585498214889351 244459604603540
987 1597 605794928896266 968698137191067
433494437 267914296 265923019907336 27720588359941
165580141 102334155 544396372564850 754999360993516
610 377 145843024446227 527049322373331
144 233 554687984399057 552135384477162
14930352 24157817 305203719855852 603240772306760
121393 196418 947106605753916 739597058150702
9227465 5702887 195778806336374 593969570031688
144 89 298223545357925 753524825720044
2178309 1346269 638760009784626 338538752460378
4181 6765 577047941805469 226065249379836
10946 17711 674460514324035 52048707015333
75025 46368 369059106664408 92499831387092
832040 1346269 100130778359404 271467930801391
317811 514229 955597119115944 18821453559946
14930352 24157817 770663038935823 981786317083551
21 34 268569022952767 902078565871829
8 5 904667957894959 458775352032188
165580141 267914296 744588467757169 131441451742220
9227465 14930352 599798541450094 390317127944427
13 21 948089483802286 887276098657318
28657 46368 694372466918927 358957316468084
2 1 277779652287499 456311457394103
6765 4181 585538817254133 189720796117564
2584 1597 684057633644089 106914707554296
317811 196418 37991069741985 71568635709130
433494437 701408733 305408773856396 3711026685118
6765 10946 464309088157494 874803675076934
514229 832040 241545944625140 228015996752000
46368 75025 280823721679479 258865855499892
24157817 14930352 289704585925382 581245061841493
987 1597 785795695284166 842296210768317
4181 2584 83354746227187 691530036112371
17711 10946 453970357815077 156135987442982
514229 317811 401676290574990 135094777207216
46368 28657 408385698016824 781615009757525
34 55 983638489457738 662501043657347
5702887 9227465 789274587406401 148229316220306
5 3 464525450553400 951034871965699
28657 46368 583068725726754 358655154679747
2178309 3524578 59086220382476 891576531750502
46368 75025 177581235119710 86456760104045
144 233 830623035075352 377499036603523
21 13 939772991225111 575448125423289
14930352 24157817 320776417328207 593189157512143
514229 317811 720812437206032 8170419060844
63245986 39088169 949150078659650 268580907528290
9227465 5702887 550411907834538 166915087231469
6765 4181 783388878646309 630770366406898
3 2 855365826887146 620394510586434
196418 317811 774898071183050 205003203426006
987 610 266333003481201 557330123054866
165580141 102334155 234910995234980 834820318836228
5702887 3524578 197270797587073 790421098884259
24157817 14930352 960164133310404 830747146472722
28657 17711 388431646142974 481925729908188
196418 121393 632394871911390 255908330618167
267914296 433494437 214580260919914 196211113245763
2 1 771678178944580 827868698903114
267914296 165580141 611671361285351 168128802582527
267914296 433494437 601371911117288 410752525056705
5702887 9227465 109667901626423 495569790998486
9227465 5702887 46533973631837 983280660058034
3 2 162410284859582 926034065750319
165580141 267914296 141864624660694 114889715981524
987 1597 900842879199357 723846977749009
987 1597 873165064888869 685128302516350
5 3 861886267168536 554492265932577
34 55 693975755788476 540645631032230
6765 4181 109569093353936 769685494095782
317811 196418 427467385067438 371401041930723
75025 46368 614639046636425 272456181873032
39088169 24157817 689729703857070 605745453144426
8 13 251251289683140 311524078226251
433494437 701408733 417804622205709 12367712090899
267914296 165580141 195179468829605 93966817024535
6765 4181 417033691106752 238929516520021
1346269 2178309 815570999405549 64320131514803
14930352 9227465 685188180704599 824853556129092
55 34 599413648985856 868183071792260
17711 10946 905511251750149 696575721073817
3524578 2178309 678273007627231 882827038632850
196418 121393 900489476577694 252583426444201
8 5 926490211292973 623244461702786
63245986 102334155 868494812977555 12210442139756
267914296 165580141 746639789757230 779323504286620
9227465 5702887 300696930845943 62262578891638
987 610 593239325079490 63367684106182
1346269 2178309 155018690026876 776704855535616
4181 2584 780496628439661 333448764706438
317811 514229 34085795690102 449795237759968
144 89 311228029122129 277263454087682
75025 121393 513923233422550 631895399655307
8 5 586634525414450 736856216038146
75025 46368 776621595148079 378321254569497
514229 317811 420095334789744 576185106333932
267914296 165580141 7796591236531 746557959937344
55 34 16827870850319 90182961168838
13 21 73421322635829 834043117182295
2178309 1346269 703917262218673 543278138855991
1597 2584 203429078638632 633754303199571
10946 6765 687550060981145 638167945039237
13 21 486967340997790 34170881015500
1597 987 587505277510570 724362563956118
514229 317811 919699759935049 810737983065593
6765 10946 643095304368229 209624145195763
1346269 2178309 562816654169469 668825996951982
2584 1597 559829847349741 902093858016448
3524578 2178309 379979585309738 428206377899876
24157817 14930352 136172605289989 735469566230724
2584 4181 741889344908773 258558179465008
3524578 5702887 581669737811983 871751729828710
5702887 3524578 758411492401119 997997688093642
75025 46368 444266241134862 227441943146412
3524578 2178309 834265964148971 894148569455239
233 377 139779921864612 196123734511421
233 144 922195390687612 346086126111581
24157817 39088169 943335682650132 834938820600415
102334155 165580141 695533326541732 208142944080101
5702887 3524578 121781523012672 206096857970682
2584 4181 172016684073749 268288639254611
377 233 101147821546410 222710582568338
10946 6765 208736589493538 892192109209983
55 89 965563577631606 840526073343823
21 13 178477528801469 807003251818208
267914296 165580141 448276386526822 538490636595192
39088169 24157817 468847526137466 26692340383114
5702887 9227465 25099457891548 127563621974258
987 1597 800556770267274 718778441782582
102334155 165580141 376409868516571 213401996321349
3 2 40575003470528 723968928059449
832040 1346269 326915742466565 365443097797270
514229 832040 472111617424014 190922379279242
121393 75025 658348804261276 816689588815661
34 21 255269550759688 607520767741632
2584 4181 659097049581188 84533539927023
1346269 2178309 214490295574751 632826192811025
1597 987 27509075460415 534715140805476
2584 4181 372600479160934 441220594487379
6765 4181 678867808360431 197008632659634
24157817 39088169 217169256882063 64598660688638
63245986 102334155 991046604061270 52643842434463
13 8 129613687432685 106491120211494
514229 832040 236644525346264 787972335040145
1346269 832040 556360392617139 744036749866628
3524578 2178309 446478020777334 804439382181520
89 144 38541648848051 753126944787310
4181 2584 90661041904084 513612436470082
4181 6765 225729397577823 739155521115865
55 34 299755288203572 45008675088621
121393 196418 327868835042251 762500267509086
377 233 326226738284407 477328308670072
46368 28657 793225112898727 855190215726641
24157817 39088169 119046688392738 359353055406441
63245986 102334155 492335742421576 536108596658985
514229 317811 561329809914965 712897321101287
24157817 14930352 509807829863839 926624214263998
5 3 161980702516949 761628706541240
2 1 253979374336319 212616823762437
165580141 267914296 461075639203842 309071916147011
832040 514229 672301109459291 532355057855670
433494437 267914296 206413781041121 394770950556046
8 5 364335601953733 70438454728997
832040 1346269 550372212593682 837934568292416
144 233 42372629071855 495385059502667
13 21 614817362573273 144639273776287
28657 46368 957513034368748 138397560766910
2584 1597 591346858804249 332284442981522
267914296 165580141 915359086660462 409837094392755
39088169 24157817 830171255803731 366563760460960
24157817 39088169 976624126265801 468261231611650
514229 832040 235309165499819 706552568436718
14930352 24157817 733427680718830 440691791463713
317811 196418 361396118118626 666245168568387
317811 514229 430719247060336 755177064583719
13 8 635213003518043 307323003629063
3 2 604443513650049 198277407425737
3524578 2178309 200285854851353 48967671650366
3 5 701374973281525 480137512552031
514229 832040 332615337399743 303139568166032
196418 121393 993179665829436 326149478073055
