1000
63245986 39088169 287124156938133 498827000355608
121393 75025 872546753144335 578940119811912
75025 121393 477658077709173 775522374112740
6765 4181 225651912160500 664360644481907
9227465 14930352 763315797389676 968927484412537
1346269 832040 916323703195057 95437723179456
34 55 133712162644165 797343007574675
14930352 9227465 567194492348448 908208238481148
233 377 808105385022440 144515775086605
233 144 345812742574904 742297733346324
2 3 387310348073053 883517258933476
377 610 347073314811155 831338944028179
3 2 148357459537612 920126558090037
10946 6765 824978567959273 754952322137638
75025 46368 441550339592958 495267115476285
1346269 832040 653521887863058 40087435930009
8 5 364519162233820 742708515257688
987 610 78507494308614 78020767179226
13 8 335222247713646 274954432450050
196418 121393 361838608765792 386810419862644
2584 1597 564345130256092 619395524215256
63245986 39088169 554149525435349 719777141721877
433494437 701408733 83372975779440 567968769041302
121393 196418 171525685708097 131633822163848
14930352 9227465 62241168366993 436457294276121
144 89 954111615342490 304962933024698
267914296 165580141 991074127559368 262396166024286
63245986 39088169 75947743193593 214242014588344
144 233 726483055517630 507674363318656
17711 28657 134329931494039 324761663039406
165580141 267914296 501822911668538 561248326774973
832040 514229 974050090165965 369173258480617
6765 4181 284633067935527 457664264678769
39088169 63245986 268421508793106 213081582877909
433494437 267914296 242868907320459 48774020610840
987 1597 202675371168512 2834080862462
165580141 267914296 716298142728080 822723639551311
89 144 751614037293390 119976747260690
3 5 953458275252606 85098675869650
28657 17711 327142786365398 866585924030940
233 144 348140140201662 474768938509950
165580141 267914296 601604086560656 883406575073354
1346269 2178309 749888275580632 611030989837648
2 3 736248558276756 911027970205031
9227465 14930352 384563734645876 414512915161188
121393 75025 111147260416539 582059732798560
75025 121393 529373309019483 165076426671093
377 233 239604824410749 796508596274305
377 610 792352628138614 363972270097506
377 233 881590778056499 518711862907192
987 1597 942923066335181 798814543394342
6765 4181 493160772977877 561147169155601
39088169 63245986 853161571798153 751944166065630
55 89 224147618146076 924469803696823
144 233 274838989796082 204435959251015
21 34 263470449627360 620468677481209
2178309 3524578 93668314300528 103095499184700
8 13 58262308324378 721510651829953
24157817 39088169 379355229572492 764350462408891
34 21 543910246085091 877086840700445
377 610 859925588174319 819982386673887
13 21 201459946701426 238924150007097
610 987 151886827163745 533366257448934
8 13 765515663170849 557797905656930
17711 10946 641354043561674 880534991526700
28657 17711 992675786535015 754845968553988
55 34 685342589324852 142893105567789
17711 10946 208127365986782 160699298259116
4181 6765 318590294318790 184437508848774
24157817 14930352 610492713766462 363718282017541
55 89 961060221406153 545326235416052
63245986 102334155 413776880755039 245835969404894
5702887 3524578 137244979985318 791231820126802
832040 1346269 933343042342457 902043040977953
6765 4181 224859838283749 284714277564318
433494437 267914296 776590522687207 731609317601500
233 144 605571774668078 319190364894196
4181 2584 210718029304990 850978090527548
987 610 757809519301451 955965432391056
267914296 433494437 390970925100986 383024023985292
3 2 1895045276963 3672224320206
3 2 463565609891761 273695052368441
9227465 5702887 983844119814335 865657443318317
832040 1346269 332150075573020 317597289573839
267914296 165580141 805929129322312 752740419183175
34 55 996632254185396 381209705889020
3 2 204312960431365 485675999154649
55 34 939102252825170 586973945753995
433494437 701408733 856022660966753 397822309941185
317811 196418 431485666846445 481387430220138
5 8 297307410861794 456803667153658
832040 1346269 157798058322079 264314878883492
3 5 314134560187186 429767892871840
8 5 479429721233823 184326308435814
610 987 788027568234265 176586928580081
233 144 886841970922311 351525167222269
75025 46368 100847434448512 418115797281865
832040 1346269 955458046948878 14618307043542
63245986 39088169 535577809684591 541420318356773
14930352 24157817 127496788504974 843895921707643
433494437 267914296 766037134006030 939443013226528
39088169 24157817 439707334134911 884284755755419
17711 10946 255260876595110 528871464889591
6765 10946 136080855231673 590874234814722
1346269 832040 85540369906336 281334165283720
165580141 267914296 156265604243253 972559837777819
267914296 433494437 541153761553284 794355968244686
1346269 832040 32463432474635 802385662429300
2584 1597 953636989692155 190994407011814
8 13 639252974002804 722274670830266
21 34 375908416038092 619914349335052
5 8 619410167535817 398723054680504
39088169 63245986 257471638639585 631707285084317
34 21 732380835085441 126996014224603
832040 514229 861146974008899 901093391376917
5702887 9227465 797866054473269 214521066516400
1597 2584 815081834946329 72079348244241
2 3 3791769355679 111045372494307
8 5 946960146922667 810508838903886
17711 10946 844733177416085 46221855311680
21 13 15688881053796 434791590502056
46368 28657 750241893238802 968073071265717
987 1597 498117141432010 151161468715803
39088169 24157817 123073648006700 89240035483469
317811 514229 663440979812232 810375947677379
2584 4181 904722094194718 776352773228086
89 144 499168704828772 410208399655647
514229 832040 678557584281919 427136934484155
9227465 5702887 663271420122695 458440298571977
55 34 789401673849864 337139795648329
75025 46368 712417354652475 82997646285310
9227465 14930352 128436805698065 306225384953453
3524578 2178309 746604327645288 573922814453787
4181 6765 27872749173778 881190951450323
987 610 102681604242709 837360752608477
46368 28657 204600422998502 974019219275079
610 987 86652380564396 968788023167520
46368 28657 790888101737091 274638735078071
233 377 831093771358645 855789036962272
514229 317811 193414127655938 767585622373422
1346269 2178309 534099879671769 518707124399674
34 55 341236985971612 109171955989210
317811 514229 643624863195616 970444708467050
24157817 39088169 53312178212266 557189712831494
3524578 2178309 394020320720562 897242644149709
28657 17711 144294711977379 83018242849055
28657 46368 480317793937496 743870973212127
6765 10946 777534843946529 532301071873970
610 987 707107411475451 75021635322942
377 610 905699102359771 218854884022635
17711 28657 687780825436643 110245016384421
165580141 267914296 830349824591531 970804106288151
144 89 652656905448825 734354887917296
63245986 102334155 710275646173064 512320085019042
317811 196418 592157821910341 310708911755549
2584 1597 828416979894924 514097689575448
28657 17711 387200294298351 564970282044744
14930352 9227465 900814085062127 813168808999335
8 13 699128314067776 157028720907950
21 13 643970875694857 378033410610330
89 55 213362334098977 498908049758378
21 34 105544822286931 369305997466462
55 34 834883511799450 449496466345657
514229 317811 916693297558373 325615703886976
75025 46368 696268108329683 918914107411577
1597 987 121555853436152 91581728350892
2178309 1346269 333609369431062 118902310913445
514229 317811 707705556699364 483165249510575
89 144 505870844147402 573767725717017
987 610 923223685582882 505153883686261
5 3 770186403101304 10907767622100
102334155 165580141 330091911830219 150450351045642
2178309 1346269 671301587456457 351031065748720
28657 46368 318066663784470 421651409386396
14930352 9227465 227569749611141 370779659021226
14930352 24157817 553751027045981 58541714023286
5702887 9227465 72990064678293 988939148913247
144 89 936083155729175 18222092762886
2178309 1346269 133046042033920 273840246177164
317811 514229 638425377823454 645361838935511
2 1 370488942790128 901601476090316
433494437 267914296 262325027256681 33170193353622
102334155 63245986 861443195059373 964845613667293
9227465 14930352 461459453065618 34875515402256
514229 832040 400341944326304 943412800219291
267914296 433494437 258837169317201 20131866124080
13 8 791065640581713 770996124763394
610 987 613508681708990 894103370129669
121393 75025 869770915050856 542652446379567
233 377 890020884650770 159583975946682
9227465 5702887 10495531014319 319625739135327
377 610 472903098270885 226083544041883
121393 75025 32302277162509 518357904933869
17711 10946 121278531381488 292366495210774
10946 6765 454420673505931 933792121592663
63245986 102334155 852211126455691 343971562402998
5 3 426997748966993 150330094929208
46368 28657 309175758343983 650409853406504
21 34 946207477691561 356263660042062
2584 4181 391230530595253 733602848597817
6765 4181 831815513965562 24768910970741
28657 46368 88656731111444 878180405546965
102334155 63245986 321233365872078 487867059215273
317811 514229 754411351221350 725255360374792
2178309 3524578 652640428474060 436400676708872
433494437 701408733 255989836029922 938483887828224
14930352 24157817 61179230486205 617720519272652
514229 832040 598385400462050 217372135342088
196418 121393 154382054078601 402687076597331
121393 75025 520807524697309 773513001299598
165580141 267914296 613352222343738 784008921465114
2178309 3524578 204131342802029 534043918121501
21 34 383687346423031 978657685874621
10946 6765 905579303204682 850225065484386
165580141 102334155 756519886390537 974935489464568
3 5 995389112248908 381939329753898
102334155 165580141 933719021349337 859133023118248
4181 2584 362450425262444 972760546332769
17711 28657 651800398038511 251701638375113
514229 317811 745348504664002 893574057757204
34 21 400537839951603 466407775893880
267914296 433494437 37573859630983 607247141146223
1346269 832040 776496014472623 176105556722418
34 21 645907714509331 677564203843518
13 8 657862589058570 116838646887058
2178309 3524578 404441908715487 217684087647343
165580141 102334155 822657028437773 555902402758614
4181 2584 205064722552963 95100950402829
102334155 63245986 614894391448289 160983957658202
2 3 393049236898489 974331879390789
144 233 246365660864206 238899892969946
75025 46368 6816350964823 728213747262692
14930352 9227465 396796022274876 458602080615987
10946 17711 16018695260760 241068450847190
3 5 734295035229109 968824789942113
3 5 787371948212434 773258285891624
196418 317811 984526098466528 199259958226306
55 89 14268012800768 691106192316166
8 5 972690757512838 313687926280400
1346269 2178309 141645022757689 462781627630013
610 987 952701743146896 545913509804458
5 3 720027159153397 61866150842296
514229 317811 845523108461061 608469002111115
63245986 102334155 778284930175694 900690818991238
102334155 63245986 875314910019856 391876996888079
196418 121393 823219437486716 794178006114257
514229 832040 539218893140727 645681977383669
267914296 165580141 404982214107351 973202542126439
9227465 5702887 597301151279396 173017617102871
102334155 63245986 239157846498264 426689814635828
14930352 24157817 704604357437471 984567613308530
233 144 813962980298903 625737468379973
4181 6765 545943065683857 444981593823011
144 89 251622700012365 386514091835334
121393 75025 409315050035777 124176241191783
55 89 318185601775443 355359833521923
3 2 24268966737434 863990072208538
17711 10946 129241978328864 418940885864810
17711 10946 263454301223970 179072342776888
21 34 899521055939662 464942387346311
89 144 195952390570115 188554146780125
24157817 14930352 505475518203796 877823004196357
514229 832040 219726194455173 46821636246856
102334155 63245986 79666005129420 997288757484978
39088169 63245986 772566781748368 452615876127315
2178309 1346269 511475404764909 74486147689338
267914296 165580141 290774900167726 706088888761595
5 3 131054193932305 82673116925034
3524578 2178309 764401495880198 135834547883870
165580141 102334155 20911959812464 695859376570798
1597 2584 313106224097761 610799840406454
2 3 10481262606178 338356940648595
46368 28657 608952761871016 133272813479010
233 377 275630487344479 444582652324485
2584 4181 512100658556515 494474439957469
196418 121393 632697812485634 541711634822416
21 13 919888045326907 373939329846468
267914296 433494437 646970187326208 840789506150882
233 144 229661230468727 874972369801683
39088169 24157817 610817514333493 867170836006598
6765 4181 777163309850241 959048279059943
233 377 870347146505367 13654244615593
3524578 5702887 708958599719137 713417020232701
3 5 592619759126591 396812205233304
2584 4181 777442290505536 949156869762864
4181 6765 811192121917030 910493327676863
267914296 165580141 413807006846566 797269126949566
34 21 947548197524581 938799651983211
10946 6765 322334198625851 950661906184707
46368 75025 820323095303859 588081783591944
610 377 661048729108937 905520528318587
9227465 5702887 397948399657194 631331256248866
21 34 598250377918263 71527854324163
233 144 504512663774657 712975617086567
63245986 39088169 647777282095054 22674854445463
34 55 280602791065362 458724931279266
3 5 258463667161078 304328531008469
144 89 202620093058517 376291857894592
75025 46368 815295766337337 266165275139191
2178309 1346269 356801347097122 64797940798670
144 233 936669012314175 674296666427292
3524578 2178309 248974389125938 233600871920888
8 5 584142225684687 978643974209919
233 377 136568934358877 502177365529739
832040 1346269 462721015417299 674841298650748
2 3 593945242266652 959280607741683
9227465 5702887 425914575185747 486304801522449
4181 2584 7367585971719 603472973321148
2 3 770033384460407 328244430599130
13 21 164401910587607 933543343455892
34 21 469653363875721 465232139023764
3 5 365117875371876 195969193594694
24157817 39088169 784840459375088 813510658329882
3524578 5702887 762057173927 568600292186560
89 55 769659228196918 554350798548842
1597 987 921695571470009 450070730999309
89 144 99459469538817 463431116622239
233 144 738229459773649 403034975787098
2584 1597 875638461733404 832289769343223
4181 6765 782547738536265 535685918374132
3524578 2178309 511366580098671 677106319057614
63245986 39088169 236647791503000 835299424812103
10946 17711 343929760206849 680707820641440
14930352 9227465 816907566673496 808125052840671
39088169 63245986 369935881928445 109350927307786
14930352 24157817 950240193488193 973780904446314
514229 317811 247703141398185 371695753004745
8 13 286252443799339 929848076820659
89 55 393265186221423 379759563774648
1346269 2178309 910475895314190 33551704425896
3 5 419739105854678 297545320326613
46368 28657 161113512204037 521785224241492
1346269 832040 152874806399369 314587286337084
89 55 612296270684229 314172514416868
2178309 3524578 926392511243086 180574778137129
17711 28657 184273738236714 726814734775717
1597 987 680092732198159 848111127537657
1346269 2178309 117751694120746 887665391561987
377 610 530067272903893 157492839106088
377 233 994358616310494 582341906294923
610 377 996316390929350 177207055889235
17711 28657 435008917849087 843828709240297
233 377 638819248369197 239567713865271
610 987 879696231774054 305144737023721
5702887 9227465 601396963330929 971096331099567
514229 317811 998693045133578 617818682313081
3 2 592754396423708 391449070770361
17711 10946 336654405071877 477706981089188
34 55 537564298644437 462296196443760
13 21 797593928899214 642783025450903
21 13 345188372301157 473899550412307
102334155 63245986 258234309869055 798408791376799
1597 987 807257203039924 452941418802939
46368 75025 231704671768271 944962641695272
196418 317811 340792113753804 61103342033064
144 233 811054230457496 617188700734911
5 8 691069318848468 202277953596084
196418 121393 616639583768082 691851538998544
75025 121393 160503505778454 5814552552669
610 377 802735412300053 127432085797607
1597 987 815368163515641 625284506332926
28657 46368 905450056178330 566647640677938
2178309 3524578 619368506533126 762939860918549
34 55 877532432682681 622947389012476
3 2 911526677403109 860622228097854
21 13 825695401158827 583971519976818
514229 832040 631167679263072 41503049285045
55 89 62526316063433 271361687100385
21 34 881654116318302 9885844115671
987 1597 466094081465994 731820193965238
832040 514229 269992207877864 378607657102624
21 13 25958047652999 324647314946939
8 13 719449603388455 385985757467438
3524578 2178309 46183007491194 822606367598559
3524578 2178309 482554883752547 925638735455163
102334155 63245986 942068302009657 869792325072302
28657 17711 993539298169604 188796531042214
9227465 5702887 251702148453567 146738312740051
1597 987 857600490320532 992935393941482
13 21 300253601364002 481007752620381
9227465 5702887 906223168479418 806006106776995
24157817 39088169 497056625499037 103003939144566
165580141 102334155 69758468167743 714329257525776
89 55 344485390359175 63744875460460
46368 28657 822355811505932 541252877969035
144 89 893309107656537 491737756343723
3 5 612735433926185 446422784334993
75025 46368 61275606664107 716404941292224
3 2 977892713587134 339491763717568
433494437 701408733 119531643004982 296616691101527
102334155 165580141 323034774192405 55505922319314
46368 75025 425864018259154 783822382641213
102334155 165580141 402614204046997 195591606755494
34 55 907318897385592 13147558796894
6765 4181 100627870580679 195181866980919
2584 4181 708828259811648 300481648600774
1346269 2178309 302176364715347 560133656123042
9227465 5702887 32912369304675 302247470076579
377 233 884579624725251 563980725924899
1597 2584 412939605597754 137372990263104
165580141 102334155 886537139838911 312352283740439
9227465 14930352 410592629295676 354030336898570
46368 28657 477319691238798 433356686393339
317811 196418 130597798105859 398740366972046
987 1597 6060422011290 194704010746730
8 5 229272490416710 576705641198712
2178309 1346269 484043694564395 643796886404642
46368 28657 915459030917343 150463663743893
14930352 9227465 909358069887145 606084275712766
2584 4181 654796165549765 460112675355600
8 13 472751911402910 383164222289149
165580141 102334155 598303051905810 538133723245368
102334155 63245986 41033178053809 600746222171960
3524578 2178309 343246144467966 927887933193207
1346269 2178309 17274117790380 37439908031727
55 89 941741426738913 468991407529051
514229 317811 681527678961526 826355625152892
17711 28657 659703064348724 840575695890129
3 5 449017043828247 219409775325277
34 55 158590626225039 55564116847076
24157817 14930352 650593538673850 110988224015661
13 21 660663106010027 499207169454145
28657 46368 863769207577766 357910629436330
377 610 385205428224608 274869004978357
39088169 63245986 132461082212931 941839985801136
233 144 829312264728743 43909411556907
6765 10946 209254473964826 581124467658043
63245986 102334155 610923348129433 365602047389618
2 1 633367660687316 476694048628840
5702887 9227465 318488906660717 852978514966645
102334155 165580141 23463534581817 812120387945843
610 987 609819577951613 812934955653056
2584 4181 84480019873585 703099900500153
832040 1346269 527105413603904 348820128852224
121393 196418 486013223213254 18596421764791
144 89 304889267023440 467018486430658
121393 75025 472910437215263 130289910797321
6765 4181 999430128426340 408642284886962
102334155 165580141 120223622716293 418966388991338
55 34 506570723631702 737241015818397
267914296 433494437 338507992935521 512697532860345
102334155 63245986 610403032864542 693850962251375
8 13 64153593040698 214685679286257
2178309 1346269 827806175036628 36351317224757
21 13 310566125692859 198620409277231
75025 121393 585683634236337 956226222276890
14930352 24157817 108518342022314 674666219574960
8 5 253051278347021 696029229054573
39088169 24157817 138309269764081 418047533463503
987 1597 575507160901985 658564573394328
610 987 327229776920216 117922125618186
165580141 102334155 860069783346245 736576361874217
2 1 133313304193224 195689296013565
144 89 655682664140914 408565985423308
233 144 451096557064649 712798336607332
89 55 939832260104641 875865778981966
28657 17711 221807057860611 179432065809435
46368 28657 661996521280297 219024682677659
610 987 950298293765375 965922556923425
63245986 39088169 664909782857412 880556988079296
2178309 3524578 176710120183142 977861469253776
1597 2584 939961098917321 744839161417449
14930352 9227465 23523159376128 771753760930213
267914296 433494437 644078295582866 528585286286690
433494437 267914296 575623617356470 181055647598526
3 5 799986344816278 42939979957657
610 377 388274308735119 500243679971669
13 21 25480210871919 797786524580121
233 377 682673953452981 750567061767433
2584 1597 15795260614101 588648898012559
10946 17711 233783180079217 296718062264725
317811 514229 485964478243232 177723968396488
21 34 684251187449386 208817051856342
514229 317811 912267702990281 675228109405360
28657 17711 486946336714601 908063431256264
514229 832040 652871173938536 183874548905812
28657 17711 360450808523222 337494670248329
2584 1597 216827893926582 837562385947359
9227465 14930352 473058104561211 349073139779411
832040 1346269 272202456362763 483171072006560
8 5 598570451284095 419416209154437
121393 75025 663746787607264 775139731526145
267914296 433494437 169230414950315 350997295835033
102334155 165580141 693097413905869 781222557046417
5 3 86362243988968 873314944663854
610 987 478182462598796 415337788716538
2584 1597 689100440283261 510498535077375
28657 17711 982580566598387 133595764081418
514229 317811 987177297649621 292256521745897
5 8 333460968755197 359853094116525
10946 6765 872024328748918 104658150924521
75025 46368 332969227897280 42529404777968
2584 4181 794859385673226 502951995952922
28657 46368 839737736616823 727340901817855
2178309 3524578 639146539363674 118232062335161
63245986 39088169 239303674433401 373419346167846
75025 121393 30710743306828 540529769618980
63245986 102334155 877994278369086 867413994181587
14930352 24157817 406581459705067 657364341673942
514229 832040 225351728919392 381371619169425
24157817 14930352 376133348063326 644241691981420
144 233 93329204394903 842830933465614
2584 1597 777265222806255 599232119716514
6765 10946 339722050365115 860893098768405
17711 10946 903270757883397 516923239558485
121393 196418 349718718034629 62691932868243
4181 2584 941605293631017 512039633899393
8 5 920849518251213 381897582530965
3 5 369301460404995 1162089273924
3 5 716112575682828 520301133025607
6765 10946 705153422528349 19444588185304
144 89 667647066700507 625172296270325
46368 75025 724817574492446 414947756021404
121393 196418 297871780895921 65932376048653
24157817 39088169 341148277889360 854808751823627
89 144 979070414796840 363403375176730
1346269 2178309 174013219394585 512526262484418
34 55 599550333771255 563912164608714
75025 46368 605684285630660 220073733539965
13 21 179861266349560 610404962514152
5 8 612494156462521 500503659769113
1597 2584 105055569112866 804923126713185
17711 28657 554023511250048 66630583668114
17711 10946 574509259962255 299743032361794
987 610 197426297813441 51202172486662
5 8 17124285027447 302656877784503
832040 514229 263594573358405 448627802794672
10946 6765 479748398957106 178996775829516
144 89 574960562116085 627176452711404
317811 514229 330255812379704 357542116809647
514229 317811 637783231895001 54205911245368
63245986 102334155 573441125543204 302134279411244
55 89 356077096878617 430900506456112
28657 46368 318949442152107 376869711986990
267914296 433494437 696945649586943 925278841927824
8 5 129625832044969 621376547779203
144 89 365848624440306 14017288965686
9227465 14930352 615252069668372 717880656186392
165580141 102334155 485801135553403 959469812675612
4181 2584 802119457938181 968683474174968
102334155 165580141 164813283873603 47316715218273
6765 10946 445716118527669 19504352816208
9227465 14930352 723960967700497 20086297468223
14930352 24157817 666344001042045 461361128881004
121393 196418 64115816995280 98532870299413
267914296 165580141 829741043400404 824832200397754
2584 4181 397435311162246 548575075237470
39088169 24157817 437656227357524 576905267661766
10946 17711 436521394139997 454812757747383
75025 46368 565230275700404 552412896523835
1346269 2178309 280528035043997 157083297096668
832040 1346269 87770708273870 140104987453927
46368 75025 753341603286447 348780624079275
832040 514229 803616368179354 526081239222711
3 5 235218802068507 863313209793566
89 144 357979442251824 979429846666422
144 233 57104639641737 809736448612180
317811 514229 528307851757769 841745329391121
9227465 14930352 68821039820994 421567692109704
13 8 66247622633661 519330754915605
34 55 904198483228079 454072176664854
21 34 762347934686597 780854689735982
121393 196418 192894623716184 552045802702973
832040 1346269 822977898179513 994431183652328
10946 17711 487319101577446 388982422059607
13 21 423540706209554 224336935281393
8 13 304859519004833 638355258254177
4181 2584 377056877372008 763155181622292
102334155 165580141 739769991129073 311250483976312
267914296 165580141 768975603918772 565839396535614
39088169 63245986 894556411393887 695303187898009
14930352 24157817 650306804387855 731403867739773
75025 121393 107664770714260 835499526976224
1597 987 626832964248496 160975562077179
987 1597 285380204955736 176944967701128
267914296 165580141 30083839814129 387512719756806
46368 75025 187937121409683 273417448538864
987 1597 845553129369929 763987385682185
2 3 592744436348495 78644410505620
28657 46368 582552033810258 667604413267347
8 13 406239093646259 386542094156815
165580141 267914296 646422971355332 732702261002319
3524578 5702887 473081353995784 343763426168862
3 2 152088524075383 827998832814601
8 5 304739797590967 217972567749534
24157817 14930352 77391786095715 384396683927471
196418 121393 325679116660296 588162688242828
34 55 893133255295907 543752059968076
832040 1346269 637599922063971 409459110793476
1597 987 858426253787244 840293065486093
121393 196418 121565981317074 501295611381570
317811 196418 804383566940954 454961711732543
13 8 796685119715708 85630920383907
39088169 63245986 328146308778787 393038741911630
610 377 313211935513962 425306199001763
6765 10946 951303758411552 870546112342983
987 610 68699037238469 455785009962207
514229 317811 177724912688330 642468914841429
3 2 22898381409237 262457228165908
63245986 39088169 923181323839738 35863872496839
267914296 433494437 362340873187842 146333896889373
433494437 267914296 518255505797031 246673439353351
121393 196418 172108865528277 792665321772792
1346269 832040 258176861123563 650221294440739
9227465 14930352 835591411513591 483044051274433
28657 46368 851541170679805 325307844767816
6765 10946 237966797819952 807614708805300
2 3 79200456432951 343981528416705
28657 46368 296385966539625 108180417661486
14930352 9227465 25998306294800 13796010748923
233 144 370068380350890 934592144258219
1346269 832040 325721265855522 801286391662979
2 3 991513830632731 83016620531144
28657 46368 444315854775333 226498034479364
10946 17711 622527124271877 764977069266242
121393 196418 964212508629489 306805016214861
1346269 832040 145225241330641 557474518799092
514229 832040 651964612799103 502191918961992
3 2 266827221336839 20872670723804
317811 514229 398770461077991 77951687570436
28657 17711 793678775977808 413242503493910
1346269 832040 549513982821218 34785225830571
165580141 102334155 127444446454387 701748470047198
9227465 5702887 116308037480777 905000620476043
10946 17711 973326331963738 753691103895953
55 89 962074319738131 298145885543696
63245986 102334155 114388626603022 733593054294187
34 21 531905191778137 436826282168263
55 89 89036560076214 599479875575754
165580141 102334155 740167084685269 600286073763420
75025 121393 522593792781466 342233650356136
6765 10946 952631931819357 658488070466715
196418 121393 240403129469477 779271815039268
144 233 821946365441516 835901753711218
377 233 40078184252125 836760438973753
14930352 9227465 485623338831512 386428001975276
2 1 519311986108013 97288901391620
9227465 5702887 710761261960092 959766497716535
377 610 127220656668571 349276563454401
1597 987 552725226412111 955525640035998
2584 4181 358055895686225 624833909423309
377 610 658149790508842 378828047664270
39088169 24157817 244626963584406 472938952021924
377 610 117213625760197 295822214920084
14930352 9227465 220755572217749 548293391891428
13 8 773987579128025 949065770176604
2 1 591883070810516 740214270540615
28657 46368 261152177531966 712933089831859
6765 10946 624989608113661 24989926444972
6765 10946 446375457252077 263057640698500
39088169 63245986 787363876229720 767213150151438
102334155 63245986 846843024841470 174235688509918
24157817 39088169 599091295307598 199794990012298
196418 121393 828458908064170 542368251859691
39088169 63245986 198721066260647 726369784516444
165580141 102334155 156870168175434 158960107291385
196418 121393 493389474434379 625322376983777
2584 4181 774823615972181 960404094802805
21 13 98292191131459 205564054766230
63245986 39088169 734411310290021 549582866692585
6765 4181 87294106483640 191170988165910
28657 17711 425364961036337 662499562289156
196418 317811 957377098095346 443010085060895
3524578 5702887 597796132761491 551582784631698
39088169 24157817 678293312698458 364409332989837
10946 17711 30230526558850 868192218879615
5702887 3524578 77255952097912 924882164060508
9227465 14930352 631681587816472 306157558767319
13 8 350658802817780 543365238438313
102334155 165580141 282403647635085 810477947021000
63245986 39088169 335371600076439 358722129394608
2178309 3524578 492295790388025 19445594614941
28657 46368 854060276526410 838681936208590
55 34 891366415317653 198035405396675
610 377 919971221852693 637517198494336
13 21 61282093135929 388990148530119
3 2 126326175591201 247405298116193
17711 28657 664412311676638 701634938054230
5702887 3524578 295954169508277 551591822232111
9227465 5702887 41643626393692 222060710444346
144 233 589595642413627 486545693487558
2584 1597 201066565313964 939815928971106
75025 46368 903259245356091 3076252911906
28657 17711 78529172195047 931784555490266
63245986 39088169 346594659324510 335706397193312
832040 514229 979054163381060 348958651080141
121393 75025 86531182838380 200343691728828
1597 987 441592451393821 248823517303945
46368 75025 730819708710222 151125099913108
610 987 285570942901737 320358334921595
317811 196418 269108279957259 611006275602530
34 21 696630707205698 159196918166062
9227465 5702887 920392271599309 516727934396101
55 89 819768150578655 477647939490895
9227465 5702887 474404094926556 406693569671032
8 5 566766289518490 849142343893419
2584 4181 765985793606817 66534326927191
433494437 267914296 744791622884715 453452861302318
5702887 3524578 207755218421924 154537318261601
121393 75025 806595517548650 712610277589476
987 610 938345484820109 932316273172656
121393 196418 15253763363024 690238684164347
3 2 709355384943910 628453386353793
24157817 14930352 358275208381941 761512824910782
144 233 778064513367638 990500717495345
377 610 713589616688722 740459586647707
10946 6765 171887874406182 611132802110781
317811 196418 56200798543743 98612740643357
5 3 604719366926270 246193969931585
63245986 39088169 986403551651381 78991374793457
3524578 5702887 957250347733864 71801377507833
267914296 165580141 822069378838093 513565159324132
233 144 984220110614667 760557295927618
34 21 733823142574782 950427210171362
89 55 289789751394481 102447974021400
514229 317811 572048767679906 956748019915256
21 13 664042222137473 575430835558296
1346269 832040 458093679239216 681294884231505
5702887 9227465 320694428002244 810393495405310
9227465 5702887 474601670920898 809209861145404
3524578 2178309 142003842453858 461006719740328
4181 6765 933847903726799 306714553156899
832040 1346269 389258401162085 504871235832337
17711 10946 780492779865329 449896438939796
46368 75025 507236274218740 636983077108437
28657 46368 665652535437536 661990903911228
46368 75025 958628743004248 723828800860850
2 1 655192277241204 130795755806438
89 144 402804365178618 572734330523780
14930352 24157817 330667159080614 648862266921343
89 144 956962557656418 763278825464647
144 89 187707379890062 101962326142227
46368 28657 28320485521721 132990649086489
144 89 984911246264933 222569648213968
233 144 48956830632774 326498422162484
433494437 701408733 541585213343875 208012953664514
63245986 102334155 636264572311411 942321498614007
8 5 603018182720097 181548000894996
196418 121393 964505593302216 47792806150108
514229 832040 142583831574423 478536799608468
63245986 39088169 184346055175534 327392425951362
832040 514229 312826321415903 817806829295151
377 610 594153230784173 508168127627940
4181 6765 264421531725327 678130824604080
433494437 267914296 737560416553197 361904640001567
610 377 427914331007522 834308717774852
2584 4181 793407836450744 753535921322736
832040 1346269 46906265814830 478349173765176
10946 17711 26261863393717 861312469109042
3 5 291127084179566 518802831084919
233 144 69901144641709 792935527602467
3524578 2178309 492730528796729 473115831523088
13 21 381895926120841 480255827417886
165580141 267914296 195653671237639 952452390600814
63245986 39088169 979423542371408 739153249030049
1597 987 688134671698034 72016164826397
39088169 24157817 572821878600749 899592726155080
9227465 14930352 349280575031602 55439878978762
9227465 14930352 660783489304422 789517982585551
144 233 234426754998559 73496488432450
2 1 645747493181285 952580808817427
610 987 544213803441714 86856348721265
233 377 823538416863410 872783716735248
987 1597 391528983608707 535424056666212
55 89 39331273700086 260161944221156
317811 514229 498030738486092 957822495181639
987 610 990709992057081 484565294308041
121393 75025 223896927482595 813706791341415
121393 196418 331297891762339 781643437021470
39088169 63245986 760335824746178 626854831218479
14930352 9227465 590087107205885 956588371956318
267914296 165580141 527107582511234 874505997329710
8 13 513688193625136 618605397770278
8 13 314304823298266 564419981508622
75025 121393 160721130587012 402683014200370
2584 4181 548349347346340 310137423942813
10946 17711 761819569132385 641745640818783
144 233 115980497157079 531957354648520
24157817 39088169 35974175684945 726522417026730
89 144 231654550055821 232784642687641
34 21 871149372737019 579490330939694
9227465 14930352 48748100572158 965606875415103
233 377 653567115101480 73897022317097
46368 28657 977361636278658 988037104965638
1597 987 303993630639553 441435540880374
317811 514229 839346918524817 766849152054618
10946 17711 806672262504910 323054369841427
14930352 9227465 973768885504198 397887348326343
1597 2584 904146652530296 683089373113372
63245986 102334155 156812564135638 325800964053243
317811 196418 825335970823174 391555360282574
121393 196418 507451456225949 55767568869057
5702887 3524578 849314779704802 681838614972164
3524578 2178309 393304546677777 347150169119494
987 610 907416768180884 604944367291579
3524578 2178309 101689807217227 267188118780887
196418 317811 527353705911237 930457109099537
75025 46368 488074641183620 140990681623392
14930352 9227465 379922129557053 509883873413184
89 55 517448735870229 577940900458478
144 233 766475596055012 333337722805415
4181 2584 364611697982325 344260015471597
46368 28657 273325839526340 73742371132609
987 1597 954528269752894 784392387786217
2 3 733318454801412 592298592545835
832040 514229 247406365916199 990944859275408
6765 4181 406862582161901 259929367183010
13 8 371146368520970 787293604250285
196418 317811 324755921999848 531598521847809
3524578 5702887 707998524848095 617157936803629
28657 17711 810514726266236 477835366044741
610 987 980033414410942 463218143546653
832040 1346269 483564327931220 420099776984972
165580141 267914296 614371268477664 366666239131562
4181 6765 657937683057974 128900389365265
34 21 886642200045213 960022724021790
121393 196418 844262042822156 232670100870193
233 377 181615059100526 247364599180264
144 89 280211298280414 306888862041704
987 1597 159789552815595 405765849006228
6765 10946 722270444414420 396890281220435
55 34 786180688613837 364540573315021
514229 317811 434545544259128 966379281123758
10946 17711 508883631176172 785681908343138
8 13 665487635808881 362810915716182
2584 1597 393224927590465 840616638220605
121393 75025 281809751343881 477619103008328
24157817 14930352 557071533174245 362192383852
10946 17711 465240658600870 634404058920096
8 13 631425826337551 943887643621403
10946 6765 270678003866387 789474564084890
89 144 953206590447385 440372432284567
165580141 267914296 869515574534968 415518034557842
317811 514229 201291464036474 647854386986572
14930352 9227465 311140159701276 234626912964359
89 55 567885541045452 997973478447303
165580141 267914296 987765696269546 65824462802067
8 5 326650301665479 795268690845619
377 233 134288403872232 547115117138419
17711 28657 691834865567811 502885987630047
5 3 305600874061440 287400492082437
377 233 51483268933176 924967813456437
14930352 24157817 313450445962297 289974719527875
55 34 642980648412353 291817339198403
39088169 63245986 483464629061566 145032030012492
610 987 928312097649939 191634353180086
14930352 9227465 75916364542165 611226359606491
233 144 167343045543818 737583860285785
3524578 2178309 137201280019048 677319272852429
5702887 9227465 691712902976412 995708565154841
987 1597 683600250417792 38009488983966
28657 46368 108807141187554 912014607447938
987 610 310239873800771 109260630597355
8 5 67436098341397 402874525256002
89 144 580532353043964 482929417433201
21 13 849045461503758 812684818336548
1346269 2178309 43755051326738 120119862616843
34 55 78551383773892 925422847947542
317811 196418 993220558586383 8909511200183
267914296 433494437 319612689033297 491220528630563
28657 17711 474938861791898 992353669037969
165580141 267914296 603307484748268 349072739678584
3524578 2178309 669913585663868 341812316964821
1597 987 736758088216815 1369886853218
28657 46368 824733545442461 71819650088416
3524578 2178309 34227703234002 642034858962509
5 3 72673383196935 257676402411822
514229 317811 676268459925548 341036004595142
2178309 3524578 169577932766945 201383551723868
102334155 165580141 236369197551288 212910928225657
46368 28657 80371068326773 694057762848295
14930352 24157817 243014122233677 121662512154674
24157817 14930352 939130431549226 117488071135082
24157817 14930352 699229919416036 551708277093599
21 34 912350394680713 15553972163875
21 13 208473533041045 347723426166411
3 2 709819556527418 76096631111534
17711 28657 987784920052377 34897512248420
233 377 283342506276871 235694830681735
21 13 382817467247689 783726374205877
46368 75025 887930589534935 22089258896075
987 1597 15157081038876 89912169184747
5702887 3524578 802723318797747 648927015414967
3 5 535509625030315 966877874072723
6765 10946 13118396148676 919365405410534
39088169 24157817 498308797378480 11778780097881
39088169 24157817 977093401017170 674900107596821
46368 28657 597855643421185 759843056528393
75025 46368 719235244164549 600676527309602
144 233 863324788075417 907017187139729
75025 121393 689421612251047 601013369072392
102334155 63245986 762434591709582 828846139594492
75025 46368 827480309149855 126516629740772
24157817 14930352 309995664756763 149823333431159
102334155 165580141 305209959304054 421076022225394
102334155 165580141 4268826462871 801620942884432
4181 6765 584927849063957 83194045262735
14930352 24157817 349730001849211 733326940591089
2584 4181 487441190611332 60483072052023
987 1597 987038781858911 675350159521000
6765 10946 919345958523371 878089265220232
8 5 990901699001852 993313790417377
2 3 778356893546132 93175781378877
267914296 165580141 646958115119146 951897203929000
6765 10946 559749654991334 694436785231666
102334155 165580141 397493632809442 110875821535019
63245986 39088169 378182927894890 705304109590629
10946 6765 533719904610620 255187816326517
1597 2584 848560031364552 95027882143986
121393 75025 590968009474929 103685786647476
2584 1597 62709332372170 894790463726357
89 144 201161532660954 47979079925555
1346269 832040 511958977593176 53179769223467
2584 1597 833933941248238 224124215273823
2584 4181 437637588391289 57355304631729
2178309 3524578 750725457742407 86672273024965
144 89 610008125219415 585204621808450
2 3 964604109015708 101989439792145
4181 2584 703810621716026 180541049797788
514229 832040 772972511834823 835693112724496
14930352 9227465 352512861258891 833875912795291
10946 6765 669013593819839 922001597356462
165580141 267914296 991467797244881 796174556489275
233 144 697819525089694 783453901314807
24157817 14930352 210758981844406 149100127933593
9227465 14930352 540513349066140 950149826034201
1597 2584 601053801285379 773098422338289
610 377 54692793988113 298435885925727
165580141 267914296 615418797545375 595925726317728
832040 514229 496419332931958 234657752872758
1597 2584 185153796246163 287762274786595
3524578 2178309 629540411001187 270730071621163
55 34 369742697074183 947887719921685
5 3 446430078379665 51510570435818
55 89 441242593733445 471551252660532
5702887 3524578 43604428706520 573346879863360
317811 514229 369260793138868 503397155161180
4181 6765 341902937681713 477243768772889
5 3 25105652961245 980078250917257
55 34 601114509986741 657285888635009
8 5 292747856738665 155303066902744
144 89 848873342300059 613830071266214
39088169 63245986 463337480786208 286617238659717
8 13 651123192897853 222330773150163
14930352 24157817 367444992696298 236054651174638
102334155 63245986 122408659217938 940840910812790
75025 46368 890707563461073 105994832347789
3524578 5702887 33466868937396 765673742807322
5702887 3524578 686108162688508 639745367085569
165580141 267914296 507940744930010 179918301050220
2178309 3524578 950107408058036 914676976923141
832040 1346269 107570764206430 90150319436600
39088169 63245986 901658653483362 743453829304182
14930352 9227465 552489864935480 426315499202156
24157817 39088169 121663901230733 136878067271504
610 987 5161000353920 574173720108820
46368 28657 77886163851744 813993334025904
4181 2584 570869110819439 908873660680540
2178309 3524578 702574754298401 519229777943250
9227465 14930352 489583802266973 633524332213648
34 55 894087329597754 609734551808276
2 3 917423415158723 17026483118109
2 3 611824364950579 939322071516912
433494437 701408733 131389943437113 432988359686545
610 377 657403699444533 979620715313669
377 610 673038564593784 700351058931350
4181 6765 961762394372488 262932354525198
39088169 63245986 718498073231193 209292297416698
121393 75025 925019292003732 749689293741800
5 3 921522706790099 786845089102505
75025 121393 454547728605410 402897093434511
5702887 9227465 774139527231744 192209679851439
39088169 24157817 538347799285787 142369674663712
1346269 832040 673481131704087 394035101387834
317811 196418 429351033451271 914889864250584
17711 28657 5996013322610 485288908312981
28657 17711 267017094268047 831606140625938
4181 2584 147325238214536 514788859800878
89 55 966633084848826 166799260058444
317811 514229 2966719219699 592200183320720
46368 75025 516571821563571 158687786125601
2 3 69856726990955 207852161608040
377 233 899123015627968 184861170564175
165580141 102334155 654610181402056 18784015182211
46368 75025 366316070102091 147474009394098
89 144 961936239049731 79097310711501
2 1 275622944239580 677668230354503
3 2 375054645397044 985156801932115
433494437 701408733 670867686460699 237131654722345
102334155 165580141 419981256564372 251462723628353
89 144 451823085563090 16535026629013
9227465 5702887 841060778153595 493170912618211
514229 832040 283371063083752 489664820725993
3 2 918153436694114 857831782962855
102334155 165580141 401803719413350 486163058053280
514229 317811 302370397820385 759845243481880
28657 17711 39020528607605 514975646505046
46368 28657 954678983361458 906425687154403
13 8 400569811069277 375544446306249
144 233 846871636684203 610416852850901
