1000
377 610 191037558175486 716632509713228
233 144 281634923457868 73913447998963
1346269 2178309 982936532024962 732864569377919
2 1 889484209657760 469163955333528
1346269 2178309 682483664283267 647026141164882
4181 2584 886791885445919 368386318526572
63245986 102334155 895594441953476 100353691488141
377 233 648217750134618 144723161929351
75025 121393 758568517309607 923913976480662
2 1 508816637072773 642658995362463
987 1597 170092744714030 489278605912179
89 55 849716643799154 678582271800843
89 144 215752742257405 985653032264651
28657 46368 75861358345364 596853679271105
987 1597 225432136061014 215758603178468
2178309 3524578 103462122760188 234148330401111
267914296 433494437 701791453236506 765008496045477
13 8 5201088989790 880847470557444
1346269 832040 222560962868430 845957886212244
17711 28657 581335816297740 626465418136479
28657 17711 8637803489427 498385067467480
63245986 39088169 958486555775736 131805989503902
196418 121393 690769809938219 225466761999159
39088169 63245986 601535429329077 40624252242455
514229 832040 117336118568186 688315770335000
13 8 431718434374774 15390701107905
55 34 493124770337793 272739663430274
2 1 937500933058061 248583680084979
233 377 97975374867428 765467845093402
39088169 24157817 425057947641580 935363085645475
377 610 513770462732772 942984492667175
10946 6765 26069727648294 825490353380968
4181 2584 505736035631333 880194507918737
3524578 2178309 762445014146158 166318281832823
165580141 102334155 636809869054312 164661268771804
144 89 40455895716886 120300077070505
233 377 27724216500625 557135415576880
2584 4181 327626334494992 607409547194226
10946 6765 238495002627361 714195935816020
233 377 350605846955247 737805754579945
9227465 14930352 950506412369276 199712217296557
102334155 165580141 66067232492261 866766723722950
3524578 5702887 343127888173475 691249440610883
2178309 3524578 244122217623494 123283668333406
267914296 165580141 693637928582713 457664222477244
233 144 438798964525571 827100532045737
317811 514229 896450898810242 48344747497821
165580141 267914296 150661840597423 542412170007611
4181 6765 116487992309598 468231561844751
165580141 102334155 618506899023996 797976553452621
9227465 14930352 330742762404177 976945348436823
5702887 3524578 359142426296766 443453043178933
4181 6765 402913296635518 936621763040603
610 377 625662928538214 637338707671272
75025 46368 527041819613094 719967219637987
4181 6765 634163183251719 167307837028606
433494437 701408733 114946619079468 602012907777877
377 610 114489054391763 483456972424109
5702887 9227465 533484996336915 124578022071479
17711 10946 441314649107101 319446849845580
21 34 660812984917757 914855583370160
987 610 959173100153560 316326052478160
17711 28657 680816977530925 481648382138246
63245986 39088169 211565432026006 233819005393874
144 233 839600599553414 215819832670752
1597 2584 606011129623433 733709766686342
8 5 129364941918601 105503301121028
10946 6765 562841938225925 98597871855555
21 34 32435357191257 893830507148377
1597 2584 225791256220666 976077120433409
1597 2584 370022567975865 223998594334949
3524578 2178309 956401256679933 545951870864981
196418 121393 866058577578763 45762650758671
34 55 399915240485439 514550148793975
21 34 692261638472530 329291776620253
987 1597 798611021046676 159600541887164
5 3 243300489130800 463531210130678
144 233 722850568474220 3851861938971
144 89 118033414469352 862595894687905
5 3 745266940372188 306570680631850
377 610 613705746694236 890611056959683
165580141 102334155 426446262534805 821934615825697
2 3 23042533310223 219882946646755
196418 317811 55540930712810 910415777317845
3 2 239035020789795 117840424833832
514229 832040 688428911280846 462783921526973
24157817 39088169 991672367545946 835620335615065
233 377 776464420492498 36817107814639
102334155 63245986 187072483047960 464730862856155
46368 28657 706748094668074 259982831846435
75025 46368 475423536951647 983138797540790
17711 28657 372818633088936 908801986188462
6765 4181 832138321698769 76396244096143
144 89 690368254081471 475293610051463
55 89 80739455594160 653110672517550
5702887 9227465 907855576468096 874097119220805
514229 317811 455956892933344 513535643662585
4181 2584 523530324794015 834082622932254
144 233 496819849111267 613091170200821
233 144 693178416481390 174213286518504
8 13 843400943742683 158052451475147
5 3 462516690672607 937670931450139
267914296 165580141 216333605020810 336587439865408
832040 1346269 721667243415173 293591760598476
1597 987 234479106370900 4149937060282
28657 46368 342384340693907 98786436696498
317811 514229 128355754282043 229395688171073
55 34 965299796321243 598614439281699
433494437 701408733 922880656165344 288748883486587
233 144 119555141611983 333583913101079
9227465 14930352 20310055246984 933911201470382
233 144 60269121579395 324491096629027
21 34 535390072229907 275177724538817
21 34 156599736058023 636940133411710
317811 196418 603793278463494 629806521265978
89 55 484970071883408 712153817875966
1597 2584 121396929258881 828748657640512
14930352 24157817 447080705647663 902472889961243
102334155 165580141 797756114203465 481414977205145
13 8 149000786154519 121041090257386
17711 10946 551227999979966 681179035091116
144 233 722463067699835 521583566726179
267914296 433494437 303323177351397 709370356520319
514229 832040 939440907449645 291854718092827
2584 1597 305108183062110 742848643820217
233 144 894826053532575 999247577546440
121393 75025 668210091025774 344599868010400
5702887 3524578 73910420686564 469072207114179
46368 75025 990403704897269 940321245999643
121393 75025 101961376004526 736992954109248
2178309 3524578 410554243938679 698922810427057
28657 17711 922747071842385 789617699309079
1597 987 877483061874967 9358882664583
233 144 204430587601086 204633590098878
9227465 14930352 376386271268758 517974618114404
46368 28657 846508291117704 787139505527372
24157817 14930352 744376550945879 813176815872432
17711 28657 188328361932513 186813149864054
121393 75025 784532041587805 874546999545967
433494437 267914296 549965513939101 394701676996500
196418 121393 275622020786763 476345442978634
233 377 716666104257581 626811010177949
2 3 365313871375970 116187228675717
196418 121393 427724286584739 714769808970533
14930352 24157817 141958950932101 160105690803465
46368 75025 842387775867572 568868323276645
34 55 698511204167223 761755265851482
28657 46368 542462366361264 775700320332850
433494437 701408733 6228426413722 816802877706401
75025 46368 661496523085451 69804377831428
55 89 784959865724529 499691157318819
433494437 267914296 618498768197335 543731513977840
121393 196418 326247037080095 678133015634374
1346269 832040 708362046795206 697298352819116
2584 1597 653907075799972 763156164871186
3 2 644264906576683 317190064944529
13 8 199973614430886 466645714138669
5702887 3524578 430958797674617 21170826087059
233 144 367493711584357 103584067277149
14930352 9227465 141770695938242 864344560948810
6765 4181 683057721680836 504511692803464
89 144 36243762215096 295603691632364
5702887 9227465 293226341298502 932545127835958
1346269 832040 393332356685486 943480913118544
89 55 961444194212621 637969478046093
433494437 701408733 671367742573207 390268942154988
13 8 261719633609947 829842054728275
2584 1597 219126633276932 310702823646166
17711 28657 903915376019476 175175189943791
5 8 951383342441513 28499982201541
89 55 272081464269754 172499713973607
46368 75025 479871488616920 645524751236368
10946 17711 725658646658159 431179039348834
39088169 24157817 730335947060612 554018291210413
832040 514229 570685752906870 97739936724263
832040 514229 850626596357950 776910196672050
5 8 124181341692849 634688147619995
75025 121393 451051063068858 97099429746902
39088169 63245986 253887130216354 926687280123461
832040 514229 459551068009802 130494934785648
987 610 61789378986861 302058746142796
121393 75025 714644587856353 153205306148726
832040 1346269 895821707093972 666150771920758
317811 196418 937650391172368 592376868294399
987 610 764471955651385 136666453340971
46368 28657 360031345499915 700839300227776
514229 317811 956037309907358 831273637890415
13 8 797839108022692 174564192783121
317811 196418 87739973436583 859920271498986
2178309 3524578 227549417388109 336134220747496
4181 6765 560571575466902 858148101125859
63245986 102334155 760623462060058 168172240924636
75025 121393 378525609341772 335457154741055
55 34 408924822273979 86493878463011
10946 6765 830610466190926 465272046779526
2 1 13310523895685 422907316520083
2 1 703975485125820 880865785080285
832040 514229 484675720151401 357063024878755
5702887 9227465 328691976842331 93055900756236
3 5 415845875235067 626117428935274
14930352 24157817 180612357591180 104812048279161
832040 1346269 480060914344811 184233379145886
433494437 267914296 308422994358865 60025407124777
55 89 35952000728974 964067045223573
2 3 322045829883982 187699465123525
121393 196418 644970611828181 133806979253831
89 55 453735254357700 29252798464914
63245986 102334155 351233721004115 387051758461001
317811 514229 579450543650710 199487266640503
1346269 832040 627717770699451 854525166860242
165580141 102334155 909836229575240 447414450348281
610 987 920395764716126 304132264969400
610 987 924289964069882 721255615896385
9227465 5702887 705005719440944 44076717433203
233 377 199449721485168 922057253848084
196418 121393 233284257646275 834297934164760
832040 514229 135685996440845 759902008827097
1597 2584 149865777919562 326335617454430
89 144 174818650952402 199424552635798
832040 1346269 634319809087638 371171335220892
14930352 9227465 338543720057954 594483542363378
3524578 5702887 655762560238363 657237943386055
610 987 87160698661633 568676871915571
8 5 308626771078379 355739796415608
75025 46368 781843189110159 659796283394880
102334155 63245986 782567304935097 13908062605027
3524578 2178309 87724797915280 378494728071327
75025 46368 341554094924502 827136750595040
21 34 239774745249318 989567945220472
13 8 574818041294134 728515173075685
121393 75025 846255380049428 980078377635215
89 55 584963922637675 833096945501704
10946 6765 117468622108093 952807512834892
121393 75025 85702858939559 268955887479297
121393 75025 205268211009570 14774397943733
10946 6765 620616937456062 106611006807589
10946 6765 738803048682982 781969977003634
6765 4181 73377258181920 988814230375531
1346269 2178309 347555454008652 523806863946183
1346269 2178309 994782738975458 974282130852201
24157817 39088169 663454650692150 906152072907420
196418 121393 207253997142197 743659282693207
14930352 24157817 999482995992103 774702276247672
3 2 689745523615212 298637379110666
55 34 325853814337601 99831911688576
610 987 98224459686778 569006314434041
3 5 751725591491911 397960061956732
1346269 832040 634317956006897 554399727675
1346269 2178309 99122217127835 133234283054801
17711 10946 327103018457987 480535412703110
10946 6765 439527349368640 124282640119943
832040 1346269 683477916823555 383340017748016
233 377 517349336033752 29784013465668
832040 1346269 924929556717796 615598607743280
987 1597 872683442623142 88009562664270
610 987 381082856116023 664895987571741
2 3 714399580353164 941282674802059
3 5 223469563037104 77552348319021
102334155 63245986 764751218067468 707393173230979
5 3 819650840961185 171783165010743
610 987 485477036898122 490344737595484
21 34 529705876338173 145102964250544
514229 832040 756133548028424 782733763633116
233 377 562906495434069 253152408022704
5702887 3524578 960919906787240 266114817430633
1597 987 426392017205213 324224484941549
165580141 102334155 124523968628013 171375575557388
233 144 617914591828071 600686261303742
610 987 18944723266872 111879487031144
377 610 524583937092454 601652309005081
514229 317811 240860154859534 517030674556870
196418 317811 5572784111339 916368367298964
267914296 433494437 450371562748816 101522219176204
2178309 1346269 330374330452650 448477255356006
14930352 24157817 433070007024448 859313168225473
2584 4181 612923858704373 986240038751590
433494437 267914296 838596022566978 935829598073610
1597 2584 703412500949438 141464684434698
6765 10946 107118525319512 17946222101166
1597 2584 527682203427992 102036097277544
4181 6765 331424490064611 492080771389716
1346269 2178309 289834686789302 66697277035831
433494437 701408733 43647641966312 973307163947586
610 377 654624890929130 4845423361998
165580141 267914296 128063836603655 212924611680479
2178309 3524578 802880460781990 132394704152355
55 34 556207037176453 417406729686578
610 987 418386244230909 828372766490317
39088169 24157817 974134359355970 252834609132064
144 89 789785055319202 860735372774657
14930352 24157817 313139432416451 929102970940209
610 377 167647946985702 772756265947800
165580141 267914296 395572374581288 68066507460234
5 8 478591775638462 752395277972230
610 377 556728426831926 40193013909491
4181 6765 246236065365690 429572934392930
144 233 404916711618125 299775036129745
2178309 1346269 739169123491085 330071751061348
1597 987 962205454864753 833308307524908
46368 75025 277446868200331 489143321044833
89 55 714334596666949 588789394770345
10946 17711 380095774380197 803038827168337
28657 17711 266090501543690 918800782298512
832040 514229 139029817701486 399945507039432
63245986 102334155 932856100895651 427585036242374
8 13 443654733260952 550544037189119
2 1 930153282890132 547742021486035
17711 10946 499737493868663 597498495533004
6765 10946 758506134858749 688041598541789
13 8 440927557437692 738063630237348
5702887 9227465 550949335112610 895373753769130
433494437 701408733 674440000131258 429471593199007
267914296 165580141 642773098989285 70222146517920
9227465 5702887 840928343338979 984618201660019
21 13 72813422320073 201035611038407
121393 75025 180645651112010 998588437003639
610 987 473686684648945 250695263831749
2 3 639655654094178 790901306831264
9227465 5702887 234528027486878 706505205437152
433494437 267914296 217897812149309 329722305082502
165580141 267914296 591444522417331 20574400499967
5 3 415426814479245 786288154048096
8 13 75429139476147 706758941823400
832040 514229 872190840937381 990309455847938
102334155 165580141 194635443591360 426410914911234
17711 10946 347983075114616 829039063418085
14930352 9227465 303090138996893 399134412074451
10946 6765 103515174281112 755388870948638
10946 17711 474802997617068 877097062151042
514229 317811 607788054541367 949047364453221
28657 46368 580648729335024 216954674552854
4181 6765 458408632066856 958127468023567
75025 121393 489909358426379 113843457899828
9227465 5702887 545580457602270 27735919837715
196418 317811 699449340066368 961545525480227
2 1 565589621707627 304403863285511
2 3 277987772635761 193555337390282
2584 4181 555439505867393 156975052503843
46368 75025 159452372326689 302601943661488
377 610 984645604374387 977225781642812
2 1 593599864707954 287857933965306
46368 28657 86447074765107 410447405765321
9227465 14930352 867147833463847 937153275832431
5702887 9227465 465691444998229 693254651506144
121393 75025 116698317663138 7396855912055
5 8 188051111603978 246705487550265
14930352 24157817 892947069937637 372788853420566
514229 832040 818030789343525 816970635766057
14930352 24157817 935973455189140 681592571599349
46368 75025 855683329899544 976307947487399
102334155 165580141 90156894120689 625397902959448
196418 317811 910203117250295 915143806166346
233 144 85112923781598 163684925276712
317811 514229 398221308727923 744533678797128
2178309 3524578 145434304384477 285260777337066
987 610 558560048490719 996840179595639
46368 28657 145095881414930 311563801712836
2 3 233693783412269 42666302469455
102334155 165580141 723064055094079 125615478438270
3 5 547343288911856 589503831631589
121393 75025 527329071729093 901516631216510
28657 17711 450897608336731 898280727397104
102334155 165580141 948311417354153 567731509659082
13 8 885546212763456 337063721507014
21 34 519457168391564 333883345242632
5 8 55136956901393 314552392415839
233 377 100708353991088 968049669867648
102334155 63245986 358838775415777 573930172965968
144 233 571316564164601 631765201619480
34 55 351962587988067 156347455645136
102334155 165580141 366776990593512 226307941768790
433494437 267914296 154729404544233 328578451753141
3 2 319843235968673 255376286925665
377 233 643000789758565 657303801035127
196418 317811 82324395481829 355568375188991
233 377 922603800341354 255641740177195
14930352 24157817 598221386522904 441706524365207
610 987 431799917386795 117816093889417
89 55 290103093668155 768922689210415
377 610 302796417856121 881502118816485
6765 4181 67802583210226 987698162219630
3 5 197654243866057 852007011073080
24157817 39088169 19240396079998 736629868472219
39088169 63245986 610815064321835 569812701411608
610 987 578436019835330 70670100557211
55 34 283780697592146 581438616331706
2584 1597 996202009160258 467546403139829
75025 46368 502538806337682 753154697953526
9227465 5702887 663357431994654 744442467435728
63245986 102334155 516948703779548 821950191840322
34 21 729121899788314 221170649436915
2584 1597 794519599914947 140551921406901
63245986 39088169 738796858447513 356589879100355
28657 17711 405907317446777 577446258546180
1346269 2178309 511837482000796 555806644938312
55 34 149148813533138 470721610099847
2178309 1346269 345763275885510 525338072438823
233 144 583120188615230 562259273765685
89 55 917457457935706 467537055722920
377 233 635321791622610 217501154275490
3524578 5702887 444841117979706 269713713322416
55 34 709193697200704 78901584739847
196418 121393 979310772706281 549230783763911
433494437 701408733 61549023621337 468967841083193
233 377 637085315753354 955345472031250
28657 46368 596907758324881 52320844929712
39088169 24157817 209852258277342 296264521790809
89 55 812502728878586 130779948441984
5 8 693843775262536 533323263268098
4181 2584 961439210397510 975445206914914
3 2 586546483774923 780584891567379
63245986 39088169 38605818442824 187078818179756
39088169 24157817 872856208030473 82815370170418
63245986 102334155 482649110727283 383296750095443
267914296 433494437 119745497128005 635052662196135
34 21 396455858865368 541557895845871
34 21 311052827683937 995111933115224
63245986 39088169 865515716816940 866368567638966
832040 514229 363908330826720 754439917468107
233 144 118543301421759 520350733230207
10946 6765 691828358054116 648650224746535
9227465 5702887 748268574772356 100670262694336
24157817 39088169 534470168682288 562633446203954
14930352 24157817 517754278563599 583038365361551
2 3 244860593549350 422110348407379
610 987 73065453548945 440785215317155
6765 10946 312146313607880 252413077121424
987 610 565213458052317 603065952711251
121393 196418 136570669894586 710345303691152
13 21 188251232050022 389780532540565
121393 196418 624918376209726 451626953024153
1346269 2178309 786794457545021 308887801641983
4181 6765 704971878104886 302123144413074
1597 987 553033340241942 236352392850376
1346269 2178309 1340405104421 513601466599937
24157817 14930352 837245480162115 202111952560583
10946 6765 85164483792941 969172225922061
610 987 405900152233911 616262314679922
102334155 63245986 505787368960784 326383602845309
102334155 63245986 416653312562179 752457940839648
17711 10946 655466683276850 836517935450294
63245986 102334155 431212982329435 77481488943814
4181 6765 640784924190101 513960307222720
102334155 165580141 492556556183185 185871934410876
165580141 102334155 781863471899354 312452057301824
317811 514229 226054504866327 197593475782904
63245986 39088169 459214614814022 924086984305533
2 3 700794728697856 829028514310609
4181 6765 871193971093946 799757113856863
121393 196418 556681123075839 868419410811709
8 5 991925608512184 88690940949354
144 89 471481694285670 859811026829330
1597 2584 210776169478244 106426312176327
832040 514229 275441805413159 573625786191303
3524578 2178309 908987156183167 134353308258107
832040 1346269 565996222315989 197131612505203
34 55 628697865518701 985957274502444
233 377 887502324655267 253031984338636
2584 4181 496289605626671 897627838920610
39088169 63245986 455104359960163 237469049721384
8 5 312513159521641 912673347246146
317811 196418 685613382067079 648037068146303
34 55 470044122169692 746338703986516
28657 46368 992042055978530 986653238242918
13 21 704572239833324 474791882777534
317811 196418 371152509002215 93909122881300
13 21 758333630170010 233671867785990
24157817 39088169 438610096620583 690050836760671
2 3 43891252567690 466981684365651
3524578 2178309 894893192975318 188953051032767
1597 987 96842267284605 318457653455211
377 233 134528773427590 834316000901449
196418 121393 496477981668822 531894168736949
14930352 9227465 156082488461162 910553803740596
267914296 165580141 103475755610264 930097320018743
1346269 2178309 915499635077459 787312904209495
1346269 832040 164493903083622 965707553471384
102334155 165580141 525497393145013 840312751376935
55 34 934956336803457 239453606525726
2 1 546666905122978 297787285919421
832040 514229 963434782034380 328521660341680
5702887 3524578 762386778942925 208057690778701
6765 10946 374902595452618 110913791952340
21 13 764910128109191 889101712410543
8 13 98511897192350 846754658518193
34 55 731661156875972 952587833739353
196418 317811 551253367827465 912093619110413
3 2 988163986412566 600905939261537
2584 1597 176916578642286 876310271714383
55 89 631087150976431 461470263579774
75025 121393 433570508888784 16473973422206
3 5 609971557848162 904476669424648
317811 196418 663256003084497 273812392368703
165580141 267914296 786506529909410 419968185577715
63245986 39088169 99447783705012 756204087319514
14930352 24157817 844859690390657 826193865748438
13 21 87019374377307 572780506082868
317811 514229 840975153102769 130485351262185
433494437 267914296 641017250746697 835547651377364
121393 75025 158967145016197 337057502415617
2 3 616969915234464 91498227995106
121393 75025 860234545254640 313213491080597
317811 196418 468509882426403 822447858877986
21 13 251563575134852 369822408830652
144 233 619721800924724 450084927807741
14930352 24157817 343925901474931 469675553660972
233 377 161491095113430 216923230848120
28657 17711 621720342412432 730153877515835
34 21 957292643804075 391346713649465
144 233 665058021177933 518979608905696
196418 317811 529986743711734 109331876208264
233 144 57949826148030 331996030944946
8 13 896849162230937 778562131296843
102334155 63245986 763506415918228 833426194929383
1346269 2178309 270612744921111 275717378267400
987 610 596939691804706 886277543960406
55 89 899173259474578 641140259134949
433494437 701408733 175356648476507 454420926294388
121393 75025 460596964991436 490981966586538
144 233 521282465561040 6241970112857
55 34 507535278102825 257406382290877
46368 75025 664621276289205 567948442289595
8 13 227381180117419 302816412210212
24157817 14930352 198369135046364 22009501777905
17711 28657 859316276758004 308933012045190
610 377 330638227085495 392538385423345
165580141 102334155 675541004852806 604040094674985
39088169 24157817 470152111830106 95659212318801
2178309 3524578 670097959508101 304269005194996
832040 1346269 433910393522550 118321850254920
233 377 361292683169843 829210090365805
121393 196418 167752036701 905737743323565
144 89 376055075309169 74158194120123
1346269 832040 953578720280324 350938020333814
4181 2584 860833466845700 693699109815460
89 55 427337349293819 144149644719417
55 89 73418378911565 303975790335375
39088169 24157817 863345100089206 490437891019309
5 3 165906751187022 533350179460227
832040 514229 965183694843975 954480949966377
24157817 39088169 151851491658923 741905839725605
1597 2584 883078849448672 987096510020131
832040 1346269 568932077232549 210316071550396
34 55 203602486297172 182730173931954
1346269 832040 840946611032608 584139292485936
28657 46368 204816463596374 416088117166859
2178309 3524578 444019329844893 107594980332805
102334155 63245986 960255747370039 941511548104454
13 21 54937200676160 279886834296419
267914296 165580141 322388769039595 429067654420762
4181 6765 192994285535690 829594589796625
24157817 14930352 590474304001796 358672468492123
317811 514229 314031089726878 745644198274932
433494437 701408733 323618839211445 128886043447938
8 5 319477945227200 851568071635604
317811 196418 742522140542416 151263679045092
377 233 312283655675088 790762713754134
5 8 170026005943751 972877992963961
89 144 644291382306578 735245568783426
610 377 523959488730541 755958375055317
14930352 24157817 446006622006889 300569669080574
55 89 67038009485108 587418107845169
987 1597 580209839908950 224654548294352
39088169 24157817 416691525877168 144999726023779
102334155 165580141 476860063510524 491034019691742
8 13 309871695824401 111077445297888
832040 514229 988760111656478 464989742091504
144 233 323507975917292 966365452432576
34 21 667287510106399 572585792723564
39088169 63245986 731808793194611 821059457766329
377 610 631989338825984 265177812589400
317811 514229 735325847090295 485614335984674
55 89 934596708457316 741454371984475
4181 2584 116238262861420 288232087931120
987 1597 950260606210958 739420044116155
102334155 63245986 425654351639396 479848504463291
46368 75025 825665782960736 416626706643550
3524578 2178309 234816070754833 583241744111802
6765 4181 39342362352221 828913166262733
233 144 242107192470214 933411337150145
89 55 161950476637095 711916850267692
5702887 9227465 313859560499062 987501086097225
55 34 861108498510849 877915229392194
89 144 820831803757491 685683964994151
2 3 737406639531726 525685835897718
21 34 778469572244655 639176044339923
233 144 885719020926222 926492346481614
6765 10946 630211382133053 368764810442210
10946 17711 942560630566247 353822448060401
121393 75025 796971262314960 56038407197579
4181 2584 339491186265112 569437298216998
75025 46368 77308187877497 576864141876836
377 610 325433794700038 232248386552658
14930352 9227465 335325272146157 361102955334564
121393 75025 768140666028467 415745555191548
55 34 943605406496892 418002102635299
433494437 701408733 54901101813057 378940510662475
1597 2584 291409593388569 477604286181205
196418 121393 949737491576947 346518651750150
9227465 14930352 859750758771288 809289367917905
2178309 1346269 972546398112683 129052050167698
75025 121393 487663604825962 562219291479247
8 13 239179099663596 397134433698039
10946 17711 17191121170722 178182078332964
514229 832040 291079215904727 289844282601946
34 21 627487946161394 756010409991239
24157817 14930352 169994230887857 42070428831619
2584 1597 267153472627182 231978144774351
267914296 165580141 113407047517531 44710039739863
377 233 365919969167559 429566593548274
21 13 580022086550360 476011618756446
21 13 224310755404751 924739650819718
832040 514229 226260240101833 788849523828030
5702887 9227465 832203854872315 629681469490179
1346269 2178309 250372251197555 949371982341949
2178309 3524578 13701025421275 120451983940222
89 55 878021159785655 490287694085057
5702887 9227465 662389062096291 20312968306349
2178309 1346269 952153604206999 332227079837650
144 233 486771626494245 778218415550441
987 610 411615848669111 890202984922902
24157817 39088169 832180904811731 141113402585127
55 34 750546969195864 848809627659219
5 3 732349256023232 20908869643261
196418 317811 137540536589918 692990459623152
102334155 63245986 139587942334111 20470382199458
55 34 228503628334154 552268694732787
3 5 824520368392642 446244900277740
3524578 2178309 829759581845056 875272042943747
267914296 165580141 115808265879323 409487007091283
5 3 944082412687617 225913884990182
144 233 957838577377597 181484476825324
46368 75025 205790501398257 100794703181059
8 5 329984160021595 183133029950831
14930352 9227465 575200118745105 140850885619040
6765 4181 191472808595014 716124343079472
75025 121393 285578130557445 230514716794020
13 8 750167395675762 270043710594088
233 144 925955728912398 984115581473301
89 144 860328935585265 198562141947117
9227465 14930352 571073638929168 730094717811610
1346269 2178309 358324286957430 5392308363444
63245986 39088169 480588739291532 527185607675322
55 34 83246700140371 22628694900309
987 610 35840158076837 520912080333722
2178309 1346269 101191421743994 988651417341766
267914296 433494437 958811985162014 976763592380161
2 1 426315387882365 761993105002398
9227465 5702887 911718233204570 984361279107159
10946 6765 699416254642321 504284467899922
4181 2584 23023672276314 530399422394016
17711 10946 547175698597254 742722463036410
3524578 2178309 261778365012929 781775304931205
3 5 164608850753232 447351840861517
165580141 267914296 10601215134418 777926561705802
514229 832040 878284710335105 615417043964063
21 34 885906150656112 199626373306584
24157817 14930352 314466300676171 811980576007977
24157817 39088169 74030636292124 167908781850035
377 233 11593568082306 565493664036032
610 987 872856641266425 334080914478596
17711 10946 856005445091607 428867499909084
4181 2584 298688121708490 668230490681488
987 1597 913652971985820 243408781023633
987 1597 973060800396017 637297936423613
377 610 978740178833222 893615535768984
610 987 647876398202481 678908490303635
144 89 818368246297573 240645827404359
5702887 3524578 153523346225644 210656939343032
13 8 887958822157037 744077662793875
102334155 165580141 629621336238757 951851348471922
21 13 438426263738223 517816170683412
4181 2584 181919942075262 831809007549351
4181 2584 592064878208543 712425640731392
144 233 906846824051962 786541065977055
34 21 505971538122064 6523959115310
121393 75025 532640151508283 821041380557120
165580141 102334155 257965970525426 830503694715156
63245986 39088169 1305919686660 406869109904
8 13 120127361308314 931125613390280
75025 121393 717761020888759 177018649289014
8 5 76428834866553 377672951724289
14930352 9227465 568868451985495 523493793278008
433494437 267914296 167833375514210 768680428644886
75025 121393 32363239131526 667943700846909
89 55 67547263139783 681927952446205
55 89 652475810002054 23736797250187
8 13 435419773110716 952503131714636
2584 4181 748517446437179 936186177818889
28657 46368 256362523018738 251700725981498
4181 2584 366608537953575 296332509771838
514229 832040 909610643591100 725762277091230
9227465 5702887 839674292423532 814248386665039
46368 75025 440250004290572 16779478538222
196418 121393 327210727361741 171872515846147
3 5 653142646276470 947196564983105
46368 28657 641906422083499 398272430190786
10946 6765 930714176839723 900002891797836
13 8 373305046161419 48762844232336
6765 10946 9645736184318 722259056826471
832040 514229 953153103572878 448991058459157
317811 196418 26767648967265 265800661975432
267914296 433494437 778176929254774 107932324975256
63245986 102334155 79789716696679 78767535564358
377 610 533716091461287 829864080934398
5 3 694971878255811 280047437803223
10946 17711 31805696347554 872169926106319
267914296 165580141 85964339809735 584099770154513
2178309 3524578 184614660123275 504851708431920
9227465 14930352 864897731351397 310339721697643
5702887 9227465 461250211304228 563882999539689
144 89 728576601071920 798396137853180
514229 832040 622940331612878 61561677592160
6765 4181 699060927374427 237536777725818
121393 75025 50270383813262 971005394054298
1346269 2178309 58864054680504 761691078425147
433494437 267914296 259656502677764 677903413480512
4181 6765 198635140587449 528101640448311
196418 121393 352750046124661 459651728002455
14930352 24157817 111110637062769 689080170970882
39088169 63245986 821838154614977 381864781285253
46368 75025 667540159782802 381250640795861
2 1 861331354669932 611025650980754
196418 121393 3935974773872 979484002143878
832040 514229 109575443437465 359103251696100
63245986 102334155 24151697889276 217432232139403
6765 10946 585978310950921 28785869472065
5702887 3524578 360265137748681 524833732166138
3524578 2178309 225259043269920 181594883317520
121393 196418 715447082948362 33106956467338
13 21 831778272222431 886793905646423
3 5 800662072555664 588749677911186
2 1 797748003672809 712078043856061
832040 514229 966950083183823 957043132118791
1346269 2178309 326522667303041 135441269432456
63245986 102334155 219723461288665 149218316274562
5 3 446681051671690 301574623249055
17711 28657 658782415496032 277160927636535
14930352 9227465 35664531348357 844100380317064
1597 987 927380423141560 507397773288958
165580141 267914296 497577370810261 546582536338026
14930352 9227465 141808878702290 88369400309837
987 610 838897089230973 690321648871692
24157817 14930352 201185132139329 500226722229562
8 5 285442582662047 83464524191699
987 610 307830840589623 479598474486140
196418 121393 638200047303678 701251987432390
34 55 423880267761031 886762807381098
6765 10946 104897632000573 570445620394125
75025 46368 227827905003172 273168740988922
6765 10946 815635025519773 793480672426092
377 233 771794877643936 174816473782467
832040 1346269 864906258886401 683075984385099
233 377 184072248802605 767802748581371
8 13 634484901153516 285455856255921
987 1597 116445416214430 877240613081464
1597 2584 529871165304704 344764262960323
196418 317811 246601009446118 405965874155441
1597 2584 501979841388928 720189601664073
1597 987 593108119465878 860173184966589
196418 317811 241602132089678 179255778463144
4181 2584 755418218306531 608403932619602
377 233 523686055589101 800353586741992
2 1 778323539847069 469239430403782
317811 196418 367468556520447 338014151126191
144 89 91059774689847 485612926826768
21 13 315259760225222 609947433206338
6765 4181 998806084672709 375747515085767
144 233 229434677622054 433415708940682
5 3 234874038022648 368128747062049
46368 28657 105829503747745 460238203506444
89 55 528936494239267 456699188174325
21 34 131311781946457 195202646978031
46368 28657 989667955779384 213783370309048
28657 46368 447083987034129 22231719008249
317811 514229 547613878752459 650739489056386
5 3 694860537250091 24243744796048
317811 196418 106106359461901 693958840504073
2 3 121602168597673 455471229138364
196418 121393 820171954529233 336081773398180
144 233 982223366016303 850044377908771
39088169 63245986 209417076491401 552536880236360
24157817 39088169 517053811899135 195432673667851
2 1 442985010595913 940280897792398
987 1597 950970090726394 793242436669275
46368 28657 491956174620353 504064917053610
21 13 455566460384165 249035452343449
55 34 893675863812422 72024673376372
63245986 39088169 415827134348065 364018833296108
24157817 14930352 973849303667402 148639911157602
610 987 233034416691504 520846771976475
89 55 911850397796318 256726580956810
28657 17711 110738734375478 93459209020555
10946 6765 877876402362038 565862978531747
55 89 601778075912244 251640156956995
144 89 197217951792931 78099205222148
39088169 24157817 25470040326862 96602310717930
144 89 224070744758938 809386218745763
2 1 126616758810437 883365931474887
13 21 542532783997995 527782618924823
3524578 2178309 167130101276797 648962324525759
3524578 2178309 26695885963401 544989775371157
14930352 9227465 692829340792567 548375690703194
21 34 411882382566920 412568106077685
3 2 643644912949463 858297421566141
196418 317811 710964864713881 868852488544686
196418 121393 899393846637022 821484168682671
55 34 721560690036175 201949503382740
13 8 32353956078448 349789983629208
8 5 388052858305757 269365665044512
75025 121393 999835382705294 3924789791356
987 610 182435246980756 561226583447271
17711 10946 302743563243995 22817271291140
3524578 2178309 210012745931112 117510788202272
2 1 704650020603291 414192704146805
21 13 937238079624555 836765014808930
17711 28657 931954209017774 193189954121909
34 21 350816682796112 464219628863715
2584 1597 787289078576536 443009077699148
1346269 2178309 574599831161192 459040229821306
8 13 294730899317372 226340214860896
2178309 1346269 555411494535591 86739858387356
46368 75025 63535428030235 638867290632119
3 2 506710025251743 297848606766689
24157817 14930352 13967157602776 764586024340407
317811 514229 942833162858371 469918290628479
514229 832040 894825925410486 673832429618792
46368 75025 375330898192164 331031691496781
433494437 701408733 73848119320407 817343190447216
10946 6765 889267169281526 176292467180224
21 34 344614501321470 456024662778133
2 3 565564759900427 381484740078960
2178309 3524578 289249782863502 725032145172030
5 8 769363636500245 895225120759188
514229 832040 370499596162184 122327991198833
9227465 14930352 864072602998887 771944874335744
6765 4181 886191468330255 846142549379797
267914296 433494437 661385616035572 996873794313261
75025 121393 110152970835430 85441905139504
433494437 701408733 248723485222478 955628091084848
514229 832040 694393413835375 745947190957545
514229 832040 166596446024615 649152903488705
1346269 2178309 506336593109933 913666488830471
102334155 165580141 543113099804114 413003347058485
433494437 701408733 730493262057538 84655653987631
89 144 936489540330818 811584989464450
987 610 397777081183345 288802163738536
2178309 1346269 598227218467848 36278815838273
9227465 5702887 346034670164508 426681639530585
2178309 1346269 314287312567768 792075695668902
1346269 2178309 669479590787270 680648693785801
3524578 2178309 338959290013700 291841294144137
121393 196418 673677195185553 841753312483613
55 89 940215264342399 936549322468961
14930352 24157817 264634833611583 959790218008604
24157817 39088169 197972217774811 846726240665410
2 3 266113530698292 799161269922606
377 233 331201565003338 997635849938149
377 233 255991309074546 354957722780247
39088169 24157817 670362057951135 601008404437407
5702887 9227465 753598041557403 389420163112000
377 233 564204028951628 8210296216167
24157817 39088169 894911904386801 92746956058157
55 34 139529562684260 835867770457812
2 1 973839871983448 675540610632711
102334155 63245986 445795838000538 345853304713500
267914296 433494437 347848115767122 149707684925523
2584 4181 567923058593088 743913882727957
102334155 63245986 980648675899649 999677910402103
233 144 737946862874185 930140097033527
2 1 550348723811367 802864599746427
433494437 267914296 86967347660358 563285658996886
21 34 896992512822824 210896550787205
514229 832040 289556005274731 843067488427243
196418 317811 724761600866822 408745895746651
28657 46368 56124074494346 257534765812108
233 144 670539297599586 916958074259107
34 21 224149074317333 338218379544686
165580141 267914296 15457087657857 236778381590949
5 8 556678678762527 891737132447274
5702887 3524578 138037640620867 820799315146311
233 377 753694083808091 156973073744372
317811 196418 951286864667949 43019223962639
610 987 586892827557147 66201951327651
28657 17711 15860633871455 825105551997220
3 5 560458287106641 233451628248495
317811 514229 978132594349470 46579469670988
987 1597 808002587194768 302320075395373
5702887 9227465 827377942485834 941884599741166
832040 1346269 572735734373131 194652597443029
9227465 14930352 214475024332136 554015308449040
8 5 991556305143955 718271832816635
8 13 988737740597656 645578004746585
5 3 796789756306844 505227625635480
14930352 24157817 532921169849118 334734216326928
2 3 297249010981688 424646667522882
267914296 433494437 87343113601757 867628669443098
63245986 39088169 774852739185690 779527941439022
28657 46368 96996708136790 156169880984830
89 144 600421778009235 698026666524212
610 377 830633835279533 690494690419939
14930352 24157817 751045640637079 878091690317002
24157817 39088169 875605561259171 953928015347088
75025 46368 510244025259448 642297291623943
2 1 559593023661723 822941794660202
196418 317811 67587010336553 287464340957344
1597 2584 588980809635736 254087028337017
24157817 39088169 484986136136123 976268723273197
21 34 408834682608189 518872878672226
5 8 176524938838498 376949084203492
10946 6765 376404420832971 393962554499949
144 233 474419769791920 820844777468700
144 89 311075491654437 253730983963263
34 55 462326365357271 381773926494923
39088169 24157817 58967114261198 483202177177632
610 377 171167512486059 380294191037639
196418 317811 136309130874600 519776336999541
5702887 9227465 75696970511388 587843224340360
21 34 960556825867830 767589109079622
34 55 533299028388799 599347138303010
3 2 303351621555483 703597716435705
267914296 165580141 857917797547462 359029362529870
2 1 579766354544023 128939557811859
987 1597 55655769264642 714422033423458
2 3 14221588604752 222326495853501
832040 1346269 833255823403494 669342537742163
63245986 39088169 727712252823430 499531564927932
39088169 24157817 800535242967174 548458582942393
89 55 728668262631708 905565099495031
34 55 979119455443603 174357758946506
121393 75025 213382598167700 621164971635316
8 13 177189740158560 187989888409181
46368 75025 377640673122323 192872235799770
14930352 24157817 52401037396960 67117045703400
2584 1597 414319564586840 510213268842863
63245986 102334155 736531453394085 659775006945409
2178309 1346269 305084212644808 368476641845914
24157817 39088169 530101375112161 845321403068383
46368 75025 883053455877221 499564209740129
102334155 63245986 830809863399015 849867720664153
233 377 856260104713681 7285327197547
9227465 5702887 25566975042217 467281747629028
2178309 1346269 71026095856207 846706515825918
165580141 267914296 800326623770811 562031425384217
987 610 530817667678657 898816621982977
5702887 9227465 51181039075918 814878004394284
196418 317811 484039909038505 338169703700730
165580141 267914296 141239719652021 330455693996021
433494437 701408733 62087506507051 601924294865680
3524578 2178309 256733744092898 429194507777002
55 89 955183473407241 412671764433930
3524578 5702887 828374712503657 952373928243234
28657 17711 177231622467493 477403525573453
6765 10946 270161830895226 901460906672722
102334155 165580141 581493154863361 792509051813600
433494437 701408733 619090899110890 78312856740562
1346269 832040 259881371626177 71793002300267
3 5 990219366396203 164647551241368
6765 4181 34064748858407 169211765861426
13 8 256309870619470 242639586452795
1346269 2178309 485107784448532 374792300301086
34 21 273040503030023 92047575704817
75025 46368 927604565569293 838116463720627
3524578 5702887 792309485226664 811873234681488
2 3 461193552218930 683784495938586
89 55 418975841819171 856684851824527
34 21 795628028591176 434711126160151
610 377 927848787288843 48704090546181
2584 4181 459792104318384 830125775993363
1597 2584 541405934740115 573997034150568
5702887 3524578 241268411041900 107954476241939
28657 17711 588188231763852 46364885902542
9227465 5702887 292723405794080 128663731655357
267914296 433494437 271467737815659 868873953799790
317811 514229 205540568924685 143759676128857
377 233 770328490812736 290553586717215
3 2 893273852565270 968658394987981
75025 46368 65064474237886 330237677370647
514229 317811 295123574927807 328773857705631
514229 317811 394929879532345 487458900383533
3524578 2178309 172091737177896 220313740287222
89 55 473762330860194 889967176968919
75025 121393 831871365298709 205037652020120
63245986 102334155 777784204313228 739684376415531
1597 2584 833519545094889 678460386933739
4181 6765 925623144244521 229169654072800
39088169 24157817 729558881474469 856446060512760
4181 2584 617832696127053 384038714488652
2178309 1346269 582591583673324 321876684427362
317811 514229 538525376570217 573262354138727
21 34 464478978908418 74232449202291
610 987 488617212177296 293337377669830
14930352 9227465 292547898572231 841952062798351
55 34 490908714096500 561800621215393
987 610 733388237571775 542401303762877
233 377 450533358426473 468024968283853
21 34 702762676975116 126791606420132
2178309 1346269 285169754529120 111357246859969
433494437 701408733 89233777513329 425887121867402
2584 4181 306343344025835 719761316775059
