1000
184841874 919131511 613336348217598 165523200113167
328844835 231955901 211815016589074 716789818985579
271063907 678295226 41108258636854 102170740447363
145981124 855223817 683495362448032 99120240936381
661554064 673497260 630752072396546 31148692247433
84672301 364515411 742843608124869 107992601464994
417782874 940431508 783801744631886 159230001248846
777884785 505186353 173078233926203 864734490297243
919739557 869888087 596819807950500 617581875430562
728377155 96723931 494308283776348 982955040559558
614352626 661962364 177818300389422 349417453533939
85806068 423896614 257343099514914 705058274751201
584421733 883204651 514518235933367 865355468480079
431180409 588167817 614780178390824 859631931444042
434282431 205600040 38381412668330 199131242205285
419321954 702063387 189867358511785 801311774315521
577331044 246457820 944787902498832 634916676615044
966817506 945845905 689437260191359 546296494670499
264423765 643012939 634960455636116 805398327949978
620920525 635465795 12433357963813 508113514017135
583434293 736006430 350627278816642 721274589069621
263990932 174478888 149936867213493 711437302613828
662990920 982557593 564857847779011 737681198547843
988583498 581453525 733558093113577 991644167659425
670967662 50411941 281899892585441 308509355449941
603083681 255494528 3314269500701 23577555251874
80051499 765912263 379270958805000 686961859575575
427718125 715156994 64845797894986 48527775284488
736934562 490648869 899695374687746 618830670449624
978598431 567010511 729557167768843 966425402714161
514269844 221833095 183330848432185 571877159553864
365117642 409820927 261420887578523 326915276354075
85772132 685286739 410071753410744 373616496463028
620611104 539306568 382059146279892 572278310147429
538145557 578063503 592878033568042 276089549639691
526692852 470905601 915852793591344 169041879494988
985485129 119217122 861018170897112 612483327765979
326730681 772417568 112714007338699 366283999785393
435608387 608285330 665169990217389 191000068554579
407054977 607593787 740065618544990 507665792399120
407275494 538780294 500540168623413 904853007009346
411340542 4757641 388010709298500 89163331534473
184316851 114692676 210041582993049 669330361783573
206360964 980730081 532984434412920 151705972541915
340239565 1656051 474230168543907 315381146679004
571406339 894431672 1808188448916 118973687088995
836376823 841777753 679319637295295 284049073493829
635247632 201173799 903915207489747 78408896526880
150227859 941599965 176327271090167 389778676099742
690139868 568112098 546913278077966 183113859015089
654138788 993248645 808652131942133 974479290799574
370394938 783770433 785940824767426 45992634671700
282069964 340729848 383485455952900 754694299670140
856715677 860726586 915525280333063 885520809880808
604497998 380363389 605389733166351 137553201965757
348186135 820034147 100764846375065 305214609336043
998430476 204846585 250484789555103 249834071603561
122886234 539350516 398322983697106 59687153881723
249422216 882060275 205011840743648 862152622569966
350145977 181629890 329739905821613 3470693135960
314546406 929531539 204798106856859 930104679570522
522345254 109590596 556466273011396 749586476746207
25108456 989633693 817659357686332 596784956895580
725827893 679984784 236279411792721 315772546189584
862029040 773727097 610688854866636 832182761247299
983511063 647596638 924523590794288 435915948622984
863893505 7747374 799161884836600 588290992638204
907169695 939580931 866497194977242 664004752269702
709932221 336932449 52509335922183 494986628020247
25702719 435722871 765865986453610 634307599898089
985760358 701856858 556202398904039 637766829097666
109253131 901530958 73338178184091 267296702581807
130082272 116015871 411284666595360 756463109715147
772358324 476333761 403088643633863 482917714643831
906337197 738289877 343796028937181 859736619854497
201584013 626250661 342556253936360 408661045993343
869557743 505833733 48586573411305 396654291728722
980989064 583582066 949269343145114 957921914863782
974096488 86861652 129129592377775 526341942597262
437938488 996527677 606653359952918 916636322561002
300534396 471660072 643909390325304 592654295744674
316366544 784485053 265877613887800 798752615160553
335414060 480989321 975631130133040 30890400278141
489016354 594798152 12361986412409 967451999456227
386557212 545805853 46945522865633 335950074728365
773619616 896058070 577464289676788 620507220167093
714891918 648421674 493456035805493 936375752262753
89907550 448433916 792177970595683 125883524629471
233469795 396632727 387586737726391 637927762359655
780237068 696303601 405394271693346 804813965526654
480442144 729763306 438116937041041 655285019632687
6935039 327804812 833495400476714 706627635389009
813362405 95051594 572863921285774 233348696722118
657975080 220043330 810038741272343 345617308210359
466529143 123691901 259462556380185 190601091728346
127151898 642104108 863668008908834 722761654726574
183686454 421473770 181467044400955 420335576314555
136831496 176028670 207956196118566 753058855076309
538180647 754685079 31021452882335 19977099995992
965877700 369563920 704707384051614 806316187647594
351964650 982951467 233310213042321 770296425617981
444811200 392624984 78044956306084 608971291501900
532330435 88014828 957582726549754 180932756614298
770085135 528328300 259994612400370 204100699187960
123926677 271623106 984657250297700 393891770693694
33801827 806136963 801977462961636 343960818884751
825584865 862218801 775101558603771 359393849402263
574914576 365526644 942704247537779 745674704690125
83374283 12569185 598290216732297 517631622696371
85829639 924677557 113961709587258 154258601254675
797840404 781093913 984705727983225 295351380932161
584285147 87138909 115836656508020 398375030538589
942189599 294192062 723125750307540 268145323730320
152722622 198801185 661085746724347 396054798947915
792029679 23820887 187540783072837 959649177719949
306069892 841015642 66389569283401 654713763223068
490884135 393686924 297216775056151 790889441629384
143627934 379421436 104274046131066 235795927582124
312134408 738092961 929111133301557 536077217429614
585485854 461095070 875023146558791 250897388478077
328603253 326909823 679625585358889 901073453890128
655044537 427273592 654483534261004 777881052231338
217017329 893108395 248717779401500 686372992607706
950597311 613145952 959671386824898 997311563770100
29618334 830889291 214224035642587 232546515926811
766820900 737014475 545240616922628 588154212891833
299117375 474418215 342630619614671 364681758878402
233713786 359910609 235034926880268 288518903385591
719879222 762210980 750317513485827 35057679963678
721781747 198796584 708158089879478 415196445160780
813908870 682046154 979784898016545 775038226587421
403359842 411577894 109502414830971 725170857259000
450411730 414045503 14636754057845 469440691027021
776218426 258424003 81525146072439 470919887734744
963070298 854922057 983804052684007 530011951146205
304250765 671520404 562451368413539 323055117155179
867936772 184412367 380899123415811 155445249390748
443489805 107690448 681082191208090 629330032879056
832492367 112658007 491211065584372 556655772575735
639338253 49630541 570795826963991 158687942747846
263984480 151789831 282221776274051 381018033003518
982295680 629546115 536115654427764 68430107265706
473655801 531099303 531978402103068 87453702331998
929151991 525112711 639605765601771 765530690712187
215444092 121577885 881290703994313 284566521872743
978440358 723978000 968320493750872 714281815702487
197601772 172023535 618397386634036 910439472613383
404687199 350478965 518473889981748 198991719721214
716447467 865836612 243535866155944 698730564488653
670959253 492519852 434971132890522 732399626668238
936203708 590262243 284279377804047 168791149997798
893404249 4557131 533821806543429 991896141864645
459237441 435109553 187569520252148 130588914642978
579471455 458181257 295509551244687 100926430530305
373580796 896990773 772341498004610 955134826899183
466436601 316828477 14507368605043 638884421661250
360357393 481393814 707290073517186 216205442638171
118141978 468656093 2593866883979 323586796807653
140428098 185342619 787955269990240 315469996527125
403251027 806576512 658032288881937 971272379042793
687314417 275515305 606789695700773 475118319903851
81088472 40496603 635959711470304 992168263206637
891192864 38108615 517231174301053 419903137467468
760994683 537906502 13741057257843 572752750370351
349223283 397000605 962888104160178 306889767290439
804635566 384307384 465090275916004 656426919310
665460011 954556527 479257869998766 166680226272138
63349636 22644677 930323139290350 457517698786696
270292012 864810021 520840805141244 496228560264675
643330480 324653222 342782142567659 957221170742076
201473784 364298054 246913844821190 533567396405185
266855556 246984240 444941601092565 649465138538600
383295920 188839160 685426608918488 843942274370610
411614194 364526042 127524083097672 759687797517163
259102233 892013824 769614747478938 642172714858214
519387021 922867643 172218462671997 791589847594818
728353683 510962119 445228928476952 330251201248297
426957960 109437065 472380925218383 624824244548494
91376419 774440530 680735123763453 81477275953388
278811573 289750426 134846477645625 28480216624267
638377833 444797511 636355029219219 519999619572412
858543494 497552102 735020625710165 909059171695385
676447402 75086830 718852775432388 920610840956872
563205646 335280386 326278770067037 35110350597303
600045766 283414061 279175525753370 732471340039902
640638208 251759397 998375956398509 359295935261570
98117954 877501578 481964856150209 724863259791214
885591469 791282469 343014485304894 830611862480441
929825598 356628779 486733695779203 453098310310276
673438473 360445306 608178528112555 922951339292731
758207358 672026328 575166632382667 168582280664529
124546470 656978745 144678544799023 714640152727942
243767397 609245943 446140681317026 929192755070370
509526967 70650905 821097362821540 499942853566136
41496052 732397454 579457990384307 999632392329958
49207565 51431537 487998347971461 152189729173777
149267918 288486724 483531742637130 704298039042091
974353180 991276854 457950909947116 230201889646191
183538999 688845151 646220851892815 112581897740449
842659574 317702145 116507658468243 129408720146767
565175567 357188038 201971892309839 104277511950356
706225998 219522822 783604110409941 979053244145874
937106394 170742016 332292989115763 205654969119477
576945269 844590877 880075875488173 457789413542068
491805626 100410930 447047831115398 801867867326033
492770911 943757756 555442612897462 869949558630741
880931442 206444323 757339627166706 570142866024407
596081310 945913593 726272906286120 177374821431220
847227749 682123322 205531260927682 565191611923925
50690660 947882380 879102039372256 131223313245550
965017492 107133054 421313721313184 463599462178618
521970820 288787658 761398772204376 164267561076930
85335458 782319508 495273009692375 968612747230101
372279153 32179882 256501039431593 106308696278159
588426194 227598787 64561094595666 451910622872340
824399677 712079298 43505172470159 465057777168467
379744262 59459059 24699185072026 775726897974917
237728154 35419466 69062474360677 229589184921644
416947137 874635688 327797764124635 522442660317015
864186331 616454935 328990544546595 695819258719450
53010981 154488075 239189962441694 564296040206232
869811955 737430944 485470256110182 514102529530811
773165557 935857888 454785814839823 862678633409015
872204148 228334076 923204609672808 307782341248716
126971283 49862288 881187798194296 603842580718019
420233616 731574241 944427894604802 260787002107054
789759234 886455327 283013848665283 665883638215401
531584282 933630373 112602445083569 405733160145053
463826916 115510838 937199014814779 138805560717817
598349189 29443135 433987407268237 535507043758713
528689532 368754202 44839820086219 277629264196641
353713634 67797318 933139907491154 61078604342976
530920108 830242225 354410299523068 784456732866352
990848229 202803952 717929676556890 123524992001681
722916342 258170755 60877103199481 182131728861587
517461216 570938900 799826413168544 689455842340779
36915070 473007798 4417208303246 188567331402329
427542982 550476327 358695842357181 367888541166698
730772742 737642256 895588561614883 353109242796338
910624552 403230017 588638223556846 527302039182287
254178288 851605240 440253417942213 969407143161451
581353018 871738904 943313612709131 345470031362424
530594622 67559284 125402203275037 956355026146035
493280206 574117379 927933665358224 824598298092963
44747156 916133418 364982830698870 755919696674904
679035478 406754552 849946171461528 90375786466606
535132980 417648995 452971518438842 904981269541065
438979046 84585869 477767271490523 856963815674265
235353600 926147075 685072165154164 16110250346261
847272495 68352249 961483944001206 991537932366081
269364602 274742673 85632152052174 766307879515818
537593475 417681171 650935575116835 793746430324261
912809670 384318004 251621237898131 383356210244501
16474071 937850961 315546073639867 749535287572581
937375397 980896946 180346037236526 893557807395463
514455227 951888841 66012713957562 525255488017341
893851003 492297842 558423471075496 607396574159054
579421027 833341235 677772349641211 787193826590925
610395466 456162682 552854748066733 48931284417623
933979041 139543268 721701895279094 810459128423635
808324531 642447474 639710901861255 282858077643697
50208487 325509586 935452936283848 660153311179182
912536059 943387806 709233719013152 111705273939468
152750664 146813334 367670468082219 919373041143259
979154178 512221158 784937313993987 202505463479093
575051895 393260645 554259984718201 852547613359227
794983245 161085649 281522949401434 649770159491995
574183877 876385045 852616408997292 316265010169163
277514492 487125124 104907735805936 92245634365516
799985190 131260701 831573229359967 548937454591145
840278995 395624647 901781092034607 343925424108279
376263981 11663507 576378653106893 745160558316437
981764917 493039103 635293133232418 110699572442603
897573386 324328495 96822672553936 23543605614508
779948067 535684916 828607849357172 391736014728213
510734226 436893510 499853134948835 448589109766957
319637313 90081803 59321880270702 730513109653765
936073270 567412688 708451023578144 425205450620151
228416208 599066316 175636411499772 996401038786793
249930761 270859362 166577336683841 556375764187273
520518835 51773532 83911154170792 756259434811535
23150269 606882866 393618062618530 760207866111488
233765485 112272451 636484159555228 626632819279206
492566438 928196377 770218573422908 235636734186011
590151969 655106215 62968318070947 724112663762301
273658293 128744331 220945889110954 294517151053368
738516368 666390606 904130352876583 942103251130242
377929084 760523936 349869267334183 359186447065175
505938973 730408607 413935069584179 810137116125890
320892208 378436110 799996462457741 153870239324950
899423435 761420191 378257589581681 885661859962670
99220129 897259564 915135394582102 238474186528179
60854589 631361015 745950276590124 748304357907796
632455491 285545455 533168485997726 459426477460492
410554548 84959980 915308994389071 208887148613217
534655016 175870192 466789317554718 59700254076576
996295699 702223461 432956098250339 768946319328292
499627522 145339235 791002854217265 661244767406735
96202205 832578280 866517769595028 117001469944077
916044580 790189600 39649109744594 59886678782357
136499252 223515548 410180884845228 639433922854953
537266049 91275420 767894210759067 663230237663762
170821851 741692999 66262103233557 394516626087206
278099627 341081840 896933523980743 638342132952836
823060276 772816208 136052022193114 888735364955221
209282004 468119504 936535146359344 657827579815946
710809666 872167358 688940967047333 882492039926434
505912271 50768532 26477053039696 440281049989474
461731495 447854390 661293386184897 994375591996828
456843535 130721074 879505055475010 216548861344747
897108134 88365055 451908698276376 296697189473139
487500710 180804160 136754474073537 539353541086499
540154401 84863232 491441656928822 101658662458100
99361606 994849014 975438466392615 997855486199592
218366619 590419904 942863204156995 793096418794381
83295554 256236329 698830605034095 312725979168954
40654646 822965348 696371559066380 496764599006543
682745996 430086992 509784860836403 199105802616118
81559732 856516532 37364512306425 874293846409446
452242360 282046593 511829001674925 787104941479068
889183609 320786709 417480765259799 984122359343009
68944631 589619316 80919422312633 253704039799689
458341767 69304975 184878505885711 647519978963824
203749404 816237438 802492613005520 328954356615996
715724416 224204487 738017912498220 970242678359776
806750361 752021142 82442714010381 16433698564500
5755303 244527877 412927034774360 819331176359199
560823170 436093267 336389321590059 921785901904144
3804126 821412142 742498480139294 499271712389630
1644424 489359851 992724668524676 822013398120652
976797607 64186826 967527050482857 669809672417769
540349694 217743156 714871306865170 252084862524553
931409702 921251838 147880679362242 994978784965103
538766294 626895526 716938787793521 543595268433061
471280157 834171282 764139372127189 227920851795904
676371363 864701014 915902569440730 313611147718174
880161261 964672236 635580853521643 163000228882856
493383576 779180283 620221500595241 872860441383570
223002011 298295058 614741529615024 845841883115160
696625799 363573739 136791644936407 656801995935809
395901896 348290475 151027413704045 274869323752989
358027490 941225758 241271990582015 879727194452488
291543734 341327101 289087482400015 206610754938982
319964348 887719209 532409246211419 40439272732519
522577481 642429422 624452897714461 76740292195906
752095688 142069059 208931910254151 513938841615483
620740610 549182982 188607034755269 218969248997662
850511192 255938883 231623113205692 868266395984387
113449733 850427755 915114347492047 335852599259914
304712286 698905502 931636737808214 665962300994910
878703123 268380387 622245228156326 485269027935924
35666797 207966573 133113669297742 4115299932298
376400272 304362453 200459119232853 291322910211946
776302264 912186980 769452702364031 657918123797030
146441085 748332616 950850540762503 28655759724827
662859280 189049563 491270203588964 255915411893616
503515517 738230497 192989880274310 67252343130198
687554281 617090503 467139213619735 153949639307847
438939860 598517991 565771437302843 849240499561032
436843606 98809537 629754455530322 377994034183465
667802210 617603649 290222457790003 781703395067073
979362055 279000061 441840157112433 268436792258356
901615275 649195893 15613850949527 715826766767663
279558993 779526227 212966546493549 346540344454696
500826578 127469995 715853024742450 478161404507552
198982949 950630713 843640389901793 721629421341794
413473176 237443751 687530466197358 810319303557827
823302678 351209158 645186903619336 409291386663137
169939808 751432913 174590286636118 496885709858278
288280918 982408111 586872403604924 169396445986628
341856302 75856688 8789392885141 607718593570809
699756984 203379533 27575433453431 292247493803978
86170274 86980969 33724683447668 808668444535432
38891951 71452052 526335780048213 860010914137936
741553408 31195588 994302839786975 96948776341444
183238989 593653019 242872457663503 296722413084501
228271402 531266342 506533633779807 392648669717114
889151557 156453146 860145860078593 581200177327608
315765411 183952151 150918586398240 609250194259481
369481192 896120166 202223471909156 809374923120119
675320462 354956732 594636332912620 972293340133040
351040298 155228791 677563924468499 26618001934000
309692844 912207325 99729783903789 383226808926444
375390876 367170914 755246229613832 562748690027555
854754912 189834976 55900492290286 167511264483869
492961907 129069022 105452640566751 383879419506413
83267757 379036363 346601522708441 713692958666801
822168703 281831489 738522929547282 588395003012174
895158837 488381508 503320455295545 981181492464054
403239988 181441922 855622131622330 178488035429923
906955323 809492115 839469656981241 977014333877723
959466659 557419320 315295726050451 757036548029164
130159521 525006238 529447254459554 237408946326638
57001089 748843930 114913676111351 967306401748422
781994218 633921003 349161145096544 240250441016799
59348510 651575164 593413806610145 662928680865392
785267768 165427361 310143212778236 702504697197370
582879597 660654679 952271709162475 427741016899913
325059918 432020358 357385259618018 606971263340080
750775810 179934784 370960756677967 607152973897551
200420750 361200385 769407574448668 413602596509966
339542798 517327854 92260763262697 668477179614753
580210170 299405336 768284967885140 170574129620675
335707492 24951480 347323034325042 505654641457149
726740278 571175026 455792905523413 457843848045278
430314359 678939796 65724920169541 168173220701121
506276228 530289749 662650352839817 52615062534540
718372184 189212184 902740252166621 59694472080621
200416966 678659240 119693217720315 679489173438365
749220027 299567227 471011008811860 447552874922910
667674751 299054322 688498367002197 72349791787646
402013426 73627028 994906894081701 339267220397204
50892753 353143128 978474750683747 233379589564479
612615407 30015449 124178305359210 765199047334188
149176702 512704673 169703127883406 733493195696014
446361414 350503521 880022931840221 372941643460453
325572586 677533748 938467044875488 438385256488890
977216040 93728481 63796296707545 383218389340638
335580951 936095768 222999336552197 609978016270512
662655848 41573809 927177829829849 662510987679702
890567334 879040242 40343678189127 593255519564544
181951096 200993735 328691396250103 880312431011114
921989084 438472202 685471704943504 909129161535448
802533995 683199674 164737244967150 448235466510937
955018650 889897285 674081408911211 348430557182214
289776116 108835520 822451312111896 34730260534401
899698274 476489515 702047158632962 549928518326521
368928101 614437039 268465674650991 386935233668450
246291544 638577889 64790172953376 180039884018367
547762864 69530110 462754570886287 358887890840410
440823613 423300143 495539967900208 954240210110983
680397160 873675972 909589175320753 4425606046054
504983157 574131578 528080685241915 512308664658720
138624192 846615991 301338539573168 995331731668775
311568641 129601482 796703949225453 73540010201848
91050378 310777901 56407955247879 793023910813913
693929861 506427589 832794892365711 337828474779421
40725048 437397022 649139675940816 844932307857244
101512770 341158576 689032953925901 500614137482686
239599837 422133279 891822573020869 711366022416431
629459228 602701940 496797064779761 998152878110121
652858668 885844839 963633619639362 452170542097775
368264596 45171094 509334066114917 212482749259341
887417974 55787980 520867647512640 469105954899419
172378317 518768189 422331689052724 298706498269113
54178735 675732934 833645540089434 122667168814290
446129547 792731951 418958198380232 514446330622619
914379113 602515562 969532642352587 934257184674386
893040174 226005459 92424472247084 831412050098241
897982423 886682991 726420454664557 797766057802490
601297082 491109935 867291098805003 987374308360858
399630538 126248236 321954067118011 349208089751559
515932882 780337386 362780731759022 724089955494964
966256566 877103254 367755906077391 789347436535642
51246519 476882250 29229779808769 8146973708350
261175213 124790598 753084016984163 669291072580464
276278860 9787190 558776984522382 969550496494215
719185250 507374448 580969949194707 247996302889831
395309332 332770100 343465389963646 529268067575677
502534950 175046124 631090017895448 826170723425022
883065906 46113899 656090898324638 345013800500270
178954989 292327472 806395507734477 654906592064149
658165607 844618914 652678145632599 59602409774664
468207689 15100498 467818739124524 485839701991208
80292374 715659838 418170058916020 235855336408092
466858604 267193610 56028500918289 23452551995991
481915202 4580422 236020591237984 276331782919318
65943593 612493229 822833202384886 359379624944224
160825741 799886433 105370554216868 701317485121350
762681331 253029938 920676917755892 868543812719138
739916602 310207702 512262552216427 326129592333401
181316060 740008239 451303119540935 520177957607707
219180587 718561418 1191662641217 328472563854495
412557206 268277212 36007477784266 397532457368426
45656547 331663621 914787149369166 153373106614662
958323316 864871438 869895951795701 17983621104076
568277380 69964908 650000379606879 816282164065565
784201065 685974588 437572351524325 608689448477090
687906257 770527623 321191628662493 5668206217745
14222087 470420349 958002983131092 731654764717288
77249324 199497659 167746126355411 836010265119665
494028672 69048711 166211058079900 75675313230399
857417112 624922384 631036238113771 966413860177389
174210215 137263280 325284923306167 658541652464867
897535159 622161451 380280156253296 761655761886546
475662318 569130991 738716523242560 35378035156148
460943308 727374932 37942779288140 36746030397199
922195561 160711387 86610854720242 582403210817073
558362041 983676273 406714883080714 188492564717810
522753225 503892906 984999763968039 789631040584311
107186945 648566792 194009404712917 384321997814122
22972769 944403763 427026165594842 526271056254789
70575046 485739327 442433351511926 414060285695878
653607460 481340139 30152333084069 38293749022458
228581322 116783326 324436955841625 629607912911604
187839139 295700714 410547841949378 723643582742675
856617585 229860171 126922143449480 475086465764354
879332370 64488422 875222076573708 130504561469361
939324093 253234572 978564583840173 159227549209503
909358915 214487350 882394079407870 118744188265617
211009360 269843784 111288786288402 542521947804505
743459496 260024016 866960360641715 503145393681425
8160364 298974405 359097236016035 640326579082591
185304661 2848586 195553273247203 385094528894897
769857013 114925802 930951817439466 337023062346880
618667002 937695195 650174194512619 945163439156622
358307693 156184893 287705917847570 910295385799721
70084332 216461402 286683553953733 357028462688360
498811893 882056677 497456086694372 786410625097834
642557981 374815037 381080235336714 629582136780700
636188754 881585576 864958302271180 555721388987889
823524894 37780890 228093022483190 723592583188265
798380260 861180398 104000304031443 843369998385676
239841059 982026537 563098742301540 111219454050222
267388848 427621051 790327276362149 774217194371755
776428285 504366142 477330684403661 879478332173929
478381143 652221623 329708392603275 917181999066714
939510561 932133330 491948893578828 115817716620601
49479195 388359976 352811788577905 413687953067082
523370655 579743611 858780079222939 38340702012060
100287968 262825462 317773738723809 581822614547528
755968554 898024303 579138260212758 503343033201072
847606823 689301413 453653160817925 526669904000706
888007190 168148100 498839291171254 526845089120821
433223955 98380126 208333667027880 130282481667273
224884820 971308593 564395832503830 558314139007112
757660264 316403429 207337755407157 985988971622409
521750647 377347724 748986995943793 433499697114537
644358022 656854690 61275837350069 80663002245841
105912242 268681805 698842328842146 686485455992629
93050738 655021980 667003872665811 895137031370769
26817750 442429641 38716842203169 950075114409836
429863628 523859833 73588445413339 620861116803926
284266583 673060344 817174923996683 438550981705003
599835096 241233022 12058798813622 12553611876559
269311047 351417967 484192574961689 835592607824881
712459385 800904084 658715707234798 981344880508234
351212121 741802340 32236092035239 708028510905309
313325616 390165568 860234444198831 250265307096630
571888094 465983664 310624422174126 665307140657581
117719072 381497000 912826042653123 677826046482850
200529866 438160071 922816197425353 720553256029888
352593164 442194324 181645235662484 186404855381563
811289775 825023681 262565877028659 225959973583124
240515415 670372970 130356689437741 262561240597329
990848704 634063444 460010894635462 732941755362119
686069506 530923824 941512517887033 372477951068370
69609422 483383255 944098142350588 323974102869145
794787248 857854093 775126160103425 713339752384332
306087757 933431871 334363923710193 383860191342823
648395428 766702535 600851859066993 957854926977006
564469327 178228005 310406466494814 972181212254385
794180800 839663301 152384993873426 586991848144007
451565446 600948413 369917882164638 382159569821972
571332743 268393997 601761745946896 805656375527300
881519429 912314334 925764055625900 361466039894991
111939099 305158854 536507365792052 786960142762997
235521407 604513792 339037507950882 590981360797505
71159103 871887542 826749240286698 205475765648776
658181062 977263417 768609091866939 118592691015273
602101077 538049604 859715070551612 491034726041739
739708748 875114046 259893692731089 821508872812771
401924960 555064438 438439843453140 193649512311277
639756004 382611559 919150629581662 697267173706480
877593602 527609075 252242362096637 321174622502717
637023489 225247658 698969399718909 418233252894062
345576318 212284930 785686775299490 354253477521064
723241396 202713245 166158139392361 287577239281115
712897974 910615176 119804383828812 277740251719422
652466353 972406392 556219869376508 158148973381205
971501101 134033420 829918841997863 87768920790957
285391179 159476496 147858043035569 417967857481116
743870981 497667766 840298210836220 311547796244675
758542450 732588252 879002841146402 569394877267726
610994689 890930506 405642967184951 360539305585391
466985147 552464114 620581402422409 772227317435048
400150659 287062832 253727330720738 892570731100032
139945047 364461834 506926036544450 331642236484874
482115981 923790447 861378175873959 201515122579555
294374681 336089465 657286385909830 954952433786739
118900419 76601260 747642837237969 612164475244584
473708147 827006262 629399191116848 932370973558720
367669095 712508463 139006520077898 888284060918269
277127545 861739992 741548483095867 123684095656048
106440283 328239070 391753680336541 386249875126704
199667419 471338389 685953781171393 708244542632098
52782625 790945598 769100314987508 532072535692208
470541550 430604611 511824109354941 57667192390676
499327197 893254008 319698313707546 575870591182092
551234468 382336090 411490575511240 722938680398628
344409681 567961169 908922152807546 724056533287793
391937166 663431407 29160136506910 697556045449938
759526367 665160239 880409781066270 592628816858415
428995808 881941945 852230109879706 285977926980796
480411273 781434906 180322875074991 696793031987508
875902316 453052430 974788938115253 29332372094751
408913651 853905336 664519445822330 653685964470030
628944548 474386918 410491159498378 99490722505948
714879838 650116943 294360262383464 290974320453356
330321051 660029910 463579058420179 43407411287407
514747822 433827782 68184570434820 789429144859037
729282820 538510101 860210789021932 602880063012088
16154468 366512803 103765942911864 716990178277518
223309105 100621178 43299833832910 409971288689717
594173860 413854221 708266557231503 604977777186255
615526932 473161594 763275568270869 876663099187333
303074095 961749706 70106901001652 98071285400590
964154944 204190253 705477212183290 881257127914471
123099753 802101825 654523688965616 62124126455449
57679336 856936266 716808704031064 860336858766583
93274451 991586424 135120107515887 552320645599583
743548125 387313446 58351920284074 502386936448758
698819473 961566742 605572818272506 271020934263022
202594963 745688247 652930202198026 337952500943298
400161892 598923361 310056889445885 80057170440822
191435292 861729174 511467483954226 316915404143065
241794736 994348864 905596488461186 22710179744708
897255979 924124151 945761341743486 913080573315161
68157174 474896698 365814415140275 710390055256902
512548625 790339762 157879684343527 253050313206530
797224281 630554484 248849763084379 355084768188428
680341186 952142141 338696082757384 611675517174833
560586140 693150646 125060843734756 616611171117509
594711248 787566511 992611660486684 876545438517990
939212066 529440357 457150795367513 487615840362685
860641390 20025533 678895311475709 706507206832830
782553324 437421704 18601906125668 71411872650724
824124013 839172032 852485002076197 836154852594680
348841373 171094983 108715616650833 765891599579849
326146881 876646060 564479191721392 937356507976563
19318648 986759270 452270001907464 162395412545946
408517884 690571800 87910587746647 780021999274669
70916192 547832142 76432154455830 882454079915301
449018704 226633532 846331202081654 68808977493957
184289238 740035587 66030757980068 695696072765657
135668113 288230381 908627910121478 104398653537657
605958397 560466606 313211896199548 571893984438469
244270256 469028003 646856115445410 355697375484711
214899864 686245908 711195963168010 604038478950806
468942655 263665267 508835944794756 545421404161231
811786505 118032795 662914969180760 861887801743516
317933939 43344147 93568297894536 462255030547215
86632531 774145867 412267956977937 706364389907396
525182236 110797020 214612788992296 603132123169572
218987544 55224266 546300979052670 286653296497054
771845550 841866946 453482583438461 777069731323630
931241883 72973406 558715057977226 436376287334745
424125498 187008093 410698926880323 64514460820716
976988606 80628973 440332135912640 28364805708481
991923572 727275491 634020954989524 89334478852155
918343940 90704895 81438575853131 550611585859142
287844271 819872811 1447615254059 335109967782042
23474063 623138490 813076435352053 393023763793143
663179483 304786091 805090348939746 497337075073640
22311714 327972068 603184443102503 61347048855682
913335437 533316473 395208310458163 777171825866403
281798431 584263908 643412800523502 354111201930037
720943606 706985804 247862687341050 957987546053354
978281609 252229056 341425301747187 172726101467135
479581161 175475579 22840708465072 716616839573883
409097730 346857759 768392461296769 802725888537198
632622808 588749308 103797465457 812542146791732
122094540 311894856 705635214333058 278231968718514
211569879 954619749 867875817281525 316727227360661
460929995 986082080 535760104771970 469781754825111
175482263 299786477 564647163832217 929718021015227
854267265 778551854 554524200722089 845253819148430
839417451 826757227 66320288046679 772282473509222
473884176 174848665 935833929637571 578372500941220
846704709 632015445 670413725023689 988512445568755
545313338 653973799 7901212654651 12647713201032
571244985 201986498 726604417966889 858577661410658
800665187 722524992 526656383766811 28386203522441
497854200 898209383 864282359869266 842867871999824
75019405 527839464 522780687339277 795793464631188
92240340 366169756 587023150247615 661111975902204
899608154 453027015 722378208946011 79070270151225
343554498 554589527 247954770624906 49740272086853
337481484 154981412 315545737376497 888522857440933
153410514 188079663 777135019606894 823618002938281
239419783 158628580 247005858191961 796078261292712
62770360 647469914 953259210535877 106937771077703
79104076 111088015 512837979209150 700502626086064
165429446 210130350 904848758529417 557350527175900
438562687 287406922 183577579052265 740506408948684
733457902 307304610 994650409697110 946843149333961
132759777 618810333 672187684863813 619432609085353
39141827 716057677 247461406651237 936512178107915
978887126 123248558 96256664771550 958008400188567
465434488 77330789 116106847999889 419471511934272
425103199 640341954 519524433772892 508748058023811
388507102 859349824 896299981469013 978611523649448
598616096 572342722 608106364796428 418402939356669
170622826 965274070 271103272184267 31456923840032
817977434 559506931 56436677822423 406399745910323
115632684 967325116 633374434168237 475383089712679
659852273 793688892 655996996904007 523123414116084
195567575 20372521 701313705336151 906567424387548
584528998 356885283 512262066802825 250602936715181
305660863 575594739 761535382528194 492587244965885
636382941 451020750 852873763105124 458908799189102
768492245 133906578 160160677008266 769919288753129
350639127 604642821 782037251412806 899114653952484
107102124 968538139 526870352497895 16083963379102
4147831 30036782 783089500070455 571943520216415
271858295 30916421 130867027126198 269877477712315
798346241 338856783 360966081036770 59347771278541
977755399 108500583 890372583221873 987129229908350
284390485 217991951 497467028643219 751753000776381
273597136 82138230 281802282725170 183796658578117
345438391 560513460 485085762062387 139974399875676
254724836 423963403 263829360937907 251771439951888
238053898 336545573 81323768374348 835530989653882
7051765 249135194 172189179443536 752941037506684
675021519 153475049 652364468964362 269273060947588
204234327 910368059 455199402458370 39253955811273
533568297 633753381 957695647004983 114630121286794
537288699 200347940 218846424862564 481806174553684
506233051 796747936 977962208636221 95190231068474
885572211 715998763 834146795390128 51200370241820
392658247 406651073 820394557135143 769108918699235
880947956 138977032 261631889519810 718279327181248
87648624 934869135 557847628006815 636032960832626
673815630 762874128 335003510842132 894967204652670
481605113 565385135 605661851417328 264591943753078
925436149 33487418 785631844083391 814335963163189
38781730 180526184 294603497154821 912813589331999
580115707 644208412 703604372083327 336323198544995
587237073 450050978 581721199660903 561101595362618
993133586 295856878 834486091504815 555670681436455
547006598 143184097 707831434306882 4348286055990
427200909 495257477 22283396237127 524267768758591
113865060 680385101 453250239955296 772333294261537
381666911 433552216 255832614143972 219330460512777
401720366 137668781 858435088187946 395793697522859
783277337 942789502 782074910994368 314764562525573
307840838 478084967 747302544389549 892802836377632
667440624 861060525 846365428028341 573221211654736
924908206 514442880 1565534388626 586444450706289
239540404 736738875 349208083526717 403119062221737
977967626 445470881 934484714294052 231457912488747
985234136 321778207 829046311822707 318780084740464
547781276 957069583 213646582832974 806177283478653
348926832 940593392 955077440304914 951030480363553
95535430 936392624 87514375494297 773232253732149
680440109 920056548 649396248648820 79817717029084
703808139 238069004 399724163830064 59817617884098
144080482 476611794 220337557623956 766322761148767
486921869 282380361 158920591275743 386935504090931
68416769 955524655 916648120914444 578574174362633
403836175 11252525 623205843371791 164044343584565
965857950 547336467 86352441287446 117206400552920
233480050 242264095 796153092648138 589070338794520
604004970 591120948 339417011313037 729992427462762
261533371 336328741 327828537518780 531702877204170
191622456 356956393 24836344099565 819555708472831
744135563 249932005 891912278393647 130217870876890
918925178 486567720 782513710137422 807103546271093
380789284 610888872 881934751653901 249558473888885
274077507 619474311 259137320717931 238359079086153
675975786 713838673 787977121905377 277221864344682
721581126 475549501 318232879091104 36460535444635
587376095 260270954 643017473459413 718606207507497
983893973 635331105 799254930618855 50338564812074
969999269 141146647 866003759206069 429772341563327
787408098 219631785 910684246950617 985052435652947
621850750 288551711 832710272446697 936232352945115
852163585 268426219 580878163669938 408874845205781
852214990 145045993 279911420801918 665015568358859
713099107 143611294 326811000445773 773049884789007
777505430 44178043 955693232944668 456969986921342
690384602 298303513 325790765986851 893836726018687
676022650 636311420 191325986723856 128383801979779
208345562 340075090 704130598980687 822050967442244
562070715 714171443 749474918424643 18847659916551
254540662 409264096 482563709316491 467939656884700
36207421 484959365 402595157910848 212685082777562
950498398 869117176 693530984777011 313067287310693
549416833 57207034 561951687669041 824631419796586
845872359 43790963 748840136772672 473943659555231
848351659 7291575 864865893301729 95237452356549
553121538 620830149 26557350784846 784306966011624
716906364 58557316 167437639742650 495307573147
310307394 351167749 721279120979605 406169883523645
974493272 573091270 351520924548807 807345514928696
190103514 702362347 169555345305075 834364719472958
344533824 905869957 823271630903475 337546202603149
492081307 50736332 219475826265311 699162147823146
809682135 16364390 610924782452423 429593854031911
807610617 510513824 610910995553910 453416409368542
259011425 658254513 324110580159727 582820437150516
14601478 649298683 737615645190513 406741167319513
602937022 817173323 56582935662261 539849192727685
577013877 88023318 514733423024172 343699370388538
989454962 895912636 17200606779203 129273242001798
642650263 226975943 825985932419232 317672418376639
431329696 595609898 704380722510180 554858280507462
87660128 198532739 519439614045288 612051594752455
789547785 657530715 187386343606146 22965145698165
135131234 83546466 600187353186495 426175388777552
596932880 710992053 647237542593448 580508731414112
827312335 680723738 879169162143359 823782137267704
79899064 394501440 170829709035392 601492398247158
400756603 818695170 64163131740706 211087616761343
955293347 408668066 753109909892182 503987217083333
475355607 220892431 494114645609412 56559227887682
231716628 856047905 70735228089106 449633675803644
767970037 430635482 165142948140830 293538768887105
174744046 785361828 924166467038273 386050284400490
682370442 280560279 191287311752075 199557695193625
738288562 621028273 597501058916363 893792457623676
275027942 173735965 58148899081222 135528552956041
126558339 215647343 951318651123261 303818016604738
597700605 864638948 242534384308009 112737504294641
276290596 388439460 231227936284224 394227832977514
846245217 900318209 590587148494639 745001437304909
397862903 868583863 162125121959711 517278106619714
374040900 467225900 505026384828914 659409175385149
952572671 37850031 788343254792068 615918181292985
886414457 112504506 368386957351148 561597981605631
340939230 198593329 431869367932346 830422990605150
842135411 258981538 78638266886456 622607561226609
783053015 557739140 170709360897963 420886231796830
522155587 918093178 810088026442641 69271521794323
521422284 822218895 615957039657699 904071276377481
685399709 691371130 678180196983890 75277409636355
99781695 284744409 262946464023690 375638255955533
289305555 327841655 758686304707443 869240836035838
329726804 933587335 205659997694317 135361234310840
551444696 900924648 662380824079505 541943486745445
660429261 847516001 663918800907765 715652446875513
441631293 585432035 477198044397286 340005323598644
201231884 763955660 777238417673772 977058822341087
196219446 257854496 33590651690315 497998169073931
472936980 20452047 30828284222910 801250499905495
903393429 149493748 62211692820028 501711892258345
926018439 677871378 316056441663477 359091221173233
625307853 198565462 954458679708627 241039302914155
388116391 254173658 769396999782331 542375256062299
440833519 78725341 380900742601675 491323880143440
486024536 234470157 310387905025947 502508202324963
573221551 834633663 863298736473982 519345725338359
61228828 26390323 616245690579392 546966232862712
658753375 417246162 30325351627751 334577153414686
79663381 597064049 976146194925555 999172714418857
741499890 804873358 502156064741791 392503574531107
275967749 502988175 147890288733088 889924557382051
571103225 237478408 960012795108579 236277001277958
495496272 585920499 879220084915664 888152318126902
749339304 156931831 263921408247179 709365273043301
836119031 397322659 833667165794095 349760233688656
499499216 287503537 372731502935827 771659517614205
173677726 34895941 548993136979975 881712095167103
226115814 814119726 219930665961621 97853029638703
729245831 473731105 387242418772034 358178380464114
351436538 296568067 892825534913739 596115254779383
980712851 559557661 769057582223211 960043113244535
104830144 751329127 210713673783825 664425254668277
754250567 745174463 522296425428140 720763873929854
959331209 354762288 664383031011937 311892917051624
659936451 708860206 463348277610192 487650694656788
888739914 957897686 989233196444500 601166017828397
732498124 902020912 774554126765121 375156330220519
829517715 523326318 809387681895974 737022549666243
731216322 795410732 259507648576267 838287524513864
742121879 825003184 823015063414705 874591454091849
998428074 24759081 99975893950678 455930627877923
283678762 851000817 211456928467056 819424168659709
141559332 794873804 903601293101807 377993462453255
681988797 253107751 241199687365757 450003702541245
60650100 148801116 911397549207103 513071891668260
10365027 211692779 55281575928722 69292763537673
807392637 84118208 468149366181712 516003227995462
937858511 917585009 8239975657739 85722097380350
423664576 800791422 7430798043726 385470529632990
181284690 936410001 16297995404257 660401819832924
837085537 315533758 923361206655747 66303221167353
318467808 94862785 126418649986735 290833627006592
385887265 152290116 195694008747225 647454614858566
828558859 334294296 857715014713264 653949787852650
10775907 849432696 501711514237659 932967474828820
966943750 586496587 669265647524030 364688258543799
44241450 549136481 576133814167476 58691193331280
360246178 938633394 73517560751956 287032728146598
530371865 269147300 541815300847021 757892653663626
853559635 345351236 411580244010123 343939995347478
980840049 998075273 866987278907058 215115999022576
988392235 79150485 403284428211487 476103960404101
4263445 692073973 497661919562828 612596980769360
793134812 297354718 522585124413803 147475576552466
851476872 768874864 646752589320103 947222052748825
314930106 76224756 276859350670696 548552859699067
874547180 574851103 567006543673741 420218557093209
538669237 152176975 79343092699313 628910384429599
506464772 989106378 406596360129128 431319443471552
225108066 293331460 782489472659073 421498227269627
657598002 490720983 229160073163331 537722532532634
747175666 402702537 875589134839217 850629910938032
64497273 171398732 378938705344712 559950739694040
234488889 281730551 285217884106942 985006384270458
421677692 635740623 634164062397762 324191010657287
40575399 72553602 166914210426304 869671447902778
474421115 349030568 548531107931804 861767432802134
355731025 313057282 428895617390195 607893013903724
868782684 624604349 808965115165535 869347574899604
747759336 155863213 874848778223665 117209666000176
313702302 586314900 439677694040503 332256087322926
438389183 882284890 975699526274037 312376951446852
922888550 407439188 947201872025453 312420384313652
625727177 516909951 307883084205657 173763263106567
660218742 286227651 481749304611309 697789188996435
288200088 994344754 97972015675288 187447614339191
599599920 215889736 4123851724353 368626592069596
568909662 764919594 737152822426507 254088148494899
380615575 644892137 499108240017683 938842360361915
755931374 348197054 391406696872366 890529411044729
225675597 727198285 142891018849966 770649781992575
477438138 538267108 372918781797660 367453213407528
827490453 801631930 663241007559420 14355947691607
188871894 983984434 364329774804109 596356429482173
453959505 33269271 486054597677448 685515451698706
255808755 151450591 427905077060190 396120751821913
610859779 898905066 337102088174973 845256532988190
55102052 479195074 996628989027465 546028897382584
176698063 137140315 718373515094436 326078081115529
381312539 802580817 209467525334184 361044868620090
607623543 7884846 102017073893481 243151429724674
540541100 843511203 426407939076085 555106733307358
830089053 440950987 715172047543253 350671607956951
729255495 971439213 438371908474699 257442844968769
586290819 763717689 932708082568596 470265055580408
418190529 778278919 54701260838693 98162527931042
729771661 108871965 697455957976816 272584305834993
391566732 804686183 84594897264542 425929068987360
582197948 161394878 90440581009619 744550436403187
92484025 226857508 289701196242030 260039227894649
234726900 945457412 504945174594504 610299630640843
997590012 849531508 173772063743218 493513333692044
167757495 317238899 488959818772473 143787098774248
420796070 683086125 964986336787491 355891048079063
677143846 804901428 139910751855921 699161057103704
165068716 93757382 994577318398109 734061873318584
219036934 625584652 58130730466011 570981837995979
406051998 388096086 885432801815705 185746612499759
788958647 58956897 708630692476928 987951755098253
241946800 364613523 160647461098994 510456020465113
926428222 152828987 208339183876940 95065745274511
435413171 533512403 186915399458339 957853176137974
894359355 820950847 981910877725448 601128322273118
513247515 898631694 677666075554374 972701303633763
516027123 830715317 757069018690848 376590682183977
63598075 928217 800005387877141 218584225136287
108310854 22098563 237155096561438 433375385047742
870218499 282496875 120961777632492 257196376340681
747932601 764356911 887505830553132 724616092519309
60867976 927899290 635029194336196 195186835096735
494471532 842886624 603383176298261 950542761511842
466086523 918282718 213943399264057 174156335410560
813719331 864658780 149884399748675 354750922914734
378809455 443694668 475409635279492 773042668065642
235908417 403188490 175928451342274 570320258731262
183891862 406882715 493438853696640 744529711305468
25140167 289213680 6721888569146 766533299954049
97864644 648545314 568662932448167 653618465926516
717002328 92491189 122260817328119 609520108024773
234784362 178914006 119854451569173 272480171225264
649829944 346176671 420781798397156 833772799786746
10494619 258439504 740824475262339 867206388440880
500793927 110786965 604856497246347 415292741052140
961007881 414718404 309817115864909 243658879932433
703179529 180872477 754696124372246 898147827195916
800125960 233093898 649312571915372 978255820717843
951925408 743585886 135986323057743 970559833724775
111009160 32854168 634063577501051 875154285159571
100838095 568036638 433714734819234 296153462282924
272574238 338078340 954954373367477 413278191644048
191448825 299835333 913024372574233 799529909960745
741485052 65326470 53854314647539 631059024280489
946367519 390520151 431961234187871 308725825162957
551139571 403433715 516334926757042 829657774855452
620408548 640995708 329757421312701 67752516380199
677898359 425029826 358209395241994 761723193052360
962266507 997816443 917506527716638 8646280685157
954030745 815176585 107549205272759 862970381052459
107162102 482849081 816570064917774 29695345203285
823977742 426311808 571920256659732 296774302208356
741463464 160807742 301579000656310 646782117614950
692496678 150266748 926071171174170 566859160005425
653984195 913796783 159962975625696 763267478106022
250978773 510348020 624533302720612 457619299781872
907463946 25950804 865973005587448 867346697558468
354334124 980443647 624049437593132 67925323276449
273660895 211053458 591636680173064 879772888928015
575233247 362527827 129925163971918 639746536197345
178566725 97588849 654827630300602 18897425283956
243500864 26508358 245787578138179 425015672626416
56290782 605476246 148452634427481 544609718412163
641510466 211303631 566695566200102 674739166128299
21532141 117408329 292909696948943 969688002890858
930986743 509341061 432746219667890 99260623256721
