1000
3524578 2178309 538230926235605 979422328442938
4181 6765 2385726105433 643454057837300
21 34 428548024831973 704261646606461
433494437 267914296 802535229128894 931676347932459
5702887 3524578 120901407184905 287067853505542
8 13 818831510150413 113149410531080
21 13 694908283093620 919360371621725
17711 10946 490862928998537 684147980236707
832040 1346269 703159985887098 115834497714731
10946 6765 545854378953111 297858219005237
9227465 14930352 181653457788305 292918672693047
13 21 68702873802939 499649285604119
2178309 1346269 990999291912524 356327424695404
2 1 37029325994139 229376387554240
2178309 3524578 480070807190881 779733972277968
6765 4181 12854729750010 784624883517642
8 13 560328821007011 803028544235149
5 8 617889756403645 784124772600556
514229 832040 472663148666888 546191739891435
2584 4181 30232570963688 511346244043264
14930352 9227465 836331629505187 865172608026194
3 2 71544960202401 536403892172029
2584 1597 808011418985898 315636690627148
3 2 948192927132715 172913974565373
165580141 267914296 462908815829617 61697051364224
196418 121393 273553359996651 770979458195000
5702887 9227465 75680321065067 992412035356087
46368 28657 609107638610021 484650767134214
21 34 471030114989359 498036731099098
5 8 93460987829311 224866866216159
10946 17711 923901074130032 250627085921265
46368 75025 106727593189436 122136721182045
39088169 63245986 349063515766786 406576617144101
8 13 201552091704385 476598222010680
196418 317811 829869746849755 238069876611517
2584 1597 422526844451411 881071072688457
1597 2584 516305481556494 785107189204771
39088169 63245986 490538682191509 180816069815687
514229 317811 256054490940113 756728638815711
317811 514229 612340693745485 478025692210443
14930352 9227465 978072254010488 75204707985306
5 3 566073290931423 206245883127310
377 610 551418533576566 442296188021020
102334155 63245986 184474629331408 377233580668393
2178309 1346269 616212888990306 706395210443341
2584 1597 316567764603588 874949464858899
24157817 14930352 587076105054703 24581949611575
24157817 14930352 144234973353599 49802559259430
28657 46368 33250294872305 448026545834753
5 8 63702884077030 221059084455641
196418 121393 440172822007902 866544791704052
10946 6765 66377285805054 351373654627846
14930352 9227465 659887821031242 975257976272760
267914296 433494437 71911978487274 978740637208997
196418 317811 532503129121513 676578769775383
28657 17711 905113436541680 216057606613454
75025 121393 928009314475663 358879119822712
4181 6765 451275627697269 961695870139833
4181 6765 817461718070194 151173884691045
24157817 14930352 272784267220475 468839693577153
165580141 267914296 311281235255782 560711163897029
4181 2584 350745953518889 55774475819355
514229 832040 49622135731935 650962486796961
5702887 9227465 84028296708546 94067669007139
13 8 827000994010737 945238528752417
832040 514229 404910438622635 347201109793999
14930352 24157817 218764228919954 807117071091855
2 3 460108639489257 226668146616632
14930352 9227465 893718389711702 796827096254546
233 377 819464271830432 235940540789335
196418 121393 974159883079409 301007426642676
3524578 5702887 603006835871764 227424274331973
89 55 905988757803447 876923147695131
317811 196418 245756341466794 312649459676729
433494437 701408733 305667902879262 178452128125586
267914296 433494437 22052380444135 736890967351437
832040 1346269 397135379582138 963058543155265
14930352 9227465 526251998846063 220768568702648
21 13 331249290703935 477006453025327
317811 514229 777765993138950 441353902671444
1597 2584 314911388344706 427886002045063
39088169 63245986 485030120004753 794038877991961
5702887 9227465 16609301276535 876028567285391
4181 2584 682475097136661 73296528557023
9227465 5702887 769030307675954 823732229434032
3 5 77327176804022 527513597616286
433494437 267914296 325912195174377 799589272802932
5 3 890167009255352 588432549684336
4181 6765 983986456655600 367296697960067
1597 987 979844737944704 835823195512973
63245986 39088169 444470706851771 542168613309092
3524578 2178309 582953685619347 996659245851982
13 8 119548280798175 662183893464513
46368 75025 144392027554197 668654097664554
1346269 2178309 200224805874448 939579969791458
1597 2584 767157759957834 601765182764474
196418 317811 784630986957603 973206573550640
6765 10946 304107987360664 633859839305143
24157817 14930352 905571962800140 482141077566707
8 13 329473043038338 499361836971770
233 377 326440996398047 366459865288595
2178309 1346269 443037723791916 221825208200570
75025 46368 421674690195154 949384550971034
1597 987 179090545060573 902997463891025
987 1597 21567208298297 121558545921967
5 3 706463795052279 73054941384118
55 34 875336421984648 486963790093211
9227465 5702887 765992343643392 820923904838403
10946 17711 926162650134612 33361061932614
3524578 2178309 926187175697820 695327779595439
832040 1346269 226339287999569 344976398272186
317811 196418 220779454880655 49130779220564
233 377 23870789641300 729921850724126
89 55 51084775394239 224090107560618
2 1 627146625625425 406780314881212
8 13 707131629690159 190479098991497
13 8 404838286236253 624012700149755
46368 28657 960358999296259 144252500486634
89 144 493255955494060 146997740287076
34 55 907666619030146 314696587203045
13 21 90847046679443 648612627298463
13 21 949810521700110 427264858656435
46368 28657 109986108861574 147833597113974
5702887 3524578 630010929489453 40195108037293
102334155 63245986 403350941354778 858228725969616
10946 6765 321255400937859 745728634885962
987 610 973639308175619 136927056674230
34 21 242942023644373 140677891310883
2 3 629291541868054 186226683148881
433494437 701408733 900799356196358 987125546146802
28657 17711 645360025280583 699673263187689
63245986 39088169 542356970780 549837936863885
3524578 2178309 322279756377003 207765040620774
17711 10946 56052089238587 217173919917807
17711 10946 479216731187830 700295582941394
46368 75025 987848763119527 170499140498990
14930352 9227465 41314230299901 686749515446868
89 55 990551935868358 942292934767749
267914296 165580141 235002245874100 818107966884917
5 8 767371377901339 546252202409291
2584 1597 585060656053552 220755665925214
2584 1597 304821386813003 449608248767225
34 21 425430516105765 420529638095831
6765 10946 926670644400154 501086357325607
10946 6765 687413812152680 717420594708168
34 21 578790399763310 562236216001165
267914296 433494437 455680950495725 342707353826427
233 377 978480753748298 989860465036550
2 1 440790100385993 61178335164247
17711 10946 964917847932115 867827885159816
28657 17711 333758165129521 468403116690661
832040 1346269 90833663707981 288763827730988
63245986 39088169 436644135187575 611472864832973
34 55 570401649056798 826825253605419
75025 121393 452916638011923 473374948691417
13 8 868730874108105 304221702597598
8 13 889674333788055 287078293529584
6765 10946 826416228865267 633623788144828
13 8 805001296099512 881877842768412
46368 28657 802335694362209 686290780615006
24157817 14930352 711430737542987 714074857524612
2 1 414258338520310 585399609083774
1597 987 893850516116292 261989122614897
28657 17711 650617735899832 316339751701491
24157817 39088169 335410032739000 959962153144395
34 55 922514459184075 180148516611765
55 89 963547443300828 525464998709660
144 89 979615923658356 622965800038110
3524578 2178309 351728486521603 471256787469323
63245986 39088169 61198837586711 862186079236774
34 55 274962337703586 319094960893026
46368 28657 659893254020152 132414819368805
5 3 544965421704014 713297030591111
377 610 606889486395004 612993751198100
46368 28657 116691348510139 172199839601029
34 55 378809378074792 79364197848267
5 3 833992156715198 501698631423876
6765 4181 276856637975455 957292038372291
8 5 444804777813324 247484579507660
121393 75025 344167405275751 648069451036756
233 144 870867710106232 59744271704261
2 3 590154108111397 674637524585335
89 144 396762401375607 800669455394808
17711 28657 306032326326811 157670518318405
10946 6765 449327452563870 627584835104270
5 3 29703460668336 926277011188981
5702887 9227465 457935782430818 918787192215759
317811 196418 838636782105191 110115248376033
102334155 63245986 780886702598486 285519586152739
196418 121393 75243402787813 87478272403072
75025 121393 222573848437295 827481455971092
196418 121393 80237670713327 298385324671596
55 89 720322931089090 864650201927113
5 8 257659856140393 879048161783900
832040 514229 551487825127684 337149080206219
433494437 701408733 12743092416855 684845930619690
34 21 626538895945992 47908551760322
1597 2584 363784793661662 832269004846286
832040 1346269 115704268838147 741964509059320
433494437 267914296 291661175506755 804460371160672
3524578 5702887 893185818290506 162748525403349
46368 75025 174419743309545 145432040312857
24157817 39088169 429156959322194 857763008316448
610 987 243769500370007 217650364602705
3524578 2178309 254528312029870 211555360796867
610 987 305467125841455 921223093424257
89 144 383530469615379 652600344301510
8 5 66821956142391 348272136735553
1346269 832040 272836036500055 570056808178002
317811 514229 233913764441171 260089573127754
8 13 923782986114924 736565548335278
55 34 405440622823559 859370571930997
21 13 577363480317800 527739841997893
514229 832040 822657802483960 246374559249337
2584 4181 597842628100480 839988543278493
1597 987 664652220788459 321607256759087
165580141 102334155 796749851386631 659695607808352
3 5 750597143098820 930217874894097
10946 6765 851273213155186 150909445578582
28657 17711 187718350158599 883977557377462
9227465 5702887 870849984251991 388902541673064
3524578 5702887 69487934871129 38701213431958
144 233 335903478345064 385031471337629
610 377 659749126738303 144738204844107
28657 17711 800185764697211 891745208288031
10946 17711 921997312241757 474250726301325
63245986 39088169 847332362840453 831018164923959
267914296 433494437 771427786307831 372979229505588
10946 17711 30692585111193 821921571948876
267914296 433494437 14512949590899 402487266629944
89 144 996759851602925 524024838108902
9227465 14930352 224524023110163 442252541754548
2584 1597 648099549552596 97978156305584
1346269 2178309 762967238660414 731536242529502
39088169 63245986 47236590819012 882762553039728
610 377 485738730241912 742825186956047
1346269 2178309 323794730808144 184585630938897
267914296 433494437 401955721358692 460483150442432
4181 2584 460553229958702 218790568394393
2 3 394185760167368 38173868176009
610 377 954123418506801 901912461321266
13 21 186295849430408 791293360683556
377 233 236522418223182 477188920194339
8 13 401038688234408 463659390731367
121393 75025 563103457019803 100773692891607
832040 514229 160178785128782 830216066020941
13 8 218792458327370 197773978912212
5702887 3524578 267154184122813 305919339144172
3 5 130736721012914 889540010635204
89 55 762790141147737 844215972485247
3524578 5702887 449001379956549 243221819156847
317811 196418 416492533643945 296451760889437
267914296 433494437 800856835046554 587049156329406
28657 46368 281168098700367 827180391565054
6765 10946 975620827079267 212217625152185
75025 46368 839960973196049 105374998328060
10946 6765 922232052803703 855247208969608
144 89 976046084164819 249149432109583
832040 514229 827207979588808 15222713108085
5702887 3524578 934674889394586 185900589191951
5 3 445383254455149 301847950354151
55 34 194671240586121 255139467222005
28657 46368 464110432652952 763262946863975
1346269 832040 521609271549670 330753291772377
2178309 3524578 408682178348704 146686691449757
63245986 102334155 296517673146901 419030850603252
832040 514229 394540455686647 423558394116691
987 1597 635151436371355 439533549696159
34 55 896262450261300 986003789532528
9227465 14930352 309971889634331 551287563964241
514229 317811 361503316599562 928022314296830
433494437 267914296 26567388473947 905668923511460
267914296 165580141 969016530785357 480619784890403
433494437 701408733 6205358044991 829513542782799
39088169 63245986 229699972997107 188384900895530
1346269 2178309 439408107813836 190510458271020
1597 987 463269883415311 397977256167803
2178309 3524578 587917284793125 378645226724146
5 8 419497062484183 772725944621213
1346269 832040 459015894289040 389102117341051
3 5 87081692611230 717866399072571
2 3 702816157849969 614627689609023
3 5 808744620548058 652150991437595
832040 514229 994129143347533 494954175555286
34 55 59615598726687 696324699279655
165580141 102334155 652595199083975 341130180073912
377 233 181596673034528 352937246081383
14930352 24157817 380003944795301 656485383627391
121393 196418 140561712800436 621108311993603
8 13 66378555790796 353814656363235
39088169 24157817 237589253704398 527165400861765
987 610 322150079474494 876527769074621
165580141 267914296 458533463824258 177068119751316
6765 4181 281591291732258 517934970160388
8 13 939246131711238 580498106891897
3 2 345505487068603 447578212918737
21 34 381216245147054 455661403492765
987 1597 49430704152942 5290495554653
987 610 652117995657709 718405715896519
514229 317811 851954610998976 225869711853057
165580141 102334155 648868726155354 109945261915106
3524578 5702887 343514194293332 608658868811572
13 21 879286375439784 909774477938164
10946 17711 31627644848880 989523256652688
987 1597 177599237856427 781634429580583
6765 4181 329650525639032 751155948355020
89 55 764632366098009 640975242175171
55 34 150361181929713 287146900879298
267914296 165580141 33591568687558 21983273708337
3 5 602233361653375 781655276923498
102334155 63245986 726076292539430 750807584165369
102334155 63245986 318866404376934 974818526416348
102334155 165580141 425383840118989 880523598413251
5 3 69967887375115 104890360516944
165580141 102334155 461863782017329 868734221068376
28657 17711 498249391718131 499427057361697
1346269 832040 983256748934374 475703179771553
8 13 968376067091137 249291198986436
3524578 2178309 86839957350816 237293107690662
6765 10946 871115519741500 498349778556629
1346269 832040 592204714707763 373228046709136
28657 46368 917385592378182 94151639439626
196418 121393 525605786483605 742057803859879
5702887 9227465 77027778766309 401442310208060
2 1 720555983139546 806483324144723
13 21 221808030547004 198036836818020
832040 1346269 895919841105718 69844937226269
102334155 165580141 417787838291601 93401889476763
144 89 581787759478013 448757301311150
4181 6765 588922485845833 402642839035672
2584 4181 800590389089957 842289610927822
377 610 718531441865446 182727061393205
5 3 791988150316226 307143302318693
9227465 14930352 344896226351119 909913806712681
13 8 74089513039368 225939470122621
832040 1346269 995140692803463 866591239560526
377 610 208872745744204 656402938417981
55 34 440345530909748 6684719467932
2178309 3524578 717267540054913 541447644982254
89 55 33431320314648 518451157799979
8 5 290120959415230 930984127106809
121393 75025 814894153327450 634562737007603
55 89 658839237291830 349327302225382
3524578 5702887 798316901113406 847827522567950
13 21 5310306194238 960326369553757
165580141 102334155 342383957034791 375158015274676
1597 987 797377868753738 22881625255208
832040 514229 103081901904795 178601227590462
144 89 755337184176367 22550165901358
4181 2584 971553689150269 396680921590819
832040 514229 33591168371681 913823147033720
34 55 620512175540180 671471379404796
2178309 3524578 241169020922356 101570718124847
610 377 75311595408706 48023934168194
46368 28657 583109469288222 656790505668762
317811 514229 782090980819341 176824415688334
2178309 3524578 572276135431539 590571800896548
165580141 267914296 391265435696345 438003149236759
2584 4181 371967594411303 926687287009363
13 8 135139397970282 124170437028407
832040 1346269 68515918523535 454823768003281
433494437 701408733 775052784274341 150214711775525
5 8 224442894135327 706937964860518
3524578 2178309 471924588349967 693588071536699
610 987 325365383529068 980703222694139
3 5 568668252140876 454854042632176
14930352 9227465 413212055122986 638595645423512
28657 17711 904885638729761 767928374056926
832040 1346269 88744517004334 704408191470181
233 144 246009629071217 516377212798653
2584 4181 94301671042924 764202657937067
14930352 24157817 225632586058306 166934916420197
2 1 625364031252729 66677803023571
75025 46368 836976195449272 98146588911567
21 13 732279927403017 956775965360229
1597 2584 838051941837079 290107532354323
21 13 926431355689457 503153088419850
5702887 9227465 233009577469381 658587628033898
987 1597 550081396780581 767263467951497
14930352 9227465 579460560273221 645757416740653
2584 4181 778874935116346 4811701013964
233 377 387286599038780 664762915929043
267914296 433494437 829255074543588 445240333738204
514229 832040 883614812619118 696394034540021
5702887 3524578 390286724663032 858128204579295
34 55 48093851028416 949108481764685
63245986 39088169 630568214185322 750158173814560
34 21 343627128636983 822522365237425
165580141 102334155 300886004576079 483230624205319
14930352 24157817 107143348087543 515789157611036
8 5 457486050324187 563756587564827
233 377 453227693753925 346813454252708
2 3 453397098079331 963671653527047
55 34 16651267817092 274131419845252
17711 28657 363656648535643 548968875549073
144 233 515703794752570 816580482885907
5 8 526262574641496 162360723695522
3524578 5702887 913803982230027 221662390448330
2 3 143102401355790 354089601669444
28657 46368 894711651517628 834713287306049
14930352 24157817 728141330088786 273143636042399
17711 28657 558002899063600 414417036538160
34 21 289096869397016 863376193456890
165580141 267914296 873498697866861 32782061943410
144 89 180325733640565 354274335636671
832040 1346269 906824271925655 410537364235773
144 233 711025100682397 365007228472694
5 8 995805484624371 336756973339114
317811 196418 784146666099941 901852361508296
3524578 2178309 317536065552100 617273997415282
832040 514229 568349034904002 649344867150205
144 89 178716099561968 374849713757934
39088169 63245986 676344869607623 289009661181821
1346269 832040 899171633376956 971470467117013
14930352 24157817 746402871899561 24532496914897
2178309 1346269 515710618895114 177949490421952
2584 1597 913458800945725 500961455037858
5 8 909624808445633 919153247708009
63245986 39088169 77252375309943 494662748556088
10946 6765 363467116936164 534074337593511
34 55 628091854397548 223996833760764
14930352 9227465 371950507773592 472699688093810
121393 75025 922782752984144 250971200838774
610 987 746897572003105 495586105772516
196418 121393 18426154300536 858268633550926
39088169 24157817 643356509442021 799356440652597
144 89 690035720083801 69708526657101
165580141 267914296 791974827782503 656518453168573
89 55 461305499009414 396412132542044
39088169 63245986 691513802503756 422867758107125
63245986 39088169 777514034381236 395068739752835
46368 28657 244544405005657 490295324008309
39088169 24157817 62863660172472 458134761513962
267914296 433494437 323528044855154 420890102977782
987 1597 81687622062983 72863150076123
10946 6765 621241186584475 805851172426832
514229 317811 728369360706868 446571663677117
6765 4181 634114387069689 631267231477372
39088169 63245986 97964441321204 909081178217753
5702887 3524578 190438892808401 776030761313171
6765 4181 645973723319324 884377560088216
144 233 894593708202630 226139182181068
75025 46368 930228989171232 367316380299522
55 34 748795253144478 944553505782401
55 34 545607130625174 568170540690752
377 610 33114039947710 783044125855785
433494437 701408733 894821923736880 347014212319065
9227465 5702887 692332354950312 201003703138398
55 89 23421093026756 578104957150839
24157817 14930352 67509476439619 119615463986903
196418 317811 661046180018759 728595394817250
987 1597 255104446409362 222560643853934
317811 196418 593982089504972 849902163124227
4181 2584 873518111502266 601545151834395
8 5 358194005579144 603590280953954
14930352 9227465 577958659069440 627768189050870
2584 4181 227429677245648 182533113184679
17711 10946 277654988965832 865810577204024
2584 1597 474960208165145 807219452498588
75025 46368 153442101137814 620807372849721
13 8 474637420051190 995604186244392
3 5 369301303847439 365512241632114
3524578 2178309 865258621362460 600483411113556
3524578 2178309 8340633270776 440181661498491
514229 317811 425592469157984 474967364179528
8 13 997680135119925 469790723406349
2584 1597 382852354665399 306315264962638
2 1 750560826346954 949582134323201
39088169 63245986 419324620557364 863773504033485
433494437 267914296 255801530885596 641291470866766
10946 6765 18146458016013 583379192297295
144 89 841737333747120 521336362881037
2584 4181 331183568848789 397689140775547
317811 196418 381493778956458 516989030917496
17711 28657 687529597324097 886195978695706
377 233 246091861089358 806050791944678
514229 317811 331946138525095 989816514551572
514229 317811 413247325694018 230137977791695
21 13 849446693586553 494207648088435
196418 121393 560915923631688 562680114543821
28657 17711 503952556155789 699601444545630
2584 4181 379195315040839 727980089626520
514229 832040 820480288698584 656008584899614
102334155 165580141 11444030298691 490866353426952
832040 1346269 301113849745517 695468744761372
5 8 984997665232479 214426858774549
55 34 894442680685186 466070997627616
39088169 63245986 183300568144097 983889210459354
514229 317811 214247769718122 885386461694482
196418 121393 718755496341037 356324365910669
5702887 9227465 649596287440283 624454399592060
987 1597 363391495636167 907610611587719
63245986 102334155 699767375177128 157270365735941
13 8 942987252020564 218914964084033
24157817 39088169 478374907921990 881511060703670
6765 10946 758179020049049 300009044904531
433494437 267914296 406077774521931 915228870083000
3524578 2178309 311234064517498 81024103147639
6765 10946 745966012404393 273228055925075
46368 75025 180632602196220 189139266616707
55 89 779464012955255 969771305056495
34 55 752206621076034 514997411855986
1597 2584 846728744291047 41580317139990
1346269 832040 102658824765586 239235595390810
987 1597 387093490519888 235689873469807
433494437 701408733 546445371652432 322614808873846
1597 2584 121726291894564 321739957992131
34 21 595644028941312 259350791376157
1597 2584 200107445820410 527980818439419
28657 46368 250106445625928 479869383194055
1346269 832040 22425664760196 421994278813726
9227465 5702887 845071238383595 912177525863950
987 1597 733614779107737 281567016443735
433494437 701408733 407896378495694 821634213975466
317811 514229 438822684187179 590789808034028
317811 514229 437061977756405 29436195502963
10946 6765 542493335297873 136789262044743
55 89 20780832131718 874940966434146
433494437 267914296 482291147344701 400258904947696
196418 121393 102905436605891 871572723794063
4181 2584 38617388041798 564852491858320
8 5 802799175338771 780536102195507
5702887 9227465 316714429003486 477037345489390
144 89 607547235078906 901576502418087
9227465 14930352 431607030565276 847203151676149
610 377 936743947395099 246921121503074
3524578 2178309 212122275690803 337664643831211
63245986 39088169 468132454539068 967576346956030
2584 1597 246897845753463 118519419989562
17711 10946 246917917062977 988395256588338
2584 1597 483112771866718 618795202239466
55 34 72389463314735 395287871593688
89 144 967431267253243 995864440738083
377 610 730925266067498 404130376013287
233 144 697151167405188 480563588475759
5 3 115226163865974 721444974487929
24157817 39088169 600928193325900 527410915162997
433494437 267914296 648368979070072 788630746473670
5702887 3524578 371956957683657 56521290271998
987 610 947064713136820 476952155329574
14930352 24157817 534297737181071 727309375532787
34 21 480415611654096 991745267403537
317811 196418 663102012997201 216526143601500
8 5 984385064466831 494830922345505
102334155 165580141 662001725232614 802143197912930
121393 75025 538693142175702 261756492378382
832040 1346269 844055049453121 96505213789004
2584 1597 32071407197353 732389418349233
377 610 57459147447670 475416384926340
267914296 165580141 96709476258862 910041798226177
196418 121393 124745219852219 825165012788114
987 610 435720529378472 37618282208023
17711 28657 58241409091427 351934010736671
832040 514229 542658069800572 135076114372396
63245986 102334155 494806059607268 901400180460787
10946 17711 98349197034543 522197952023193
433494437 267914296 614620247748306 543742766387702
28657 17711 31017567990373 575667969352149
5702887 3524578 440915622691297 768653796991538
317811 514229 886309181145058 250814155659386
34 21 331593738555621 172469049254862
2 1 63133160306059 511626534601023
121393 196418 665081746058452 784052016338963
3524578 2178309 108134447914596 328493714198014
9227465 14930352 634449238592706 528899039880041
5 3 798856029851539 281833026836399
75025 121393 932960531961314 128570482824538
89 144 522420312813659 512839661528682
832040 1346269 999802619552651 620871180841101
377 233 297091504226849 233649723259240
144 233 179052691640112 995883831784140
75025 46368 302496276293738 480174312607489
832040 514229 566135089756262 214872575220990
6765 4181 371369898340570 145605938703534
6765 10946 113961371749600 606104196774700
832040 1346269 622572733029173 640278219712263
2178309 1346269 693669970317429 801464727612542
2178309 3524578 234458793025888 553518599924165
514229 832040 320744675845400 218575643568958
4181 2584 620081296555872 325461459697600
28657 17711 391918102074078 798538453882067
10946 6765 153750759586649 782074403265265
39088169 63245986 132991185620987 877167240556999
17711 28657 699891904933263 295923781246065
89 55 556738890614979 282641084513728
196418 121393 499974125897831 159486611643511
34 21 118042759473068 14804182331273
377 233 470658422186086 619517950079581
2584 1597 238571542633802 981831556055306
2584 1597 690527821919280 53754064010394
28657 46368 690342890760273 906597376587594
144 89 23006661031049 983882453723336
75025 121393 812623850134933 284763805182580
5 8 154143214177366 812288209959839
196418 121393 121371279372300 889797091741134
233 377 95802961635484 894834280093943
28657 46368 947988562475210 883309135837122
233 377 562193989533823 314699404397512
46368 28657 655985916296963 129059993430487
21 34 700354281151811 911406218939948
832040 514229 966845398007820 827172527872184
6765 10946 965194546307661 917083614073179
433494437 701408733 769474483173209 195886140814379
75025 46368 888655931921698 790797859292590
89 55 2637888202367 560396791623450
5 8 916360079598950 985724567675548
1346269 2178309 926716626705714 309494968469389
3524578 5702887 491371871745245 42074536537790
34 55 572013105873222 253715739922093
102334155 165580141 663848144592748 474018311899085
10946 17711 598185439745713 996174308667586
21 34 836363229741848 738068718807714
17711 28657 38120153581447 118801648483636
267914296 165580141 934307012593669 460815706110772
75025 121393 754339623054332 293910590287501
46368 28657 600500336961656 643630382910621
832040 514229 743647218717285 670047220626036
5702887 9227465 901274051426516 220121857190164
39088169 24157817 664269472286518 771236242158002
377 610 641969305497503 718216163711475
5 8 314808038808836 292857634134063
75025 46368 24424303979901 508197765476273
987 610 637182245418115 439722178272501
8 5 174410291463474 167001377065448
89 144 983426543781000 411134662052395
165580141 267914296 422093125895075 9926221537104
17711 28657 324076235776519 108620567889179
10946 17711 596930217736149 890068190250433
433494437 701408733 568083967805461 985003954705964
233 377 998476180044524 746662213532212
3 2 218156893642726 284816699551975
3 5 14250956257325 712357121960129
2584 1597 753044982466767 932324419615732
4181 2584 732079520281851 271342942876833
5 3 715450243391556 351463929174301
144 89 412751297452252 779430611468333
24157817 39088169 770277059398106 671959155518793
832040 514229 579052780696948 964863716881628
144 233 374177676556101 687594576685185
4181 6765 782574964625031 222145188973383
14930352 9227465 867394125852762 939153734815214
14930352 9227465 445332691870203 956207594165032
832040 1346269 222428214893325 578311584791512
46368 75025 267660680310739 475332526340949
3524578 2178309 922820846388083 746348989658023
2178309 3524578 494066167677492 51435504507337
233 377 288366030644160 670207667282405
317811 196418 517745240700258 772957916689306
317811 514229 126456815152201 104276482860601
5702887 9227465 893882721353667 170319557149955
267914296 433494437 527015590169474 333471488809836
144 89 440366298986970 17632559810907
377 610 527934217008640 492765793230695
144 89 182049987061324 372376760271643
75025 46368 109391338450551 616644542700338
233 377 898896833952221 82551041721307
102334155 165580141 534309932092860 511249451830005
433494437 267914296 44797031244659 65925840172115
55 34 248070125210307 548767796020730
144 89 810540672766993 627611231067230
2584 4181 159197595206305 743400475133608
75025 46368 712522916972252 387138095459058
377 610 593576894120074 941816579814024
233 377 958213732305176 92005161926184
610 377 593370953418195 57460411556418
610 987 283986984256043 297591784221497
13 8 446874630640113 308274053163424
610 377 178597401017240 433247821858430
46368 28657 14984662379127 144364344483721
433494437 701408733 781550782261508 712054212209518
3524578 2178309 682459676746522 603625886066183
17711 28657 775994644721716 182445407831202
14930352 24157817 977166901487023 955987928560193
10946 17711 647224233619723 832927658005460
6765 10946 696107335924266 363648590697600
13 8 940317103213967 129925282806235
196418 317811 547107778465440 404926609047596
1346269 2178309 574036466446820 794502911835823
144 233 714850349875013 62318138381263
2584 4181 134877753384015 187306853947754
24157817 14930352 766539575254638 708438371737872
233 377 173907797878067 234298886223940
28657 46368 387566168194192 701021401806009
377 610 488406904948503 507841462143125
39088169 63245986 212106753323070 365989890449073
121393 75025 841077903828637 686025913958102
46368 75025 86122340294189 502275171138048
196418 121393 156830813018762 411188550622879
1346269 2178309 668601096012082 36879610623185
433494437 267914296 707974315619268 899643707835049
13 21 510827272155713 230481422014571
514229 317811 689256443413838 194441169986764
34 55 646113075212400 795507875287350
1597 987 680472851409997 750843353900545
63245986 39088169 494605851781361 849422023505595
10946 6765 875614385379334 979787416147553
2584 4181 962683128643354 542703964656547
2178309 1346269 541927572443613 286116311006499
2 3 251261805859935 434733515828662
21 34 458653536224598 728048361955489
6765 4181 730114886078549 910772087721436
2 1 44170091694102 264831303913042
39088169 24157817 798789828110513 795162477774879
1346269 2178309 327606818267618 893118495105744
14930352 24157817 9563469474118 836457605792678
4181 6765 415646607529117 208973732188626
102334155 165580141 966579427539977 232735496716986
10946 6765 204193287758926 242271912308274
267914296 433494437 846556957929744 115773184682692
2178309 1346269 484440190361367 65971324727784
13 21 833605576246925 11647451302987
433494437 267914296 66183206823230 829247222957580
5702887 9227465 139335289303254 510645351934714
2178309 3524578 358261552820518 7158340192983
433494437 267914296 354732553347680 826250818094487
2584 1597 319234387763030 737449750044577
196418 121393 234923954869182 325587729145356
9227465 5702887 207502556788336 955438724885219
5702887 3524578 697700465200037 861715003588961
233 377 426694407876410 883507710681653
34 55 242444631074538 187815731711935
39088169 24157817 861145839697047 528204236395088
8 13 232600647065730 993557329151086
5702887 9227465 567249714303886 683346801436429
987 1597 446191016663424 761845233368534
144 233 249815182209857 917986818896739
55 89 511695258083610 300199704184192
165580141 102334155 610774265392374 802362579777899
196418 317811 319824600120483 691259334776853
514229 832040 661716354903056 723910802010719
9227465 5702887 389898946588560 994052026772829
196418 317811 889763131244054 744378171250326
46368 75025 384407194551158 474956949422145
5 8 357530485037738 581074362606984
34 21 507577139007498 641918258255560
144 89 9372833246098 548413524487631
55 34 899780973986591 918886154160668
5 3 602466623182002 344969466254627
46368 75025 53892992182443 687820808425094
102334155 165580141 220804039293966 440337671381084
63245986 39088169 819236750455489 197619940981613
3 2 336930494419403 749226015259506
2584 4181 612790124904855 404928961041241
5702887 9227465 601052689471534 80488544125312
2178309 3524578 530093659089792 188114479123445
14930352 24157817 356699869883291 826912590693564
433494437 267914296 197122905310449 498269515208200
75025 121393 376592806283926 45828724495999
121393 75025 253358492690560 809038910072186
17711 10946 643626685832645 805131336240962
8 5 225641151102687 276370078087508
832040 1346269 216937885843435 744498469967517
267914296 165580141 741080305747685 911893335352255
55 89 973577409758701 42813773179722
267914296 165580141 804202885193092 589762925548034
89 144 160268507809487 216620223720223
377 610 237122108245459 874404672836744
2178309 1346269 651233646945206 46107395316503
2 1 345592110674180 246020406585047
39088169 24157817 253007940866023 739513633943368
55 89 363526549636717 653279533512601
121393 196418 405992512444614 898944215257837
610 377 981699175410563 516277446865046
2 3 821494031723992 807318066065501
5702887 9227465 410138041043929 539228524314295
46368 28657 670655681439936 283071998884112
317811 514229 430446785061157 770001147697668
196418 121393 853306746492228 54837055434144
832040 1346269 921868607306554 231564057546149
9227465 14930352 509397836380488 773477494842821
1597 2584 50784115066894 713016313167844
987 1597 731094903069904 671885784864855
3524578 5702887 409554365275061 382809803012648
6765 4181 812372425986562 863047276176207
3524578 2178309 212640909719650 730143777861882
63245986 102334155 959894304488737 389873039987653
267914296 165580141 149980567279212 951035360807938
196418 317811 627752830065810 146531487477234
317811 196418 599016947297349 342923621330442
233 144 270729681965273 702899769472303
102334155 165580141 457805341505156 138371123199225
75025 46368 40070205727900 698189608973299
17711 28657 474674029494235 888018797799897
610 377 554118431511710 289083185562584
102334155 63245986 186467723667745 160880504518864
165580141 267914296 22442229176260 4489732642197
165580141 267914296 491266417504585 962477186337065
987 610 821539352176402 178265082771716
4181 6765 817117834820967 720731514412364
9227465 5702887 602855915406766 858230071895324
514229 832040 575128522154161 298067616555713
377 610 368878687324379 724175763030007
377 610 776509875627130 169963660065328
610 377 144219336630270 156080036013773
63245986 102334155 375274921955384 310148369137506
377 610 339828630199452 718719900595702
6765 4181 598856442114430 260404972753216
102334155 165580141 286745424493144 657552128086250
3524578 5702887 654177484579842 191715921254866
2178309 1346269 351488208594680 170962416839236
3 2 548892556351896 608878787745344
2584 4181 515952956951136 671057767304121
8 5 750639609406003 914149313404628
13 8 287650407992981 228150395444773
514229 317811 624390041826282 329134945005301
39088169 63245986 393064053450682 561601830957438
28657 17711 217677292073712 820615951691052
14930352 9227465 294161087028246 645382425216221
610 987 624221201545625 286658898260770
13 8 550759418956811 673745047113339
832040 1346269 160421800632411 938910474589598
55 89 522480445831710 25270686073777
21 34 944157289186762 520213834804363
5702887 3524578 815800270885621 215932786286838
832040 514229 656658130900634 794560390044399
46368 75025 982904441714003 210461201445348
14930352 9227465 601717843531167 750694371038964
832040 1346269 4636972087837 816097451137330
28657 17711 202018047058895 222961869550050
46368 28657 773990557662296 841983339698362
2 3 872706528643134 243915686141986
1597 2584 78049640816935 782685942323572
39088169 63245986 145373434148895 238692249436476
196418 317811 281793432313809 442399847461752
13 8 109344564076233 317615578408920
75025 121393 108614815189432 641158576272895
17711 28657 520931828000175 579189650727359
24157817 39088169 871428291973730 524991880703841
9227465 5702887 821761115323493 249767923564506
13 8 839450993088370 283615050757399
17711 28657 730729415844001 421704838143537
24157817 14930352 200106108676270 251514154003385
2178309 3524578 80888410482231 947206735178733
4181 2584 823515410812923 253970909564672
1597 987 19538166152987 262797681554262
102334155 63245986 138611419584859 464228733729220
17711 28657 161064489943905 363919089836500
514229 832040 758476335307509 134464308653566
8 5 404486394657087 110910845276144
433494437 701408733 174464063601932 546202678680775
5 8 759896105786633 215202102135123
5702887 3524578 797891496608261 347355471064662
610 987 908866583587123 701680943633605
1597 987 563274880929381 120294369692165
3 2 341738017218130 301679480765486
514229 832040 801986351296720 406228006755915
5 3 506651647019802 654260004820120
987 610 449964961196554 111961429387458
2178309 1346269 290705103983711 501197514360362
13 8 52920265012472 210508343442978
3 5 231356953525527 790209454494765
21 34 761939850907295 627090823811651
1597 2584 582967730466390 742602460816650
9227465 14930352 677437839769123 813279299256349
24157817 14930352 623550317821776 253627336264265
433494437 701408733 792407810383048 77466975441355
55 34 268614287490394 647470380828818
317811 196418 882303346089460 68762961201282
39088169 24157817 854607575266280 165805449781167
21 34 323455523690281 377269952898206
1346269 2178309 937271454381198 61250695336583
233 377 944562835785742 32742042578325
2584 1597 49255302078210 732846014803747
17711 28657 811349809996391 991426705799680
14930352 24157817 784711247358232 204943273662124
832040 514229 967191920874007 498587574073240
2178309 1346269 168285061293764 212434784060777
5702887 9227465 855629695272228 706660683330358
21 13 407321709990427 228093366065861
34 21 645443836490674 750663036149969
514229 317811 973927050253137 264828344181062
1597 2584 986346480904197 230665713836931
144 89 917958707546299 405986574079638
39088169 24157817 962147007530626 732968424838531
987 610 275748789194445 255452660085629
832040 1346269 991046232905134 909793299157035
9227465 5702887 69245571008540 226326264230884
165580141 267914296 358143009113645 551256290767858
233 377 910902993233244 941694332608211
46368 75025 676008684878531 251111763538034
24157817 39088169 442359766789474 980275966070386
14930352 9227465 319804270006358 390398449011811
2178309 1346269 4928402736418 879069086021642
13 21 771445742822889 98500052757917
196418 317811 387315355858864 498942716294148
121393 75025 489102493459617 393204987273497
17711 28657 571067586199107 815871016994280
28657 46368 202296965138370 193739223917295
28657 17711 400805840570412 301783477412959
433494437 701408733 539107841336497 70568001988184
63245986 39088169 158002472207075 947006209638704
46368 75025 827636945466099 43270385229229
5 8 767361022059001 959176365576517
144 89 920357643736108 812881948820069
377 233 208148003645222 900340019352743
233 377 429498239441953 937724902858009
317811 196418 754176957147707 402483433053821
514229 832040 303959926134965 793024534564227
3524578 2178309 208329856360752 94150023126287
75025 121393 194022093494766 601754031395449
317811 514229 441335435307030 588046741348808
39088169 24157817 476117136177648 970547651449334
102334155 63245986 63010299922725 663518063634734
1597 987 162481312146688 532186406592784
14930352 24157817 873430329312431 689269612798700
102334155 63245986 813248353853825 139105749797890
10946 6765 864074501888297 689151341377992
39088169 24157817 570261274777593 222439169465891
102334155 165580141 450847891835688 38386074278827
3 5 488227578075916 283655317105132
832040 514229 906859398540640 831623860175263
13 21 899851224952703 679452659060981
28657 46368 270453578180774 247932246800332
1597 987 465678481445941 888460623137782
9227465 14930352 335041447199726 268021150901625
3524578 2178309 309930390899252 82863009100490
196418 317811 845707738885197 34527815882000
4181 6765 740244264770720 787061635335271
1597 987 915570481331447 313675455527961
28657 17711 802135180601534 480767727873766
121393 75025 264341700020033 129969077666621
75025 46368 131729358333425 846987028027264
28657 46368 698448867220127 182748941749828
144 233 996206761209279 23417511486094
196418 121393 981416921091238 522558703813654
2178309 1346269 67246982792140 452327735114631
165580141 102334155 526888803975435 713560304998076
514229 832040 386841883008477 977632731962629
9227465 14930352 282137752007073 366314936159071
13 8 524535194971093 541426291808447
9227465 5702887 851785725785693 464978382209607
987 610 744488272846779 999503969050511
10946 6765 31726312082772 407656434761437
987 610 357971417724337 861899667999084
377 233 116921215394490 917353404264361
21 34 66567135181820 839455459122544
2 1 211140057602276 916441372833363
46368 28657 785800551848706 617201168194003
377 233 448488462274631 788625476956068
34 55 347996511526214 73395081444333
1597 2584 972124139679606 506488975063941
514229 832040 492291290658669 470389531265079
14930352 9227465 683132545821478 687153174578430
2584 1597 134349991268412 846805852983881
8 13 501766515314220 740138294676023
2 3 170677339310230 79220610630876
3524578 2178309 48644956225916 531419881317498
4181 2584 754543504442242 552443396123080
21 34 150455115846699 342612884475950
5 8 517548898545186 336784389681670
14930352 24157817 462789360223086 50512479974620
2 1 615743820957627 381234350718383
1597 2584 857538874802840 712294614887725
1597 2584 947656210459059 399410195440634
987 610 344974468334366 539644534951657
46368 75025 154104264953741 806748546808641
832040 514229 96250531593365 40805533463289
21 34 388145841266414 443781607071995
267914296 433494437 534216303506610 580309045984612
14930352 24157817 847773675220891 850455981720002
196418 121393 278564849480 984920866858324
102334155 63245986 513526034240376 559689910313293
3 2 627516398906956 759592355364113
2 1 25481734872713 209487169593974
3 5 9564394392019 436448220805636
102334155 165580141 711763171438323 999932474691381
2 3 261053606357010 237970554354869
267914296 165580141 365382167147771 864183911473314
39088169 24157817 929987021360476 471862413072588
1597 987 607258672118533 961613168068342
24157817 39088169 91354566687782 60357932522771
10946 6765 281916357701013 268590705045897
1597 987 396164520131846 655884334472049
9227465 14930352 942812770984784 72921534437076
55 89 579532931573422 315648663679215
5 8 538434603656443 741077205417071
144 233 887932924716532 896830822796725
6765 10946 250799383442810 179058520653587
377 610 103431737804237 667430730284301
13 21 119911151147473 369183904930457
34 55 498301577213772 655887089970526
2178309 1346269 790894530863397 321827040227832
514229 317811 128758676003238 733253214009394
233 144 795839789575355 835018951382858
13 21 534732355371569 708193111796272
121393 196418 881202969327607 786128630043590
28657 17711 196304143139935 951126996962081
6765 10946 990659327746141 614998034657222
144 233 848132218354118 629850770990573
10946 6765 240115167145362 944382927567553
121393 196418 851979348134427 922567744098462
5702887 9227465 808769671780699 379790486311761
2178309 1346269 995216876254001 208801144943707
102334155 165580141 861311639984028 51762004012846
610 377 765049217962238 522488716154221
1597 2584 762841276309081 372917970625328
55 34 152297234572693 977362415852349
75025 121393 271549521931704 723206888893264
1597 2584 556936310907179 926403024050259
46368 28657 400788906989564 129299952792230
