1000
940667586 65534221 920080061164707 277728241895842
156162982 706824665 346978770308601 548494093958310
956230505 776187925 757219928625441 680365053964259
656824209 880976169 488011720399978 609051212458803
492574405 849452911 258861401226083 164954777047681
573116687 279241843 883797846869280 171976944457226
924332571 516133172 569157355997813 428971778337437
826981237 586635360 411871750900792 810862523730394
503950030 509797019 363003381774722 78742957537910
93134392 909456056 279803523036654 750732151627893
371653221 482266622 281783547684825 719064677012846
779438827 534056548 159534512705184 945647790393547
33241730 567708884 285350931538148 971257005926405
237849411 555208043 670863341990600 89913589894891
567165675 894508471 530583361070129 23924563820508
688862485 293651703 547966289286917 331487983461383
74464643 740996702 696558864756076 952810442838962
690024534 837217616 319998190178322 67081714820720
655425104 103136675 867908571151458 936603449052009
825405721 389698527 222246379002572 437201890027925
862406007 483278206 487622619684095 82526399334400
507532691 712837932 646529086628911 586583982931464
712418106 252812551 247986775977807 883075412437914
717743129 371159775 45092705620312 551115426724216
40401920 390860919 861005640413056 471641529885045
754752288 662666690 211545372002179 477796599201462
793735756 91092774 587636175322589 175767880508914
292916539 513025980 657806973531150 701082011682227
648577220 590533005 224361080743636 662620515225235
31418656 754304470 89770328183923 672448616096639
54971434 168879428 576829520505584 885075626856951
266806178 704693816 178249518825041 860163171177035
624844645 316552452 549215856543454 88695184642015
67302326 103971884 477450516817763 278388446755175
187276152 787341478 332798643370859 214793244563755
695802993 782220313 186286287318406 984173155956036
976624009 912369953 20362079524227 716847480305628
775039240 714830217 570501919284918 468046306991986
194498778 375938190 164144513005107 392200169944851
703924942 913551651 962395400126736 870398585263777
140227282 56195111 57814026902182 328000276376336
99427641 513090736 399041900927697 263296121767587
545735925 840331843 690316830188587 225567886506291
236320220 403042072 549288556493396 592266547523688
190832870 231427162 861700063584300 539960041791485
187803244 875925605 816084592262679 367234489135615
722053227 530309382 443193986420792 664454214418190
548910271 988117438 531166493727925 847603868667547
125027688 879949311 329687887983097 71848963579688
959753415 292396396 94253894233324 520365203551882
44606433 557532701 56208592176957 283380430387754
802613402 885728472 403772450712984 302283425550143
488975867 138937688 125361562672624 239365465998101
595994733 456819338 141162287304118 183267864394568
481596411 81738955 727065992812574 884388857507337
930168979 855359018 778127975822433 707628721021527
72376901 59576492 863164776035317 459358158698567
550725506 510964354 578690605369558 440386969418045
299445085 797026388 592643474822081 767061290020912
725787085 351093113 175113983048307 361575851772393
939146729 358826556 584128794740205 101360219880771
313950762 354433560 604439469033651 649728649460588
344364204 576869372 657113911987463 141097280055331
347216748 549665928 49484759042866 135056296139255
714920586 750256718 324440010581948 976323044287118
44082825 795349521 157878908762542 57758040088282
560268938 122161416 516137390069975 438632369983333
872955028 960351515 125080733742083 74323863599238
849280974 379034405 998525257232197 172400520497833
234184386 181681968 404173703006766 252616139477643
510245276 965932219 98698053864979 769047467274619
354587241 157599991 727242335831114 916920056552858
690231128 146628357 374983163802733 783813766359579
569061627 681717817 406600636836501 1965154244483
661785222 206326362 368566327936415 645604411878377
779043855 883390943 658660920315242 114803896161079
953249996 515978290 831430438474007 590994412373863
354720087 379166704 209091975236935 649539059138758
489062381 469860647 391731610245728 506217370791475
705857706 431870359 235943078912712 723724869268832
213960142 991996657 993708286845223 145746823461648
422340602 703747866 758985476843177 36129780872023
256128627 294553192 875280708102457 970503419886045
627690334 999529443 822195256515015 311651574985242
127248898 922869125 642153326936707 459260538941339
376681225 471689338 356043398917407 583549464143419
951282366 941141856 700237809520911 658756414202474
927664975 143203976 799976825031116 757120736856425
211735308 611057714 734458357503244 47778571936140
846422182 437058772 685732424964364 810599336944246
137073008 308118868 902140740137670 119200393055583
766817185 731038537 412284548271162 647183998913873
703859344 535241533 975199010470569 604866185944934
751583990 766049517 634705316488404 360382858265355
7210287 56708999 65025933898049 945165926052416
730145656 169843178 904098368027766 356759120454102
81117746 787063017 850294834566971 54933318453678
86888989 189782920 202428280540380 87532775732480
227442333 224122173 743700363456869 628498401729169
743690232 811618863 555683070343139 215784355855611
481831318 211758970 720008171327657 302150064247529
79540799 479721321 543281624846216 308510902204247
163073632 795465146 695172790852117 91040971170262
10532422 610868189 480848433126886 706035911665349
296761952 942713141 4810542747349 524113071357848
796050816 290060628 872619359808827 692355296582421
877029146 201859651 394257466151989 324351929283986
471367044 356211383 992390262378466 793163207276856
299782196 160538204 545921017953187 928634475931202
766003717 889320462 131269528283225 594075781251902
546056561 956954650 590629141990058 987207660197194
532268247 582300802 57084228694332 124935044440152
726976694 145291061 198521375195896 379985590333290
462675952 510198362 2140901328200 912491526104277
468492808 79073926 661855872330328 459568634073730
463138147 568534784 969524604430168 620567593785896
106916746 265028612 947944871072439 767849485260179
953483110 791838460 197097212824169 111006060054240
6294402 20399816 751935361835554 226445132239037
701352013 626080247 999450333976985 205899037390509
119954004 772869387 794168267233989 129617760757058
770516107 643925689 700232250720291 274685519970913
350334597 897917990 729589423186669 485996305139073
977201335 194668842 350248392782179 892263622055915
885853369 751144080 251609852415238 491697491901691
948780932 507199572 188964134940887 470122265477725
50773428 717532131 256617649233820 831536096163920
145350598 772581470 114714065787419 48599069897190
80240731 146968790 757089397742941 348064683969857
867683443 944796305 387874682251500 373807827436503
699419571 787100995 723447433973012 18053408948911
277396127 782048597 797906215125285 853760429017762
55901919 473292322 460864388776367 369676188194970
676927358 658496052 344407307597508 459200332879317
149228325 369410955 154927482233401 82216905691170
325005412 385949653 69416171378148 965727346129442
332988906 167953078 622476544405983 239236891407240
581524679 361849346 916937169676995 80270851299673
879013040 767823870 215536649361389 895208562056748
539330107 530376610 710782806149565 743073961388651
362818334 291744472 832852722444241 88920203101328
291228788 502583998 533074495641422 229897731391848
991561975 159082464 92433014565143 325019683159123
162885446 785740926 304145891807251 31715457767297
908849184 381786828 537855875719019 319350779479094
200425127 631142700 160282167972040 450597430121222
422492830 347050101 82187005104793 971346305092633
386565803 835860527 348215231585867 435148272422760
799781525 35144404 667747616904846 649458592988413
700193158 529763345 942522194144662 931998862812470
615447113 358505218 171424516281175 858295930388739
570707852 862746744 767210808388552 962730175476259
658066463 570308406 800276865355040 663787407543146
872250675 136679983 165273315706396 108990233518334
632193180 367676106 88967313353782 235279309004948
844128527 133773598 939494041711087 325058650567095
813136484 558877237 685664375178501 102467050593793
963883988 327888972 374780753818813 214349603045728
991785019 238525201 235807224668186 172121798361682
843961943 160340964 514922817252387 979368015532584
333011718 246195734 956838702662177 764750655206726
992588684 673904940 825627702089181 843943467832161
437407690 553048348 806843085255654 542070678048703
816014471 660151949 7830357546953 170335063009658
561201067 169544475 642315887872598 527301945893821
218927742 763633553 362215505266657 312864566244869
123754477 684092461 930370276978303 31193780110432
626475717 507693792 271088170660932 256523460878257
158696949 70834570 911764521510283 859874653097449
448241872 67561537 720936628022061 931738735647311
641846600 793492363 883177357662408 47537392315833
191387188 385419422 537341297558265 892369406897872
529388426 601306023 624173723753890 827815333423696
105680037 501990399 150137155330596 585817135334212
504301695 427756151 183570970721701 772798926236494
160501752 53603213 689622823290699 728072268997340
895792141 30283188 85020673916543 219942938591603
66407457 562713488 962697678278955 302959235810792
614641207 281450551 643927344212476 741698381213346
323659060 296043376 983027975046815 244593507490265
858989857 969351671 234025672152583 767436759117273
53657447 712013751 638508876013221 55666573461823
462775058 339101710 673178860383406 75738628864826
188086030 790703116 739864815896665 966811428815819
149244524 935167155 321503844480030 651692871588869
361560221 3986232 743553703031543 412213020280397
847764405 385000256 422729535231650 709096013375130
193107113 536581411 379713158878684 555830013469365
281298321 390337580 223828936649383 451503473789562
369367526 790224599 26828090488964 770166101903381
142373572 836541713 158598259276473 316331570747462
305774889 620106875 795037733747340 419239974226589
942216244 954808999 387330952285574 123231188322749
737045862 974481753 217691116526513 602495653850012
712492260 961287366 244806326906330 208467272501697
350179762 839506904 293932850201551 688726404817285
530677240 819186279 946842147730080 560203584584786
690245441 691616641 93544992492257 6489318465510
849727159 293424546 236789820819174 163183473886864
340000104 901908732 679855954788614 483358138113906
396425347 726572464 169331667186137 813005684922045
156715931 579197971 15697619727993 660937267095031
140274402 583690474 446345785614020 758891884588087
56338287 519085997 107058043274135 748784758787687
634589560 493486791 212036472939796 633062103719809
936364696 765214675 15130579914973 574314131738835
897732106 333153760 988577834225750 991250699512378
926023915 963851694 584844810165990 57447992101482
242885755 722993647 485297335740470 793290012028707
491059292 585516934 927094859419248 869191159678333
279093457 614447050 928345131186304 905467962507805
668241152 142010563 281201160792150 588984500404605
565214512 566391660 422270752987426 615860303835175
917062411 406341103 331476020618646 101697812298490
431407068 464806891 932439592842791 22809476745059
239229650 671343793 311796439578444 303872774353829
816730427 829869442 737282607388605 532975205670673
627455177 542194642 705505847660212 501113759971918
354890704 993199496 601787073784367 991498961723281
330929541 953114939 724043497841963 576862081888997
321054784 752660598 718977948976618 970924781734501
792817594 662664180 590808798184494 256377934421628
287230799 328613860 844975315105659 451222690660907
345309757 10620965 850423618489688 255918180197187
518310371 504966794 640094990174094 383165219984038
22467074 521767192 228661090386535 931220321686666
453634815 757277251 675836638757615 610178088581301
431987742 56176436 717077471399222 552942843050689
570201544 24755205 574097848795788 258421630167641
930215366 736035330 861304442668995 345662285896570
788185986 99806185 912573889868656 12032386408115
164832332 588787242 449625070928938 11699932987748
924689299 733104936 444488233852617 138001191671298
479537960 70282614 593837048976551 818375794689105
577612670 940135963 440733228954082 178922501349800
164500460 212106957 734238879208344 771981168496944
42039016 172337209 248791257859624 840276780035109
80841293 29414969 945900875737975 991508854862355
153181590 655081499 237917330876712 536809030533401
891898912 870109921 19995998789346 422758002497065
806718315 339812731 491504292734094 346130854679877
782557529 278499086 80011661660310 528231020501443
635919981 855351088 986052742972967 728704724471434
842081293 403525672 428196915252079 175364256960082
779958976 161286450 71377174243295 7639587441640
83556977 739774137 207890640292457 648656369402471
13631657 901204635 49657780844482 722098917256575
325913816 732479080 495366584221857 718029469174193
942617740 245211043 353903043608574 673649985215632
401321911 548048895 953023173042515 514796422563073
278020333 770065826 41649550929630 24620689380219
345158563 264994660 507055669438428 530237245434440
700063857 357628689 326129452687055 742863826773441
399299920 136789922 355654919823289 849623958604950
453415389 479506312 522941119503966 485420675123203
17048979 813595873 805195685932165 622561723016219
62063124 87633344 704474010040375 529530840455169
289839969 564793961 229829951164926 33136358938153
535861788 116749201 265866204216103 413275357176987
958221773 803292834 918484012841984 504047781379376
423338778 350778868 101131506467354 300773945193938
991654924 893851413 930559369954951 664759566446784
206454864 141865730 303066614037532 304115167630535
768158579 491740267 806065523017136 923441856826761
583012645 367614962 655351047222363 370537312424890
993640823 709084268 797682028154296 230678212918621
888452380 142610206 888558232082978 885281518638603
408987563 513169408 900603344976634 861688848056107
289542106 992394749 607161887115487 888897422923834
681098692 71101745 173432475630067 749404038049541
501809956 69177641 384038965743645 885324646234090
63846807 523981094 428184309436225 530427739377178
593383646 808245849 312332829981577 12653540490201
120041241 276699176 608474127966111 34084403382972
389290252 451654247 941277560265456 748487086595049
2186845 930619295 991963443705834 249785179523162
400058835 971281227 223425363282494 74568402471194
494315416 769964053 338333117125918 629746843527045
863927160 197693981 830121517332863 190849267201420
202920223 786136370 688670372834392 99933764570606
268878942 785775382 172266778440929 994076895976576
586844519 758877629 995746339386068 926540174339686
82325772 265806222 470189064498351 236681965914711
687283459 613889440 256577805395440 428213049888988
863560740 72716286 246514531269975 779097598108816
81639080 29638115 337425913615142 552126672149089
730483820 211711486 712429623113572 165204075360717
325741868 939536047 128358043377685 525774462637350
929911496 202392135 107436986902403 944660000891342
211538817 451550539 183062739800696 544388922914939
208405564 643446962 452286375173761 240875259336051
209516733 619246626 119728279623724 136098813882576
47281645 436613686 250134277667146 115009937974974
927237141 301071034 764475599589165 82884834928567
926857504 223559404 4652924004586 446475694731469
210979036 764749757 650865460219288 644890292161504
206572857 729495054 844733289527951 914595468105699
283516039 552556275 775168251013546 488766888040731
120858044 497469427 554501468446596 627711767990623
520103084 8720709 395143359693246 753470561493080
742910542 290112019 776011328943415 66238269647810
332319485 526268602 225752606966866 527540435849129
639875764 322262792 601436005223731 36327251334829
435445072 918526588 529324429522945 902271056411198
67005138 709025930 752160664745253 266347943357151
124717466 107949780 92185310397322 864152057765990
395601068 653594993 503710253432538 889019891790394
450868718 410158377 62748608918982 225291539609492
785822824 815186869 867796371736638 639307141377982
999303298 874161667 793599177362869 76869024297558
419022408 130967665 16181344633694 580772590561163
133256617 758242573 651859902136945 742705491462238
882267315 791810011 120112596581990 340985851389666
464728025 976730381 90881117260600 171788292931197
446555181 37687628 531898171665314 658076589657124
964984229 892169198 609829744977765 432834322099874
871846233 419274045 843690022988160 369378914782929
981950403 841691830 163189498799734 307837136506846
1130237 282615622 713434091621003 842294085568393
594293510 221403023 5797596082183 217620409335394
402806781 33753633 401734686121328 664166951270413
103649379 50343872 384864477776852 22394712261502
249719645 666353572 60086153622780 789244195623741
23449840 92205492 866811504814522 152082605432227
359306819 7742154 4552672653340 17660648441115
842077151 764686577 396362565118389 387741598861409
990326770 996883881 376619722047962 38688242940614
238556295 151219745 213414516335586 434905969378409
593815502 883311996 924237536426341 530635550386814
883221082 629049100 363740165763198 831711291563915
695134 643909274 689757975251465 816194055543718
63080687 486577819 918344698179556 994990693235896
614791236 492176507 720500215288625 763424614559420
886441464 70261462 788102680646290 749300252154879
539076166 223302073 786589642467436 396934291367265
320000332 884978917 818304560062756 991596491104915
396501320 820239884 327143183440228 919979967326807
438498525 605201682 15433685582934 498869939610307
232322895 612687436 340548079745511 717562844322173
131666114 227400388 113279910055173 565778848785407
602251902 214168178 452990096665057 355245767296980
633415981 360240260 412508827515950 864687306795737
256747803 446949270 915211252194655 782312976894844
970869365 721009658 786756367452908 597849760907520
921609098 219609585 935920910181517 999359638242231
460108556 497271792 987276392116861 136267669126470
655022160 428744412 555655875392440 61182818853092
453872521 277859405 57475269702716 88180068436890
697513488 687626958 155401839192907 849223886957699
286163615 729014299 303255669203367 746474326701325
69841296 869914465 117887603941333 450162266018103
402140450 501846912 968279404733530 567682053318608
442461620 222331212 909958340567552 865074184659646
246543368 506046407 94364787181073 317870231797556
107430785 675363945 813715509970586 339647072052729
146613348 712630616 914047637649577 363895564340136
527223322 157183407 237066732629647 958078097955050
561994604 263120314 57619273752095 639912656739005
20661957 603025208 401327271022316 244885750381232
416601715 507767704 771163767623822 896754400132900
91869926 132685884 930184194930909 987264228709260
191407343 551592632 694615400950324 518805657213101
570519554 833115923 287987066233263 544637291445470
620212852 984129028 222034929339757 341780887002185
978223036 620473141 138026017155790 475394956585255
618470069 532876676 214788724501685 93766163553288
435249626 364254012 813944679950790 525888155003912
576225673 885005920 704776371983017 183181494996762
469142593 310620384 893210946596933 613781915370049
138586339 947947234 883150031956485 142069169215953
73863923 734681338 76486293443606 188512809294258
815106775 313990769 22480381887910 18227872224669
825817623 740184961 490902591338278 682766439995740
17506203 152899478 290021561215113 594545897036045
320340464 114337166 283495964774274 564451530041696
898061699 888415738 485181755690441 763400088240084
254969571 53840730 796853281746774 924618538105597
661072642 298688612 553376572092580 39904012350145
49094517 620499006 414941963078895 448530118119573
906325167 966787263 827537308816501 320346294923204
112609353 761724081 381713056074425 88040007665064
558154045 941180945 583020684201147 439470749127150
536500773 424129613 669808671391552 271775054665430
114933120 785208964 263464212874512 946934768015729
785359853 662511561 492342144286002 377699377850849
705009262 776556896 161248823675185 598547691729819
702653606 7488767 337053170785114 618544458864039
30025499 311208718 968152085466363 180506293846750
524662132 209306855 825698446589093 890504356342315
847893691 289259286 177734306362475 196530900084427
270336923 480439193 568109367449632 909878972332172
29734050 303780896 929255037557660 722181734384657
748551808 39118925 395633325801719 153625320430347
556292166 642032117 588516044611276 201571475967105
248942504 91565918 829377451273847 823114650893577
574077243 887615870 737314349130327 245368137549580
603336886 644156993 458220897125388 172933559034629
827710261 893842115 273265830271673 751623987451842
598179697 954511250 279944584321347 901377995076257
87596040 946826989 1319605097615 421282823522260
61382587 481483015 529937649697223 955236003248797
179923370 210731588 476872374910101 609630948754
403381146 59501433 549635846247782 527282510904025
622498351 560287792 795811372754857 380498532439148
475102001 243928801 952574524258317 912963710053462
542772171 220300090 149281803918021 338514604229876
399171782 782871640 186417363804615 574719253023029
137304786 618464523 268787456365320 739857568419034
537645758 749992981 434886610790081 882448938357942
749367226 677432427 149264885239213 808835083118318
174677915 640493426 39661670170440 680751566250809
710265111 292951874 141296312455185 949307178066720
495208452 888942310 24832525684680 117104330416703
131732381 685093018 810925918973872 527935586774658
61230780 525643787 661088351416525 55753723601000
730273825 260869274 367786797603367 715896376662851
968363689 723613081 662841604568837 801744480851318
927224726 63954059 513941202820403 69545702893749
676890317 596323176 897501803182908 937388989295175
330946323 323693270 688220238868143 375738758433607
430562383 35887728 793603855114845 402015359762654
22602187 43881219 872459006391449 687612806362250
576951411 936710347 617336313652598 71004767157338
426773779 93993402 968846147357964 63453762657071
985010332 257942449 722440825674163 907002978224381
483394655 958894789 415861508085318 923770380960519
12759120 177343355 908610381625441 833794159551525
619277636 973556491 434776761661091 853289823061249
268139314 832613280 214990711613164 46748454118485
644340598 736565397 772094856373407 29439992862510
423345417 131684025 503059403685601 13406476402988
755569865 171547788 551390180945624 581619703698623
806472631 679494783 772763399312876 635197808745323
102484787 478250807 970841518736392 260681253897732
448452930 289114059 671739873494489 718456541480178
253865160 412075521 589018508540686 989451558578286
144998862 308571284 500382243042454 27830940223682
448951228 767489904 481453966383844 639408168138381
652538783 62486004 138280950930478 83264315142908
527615588 797643566 533117233734313 58151873769490
179780890 637665826 20676799697614 192894221605088
477495604 24801795 254630819713432 331352015872461
627953860 760304248 160236569580227 732501556732110
732639937 636020696 73500295327502 177051746545070
472068417 83373421 749294854849145 269374900357703
690788287 516967349 266616021029511 94678669103815
251553110 762824347 535698838895741 900212275115500
773915907 307765698 590686035717025 364451468358983
178970598 680286394 77311025829755 390185152556412
145784193 417987912 299395956394518 741122378294912
592100855 220318626 150055281929791 52835403262937
669124686 389876912 569636234749381 948432935382241
277168813 974766668 425215826962359 712514468259075
30236318 452223874 339515136681641 39744273419260
144197964 754302672 680241381293806 74225923214875
102083526 167785575 242874407398622 45204201966720
72824122 700110439 809200097446674 853185942873440
423280954 970037030 352688374012066 5315057992767
542172666 467301226 862812057716590 558869626518068
140123791 348493481 708360260162129 520926958689832
424381233 522114384 930395856608111 19315433911574
632904569 529544441 188896983192168 373363914711628
888682147 364887218 523759997805217 527325696090025
881787853 496185660 113241850718594 727351664180700
908532277 197258058 380777879418034 683809677208747
26759551 916901309 699764885588061 971680562645801
855985644 59146734 195916058258798 17639647412221
418348708 442422756 824205749782484 348922369071522
57928172 683177113 883807708280001 956167268529825
336060784 310078520 777919951007973 766695369651672
963996282 55248481 590443939759799 610817344695990
240886840 777040484 175576814470316 23706373599611
203399673 231352193 651738385087357 102367998136188
343624048 227969838 212833095910501 946051033049950
216420079 922177360 307600276721504 436546687160662
621167533 340742271 180300064651629 843529499006830
690558976 100216903 265851988323021 527822447248834
841149347 830729569 584824050908481 908307803915966
484779505 823773694 773630146456142 112971780349794
961113639 726849532 470353362731388 744057494335358
559318437 930041133 185161079203474 537433212238325
412343853 100202903 999211391686620 172787697366270
84964898 383165871 277127300463717 306524061229661
495130826 40548508 548315907340860 122464142127022
59069580 346862714 266233321641139 930686673493658
402443058 963027603 718804923159194 708293158204704
988831784 287582119 627248209390728 458044216849869
360683706 72975397 292152149148434 252584262410243
975220313 812856943 935144370855186 722228887189557
110214359 439805722 636585276714465 902406274766889
923567781 968358699 259718228124572 524681598519092
501079836 970525786 3342584462690 43748947532417
698001585 79802706 346889576196499 116923495062858
48113982 457795566 530559461796882 229302490300701
252082751 192158589 988433243573380 376259765933591
232844050 663543551 592104374242447 481070292880172
898796342 648865126 196896035333659 586634908202589
93941900 113295829 763111006130579 46225709655295
731377561 632623588 576862380069925 67575883412474
23867841 337373145 933928428574205 129731809046535
14881165 552064239 915731184255117 317683530071537
952143589 125726099 670097025426632 460589920209620
674256214 572135841 443176426695010 672762991035489
44468813 876418219 967457857536273 344405574392087
680340314 507330098 120189049415886 411623693598859
350088302 676762602 114804134522388 325697110952864
353139740 787229690 441148709829920 855800466537679
799817179 525913913 383177310533423 426616044333152
595244097 908356978 331468913823938 293213551778991
562069833 383177632 499445191735260 935053440963175
76583566 552062514 146788477633090 607308838315209
827980173 656113479 5968933921722 835536524202470
316764647 888557811 949720907852876 919122300895968
712719772 807489912 429642976398979 729201879129133
61060944 894691725 360564603350445 741221573301715
601963145 715568794 652385832645654 114528350051245
572155886 531354361 123597767094609 286185367664036
322283913 16593462 720361315156078 933357042055157
560731398 515537232 347595814106692 441624209177457
60942833 532218613 217390695045032 359223644904888
625472507 858847177 364415423322036 484535063054717
249112373 574262431 682792729107969 719441296361157
386928723 294906558 665446618469612 801683000169255
641217771 247393821 816319646154708 797114274365964
690429363 559768486 823042799262041 585783255639280
754395845 888652150 728956155672991 42940934142879
61188573 365682971 381592426251400 528849324027000
567708825 657882580 807990308610045 140946308514989
994465976 472467156 287688832234021 168527863824512
887294044 731228543 792847588698028 888108883073928
512123463 943648171 482701105873405 526090282903785
266609697 476841952 245076241788296 425595260908447
418768047 113441176 868149633196028 934816183215795
251260445 305357695 417604568972941 932044019350915
767835189 764257203 533810957519919 918949208243198
617224869 707048964 65807714951128 758562559995621
886516541 769735733 144994371953345 103724136674315
511987758 408883257 171071878928038 849301636713109
800938059 392280182 320794124608513 167186981137211
733650763 989484549 968895213842514 414195053570180
425622532 250171119 865449258744921 12063053371149
316809905 20102769 471495599475290 826933270920643
561658157 918863160 835104643714135 250257204104739
277739317 243238821 425459020831321 237229107504256
159558826 218511882 871947583729832 352330809839677
826182604 773627627 625471299483149 68333538714639
65014655 704546622 869805142805014 472838326652476
201116553 485472426 606437016902482 110415547857117
12594385 159858635 693492712146320 525406572327455
652101538 491753068 252306835666980 367715638500477
90452453 694091210 725644164375586 64630447040264
309819242 503260888 679236865716896 755195833896351
795986463 482764405 369736529494776 978830184063286
821811286 550865847 456239977476355 580994905430035
275713283 511532579 504679057810270 888332864611851
187056124 590396913 555406982341032 224420072234185
702445111 106336844 565771710591682 31844828730375
9118734 343898000 873187996730125 399535041763795
722235773 678701450 793643225911983 361327044242123
71141986 568735675 983833837349838 820523811893856
9217724 713634709 175589351416018 337711973225238
718075629 453682363 557733862462119 764331014026946
319887352 145914693 655173801328376 694077773047498
644586434 201716729 606838543783541 869237503634536
712350036 890190482 704430056184589 692950238181607
309890327 936664061 792132033513012 862735469811172
794726678 489370775 892668817848094 737962418429325
118377791 286812271 361756829804801 151023113501413
670559650 491782538 255855116972375 344043706561022
795561136 107652633 827874654488089 602077311135804
384213372 458373828 134926111968260 149824820831384
553402365 151449314 821768966991063 932084897931227
301099849 747590334 461262101247379 408870211222750
204638171 544622035 200973573766329 805639513575632
677899214 875466000 54518683799695 514299718230895
679254304 708107029 45708202437979 536998916239181
490268655 481132660 478577821645733 307406544300556
199062206 870070768 72244674631289 281273266001058
725962417 775809216 545786841717154 830250654094230
288965068 590188236 343375329998832 32792907878208
237149495 503148783 933367796373874 27569437957132
634033532 224253747 164953060704700 448854763137719
91930823 851273495 152720320347682 419427116826768
744271653 257131468 38052198882298 547018097358776
81730757 156020339 208745954158302 284203575265122
911715897 164139616 611384349912807 631873089295379
196595893 186495322 944557356766962 199258785007586
47013455 293888984 307995004660446 348958998311608
897480765 313806148 770155624480204 653008213684881
499497241 651769915 349375089102941 216765326265
352571680 283826379 37017904086775 401550543591696
247632494 289161908 373464653068288 564828702760006
791135555 372911527 234645544286753 969667020797470
770767936 559206793 614973852064387 177160106229422
762691754 322259632 933327165248277 515483847390621
704844454 986948132 878849618024643 888334035608164
64443259 534183391 219105891924416 424276480457869
583621074 803243277 821525537899453 916943880739831
808023544 242593868 743055738155567 280817641140495
302607899 74840045 760141598565516 65024740590871
115302536 179574832 421151051619470 968402867176034
175291891 666336651 534946482340974 259370534044821
387705263 116902628 616513572420905 952788770566376
541477873 553405906 75297573729470 488129538217571
20918288 95525087 130635007165550 253880395781665
106055880 848845768 347221663225594 662528180409231
960859249 943214011 801025657067240 337554727988397
657919820 250162071 156414441088190 708015563618891
179968438 480125487 950088977012037 24092320143437
799523443 279484551 729973564651462 752417899492839
639440612 911895573 28874231653456 587521962733026
98250576 612130048 492571072057839 657343267694292
210153247 234179684 317841418237174 548822165748587
484465945 460506764 762614545491254 398992103434915
304489899 441791286 155083726097476 418871948201994
865390369 447433170 330231409875894 929694784021507
36423149 610168259 519704609065830 720116763100159
460046558 34780315 352356875493293 409098355114693
750107497 914628195 266700834944937 949137760272554
695078372 634694608 212818066318199 890029798231001
986317253 168455310 107577961382520 6917199841421
342591974 790436217 956793043282320 57731935232337
511294660 817177310 646153828929890 468846025637702
854367931 550391487 145475918285973 978355447335517
19493963 756515083 294765330892305 139361012248984
522177110 405792233 914457181177666 120018871728973
752789086 219820526 601861902452307 437499577163106
701801675 563426401 559153969790068 449563309333905
833457955 872222078 153983286101013 535780385831333
654977616 683199663 673673008676648 345797913712571
864227549 783241940 501268336231778 809296628792962
398176568 84355196 39688644958841 190335498704251
470749169 512813097 164083722497127 250855628434744
576802809 766783632 721807622642085 62911145332640
478300900 328708822 810892177358704 699357056374825
940922663 66290387 460508427030536 856083665523741
554675290 200311122 303549735039211 735139123391189
417955702 192275535 436516967948574 618833413246464
160591127 61500215 246452019079012 123754612617693
206241210 555632427 764192856819844 829090939571579
611921920 922268476 864766312940934 395393924702976
656286441 663429296 9421124706806 927247250182111
347050521 524103483 974996934472224 219837614351648
978465815 181229382 775605284974929 240687473166235
406792328 372354604 326884661403676 106092788586556
513650295 175902327 663825310591634 225060038861888
603349648 683420199 882073628726920 656498340502902
821623648 640024810 291888226089428 558739145759359
794850710 661552741 437636682037392 730267141267214
650297413 515647593 316881784720213 469917972261929
359804191 181153086 983340507581825 896759167211621
857013435 648557019 576034961642353 146813856854061
982578383 329954347 609622126037191 499098195697146
232793205 629933897 279894798505636 412568004319900
32941674 691088836 505475947794926 650307413665135
113489226 444729819 615462573961611 597069573358758
679594453 36145090 409521241066660 516979306270084
912265517 776164315 54726165143779 821594947679389
329051925 924942589 530950597370036 690190916036121
95431731 210689200 296056759585159 942500462077425
394307662 744999278 82047706923532 125326914910256
43142800 435003108 516679864025205 127073828983090
670423492 360505902 520659236796599 347616173690343
106926232 27895837 225066707129032 247147727680529
186460124 347053428 446535826565346 391828375419521
929442497 40464678 821463293906366 728456414550365
54848283 732082330 935933610547930 254815986524765
326323103 680381927 329675355784883 75619143688457
675940901 967454743 828240088630027 318661297783548
730787814 953532263 838378862617379 977292841601059
672801726 6870917 830820222126593 998197843557118
344431210 461140433 592549957558443 736375435047134
2156747 726689692 338529463784554 455759748141605
198029857 556743787 539899253529864 288625382206088
460594257 159035444 567489358318353 415336031469904
923277343 267643295 354592855465493 892442708048276
285685108 601840197 957658843259620 349171122977407
589242776 7779060 685217540168144 90748938117008
791890808 791719401 617959511778542 174287791632597
888133089 896177429 963136992722516 62034508423982
869652930 953246808 338373281740380 114821984280720
387591790 523192264 692376336431583 763810762332223
323481559 378249707 861017804890235 600970378319633
976153812 501173751 127168101434061 230611359311794
571372891 322530841 412151659468983 382958081424090
847367367 637201322 572189321011099 160889275799448
894314514 380040059 849375312398493 696508302480266
822669851 900393994 385832770645732 144368320271138
786627041 635701194 716291738637784 856080623571426
585645254 792811871 282932861300581 745830158922400
866968269 45307359 176216239204919 378895512721346
191525596 461954321 748310224504828 923716795220867
719305978 578204081 639676483845028 237616868343852
242234001 707040682 658708362203043 709301407289435
204205741 75449946 231459240072238 914644941711167
23383610 914028241 470765335893369 358127789435096
469101641 446606865 157229367663103 146108783407675
682545227 317498703 758561829529785 538151346285004
8922196 787984944 754103897741157 714577305851778
467620185 10265356 260546543460544 684526810596647
914056050 258084142 971189769437900 516222966326933
563718680 846242578 533337130427659 842548342688249
665247335 266630309 169986262369985 179762216898578
812773213 294611848 593768432268597 883505708674162
184950296 478615373 257142826371567 520868592283068
349660188 157550008 913312238203131 380499332189668
275357066 521946366 749322563696421 679386008128114
453167978 865698825 599967828860987 459122667078846
940440545 981118129 468572044592462 560661524408885
638120059 38784516 213549846821616 200383709897874
401584738 28986494 898053807046518 811005886009893
312531620 325604433 199919483875638 900022840690191
471896176 388465054 350426493422794 426181938876547
524359513 413320378 983727541662540 888428421975815
469252497 820871786 640944529881239 164744028882096
625732143 386521126 19114250385804 88548600281705
178584425 90259545 755288764152393 643682234476332
719066 138659998 500347525844083 142705797193798
225777084 844276740 378345412951405 765612175184279
474732847 61452107 345799278546078 19204436000207
631682672 19915557 320195754256815 621560192108210
790789922 917986933 122832278977226 731723359206740
341223304 405927570 578751549287132 507949347600989
888147656 546570628 469003113906130 860814829108806
239720745 83035718 550333231937759 608228384119194
542321237 313037058 36097103361204 267666617982261
384200087 820759383 372998450438086 151870912500360
70432286 598117526 433123159583372 48392445639634
837735224 16481280 251554267531198 194848312908904
165035159 642468617 949392530305686 620194492139757
293670543 524246936 712268395379986 404206113046426
53971029 54709828 196198908929583 998369405257847
743039553 407334552 417147409086511 629426439642527
65144844 855155023 345161681678036 144838318316416
983723794 22271128 403926275663266 980917738289432
639580305 96434258 553130774646304 341647636432953
361545192 362339408 788074583354903 419874421587397
560178392 615442071 800303825708497 668081235640817
165862854 605398427 618835542621787 730324431489158
62406646 188072069 718444406849475 384298207539483
895069137 800020335 7270172102489 656027984506716
151341855 453706149 833679006750194 543018987289414
889804109 249756133 764636037541408 481840189262183
586503080 984920223 674034967321210 877546597534498
801522080 812248630 471102090724314 201161350477545
920589062 541201725 361628151594906 461623787739265
324119117 260613307 62720905059797 863126129813825
368173260 773753958 456081902501804 735781932773458
76931833 77515499 239362069296510 742297501723375
227547311 647567396 772135357310253 593533077421222
725839721 818000223 398767839508576 539448607762326
444298372 352594334 531591678694075 63871490755758
219685248 606234065 922032208302120 733706276762612
632825407 331384605 374775937043217 341677156555963
705638724 205668632 853255662758562 96773674735082
431882741 535242249 21666958768395 272263356522044
993257689 457161004 228847310160316 803460580969594
381499866 271218412 97265497601959 820137215737794
286703236 711894311 133519855068033 579327669917635
84728387 496398189 386455628241409 617556449916158
455689384 585023809 495616305560095 657434117914886
638146981 141247574 673916076749654 297143873912512
910257612 203695314 685765500146657 19223701873316
555303059 317173134 444997304278785 458806818337529
403978386 339446355 525029237451573 121734998896668
616184258 182666269 80669689956479 500179821282489
211431359 749200220 220491091472038 551808922418704
992339463 94293550 112643772265326 55394684816433
268721209 106377382 752542147922145 519081460173376
69780566 775682824 90051474211721 165824357076657
187859203 389774857 289917345015986 475742530110348
732914629 471609107 357272783422636 220454225118889
887209282 711396478 982665223244039 183553328845301
294730118 433411032 328570697167573 636506394864555
824211003 177691678 511032969492716 154673611595420
764117231 836216832 245134109606432 887931019721319
408458066 332039712 822404351288204 472870908861376
240610676 263529299 314247112058570 237563547876524
825783819 779648222 724498371467318 143259689979075
181728938 890945721 181764470005038 139402236186989
779465227 328390095 196928453235284 987721939127845
639880774 386921020 136430968844746 236791046878392
527985431 245040013 567020351258996 991315762748806
557383195 559586051 522155429841209 796231448135616
32417042 564746191 934394870174018 708045970235816
822998558 142397783 231805248366649 513161925318867
105427459 720021871 583799767462283 551922614055530
479460453 457386145 120098240265126 215553451715427
322314764 307892837 293251369868859 568643776520396
968210722 118108520 174759209689212 111326406426625
154720627 423480265 382400452585310 711700671397616
910710443 12608855 618790587739096 395667428219996
950690459 441852884 954414602664226 951664729843735
659549045 442361652 959656112255735 853713034810181
624194059 911828958 466543330649042 857317952407711
630119955 542332649 912854298170164 145444378086573
898249317 639314528 816081534149596 618485780702731
517633338 415133566 273807891626509 350199313878436
323680367 881854194 459614824180171 648005747074810
232557503 382599452 375294342524189 842763615862875
998926092 36053069 625479951540812 442338509380396
933205655 614876427 6368327455266 321299640794146
732135747 41977930 775915841732140 920093356311428
724404437 588348851 255913894344440 629015423716714
612323894 343643104 64913811389015 696412578945536
477715375 7362205 423347436050843 39323507260867
493779755 154300712 565495163119578 617891196426690
701063800 781708914 960768368177192 912986281286622
451567493 582522716 395135536116704 514778472810249
453540005 940778746 507405247475932 874519998595978
465614027 252010195 966894794158008 624363241355064
741135307 512967966 619136682105362 962508625864122
558838431 859852037 808894345173196 420641362516173
42175903 326362853 755250840369736 307537136521341
43395271 264543884 377585640923306 990236225174377
459289588 714169721 43446359111706 921554361120515
530334503 751154464 481665915843839 515507992090574
922430144 772315939 791529870514756 790930492373406
990032323 854134681 800081139959702 923007294330843
452974614 40809802 116503661383587 171072873704893
28244160 551401967 564781354817116 363718704815760
654401068 974671990 485224389244723 728639918663154
18027107 829569853 321817412596573 198155858972688
341234517 406324818 408165265467409 859299263298028
848275728 464767417 15518865788103 421734677600665
178240518 529506213 953744687806842 536766744481404
140687179 595982524 786890659017958 74291096320397
741043413 949428311 126894535445193 775837145308563
614357946 511065279 857765769243173 162805330151275
266105460 796753777 557670113250172 938412473712194
86659360 740777818 625208256175890 234798143798229
360471482 980478236 788932525867823 139296113994936
128930402 732723015 907621395890778 722700812335243
846644633 302592671 991620567718302 247416839524934
172451460 990610012 477763668821704 1155865874542
222172968 867913317 222327812906662 496420372548957
433252011 660307860 813416818273097 636530175692669
485004185 459165172 413264612266563 466718773246349
90038300 514355461 235287862051562 712584069169882
522710594 182118902 428394633899154 650962044827526
460787771 730143210 932761702923478 96650392944837
37867160 780686899 528657560348112 795027400652058
173544077 852186778 245016284589148 97752313868446
288957998 23867796 986584476679769 192152270959929
487845045 783623821 872288154079463 929628501840614
813959354 325144097 831723660936873 668538187487219
682550393 77804125 186797298736643 68720841525566
258013711 658392322 364151203735388 76613556462200
327918525 156003778 911881393652573 582429131202150
955397155 800063105 172214647761200 582957312476954
258350213 34490772 1154077127874 646773857685054
648203018 559708677 1493704473858 902288192662857
657281783 979303884 811956653158943 199687711116743
562363639 890236439 501466000360396 986143964641684
333428566 799053698 207123065900926 682491720897313
732228673 228630623 790383666845356 771385000678830
587609607 297356527 993338108755214 850052708736397
566049626 181737383 294950526815967 415496682960997
189612942 993777004 667742834085659 939979564875116
928248537 317234646 467723110419905 705487765876139
818457233 752448880 635801900467729 587642160618558
284670832 377047030 548418919515341 961894648209041
893382099 310578325 629202482632316 371053221299363
897691126 326810157 774249663397282 625989718989126
651424825 669519250 753425490866441 290575325571676
34901854 464836038 310955334476284 862253125458203
980632775 263117377 323798248622725 497650990346826
504920252 986928425 528715766498230 190067123949185
542002339 589187993 676795771675613 194790023019116
932586822 918761950 419656103371981 674581624039176
825313040 941112244 450747523011100 728295748772324
476619855 497072781 699266814213982 888584316278113
83586419 196969418 163644572206703 972675308507378
774608205 172382975 910985508146598 441842629531996
257823057 490791987 500504792815138 526824403009783
757468627 82870813 553801225949697 23253747402730
813466701 73726055 660453132501667 879101851436146
322152855 514323951 354153300860651 810291925930779
887617581 957295361 817059141173629 538898611425029
79535213 503625629 899967069314817 85579712877088
221541077 663187894 284872200963166 558324527168879
945793608 467160433 396686226627839 160425583364425
85641290 204391266 387666057199889 430984305335699
365521727 836925650 32058661374914 851510428807686
69393583 670983675 750586539899267 174204706846319
697575301 415857737 952447821598279 296593504977641
344500299 255025306 742582626091969 175219096096804
798103918 439477631 419237356421033 41388237649825
798375296 162351992 13025120326135 317449685646324
719728 233794363 113676877642534 149217491884288
993574099 554926062 186479980083826 326379933195326
476219935 756124008 309194048365594 299876883055861
456536810 524643443 810079631294366 259857643187331
812277295 884461324 333405115051521 803499835782802
930000008 17260705 303420819757063 465154440808803
589972084 197516881 724759069516920 485249886227974
889160850 536442671 971098329413211 217796576065695
799906276 943924351 76029508514619 517001203079331
963548173 877026807 885878796538213 889404436082968
820613523 957726719 515786709970471 186284948527320
650476060 430136305 736960112520211 450829739188942
115734708 952365657 506006185236793 575563775053366
130539526 816124725 533075719544176 7277983661793
52165278 522827829 384561429852301 501066182327662
663598381 648641788 80690159360169 393333908127634
244602052 183685468 853197763326046 277908668233808
20556567 609977246 789475482907914 419091529642049
803289786 531743415 757943397965067 462839546488269
601653607 117248148 550997636888065 737288815244656
393650230 794953806 607873540098831 478994403215861
901365731 359513206 812803713651482 492501655246014
304791820 145938762 353387091175175 76161490144761
695799920 964090109 372257641709568 920162833612011
81183536 269032947 508443620212144 285694685939753
988300048 793828609 745708520731778 742578949082586
815895222 98726833 987482038961125 372088263771126
286273002 756621435 927631695279242 191913652576393
536372180 265669901 335129994501796 915527433095664
12297025 115416196 825447899109414 77240566157082
139177182 695872944 334265001863944 353277005899719
841754490 55054163 382481106719618 459107023502540
546362440 907971170 31965808559695 475490571270221
541779226 671432258 476918406708971 475464298831361
298209959 908136715 250672236352981 934480317377394
207009477 900766152 574866307129037 964098262450233
834460335 970125493 355070065004310 787806303637061
744648511 981018495 3838935706549 135196627374613
381608756 525692295 494954188455855 516989813609209
822303597 689592351 22580202625614 857425207487316
674973484 987395786 989076979029341 972274884794588
765811284 310263168 379394910970727 357353126696152
499325867 111778023 732558019372539 186427719627872
283174680 976937626 965059255127018 117140136153249
297189349 502208358 933903739778951 611092458354454
282101501 21433224 798582093065445 84312920318415
568207151 417126639 539254165604381 335988656158637
385850217 568491391 405752377277317 477425047180451
900059901 757540684 871551275701753 158430116747766
471777246 212670171 910516385403157 82123710318206
321261283 476133220 459503159961463 97835978610402
661390339 253068562 909691005711106 820308006301151
808095383 494155072 663404077290262 676522816046210
880891804 809876157 696399253625560 800865214112360
924898797 455758345 85760911460208 735525377105413
267440780 645702037 541349894454853 856240621462745
991198937 801634822 199597731091266 328417191054268
630429401 337287795 562953204733716 947474957559571
791264112 115506850 285457565920618 356379775757079
516948135 204937550 209383836134195 360220639368213
560151014 973850211 146694447217891 197186275743400
941678138 204877120 545955135755437 528182148306945
541157520 245819123 564997472493769 677363467513375
866160631 847132800 848322784250287 92500508125207
45137890 627469082 419428793170010 210156291776076
18936931 740098664 845408288547974 603412495387319
62634097 332326593 256812642151154 878641322436896
135416866 261628783 426560016853919 18916918255458
265471729 673647856 410943547551758 181090817961386
238409208 885319471 6296802384260 604702216627896
30976055 846312911 540120025421641 138619704127517
966555339 227099744 395591044457700 331929759042171
279581495 824386727 575114739896416 305695098462664
125584286 726826714 919171388934283 783553792992650
814790405 123037153 936372671820593 256685344483611
60870038 868009366 849426405084004 539030859811814
805691096 794790661 163040107481015 519183653743016
781770231 692665004 698515111364733 430776075408047
25608705 88927420 894349588909583 817552218426398
813220902 699990869 497266288523011 584121929914407
278945272 405005005 32006760842869 586760827799118
728212904 922826730 520775339307585 367616224381868
225541198 204228642 198284060932422 839129997910825
32954913 968293346 950652128313764 176041502537153
659880123 824139460 632368230268670 148606547888832
811761494 54728150 84258107433145 742912269959173
626120976 671364570 489329386424378 938235214563906
581626666 547215232 127171539814188 266190968896825
323917637 530365868 810912153511351 405345995693056
254241187 123045814 796422424080585 914832929599806
380875115 61083557 354126047531089 3550638239595
843985637 157323891 665346561631614 105365798394131
308842938 509273675 396418950230276 594507898024211
604725557 490380493 303442038473046 918256613733082
265594500 451218249 154688770877676 874572635820713
72080118 881080575 339910991723647 589454330627539
82609726 175177573 509348684798280 759147920888573
261263534 830657120 770861582365508 40427818642014
795055997 859093128 401668383517554 899841453229568
655265537 925589353 23891046575634 416577914409469
395249397 280151484 397717463455975 191341528833218
817312436 398268338 994689064216950 306913597951822
785436027 174361385 32456595829572 641000973610355
607870634 798096371 487515572428316 161119745924628
607559683 902606358 461597964233798 260230170311525
265814505 317702663 635580937865424 7098526001966
890390434 560974061 581033779699145 804408667193096
854866325 936214756 883725978350208 438744901754013
112800652 345400630 595272059523529 938676449865195
119729907 613417635 563125040740407 826683927976321
545168150 686797210 508536571972195 598273041564353
