1000
829692817 156754342 256326405036890 604425320446905
332181684 224145264 774427872511589 242204878058937
486750572 336391427 266824862036374 154665960893727
860656432 327356224 712926701962711 587191834068001
388490347 28961350 54376482937378 885261206107738
193746104 178969015 745837646701508 304404123017989
775540006 322064633 110238830587549 830609766915903
807911029 185016178 409424233160029 570629835788360
418910039 541461195 364421798261192 834794044116418
401936559 650419502 723321397812467 502845029518320
655910868 581468040 66121054967684 119631382433272
9640143 545188807 947525230608885 437988461191201
135294616 994532635 444924341619920 879749347334677
819489628 270320697 19784637196532 738608875596063
41914042 955177363 361195480367054 18928426787438
748003840 353622944 745363191985056 703976416222544
719286386 188731162 322061640722366 447114729821559
73450371 844105531 374640159002828 360066545374519
977785626 401339390 989619289804032 714748470142917
78868942 521610340 743559650034789 697377042125689
240260906 155004587 871640315138326 137137552169996
125966313 916952216 461890041393022 256661456669914
158919226 635344302 7636586772126 80072548109089
127806972 35758452 290000816822343 481155140661312
141885699 169273267 538232518224219 153146741124088
952491857 240098485 595524186649104 561169509674670
906467677 174190983 912722699044396 783929347529638
616475215 619977271 344539757421897 596031591170889
504866369 475917334 773309668811538 721675852834144
398885503 75508214 436879494518660 229342019746646
974208455 928793708 120276085626669 629788172847737
19722378 975086095 109234653950832 292242458558008
788586280 852390326 366594079982271 165115819739750
390423607 751416510 667057938575583 460208145225077
995686077 166336834 524854551959335 225957573847740
298505841 834722400 770015959538880 933131945833649
281149949 978390138 868380307873510 452773410520879
10429758 118738802 869838422548773 505649387471281
929043330 7148268 739524774806940 512997981909396
787190728 562853519 128278212857149 375077256682584
65977603 912503876 21193551831050 776567095413215
878234199 836108405 682999186087257 320597078714028
133225818 786658382 490815786202129 762972913628709
559638100 613398527 855785535734506 54762095611090
525972094 587790072 678202740834480 233085327364763
426740806 763513900 624522560711808 206805022706956
792441737 322779214 132580844652041 667939606573460
921808344 858805781 523406259391948 145254052642753
571972787 860432507 963131670383964 786161274364805
361213392 52897530 71168430352286 832762063691636
844846420 302047181 83190597136650 40085358591747
72370200 360884277 741304357900263 187162252300490
173179365 820197041 661037189915794 451946301745346
9519032 363922756 400028069050807 967554798381704
181288446 946606514 405365559966870 973131564096407
92288728 541026242 956797906320703 392850428116369
238701656 235744125 502266632599254 392486673199223
670574786 739798381 934121432719311 730720302111979
324798667 343948511 145851214774834 219669354620533
775819229 387137057 223910159555544 961341691209147
543769681 874139331 281482297034411 743604338027206
324569010 598480858 911204199098601 44147024987971
715159296 138078776 841362423229794 309368618787007
354054378 822228661 398362232259509 414539550411498
167222802 558710889 125851591321750 71677402147285
443061581 840693998 372655811655179 111867675221043
236354016 786283682 412389436685225 255161923775899
95275459 448989410 304262694428379 688283055493315
41576929 557866064 86419435881243 216416614670790
679243862 778359566 587487834634807 985733873561695
592851119 972735744 827524765531277 92717956157995
207922221 775838734 302497099032910 896328516893931
939674626 682128478 902355785404094 18416289081535
417956241 343145117 396403247282802 623465854417515
773133489 373184055 667487044506000 171389277304213
202769899 738505114 482508502151442 453457691719428
113520823 432983159 460452329100802 269191089485538
44959171 353150464 463025788898751 312234717663995
799106347 233448747 855429249117751 882722613977339
359780033 767725804 115975073928746 499484281407668
980724294 258710654 263906850174317 709555384018517
942788014 700107163 933338399579427 212520595338419
48885600 217660095 123392955340805 652306781814659
306604659 138159976 245703365642907 566218349272477
169529586 95371864 643829364202369 622493105845050
628596248 504338385 909849802040227 499745972517943
753378452 663248855 784888446346880 113239673675344
402278086 101285490 768661271089769 33543040811877
206795519 324678120 840200863271107 682841051020215
645076933 117310214 426409941397057 254197460428843
157241868 895820120 11399733855018 147184421858437
134652285 370924396 794027337810840 596208767887790
352309426 674730259 57766377738166 704883049840623
53764983 131107232 865699531381761 88495500187955
739288331 966460454 275178225559944 270582692969288
338217052 553792445 867420922381868 868062798717470
195664974 661778877 415092247991520 878935754039813
881622004 59261952 529058240372201 127571847500275
357591765 361697060 784134496085790 4563426016700
436826920 761845959 842200582706216 764745118310487
544699927 934936521 356702985457347 254159810586143
878047231 940423820 997275727165179 238131320747791
494710958 647631159 850780395494255 54446665500932
842450340 799504366 500811275205009 163697697864191
81016402 912132891 842288959145444 245967638655584
298092637 101641128 271742443846716 750396253966123
815837147 95627074 509195551766529 264433313322054
817510804 778682519 915611633996907 923162791470777
826333506 776535960 975243412493511 877741735284460
563578321 669132215 102249470399664 893764585620203
123532703 433341994 786423496015958 242054922205349
474421436 866247717 491056256685242 597931082727464
273493803 275822883 59990152374255 163335310452199
954796831 699196190 815544581454170 120505553738996
950487358 197372114 757441334430195 501923919688005
709029089 660243965 581837184220290 746299987313138
411014737 603518881 98625536015841 851786466526069
115480843 352333376 354253243987264 27264904972776
912988669 20072991 974931885669468 163077474720586
761770438 209394563 24580041187270 794004734052794
893289721 135906550 64646315845410 452639023191481
966039642 269908354 676714351240548 652746539178092
715966750 503686388 450414678790420 909751338956248
915201327 378455066 548868196459659 768939514582820
961988454 202801413 267718071322163 483697667845337
205134799 362664775 879061385771211 117279524960549
564421095 374822966 754225208890272 505712970916371
670248161 356535079 822187984552661 708987745635283
75928028 556623283 983631820640155 627309947026168
366255150 562548724 794283785891961 778383719317173
719199644 456447688 666887413014916 455905480581919
486973598 304287757 234345419031719 661025980066669
649622176 821241059 431255427156445 109123385496634
621277755 154202605 941546278592369 216357439921601
288328576 634291599 205262841719364 337810813312544
978457133 825753137 339545635636743 516508426296213
778699252 660820602 502803424923004 357348319080131
282880187 138923413 952473383463608 735868036476142
988231382 703277935 60210752778084 535996357548602
130469711 813918454 409980682237175 810317805839343
756436510 749464155 724993222100221 140475832689335
749180529 390546256 719709410527571 465345533535454
785279205 282049355 804859258913895 878621247848593
264711626 499365312 391140863152508 820617601723935
951830370 83038827 485391631723748 125325728164411
769414689 366696323 278382804419651 832552708857911
769812206 913774087 234721585696466 700848433372233
248249696 464827893 712718877273498 539543767631305
320889346 602784397 209977673405364 494035846947185
937461392 332814994 781908607055503 498168286911387
821001271 408144008 897819022214697 438151669635718
382633944 914671351 13068616609108 944934335142033
811404868 127218342 713537544493555 144938817701502
237044353 75411168 838598282333497 317197695055280
188125187 187522994 337281260450800 483015977732716
237467891 653858858 719280380954287 631015836038683
865856107 968227993 593636167545379 580384106183046
63807160 588479185 58776205707079 130408019848984
883776406 853198952 919643904390059 618971267702047
810698359 32762611 656917022343600 856253219426315
507143356 695306827 705045569495241 842840355241133
853601785 848114379 474536769336763 71791632231033
267361333 726547342 3612282860253 438345027446212
585291303 193657525 399243056396376 345898600479237
216190842 184322463 909979555724392 417559446926359
225307401 175836975 774242513222553 706030390504565
251622179 197086218 182646228889867 593295941081469
859153351 518661333 878361601906350 511699209038254
74063081 128224890 140950509907334 811529097111017
331094699 699151459 573228856987111 53982417296306
93836708 794911421 263783244136377 286497158254447
407865116 141495479 387471792151221 402616187909800
726076749 42281664 786911531822757 819347130038853
743680931 737070795 707722874827687 727884658426067
157593340 710419086 156729529664107 967111577862335
839010281 525259198 333217940771952 840427775269528
278554347 914754132 856426451029066 744996410276688
966502070 958670026 332773312267742 46925436225148
521825904 650803294 918653760024228 266470469830799
155180530 441921358 239330568349156 542342641660194
68034565 394277146 464118736053497 682584751822127
565847718 843531461 811160632520592 6597904382288
622935363 893309716 313532476918761 511020836529156
901009659 573868236 896101200118548 660673642592234
951552738 401521399 722143636924725 589477481600516
338238010 307208991 242812449123777 647922215208949
889395385 608368017 15274778309566 847036589339203
123747017 593103260 761140434448902 449343894310549
521211331 180402639 350644732566404 233556257762805
318796339 564700221 180934562303860 488919458136846
526802455 982837436 977137801089447 82435665818734
303205663 253873441 110264273111740 463572419425989
891034862 374805381 809372193149032 141416574005028
80215 146887299 12324626118063 983936783211839
124578464 525899639 165264277152551 256439314091435
494017986 318033087 207376021665596 886372788360223
906299046 116712446 240665080032870 24958092053943
453666409 92473940 849079490122612 952814598318892
731432856 474550950 738125155399620 42456472093468
439525492 498353116 480458576655239 900126861225032
253869359 504106269 841215727939074 396088170274768
823987757 772999700 247967405026759 130312501420921
893182531 143879982 194370197860608 134751636880359
178633467 8890329 436930830683556 45106407270114
721134798 522801862 557057188059583 356505228729749
863370087 304922152 557315204619182 801477113437897
461076966 557701106 222492752331360 236108110201134
606224154 476337181 492661817124246 879011147599251
401893317 574825183 299680173870626 971384571568424
478829276 873927411 579720655685163 116559467911106
341392836 278889431 774841674477927 5545950019095
701885078 511905289 772625935936864 251445737966589
175721563 36138825 997290073291183 446049209034415
101922639 699782363 630030738253891 48687601412871
884619553 554716609 331575518205339 979121545199557
845369649 76849412 964988695570695 367526234206150
972502737 137996267 423102574124266 374690555907149
114796421 684591169 513420257136378 682776335111997
595853634 637168275 900825046325374 730368251229531
208178865 464842351 239262560824975 490128512051344
50116461 263607975 858757881006679 187856948318757
978030144 738497931 178387163388244 542923536235782
673690986 857566514 696971198395797 352165374472191
428313818 304554929 9370907485691 35571397658625
308571250 834030433 650899142354553 880473644128861
353052742 13098781 498334109153365 343476890509063
71285469 745259649 694904155306596 62159127962324
148894574 467894828 109111628417361 679927067689403
384843300 708783102 602873763784662 869951875770648
79111258 46127962 147501005893376 918364225905124
410625247 273912165 350556017559151 245679550391037
867063347 557640004 68474464232595 510438762081124
617845447 269698145 27390687778544 971299908805753
807667521 328741031 209789044068954 574105084791873
898330805 935088321 453373082995513 17983625455520
665582828 159272542 314167616640454 24089975618719
17520288 648462447 122392144350795 502295235663014
55674813 912592743 486176519768423 365193916679874
113499554 941695353 5228832230471 712143930984928
815280477 255229150 563424963742957 706787165277968
639152114 49851404 984236335708781 529428361388994
36786837 155842047 70551653223722 560898293554187
365918442 869743219 138832456294173 374387285214433
860666699 945219111 189477978754062 319912569986650
320654082 357853979 619459470793176 220146728214001
178413194 275123922 112314698148009 638686729238721
34642898 701583504 155037181602623 580842414241223
53360761 438784925 616720790759211 139488746227747
715248146 130816384 802323898481937 103655545925975
209105505 824678469 335565936900326 957276922506118
780948892 403734199 483509950491184 865969830255542
905320619 106411685 827362117469257 646844907670542
363533160 136167712 70806413952668 42317546679832
690296543 633408187 884820710534374 143477376902399
59966351 388551626 530088360355701 496146694936530
13193126 460463267 641895589174124 567587605089215
365704008 410350559 568349041388285 19148408505944
869210824 312985753 671411961513389 203646670747601
29589740 814493357 423778764177555 971012245695807
51288877 169813242 622870870881944 106155509795546
448378356 850802080 24056432292023 472433165012539
56715486 807046210 534599442667070 768459854207134
183951609 709976133 162302800487691 218289162649889
270392580 415255311 124511440499152 621116152147714
335719858 720610888 462547323301967 98085115968485
310526439 643231259 810933118993310 946093885382155
875579128 788341109 145447536203364 935864216410780
340682479 571935301 569929803332377 55260275933149
644711109 996007866 516686276990025 315225550989178
767490726 305883784 554761545598161 401187873030333
239279664 153444642 758595838699552 975635747398356
868169907 729240577 525803982557815 131096891270926
637753201 99109851 145364425808169 827527101385502
9604575 396081644 818727170007771 437932162620246
380129762 116212784 692437150891973 502557801391341
502013459 717580198 120809254980078 813007114219577
275863035 390650510 674490392071539 591776452739829
237888599 35570347 73534702368960 936918996560508
894037332 541329794 452631272002772 823497993686539
543149779 970982041 633550165017986 558473801926914
96945830 840362424 615110015537578 254265457708323
406189776 58034986 687708557505411 900364968807633
666717129 210880509 209942737023188 363260164795730
87312567 373057597 168261363989302 812269107659021
742219190 397094204 944519770888275 157943972301260
711485969 442898893 58437291053610 246817742865147
914861189 147020932 375870912163656 194305905456102
923665284 341183479 639899615671055 661789045885438
345369967 860165887 280632442037746 490348579142421
940182235 263954679 406718777976247 470218836668317
544886477 709356027 867075939532211 573889571566828
297434365 894184746 591022502135569 875131638593402
122139670 569323237 891392668471563 701358779909408
350778868 905376013 875245659787566 500973775279962
429671396 273531719 467378054765466 802608762758534
19597031 559332667 434196777476927 844378601340707
262834158 766761680 365176375116321 154128034835986
295173663 526214258 127038433986965 502547482943704
520367374 175186764 274219608529537 950559007218905
524035332 281673102 921950470768031 795561585817758
622727995 761932967 348504152568762 789950340685327
58020896 513124747 550196228429294 938728628982970
597935503 226081005 730912304586220 276990157050890
274004250 725833606 506638912159283 136016583581071
211936834 608887372 316751753310808 49978900291388
573170363 8487099 288004569222974 344219559239075
438395564 875522831 115383996504926 541218464589371
899426540 217276039 91429083213568 812490153396634
848194886 761748899 924042151566463 415142608969147
516944053 40037479 898870290325641 877745614768185
289559976 214220437 986676688755292 611298352681105
943823935 116832246 159330277100554 854080640563812
698591371 344267409 642065304560309 830892810102706
737513169 108093682 725485692470995 810683247444767
608239559 447194724 483778454811754 964022880367153
678331605 101032759 269646511168340 250521243815823
873632854 441186554 326370368210812 378076653088067
675767252 692607169 986251016130847 310133118164729
165905486 940643168 558458448172300 738504966278205
509666933 587395501 95966072517860 899202542258880
497939689 565756609 607190601555802 340534103539860
675447936 376588855 111483906498674 17595334102634
518758016 62071403 200223639222726 565036872647131
692156128 962593980 179913098871484 795146499739548
450182282 584735691 556063828660433 378992944829895
80051611 499497401 34063224006609 457726868153880
445223841 624501868 339393156755995 179779492976685
742034907 125529546 226489979535585 242268803474373
564722557 572636155 293063941330021 845733224153858
469528041 720596395 236768262335549 939343028559014
309794037 34459205 858417804566416 70572438910553
639681323 709147192 254935240752470 215219489828576
434711556 725578550 545250820240540 717434483081319
470121004 21895792 474420859716797 822028788632248
510410177 494634202 677003364693417 792536380876161
980888211 716571501 663187631085601 998457522158226
651285093 535375199 586425442717176 64538744170524
807052586 936364652 532268470622803 158928699501298
420015944 630554384 61606819936746 430880982454475
519559128 917811402 380187751580484 440285783569021
28054755 443077723 291637181746942 207481490421315
352465318 730347524 915214532798468 797522000714232
742156494 173305291 241024063669206 361457496327514
34864317 585738166 211342176273092 135839868363847
281144771 206502413 805234600163378 84775362382082
455371876 739083676 781747779484372 624372365071982
952937368 176971758 153863522008306 530573136081489
650072326 462815634 992178632846501 597056963313554
787161927 719352922 695685963488280 796184429125756
916162089 80805271 484060103537095 895791626813688
946148585 377855070 222479811043522 660504664877270
773068407 155841477 75039529298155 351579200263684
458061237 627920677 375611554963251 589933650829012
324457912 768444505 445346078686688 456618425572410
1238021 76359678 654606189952202 974263022558220
658492628 928640433 135782614430105 516818877406016
149952336 721329235 101019029059592 48701192112176
255152597 507690568 643220165730853 556703285038297
302003760 82462130 887510368858254 729972375101718
421620706 737493178 405929681851060 70739170714857
947308125 154001352 887365187104539 323923237765811
703661892 994950085 198122364498840 647911862442359
970674351 979126368 303901347294609 366881982721818
102758756 353867845 876477829917248 341823178959525
704088351 352179047 97284175978224 336645498197633
757926602 164373302 311951767525694 314454652463801
490295493 884220649 974298435204952 624513378230075
792763167 156521910 299249307052097 800040064632343
831301082 837638420 852695904203786 514868996107710
735923498 226604287 55682812152858 183674732415811
619156918 729078836 671116944810855 645515873528989
941629141 882870896 159824456109754 974630633140962
872048850 742235828 490628473302255 381282586432653
179369257 111098243 507278153815858 922764523169721
626495175 246930722 793135565461826 888067768972388
637826124 797823959 680294502314417 788964065021612
423666764 80867883 307897443588641 281777805719828
535597449 958359847 366534498080648 659112258866880
799078202 782735002 26077569503852 557605910574516
314454856 178477904 677482580948776 370528599529752
739025547 365449564 280725860048421 499914639911798
642154768 582201423 664236486392865 439152116396282
381904470 598501245 449159361108587 848079475249585
63668619 286940223 474633935836963 813589768647626
823297491 503975979 141994367839614 232514546998743
433152641 175348062 227982367000064 366766049141004
541512028 469444786 377787215859393 562699197909887
866794203 199371271 272909650418600 533078114411110
510745705 932901502 340983735668402 463078453814363
41151137 621692600 822799674263595 803907327185819
700137362 552965915 628445334544114 288306010982466
173147899 76460045 808523433631929 175404587567760
721673871 104026678 500573932329539 440379947447590
942569522 816295106 560263799203748 343183331811145
836131898 354282908 403658030599300 972940287577886
432342959 787415988 377285125788764 888282153415660
363142795 455099705 197683444054710 54904915634268
721293818 343007199 262126067506032 866341595921596
612608155 352494362 994898133232377 801091321727287
796041916 294596705 4969385653907 31336597358622
681467041 959230827 684311042731151 100119308843041
175297213 752788084 324577790586003 746769133405846
7432182 596012665 197959894343639 820491990155697
518903269 523938167 613060685191522 594121802617546
350981907 721595567 768271137209937 500221315055770
641183037 747403493 885383434384913 881975166433661
156657041 864416924 686085247312544 774164626269616
588472046 155554907 74416522420431 450616852103572
299766823 105242858 750689384452226 330361350864873
172594240 519105941 283189628937453 614160851235859
375715503 27747943 235378885639384 544219971880024
592984988 981483120 892218547552988 577038860510240
799949344 452084224 198535287805348 571123189126707
582213257 46912233 167938351888428 620564505622270
355777172 835902143 628360273594885 312792134291149
228938161 981883163 908691993102222 198598867676178
874975043 40145875 586682562957884 631754856236444
401512157 499907396 415372958187730 180041254085856
696511621 378044552 689408011679657 427028944443444
188780788 565851071 729535599675625 807122962476302
909833683 19087946 310605035904205 839894679515720
488206846 442883850 204498817147363 293365592375903
703641029 336378021 974642414749001 400762135549359
179777318 302618561 713645376172785 967817921731768
591808020 569936199 196503324270045 491505367556700
263272626 241644704 107618402799715 923781949666846
200818072 681860603 477624240358505 968551730863715
702935052 943891589 26867663750057 136715658285748
519090250 556947118 358406986010606 471604173782522
503026109 37299306 878910946562901 719232725485760
474625858 573591405 245366380615821 392460686732148
610140011 632572270 517028159212310 731689409022118
721705146 201355876 460293459001221 179234000326471
5408737 644084427 255562920887230 970998575654123
795971080 954575840 126304480835384 868689230288903
283799815 552228320 304634926869308 5684304796211
31542182 776940109 417572838148902 279169760477800
69399524 737026600 201546859531426 821780011947842
819548973 244964919 56541519439855 115770279960894
497538210 620115264 775358651848735 33633087227133
777019221 334244940 131586948358997 13811299247487
692107913 747243749 140220077222661 570336869944936
641660917 761046871 989882420724790 365978354525759
454686210 201842930 567887053592515 105884993022121
977041928 405200453 826935013395093 341779360245937
20693652 369034596 793084023926250 225579828009731
780539813 831438371 342471826814865 538321039812652
21825258 995855961 79641335333419 770871085401819
562368005 68272158 258348567254379 240979716431395
776263882 968033292 983709916313174 925067385286582
259738496 751866752 709154982936452 23229846047275
36192030 811037914 223803821621596 888547178939192
586785679 316837816 520377929050715 490036506704375
517259758 51134271 303682574808909 323228949307685
413068490 19554898 885938699922322 440311213527390
907551331 788008408 448244834160986 821222778086242
981956842 988167417 750311607370217 102321828123219
819974340 579489633 115783899837907 495715376719348
726458567 298630524 976942937873728 868026279978219
673869948 983727287 377831970209833 542708519489279
267429467 32533957 38208201238168 866334859059034
452687889 131156183 303116201576684 929581892982471
458469052 837341666 598962269997074 906580710378996
169329965 749739229 346616796900812 117182425796529
235468324 195443711 741964419331310 398874396752687
899594392 118935557 727416124332443 145674669780546
343668204 455390313 170475017925004 492359708325791
741040186 52362667 65202841930825 700508092633374
986810508 236435852 893412948761453 212131900957176
741540125 180697934 665613304947429 290803641583881
817354651 803203061 390695587033393 33769901092622
837965672 462383240 410250783530914 330789732393192
469549524 189212751 217968113998490 758005176906199
532396644 354785558 979252575367630 990004815734208
419411214 889574249 710660480774278 274880442245991
63583354 14388950 605093374737883 961773468757685
382366786 741495853 548646589334776 882123973061362
408863026 578396098 378245693760858 540694395938059
162184 855638953 854554673785615 132145737426381
840433460 75013113 34320820489978 285380261334055
366511641 631492362 946017681702669 999139862966124
810691146 419387830 557347443076748 110945306642830
23402573 780243866 100844092911184 770803590900068
879172443 228302678 541883439041793 797211782556900
906050973 273779400 840528319479643 305684744651625
75045488 583440725 751570609475690 279668415723501
292863649 888169504 333986939984333 490799727625039
886360753 706455120 782629134435318 930724887668367
624299794 639660878 648487090867815 342569654275340
514446952 765218564 351536345522166 976653879654092
1661897 427752478 367857390509833 504077517941428
516943613 577358412 405689846272474 386998778147019
604711101 996040318 758797630916277 942986037777531
670596855 288309542 286099401196596 856922589523664
212715784 293021817 435451495973257 637517527005366
528562176 339806894 663301010613940 68767155610942
942387425 762445884 389080189785288 833268918420441
322032352 501626912 325123078321706 214759908108955
806482850 26293268 42719454516945 555158167431289
668950912 821018841 735402383524999 326067734151051
913617859 295861357 812529664751397 316336645728074
155033831 566573141 57097880469722 355768964552402
330116316 292151764 384426396780133 790013594408737
391870272 39378993 851697993105238 410515658300757
208352165 999185653 430482421464656 375488591523058
926669265 541509674 251330668757322 717100732121625
669027320 108818588 8050450614728 271418150110162
191027460 897793051 897263440608550 660570590838338
767143629 948805047 123279816674509 256580641744117
431042657 573454338 174658357487228 585545159499029
269166141 422251857 248158715833472 57744426880944
875505296 14470651 280078209676795 220049942447093
30842239 42232472 51130705893152 702809828786551
82434395 7898178 896962181820788 843406915074664
693449964 640848599 700375417932815 936676144561631
580402601 126257460 421884543562712 651227526083090
57472509 612273019 105283884983244 900100035761820
981339523 802773325 318978934191416 636877305892535
141234507 624965649 465808644495354 463045710476163
631751186 825834283 162671849738947 313326467411517
203730061 94570565 460895740988247 354691786300040
115648926 796790664 560973249844938 351852326613159
991148700 282575843 15587722465732 399840170817472
796077968 762258243 508851925287102 379705609240602
375063922 884169945 616643999299651 853432238073183
491698287 394767191 166073608949039 279948445063386
461235238 831997746 501286334008563 61179742270394
177261029 204124897 411148799163854 388214748401997
327883504 435739419 71648109848340 216399848649029
651878586 971002653 339905133666667 916698423173622
312789290 250904290 173554300219145 198256838832789
25453783 590348648 793812647418871 430221891792250
957195084 371567345 581493887526480 760200980224606
631461700 378996542 981112220528258 485412422879389
669996782 814520790 711111720464267 415270953640309
833698857 158521917 845722209304380 221175397581381
52587721 736062525 215096416966265 181592239201998
255292112 158126111 724511460680055 977127910435701
368517301 905073906 705351365744636 244393798127486
953114016 49151683 934878195883427 577629891829586
402131371 250497251 827191420791317 407666685353657
608852514 155941924 706436302174543 880720790096672
833078723 841274139 287505228989410 146463722827220
227779839 637217887 412746197270318 171461040010821
678554678 125959880 99357864224165 494369723243588
552856062 61051312 39351763781390 80700628781636
310925661 195688757 143689850151103 7234604748700
908965386 176443508 297916872818146 155074398083778
65324719 458065871 508607503409072 839854721645457
81712937 789551400 404443709599160 445212207263108
677828294 643889187 68204127710744 722825512184312
727635589 275615847 221646052263362 947698996593261
597975897 767553501 96681701589177 725842717131461
177012326 338226927 237296743899729 930050707839875
994328386 670130890 788597488139633 140928437326861
778104373 645711260 740842359051476 288309646705898
733734009 662998742 283019310875459 545875880303108
268791417 33649514 635881959615452 164324311997671
756422165 85465101 677395249197646 579396437673727
423783133 338914678 308730448280346 54027254176734
55492689 814086813 130132341142483 825933571640179
948551719 198467836 397154542527326 644595966630995
143245956 582252241 735512736809522 724226287558131
33037889 682683737 729007906642585 345064103387883
207097639 42483990 24668074455277 491290963821364
2760755 791483402 844667912287195 666579523348074
862176210 514185209 881778069107875 81280801183243
320163877 872154282 127909285504853 102919578212278
826796862 12342310 531243219413780 134245483106156
110425953 245884151 460154008083031 377131120011730
216609603 292857962 954945214079779 203124060032621
656420942 388504781 61410628167505 971495148050915
227371227 723721137 313632818046158 644127662039104
349412981 263322152 422226380498389 51989599106862
997722140 78246663 929352329787702 585659631470651
46438527 75527973 529699107475 715079053142807
114348096 832206234 600819587003037 1790893443026
357932596 82153472 669497432667994 633608567111970
671829920 117502645 354935843992674 200175487264411
328225404 192038679 183983541089053 855570863058676
249593267 36286917 348266667244294 668544447363656
795290465 989845220 778301395943914 471015149034578
541472019 868795480 847396845724713 346774320967343
328997386 537826310 524330235454708 262349963291423
782703480 217255960 920414365709965 627727840792004
852054720 88252216 853039003503241 715547497676642
417362361 532861650 82298833922576 259306097166237
124239596 708818262 206070899152411 77470857037629
420963793 358544500 492107614760885 276684825557612
849625366 270675295 859086748723259 778760322269942
16410839 981998346 211395434985883 891947582880391
605412582 882682989 732999376348824 709591484566768
812604164 65711296 971200178963203 855208035129955
739478309 410500029 944620532220931 841957630861746
368797616 953798114 15138523338830 597054739788435
393273788 65381549 667507871811693 559000439121886
936439636 962889437 500314655710971 608352142158284
53674931 969218743 252412069763302 660151127947322
911952776 619868222 501042015804844 356679626030307
577474867 411398010 563192513593247 787672038614441
440721670 933640370 619579916928033 950078327850701
512799620 974060721 440888909247464 905730967930162
635012516 464211716 726431470154555 161337988892829
71887630 847024697 985197676241458 100021681321463
824320092 655996449 868712913454329 12978518782345
986634074 842393614 43546146173965 598108473993534
202888519 657984789 811112329598077 802586986243812
575047441 897353293 816218391205929 405219709069930
658866588 326317838 817837464503814 82741846051875
197231611 626194226 352752961063512 909522407597826
169843637 615880023 314235402604278 440808154139356
55947009 75270939 790091603630986 397746464798376
439601929 738477406 141956932845005 511048292342465
870997547 462141571 722517364095438 568646161965858
147207730 839643822 33308559770156 610557204580776
516222625 432738822 194941394466903 507670456578132
191255272 697084148 263913039181010 792881110729606
749154988 992549986 255793528346484 524295186506818
450330115 84059133 679234624593825 721442520046190
901383093 87906931 431835392003221 513275785301777
928304508 1033653 552891945338265 610407408045718
162314820 693325622 214083944286795 695054837043974
135344747 775417385 229456131484378 996570478171729
318557185 201193926 207448143448136 919098860825733
50137865 248871301 671962855840934 41249582704148
637894070 796455264 276069369858906 606965159754258
892098734 488986645 273204629748059 186185285187701
634367306 560820578 745814545902963 832840738505811
309186003 802157639 156528767170684 105387551659558
365233606 326367047 6618743891363 1047748838923
99709969 668559014 895086225846952 579012668743166
228691283 250038443 378099522424859 771175272363039
716967967 241653215 118136785873312 732397449628911
443651897 490217292 454509886944812 561067716887955
627708886 570553535 202375554142277 137192049493520
310679008 786119430 11629146461764 336474038385548
582162992 683659826 295242439201430 67269577841299
323082450 604784086 960506543172598 6903377865039
801181508 583237957 390701820485045 836436302582223
960390838 572124119 604974171043826 914888311569472
758968906 455254308 369218000201698 196590742335798
205257045 564687687 814506167437320 540400088728548
407351196 739007772 917857614313597 13712383231070
442108311 162712705 522254204157737 385075492387294
174970034 175177368 883217473466375 329433585984764
64726406 450708995 890846547107173 168624255027700
391325220 877922598 635453414412321 128678393987812
198830666 285185641 545126088673260 639809569806858
92329898 606692979 914409392112522 282461091032073
820974122 771185263 644520717619472 123700974490148
357677598 439972426 121119593063972 184251841041538
868046480 258476274 600549349949504 931025016415336
445142392 30447768 465232674327791 675696578059905
866898948 143743214 689806548670990 532118764131609
202275537 290799978 108309710441996 188964049412701
600877103 472884609 658028299348009 795517148988060
954677856 779918572 119804152563898 36756121482888
907171288 929930725 507607117840739 576336319606133
588218750 316858218 884511783120219 650450409731993
199278313 807236473 738377516962219 339603599081546
138658980 42428754 559197100672367 383512447914050
471273067 418505656 711464085824019 742298962941918
126140779 574802735 483666246728598 598850580676954
197009541 284393535 556462082138314 312983985736470
708567178 885264303 690248223826833 715251315829204
835693696 542520010 93960903534881 722838139974390
175205339 120694173 266466988376641 269346322927300
386253508 868777782 555013178559369 937307009741476
566145621 978512358 261121482200485 470363847533408
680308443 683781504 719989389596050 383258264502115
283693586 685390231 806702326766815 966299070632187
434599788 180300227 572480724146669 12057399306392
388756042 901850588 998012154765359 404435462930187
82363456 209808445 916452279515242 266668130525128
308279125 781475842 490097003329781 166998499138339
864966208 153865545 738401832904186 775188932001942
148063404 90953588 925324809902515 550944822698233
436562804 846877541 448666346206381 417460321392840
384261351 207153601 698892145284616 714641934918241
806196996 39656237 562088533416884 692702665453634
32433087 630431891 626397892307636 858268483850063
28064570 768861534 337313856454494 720797812986121
215635468 685951929 220684331337113 623021746077143
190683517 93189331 945514032609566 95417449025344
626243015 799226653 803789158714807 25492028371503
846747222 241636489 490010499309443 95844971204910
893286920 671690957 475288182467375 946661103855274
454188910 955965854 297048409116221 744649137035061
741180169 619058421 756445517795137 38111806952382
873143693 785334093 89536509718046 297378933769178
330249248 353149922 709916732521548 426187202557951
626962075 714729714 57604695522581 780654858036163
421739463 28936191 808104173374931 995032310194209
439333282 928314891 52644914271796 338934995088819
967023511 854118363 152183870144630 663627320045304
189637321 262208052 443712742291882 64449717777039
798258248 39372832 140678346291700 775284913415546
169821017 562452266 873463905162440 268414674933084
870409137 121542045 131463215223087 212751620319931
507070906 188224200 510634575251968 530319491195710
619115725 236522300 834837097240102 391672596354030
788266870 788595980 653591195547872 821134753264505
757102003 739558411 390227918297595 455247907253354
549867316 353118737 640856929633818 211345790269298
487503260 852945206 59658470192878 880934713900450
968360638 218122261 912526667178878 169425583325870
684682976 576985098 643447066204256 624168544032554
120920827 473023860 748408096430077 112102038016720
265618680 921948659 213513939141328 695943184799416
81425908 716461738 933154462222247 293756965345182
865184380 125095549 48286461287392 892845070954528
154379473 709526612 420443180907437 778107882339069
868263205 444637014 353837606564432 470912875853142
117711836 436535598 515485710379615 474090542999791
997191115 349026377 433725030188544 75532278636143
577617020 239553046 494953501720366 84433288730523
554846824 221567812 834100240306162 148857742741918
187471162 976473606 917136187089578 867206312775492
489436178 370311250 952366841809476 417192929110842
321561535 170550813 599456006423171 349039250436688
388131587 84589472 694078107236409 529413507876278
947454163 721314198 806335475358091 739849905997121
497898132 252093819 468392726097456 111141824020903
249251423 714290638 497903811901361 13636377687742
193642813 451621455 792867208141226 15466811329985
409378154 914603073 773686438611463 764099429836682
727997589 961648808 507581210184007 417691691527896
476501022 768343692 258715937923772 184801339847307
882875735 189865780 927462830175433 547852460738530
763303876 584361579 228505936855330 968580998280387
589015898 509256894 827341311149327 486938226139635
488917186 701331900 626750854830504 114648041411929
110238615 190938164 833848687057945 854984898475071
543823523 826679929 505582013390304 31535274315152
644182566 54526625 153064039636234 550317228665883
798509071 505937089 820704452412537 750298387591374
231279680 771443506 405904717739040 146542040298747
852579021 129306319 332805015556420 182303051134101
965127741 800092980 790429230407357 700220399534195
186653639 902892288 558144099818802 154188215646348
730083734 652916243 424791913001824 494049319095865
955977477 198219216 137176183774803 864130497760887
197475043 103160156 915866484779435 386699892831265
897607088 492157404 854268754866136 201675897766457
849423837 576925883 901854867432030 655537574929951
289803280 962641377 967635792419345 725757696483800
636859741 241381372 603164303814489 897943475502664
140593037 861855418 188135922883183 545268928464248
632089946 358842125 24462596430750 215083622761680
586989745 744386917 372336373640066 258209837930333
130432238 424449529 40075176866636 46043848439820
80537891 149939454 326555640237307 600188238355436
897871952 794910957 739031438199715 538440046417008
747171756 497330369 148713323072426 528159169231274
883479770 717200438 109055628430086 92421913500817
201266740 96449547 119614801545599 424539407483195
843974404 481320512 192931838570739 299484698091811
200299461 302959192 931849221981580 392934352172387
77976678 658543512 250390443007499 390420405635323
371860614 978766661 465791959426049 480971519169288
787934136 502394090 533956505984016 799047819860237
154244544 623139471 399732873164333 347724889119021
925182164 432166658 480942323869153 871775094635630
635287516 382884881 504618020962947 688734322102519
928218802 422009550 708438783307647 646051493792850
367346786 543989705 921072184200337 342526690940330
70527339 152171865 555442086424074 994370863732749
20769275 489791955 467040476077322 357192968182955
206039094 41098192 756806097985475 579349817126166
322585199 942527083 471633564256700 347395424517503
351209324 484598656 771605391676427 441463512833790
454729894 248195054 497448034352537 130083836557770
166013062 953407445 339976840393570 140033120112509
53972137 451130073 737264712368306 399330090370385
668212765 272411740 685525935966056 886405767329380
468027809 117334983 157080333238326 230743831252471
268610536 542383809 647081756197598 764051476261291
906379734 787090294 857431381923446 769462579938242
585973952 766623953 959055484799396 136847253923171
687488688 53490369 15215061488355 298582047023318
540099743 302236279 650160806082748 329596745913284
83909817 571590822 99543458431501 728013797110136
886050972 319016386 117475395350085 204614365975840
844436888 191593537 642108701734309 550219333180427
158148335 527817436 368098292584832 892539833878508
832209942 252564174 57665121815675 825267711207701
694174450 632926227 695038323825357 34659040891069
970814492 232435114 993053449812608 927670224259898
392868125 43642835 105537401707437 597007913067079
996120754 720193618 410001089532099 490729914099519
377803528 521439913 546781399041729 391966537729375
201924096 459590241 30675455247735 267800320056327
965882220 896047425 212907067373513 309606817128697
164089167 402601877 432949418163179 55849314110104
50820129 857271400 152435352042405 523597594034730
714038536 776348617 110351733525647 250327245512214
596398112 429908746 913771376171094 32974810522662
83090612 142786811 469706762145013 71238499619782
97887617 380746291 482347128493308 886288475322434
997014777 57197895 767425794660300 111196539323147
792078205 19983120 188891987296729 787136841526770
513720738 129997033 271535722910950 47467976877419
218582125 90573551 87741060612172 229774732638923
350512534 526842430 220127324995890 994642446605962
850264008 341070650 331845306419925 665872059703938
643231967 997565891 409701661947586 514053501879341
488175656 935308159 404633911606551 281189793283818
716857508 765931027 553902710191301 582499843499576
78524740 149828458 561387034483664 221057500252152
554147118 707331564 699898067806092 966440216417967
635074038 882878151 2478502239458 273351858576321
132377573 855786538 621449611440264 734250805506487
16317494 585077636 73131014418252 278035075122809
509014867 146767305 697296289869386 922711155975572
203105051 725722029 930331318223664 818188606917237
336401695 640362982 484372426556545 288179531184812
822498016 126488941 612409120166350 194957921167402
672941074 948370365 64315344593918 332700459359106
519642844 900620562 775551193408903 135917817177643
584147477 645723819 826483127128754 221604339981499
737751944 549611273 161818912432602 321007645874477
659793456 328025645 148825372177325 980703205983516
991786620 1828317 912427376331625 233634518232069
70132364 342425054 908634933710623 507820865262984
533007473 372966459 614405331472372 246924770600871
273048176 518788988 667268672035418 8428955783430
158048575 512250607 370883877899867 975179589253928
271184455 293356259 7122667454414 424435382224056
487269856 503816423 421742347771551 161935949382589
834222487 145451535 621945320302347 407790920404963
336568938 739526959 11288191277537 936876818371769
385223434 804154653 253830278429889 210157094906861
215250967 756823282 158866804646496 979390155177873
719371879 475934281 439296865696450 145802155340889
681286464 326751615 923564211563390 550385770453978
717507737 483796977 703956482912253 405199539269324
357664604 727903296 760872241463739 568705742344009
906795430 124317327 830542828701828 771194323981067
52162821 761252035 644262108566199 287267799324081
275490488 123376322 201227446441350 795992073884410
131995123 50321076 699989203612980 151800705370375
799836184 976880965 501241917117781 373473375658653
533968637 837943776 877563851616529 362880407824736
525655852 944211189 586853974752096 927469379256345
51309086 154967603 834347007936334 154202014049521
860685439 125071054 606921944135736 535552523991987
937829485 459393466 358870071179789 110003732111373
397993912 269312493 194084514873742 195946555621327
416308771 851563680 685410216203407 732404826455337
422259617 244140942 405994073053747 546448948943089
484028568 197032244 501986237002546 383639364756699
687305249 382941455 710194940992022 161210471611838
706068549 602954208 782750533782393 895814551309781
976949825 701207018 658675634976328 48258387465979
563838658 919717170 72715184223235 263446465250541
649423402 29411774 928377231067386 43493349541772
499632329 426148822 413869858942096 537114819654936
802224931 541506630 618997271779708 246564421645429
420028976 770365081 110544900417027 135742031834985
876909463 361192287 867021978543167 207411408129243
875065329 25926759 581142271216218 917391842374421
255026956 198797573 632981451104979 19518520611331
19239973 765977165 412304698262711 96852212462962
809102892 529885525 546704435958760 946904896102225
355048963 804347255 107885174917466 223246367123954
77926591 90119308 957855566938960 730228488122953
944708581 148269873 124030056062371 107980880005675
577243565 482753797 878627365786107 373268779954832
535406402 860443368 207454197325843 810850937511378
161063168 741888830 559490446867960 77596882827755
407052468 591039530 11003044974666 587640742642362
491615711 86952914 442982109375098 743991958772798
965203955 891428513 573529866606346 754224470275289
584585876 121820031 386810472785871 486946956275597
76706775 908974107 231691901062706 639428877145666
731208325 803720481 518618696465258 266719693018110
686435417 429514884 933445224270018 732124736698154
367410749 936962997 996414423443417 818760080620500
996143249 786498537 22055100455645 345334385024487
17060196 87801942 142385474417870 460107207422835
797345464 890619509 354879101379009 823409702997739
844032705 884022849 398308211996442 989201041631586
714016294 386634359 139750326668240 670726111958221
898186814 582709460 628351726934188 873754662991427
475131732 850362457 179124102111369 36760939006015
421187812 272232330 391625416810645 908761263842524
425282523 442544810 102539394648206 86474225113112
90481881 663538687 164086513761030 737033650666001
270557810 751260180 312014741722527 864992892604746
176197480 793167858 981639686177103 192910682111206
739681010 676064101 46780193376925 546896430261995
879555321 683114813 587182605189601 966952104427137
993746517 54603657 745660358009735 805938918652464
886377235 150140381 170686584211532 702675029058085
952730802 644066189 636094562737535 928862364213868
216941664 195413999 982942559348033 732934010823991
498588993 696383133 345404857351877 187554625910037
323749544 101630384 574410218026640 113156649297723
67718748 786794501 590054469459641 826711889628606
221907668 391042427 369848657178410 124711247491543
882983803 36099379 727837785157084 191816959628829
192941804 668168654 411951518342942 800160360906957
795041078 667056562 891060949646799 808417464487429
781289496 442960197 926615067573151 749124123200004
396659525 314963759 287867979467090 298955461432172
302136993 824810652 89233730266876 126765338723712
459056770 925379960 239180873284677 167255880985189
749242352 846117040 702746559412389 825801833264484
955859685 123244663 805038917745577 94002300257574
720244365 117822590 876534482945324 71717944094198
580548999 711075385 45345716825502 227215380958211
141084705 30702881 219000399324736 932130901663130
142193311 284365036 942935259218277 702190447453551
504266612 579560407 691035567571635 978130534274261
128836486 788724956 812368981030751 51500295749121
461256302 554725883 947129025173108 898735338311242
380206773 693300341 351570601928972 98506023964779
114907160 416311051 741448903031444 667727854909119
468455877 753307715 798345639350540 76745640357252
972784283 192525475 563365948812612 214467711628568
856430957 537082612 406925112513312 930006144631870
773275455 687308927 625893920823765 279653100630618
621027719 186478931 439956478460969 126692789709232
94084717 565708412 801610374455478 325974908395944
158882570 118904397 157726649086502 212269459742989
202714540 835042455 59690138509176 614613662533704
4166672 800982255 825894685977657 607486367277993
932823462 787377387 731993288554700 586575502640542
310486993 767989349 49223252773538 26772497705210
36207140 140458422 428412237405314 459525719120687
584991397 393041915 138730477057730 734076900519571
269193229 365112660 127291831881611 99724696712351
642572293 948888351 482074230747928 720353260257322
653340009 204053569 203087899915255 881951508852658
375245449 333792605 78219202274118 170450784927635
956288355 371677465 114941629255926 583829873648717
845511146 97691232 404277009961996 129310075563201
360900161 308181147 204359017929434 180408914979956
510961920 865542646 461496889246538 561223303228875
540937581 140689825 964254037965587 107920642649165
57378756 505661452 86479850858497 258173085292260
807962992 581826856 356740216150065 524816509934107
936454990 979251372 432761867663953 244786284933728
748738544 292529742 227963806834148 12254808262211
501547480 705481222 698096318217084 30527755618485
462582712 297884238 640193914307838 996916833805130
67104440 320391779 129432330632673 485760491415671
445353648 523074692 42697553189742 303965949152723
553399913 456577586 834614548098305 842834125254233
133314527 951811183 787707519913030 832668385924260
12784257 435906046 794258354083196 633117153086770
240715119 857969576 63382627887029 493594685866146
627732411 760481909 566061787294995 818278402495989
400336552 680521711 971690520390412 948503138720975
260945901 49546338 623590696868519 541675794169782
963874803 444047646 997305303812284 22821514624594
355324946 571539635 64665528811064 375451405365163
112491736 100661043 793219218108502 529749923466350
29418561 755129971 177652346222822 291295179440424
308186111 16281161 563636335253129 877062550390920
429570995 450421967 637482046108914 613182799990177
510259505 120733342 563401471606054 530882188547621
680095936 845746452 15161507655100 821100265649322
317004631 500721294 424593303403294 836769501348585
443808993 572078253 734030111946694 754273744151545
792327289 262856853 375788038423681 609979221823128
371186350 816682281 145857860847791 465664553312098
339207104 80847184 774323673641600 98353965593367
831105504 457591347 567384460525367 661294439647449
806275955 427936123 819214142278507 230890791316587
698799951 555068311 475187048622913 10522933831794
54053117 681314804 667179887970994 185486413742263
508944629 30347586 478057600538059 923186357810275
601968356 458650549 645195644856551 967454250879042
727729640 632273217 554997196310775 697000868452608
372783826 884988893 863923065430970 765596563797358
258480227 834041793 679124537841668 501993041084605
576222607 245141927 680039195182587 183913851182273
128039356 971348748 930662385035092 94703608044591
836332291 592468080 557138758758298 313572479450334
462378606 922550673 836504744342631 182698310789642
792612408 379493300 63513773612457 57178177029772
505294863 511160796 817972709318110 667464173748002
818221397 33552656 730644638708311 728086416614573
916008282 889180825 310178618289016 118707843960429
497415587 359685184 360231570881782 766798182876231
26262054 506781844 260278447248919 90763504709887
401183115 920860962 142233336300021 51056421264509
202562412 860492987 718661365239739 296529393348108
370498197 704206769 765341215834853 839540125087382
504461124 413357081 963726065503108 6702403584745
220005737 351143945 708173199165048 720261727335924
167135463 158296027 24634299024819 932642060577546
478062545 572595816 159238061318268 941312692133917
977760941 261007694 124667489815465 182163348269059
431716532 42040106 115285009381859 460666681009333
596500495 690129886 967489333052389 604693277854090
302612507 824056523 884562848880829 847419963123072
759251877 293520663 819018433721865 568891196781939
825970479 701874153 230552991721531 220748898467427
