1000
296562331 435463840 436187914803756 412075341421601
668940397 666275288 220567358362848 860114679657233
821110965 359506322 649418625443761 813424060975699
897936683 654156621 668550147214129 196792013320299
899454919 331642269 520677509432399 241460667096076
165637892 272943208 686778306170528 222346758422620
522436126 864792355 889933974621850 64592132483380
591388500 599903001 571468601248723 43657535201118
761114662 113430948 265350210319173 765627301680341
782853015 49811057 305253329772941 931532846258439
590604395 230649792 631681553282343 331154076390678
339067754 521284770 580779328776371 504511971512338
253270939 916986681 579708464608563 382841297943360
78056073 162072826 893587072744522 794452739606102
100182657 400451309 928956925819517 459904959740859
371921 574066667 645239366812021 464141502391499
118170634 633424607 996610517695035 863753693656593
681964607 75042054 228018758430587 593678802387851
197791555 253567534 136337869856705 484722817858793
335867630 906369274 554597362325438 804648036413902
898261849 440530203 388195249280131 895108048739853
985371932 619308440 642600956849603 452756007009772
751033238 772460295 594464962381845 395066386541156
68087589 591438801 150018156580656 299138148302174
855751529 128309361 20461420886061 912789983690231
63983493 955479477 178694527486920 982027193324732
228820062 67221755 544793572276383 60540485306350
21278425 882460789 67646137150833 920639065128895
526440992 188451685 144259600218975 237256373932691
814214622 426121313 646294377070637 822579572250944
49392766 716646799 772134332979329 21223649856333
436167535 57823465 841234926656035 576907060683574
5816162 517762682 64726305822267 638141598927525
603000458 651206815 655104949281686 366679395651258
452447450 934365767 312745065361633 713660508101700
819688522 863057203 189648570703595 796022788506630
25937170 400881718 491232455418599 921599110055666
89537517 842634613 765938873987239 480508544887408
523649623 659520679 937567817231586 399153499542680
914879695 146714965 547232598878062 861586332364915
669685525 787281691 853887093906822 226451505502781
962065004 536718309 611929772917764 287308786078630
648494041 18753586 677301453838759 923420552593419
221423201 604535636 871526411977038 851316789094593
632057678 345604526 296340391289915 947351087221067
369481835 219281140 907786966670417 696890916168606
290755139 277065837 238770731525718 806508808035427
523518565 648392500 345518144281649 265032935268149
270818722 253976178 239361248982828 994679857859294
938525261 992413093 917039674546738 763324004591006
894905977 360946908 230868991534098 396355558611300
881165374 904169208 101239399696826 951774000347154
72535029 62624749 760547082041468 821303643178940
693386870 245299966 947125956935755 393288311363305
983719777 217927939 281803779409406 376230939646160
783042385 129388198 70215933377932 114489744951708
321045034 883165857 544827537124430 18284635609768
283998540 983628801 790644339438400 882573941040835
473715676 527246438 198175867920704 940124473945709
485769986 227824704 18725408050509 846061709499416
148170277 856286483 883261385488584 933355026387047
550168880 321846195 54600093678006 198959419864689
831589072 186683528 527179426737403 833887423455230
522434740 886202827 918427062677663 394551337560520
423494603 74131910 894377263113741 486318646503356
873745033 1262872 343410944801871 69590976518454
280667425 365779694 300436289356371 808347607590216
475690955 939235147 641650689163560 820004345650931
132443903 227173696 514113856593473 635206906237291
382750648 79161652 818091361994160 210453697877078
58830770 861892892 17475576028268 194142825998349
762849708 262734531 759782705658507 752484462778842
850743718 480103427 359985128074632 527477950345272
46596900 469288714 329545496085117 220514777341718
995332968 859335318 602292792367209 888498830705683
140046267 267786808 526555941321324 309446582741699
662122404 264127124 363877198217734 929913929701608
172668206 197340575 859319132078427 245945405711033
488900902 466189023 575877039453552 695974948636446
218394971 22411694 452536692146287 346573299733488
180542684 299657591 487530400492511 483433049297470
143794237 887020535 487067145057004 308993279801987
225209809 94391677 201794077299876 360757788471536
834655728 56997161 320448221146679 123887884569000
986439987 402367792 510049737071926 980654114886910
508141747 28874518 921406261455317 662896551277496
214564429 531641842 731641967868201 185158758921039
432381664 709990573 443394196359018 561198952608300
384128652 150865986 874341657176625 444623449557996
306361076 4859903 348967356848827 439357851356573
180598141 499982787 623558276483107 827815680373246
444308876 157363261 596101047153067 513152570172866
312139468 902059315 93767458310388 626107192480717
47491941 773064120 659617746820160 670432250902901
288006725 496140403 232636707571894 223632328327873
86254939 347961310 909445985989790 285247852457645
488246742 559819397 125309017477537 69775446801252
434617961 168204099 665204943546122 766498331794052
78335370 599267208 706616427455494 147900834737501
648184238 506025364 973559543691751 797414555224369
279904655 878737084 883465312222813 319337537340277
530791525 283638180 414929147532731 344899377169934
855379504 386730628 772927999829304 297846055644053
846081516 820254051 44025201315114 941176046658451
950965722 384105566 140168579558220 63627447049925
862108093 436773345 16014624040185 630812597027672
638377242 433468140 683601684707694 134514900658477
590539126 955973967 153314774014987 887665789885974
545689756 804532205 285763305248402 701211685974551
295182036 596811517 62862395552614 116383070161829
359339308 673374275 75224626950093 242087628735466
417250227 977136987 372772017288750 449458576689918
68581816 786647534 987861726847059 822310896653359
841846799 24102395 663980235915688 768361232304697
84931403 664828943 242731795855737 959345884498830
147702277 96077196 956040924073271 741563342548624
550545683 857601765 339216722381491 737161940094417
679335377 614082016 612865823863393 610111349972057
896325211 393164242 932452258163094 504889751323103
816020944 100948966 633121701115082 315680058720014
108367504 537990998 135735291115991 945411764885954
437707390 750178735 621158847646263 387732822806856
783057727 965222161 688796338304329 398205969341089
4996217 257211501 553641717605003 174168879801534
663331348 762688965 923087185114081 348638765163717
887897724 893556334 859269304446925 818991129078346
219713244 986828112 92307981284276 374498055109526
782390115 837220644 240858950069791 164901588122084
871310723 272373429 893833418055926 591078284332446
175409708 119756575 791442192460742 578090036239012
205842965 891854355 807239196106236 687747218930820
466282995 31229456 567037513388328 627810608777922
739858624 686119083 65047602907963 607956519658770
565209077 836136135 922627248154824 863236274767768
247523279 58000093 752665733320518 71079694067502
329351565 864310069 251324517099339 142746851317150
81353135 685390379 446221353361106 674084754746851
502066232 297213034 747353903854454 188177863788652
431869165 217196339 967093735687348 573520872650585
488777108 817384087 123077012352556 436595359795899
420551733 220010424 580072211622368 683717762555096
965325660 600293644 470567647099507 128582492169828
58109012 238277273 992313132309867 542145290525384
873531244 154822202 395884927894896 507808206326878
67060278 150489048 981271039630474 651056116439218
484552131 351860656 302536372391525 804252869713090
908485351 121429651 671106258672272 108653873426751
50826363 121577505 614604334427833 654309704740553
241936277 999692557 64150288697586 977591889263159
339778001 609518428 293501301023215 572099834337484
163835787 634268837 464216105049925 217041804020866
317963298 902621265 961401211112876 90791298005058
421793335 417764316 432752515048254 32501515586602
454125547 510515474 90699521509813 59186790463941
92926756 316214354 460775473262768 387914778931286
492303303 170501838 723010941609966 237209176711437
285685247 850396872 847145953034640 383737117854543
109166708 687565270 119065630932059 546409906540786
159902869 889776927 884339992131059 512084107924093
513023182 819581340 24553517606177 456838665327468
798904017 277833815 644438492142606 482010786555498
533280209 721810606 963897794417285 180321900945813
60638402 250006160 920291499407412 32411938101950
489576090 419309758 96590589234923 581626871458725
475182227 643222795 812370729749722 855663745744448
496246886 85106332 873866291496663 303406965596404
47662224 571907625 38871052214934 15179723678426
746323600 261982777 901208050028782 794741797500923
536575270 690348393 309072133459994 386372290405780
175744662 700342438 629552465671669 728635612067411
66627299 8958317 267564776538684 237644196181655
726198291 365139473 314996238432464 764803990550707
479684721 362061301 523586647966705 351677784531242
246721221 79204301 532265736347267 992618422074100
98641054 155744225 215002685998668 793066840560568
649044104 795936842 926966931912243 905127885791247
988790870 437255987 958817594992770 408533409949639
652731736 402179352 734745981722917 832651845351965
219243173 593102090 532368496197609 200125535463937
272740179 171456744 509538651495101 140571978584661
458543289 164262 846721755930611 483501439410734
671703731 789283210 715806196170879 246678867390737
819695581 455580265 382298090922550 285657270393655
86168534 354594286 476437631621648 519754352895433
480474495 630565331 194483811577447 975978345392931
45865785 902009382 445202948972853 637300228640532
936909610 398831493 717259266703961 595550465850140
292809592 699039585 757764432300498 10267687101101
377003659 54522942 786591439272450 868096202968939
726677839 344761841 228026335070699 842026390189419
226412911 297370080 449328892254069 159491127218039
102664603 477790533 685705000690086 91819227775815
828805570 51127659 501823152474855 147656223362504
13403480 768546799 587619355386694 572189402232665
897357201 525895935 917641715038894 691436019240969
921753507 410157470 529566226610991 44250739045338
97293576 303506398 794620552350524 741953615320832
555089849 837896995 828038263994344 366118793779746
965472371 271222374 503096301184808 516040953521816
167367413 937998447 785606966448659 313121314607786
691168320 675915290 166772560414500 928207004700119
661970645 532300435 30777918977142 114455303394571
112841978 560944537 168747307350534 907033625407207
789864181 668230078 627975274922997 522729776967676
554405710 205656740 523835431070915 487070245750543
801336081 994806081 963242048923540 192121148805463
925877257 221036060 7602652590702 59176963552954
818986758 745944461 998364900659321 846333539061267
735080983 409613312 149817153014845 564976361720174
650612944 984359986 793534705238503 650618506324554
191601285 461582706 367807541457283 332363450236373
828092045 742108641 833115777505603 535693993730355
164813439 386193074 706464896260022 303286218821047
3039863 221634154 228881423242769 436390905310504
81478994 352899360 589478485621353 245399781258749
327520493 77620925 812813693657590 900206588252065
153143401 228126013 199077674050386 920300089392815
88960106 421298412 716214107674807 17889622579510
695302994 877950634 318900554412612 625814079750901
831854986 408919591 645166167412792 73290507170208
447650234 921394726 362728491476277 188075748358425
912390412 240245437 414768859570302 270866138455991
388824428 877414291 318307009224760 509347007117954
892605898 269291041 334806873140140 391922582802804
663708245 835673585 898853900006787 966378179726265
619368129 509859042 254584901592584 935922692940783
5431938 646229345 597076549037417 335304776328294
334467854 180324528 382094668127734 399914221103969
644106783 29008162 224671326162528 783054731278163
380511726 727270492 139001759908859 682659251206946
748610936 967666582 922368015738108 728040814688871
246254269 250149848 852730605318842 92250603269548
937023739 210146365 96696885185520 959704330792619
970475255 510083634 605087956842233 1914665348245
769543987 503029175 767356289332243 481911106299976
411759160 17516444 980653300160412 62830124742807
409339598 172074949 630941749816407 39752127993478
269422143 444149094 232362450722216 216536283246987
370018455 893642056 382923517929939 132379658832846
153634022 94192129 641730808503360 357751316946537
680190843 581462079 33709590990778 249909782562215
835441194 276871934 45005329201322 296512822097224
685625991 333569484 446756526323552 706853833487548
923456553 996097804 12392723182154 115801395258211
538748647 259506223 520537279428667 264026145490131
600558365 964982268 34363744807589 188349788329233
537299432 494883016 208005133594590 457428995712214
984993125 333942462 703359714749790 566231463689675
981279478 165006873 805968177662463 24086730346189
394690940 569655140 883497430562876 692926968897577
705282973 688942528 325390641645682 145402031362016
921980927 289750814 194350840775457 162045711439332
269335434 472198784 641584247360298 839883383705689
529932714 346868796 603469131237394 601642113750996
761170059 891968568 84790438238270 423813337881503
296209242 464941614 139718362696501 186664208156146
420578954 279258601 948618858554337 173740056143931
70704140 568641926 231901838222029 520869595656023
973933461 116319668 426374745348199 27660349054934
1465563 483728884 91095733632831 519837065124410
476984280 559192792 231068870172230 703977491867447
995527429 580045383 327136015971088 303019774315508
449816992 637910455 235121802601490 318076562646601
134297574 560402034 835070425627363 760808745931007
587118936 393710033 839255720863358 97115558383634
703891194 140123011 12805346133374 445570559886577
587712911 409800647 812939230672993 866437590002364
470261726 259726764 543648451640262 719245414947461
11779311 107812184 25772731763374 523237424764815
154417742 54320190 562107647641789 584806297707410
19685447 405599590 614103700223097 788099563182836
314776103 504894888 260056440152458 287115449604368
900157569 740843504 456156582853368 136058472588403
545930598 648370555 928217003707760 73684513907481
207889579 508780056 906410555119999 232235257927348
615671847 439325800 337185490382292 702070364528869
147256305 628253726 139873786743170 459626403778432
160394405 397504064 558454036907579 910306207903948
47280544 866008931 579582716480149 737410990993344
645900095 68711921 95244835914825 28200029501511
926318372 169188966 95669230742126 320323999916924
635029104 763495823 270755200141250 6451033648110
765867529 653213385 507288261709025 511001449966045
412229845 862976071 292271627594379 284263981848442
18081277 530333516 17804012827618 685479456136490
358019883 408328812 413844381108393 690614053365188
744898763 733805007 660668825339781 434578963446478
93874765 456034670 209541001791551 185015426902211
271807585 952423252 328306473049600 466726544845647
403227449 639045085 345646992974228 15521720066448
127243466 750727673 799226933822375 249017602034263
126523658 331080042 758389036984074 530009922832485
6104627 64425217 486043104248558 66475088441006
823962366 896451812 195442885774631 579815244534936
466075369 322030795 657310756564074 465610374394428
137318001 110756414 993426471301774 41998750532772
561721176 323427032 30115023838926 889090459662859
999760095 22289030 200134347368454 410105121793568
599685132 922438088 940080135327473 84847219473986
971315685 599646191 391202510714993 644248051342788
527166899 973799261 903831026307014 618933649887786
977209664 995999687 184473706229973 705561242251114
401788184 498912374 94806708820578 157303773228076
387660491 268350081 511562826328149 931546424149514
538424617 726521107 257021924267513 183435963149776
26329732 138424747 243349841659960 898785420393404
215475441 509634135 495904709140448 36129759292350
715570311 215998455 76162456556512 428497900593593
835570077 665071232 900989799846795 134734797370816
853988624 712178998 451928026476755 486790483298393
432019578 8512751 149264336261774 471585877139133
41451132 419341399 777970231652021 949048584996629
55855860 166449190 729973881015455 972272489252030
866425159 122125675 33781410025290 642721213875333
897795224 975501764 90088990541714 257398947797228
68528142 296970147 159583525228151 719599953051235
184730386 573925514 702792238622555 952609242474382
221368205 353750863 161140259547713 713826777993605
40173102 832398936 648272286971407 114901131173903
285556898 922115040 338698779552460 115234165932517
810836442 263489584 767350781160418 27474561391861
900637256 845324262 469037657483868 547542380249756
241384481 680039985 663224545244969 245100112751594
320545691 748385553 290481794882903 787489188396514
785225520 507081115 205465099469912 13112920036790
964331481 932844083 85468835256895 540280040873230
813248852 402662096 194238714021379 234658958599746
492091486 873507644 861021882950075 265393688957083
271030009 68922705 456139564121313 212440780715158
261172391 990596924 631396875757199 398291051386912
187486380 299482044 808202344234947 653464856914650
48430159 253935203 849516890543518 715856385198678
496703257 336054228 219328514229152 315951121174103
80447764 124166659 340987086069230 621194601733397
281011980 15485048 479045460272012 354473580595062
184997073 752426123 797854105319587 781601071885654
939768691 798882217 154252378368187 755425016392127
90030980 469567373 407648389083393 325517609060145
134806873 820931207 948342311490178 721097044081627
87464777 256109496 732792140033134 858016679488991
215508971 748503379 486210571755093 428781099089809
162527836 11686622 590125553922669 302800543507384
927088758 458060654 325637936631753 756628620261835
141649178 913446894 383328307754147 540016400101941
159189607 263790936 463804749019282 901443679107730
324333055 92318457 160468207392468 254180682838511
150233416 870717617 754248869036165 237322115966220
283237800 890914096 954937843840742 903547417891485
671215304 850927674 236571543678358 234777179436932
332357842 716792035 228197755794651 306915180438297
925020339 750198227 340373557455834 591458072744802
678439513 928002435 6938141801178 329122939394394
916727028 517926014 675394558514565 11416368809261
253296953 791456 406336055379239 683730087451258
120397722 784282202 263890571213548 50534595939471
682014862 608379115 630802840431141 904087127835312
709628623 248050856 264998444640900 895233886086225
40096151 916214836 877330712502874 258332811980118
526352609 701265864 640594612713695 713647936424537
27833262 668601196 639210554691690 994876219931876
868721212 403266875 55365008050357 248422194825138
159026768 115466147 289021763782938 939139033621234
631342957 306255266 589752461644504 976460985235588
426218778 465439497 892516127497037 142096993691705
514514208 464964285 313140862987837 655202439779350
973973449 975839472 398793729267721 403590279984273
911101986 424546156 541340782401529 477604471911634
380885049 771204552 891867783305842 33142329071347
860295007 262258096 976096656931648 758623416148032
545452134 385945376 455380822937549 32733550742903
609918947 737847977 236725512501607 340916442861321
139667053 270921643 417365022408574 982492906753367
767152859 564545177 63452593238498 120067940316405
187728522 508476727 328883306025737 592157242559209
845891477 104859871 620642029111878 375894488631532
617942298 450772663 641365498977811 304732309815719
251394427 360466939 517259472811591 787597792365815
10885274 266187833 354684591236704 973304675941418
374966811 253158800 263115336007610 109578353628735
835922341 590920943 54602921225174 543556334181417
364676897 821570140 603888984477332 863300898280716
944851193 202981162 437462135451768 565114963026558
796312153 351195200 720160071708904 148606987590855
566361457 792123993 7295431245931 197760127842081
210167729 446657598 26189491790571 291346844691448
899009547 383509773 264849689836020 802091912081706
579773749 376863349 516755073619698 604950730486855
716540899 480777463 155446787183990 978618777476817
972436752 463583270 339874170223985 272971271316093
82306614 970386151 989677093039479 226617625890160
266058128 683606962 812649998060797 619635465217667
216524895 497764558 801763034875547 260898372391295
590596898 367301272 544973948422731 762372197170017
924738012 443398076 557440639326119 471785026277014
144326737 913117050 226081548406830 438263553044287
69699144 956938210 629965235491199 228755633962862
225391050 498585623 656894121170843 985313748265831
291136865 189179024 362541706127143 758406353042912
313261146 297484626 60647357202343 980238688615488
808039683 333695542 449738052670916 819553923123939
123515116 111963945 428882144236935 14850757941587
420341546 30999654 665847193496731 196513776572048
373803663 808389309 573972469603470 680205477604681
778679795 169810384 102924133963023 734581045807136
591942766 385039952 658290512369201 393547534851562
200348058 879988803 620651822717607 833212016346604
921325013 708412225 509739229514245 79099897041951
528055420 731332274 868506065826565 411251568983403
60209201 675402257 319662942686655 184837178491887
259220246 5766955 896469276181998 644830209321783
304725263 869684832 834998442708274 967026603144324
807487491 57066209 28748223591752 874924755411720
303023643 162879216 862179200275027 163231072798758
412185601 714572834 190820141442326 531390729361334
520465186 922803103 833305179753783 252087057204286
343098860 990244960 190159859614590 971690694566713
48954896 970463600 473696005626899 597237059836244
558106304 600860204 454967850799298 603665999842987
610505458 255790210 891223145485114 869123936021264
477565338 955114293 649449540003657 108737344985668
99258867 887222806 765111529440545 543181826201660
497216439 192077900 379716197122966 496296073823580
2637666 577111181 944011777149533 182242476376767
387428466 943275362 978743076850766 212124082689644
120968105 405825895 793337054235043 80004943026082
912304969 665104263 967159487732278 345492407444237
837710166 977148228 683412214611910 311124654823181
513905111 16115948 563406733852722 983676028737526
359435541 546444260 364810856941500 194830826871882
968666074 819544289 990472452117318 164869320442112
64782771 266426410 76243504063128 299430519662016
438963502 957634007 243012625691288 351553951256868
44722204 126936596 329242468171663 749313047960825
705087440 973072222 679447039004522 746058808683131
693120349 363070660 901028259202038 230740469702300
487390171 942906407 741384207922467 847908091831868
652802210 561344633 14111343629122 328971245503090
82635660 60916225 642445757403462 609054778825921
134949175 855337622 199714456639238 302645857411939
921606977 532300255 223489122417529 64069084753282
276568202 491390873 765506476525304 33488959203193
190243188 235272656 781842123636095 337591480878870
772082726 648157987 143149377990891 592488608139227
78365380 8682244 269418228210492 32880782683960
364148152 204349942 769534000775380 569446951262418
714596332 334731213 73834355120823 80351189797567
516153613 498690033 415896932206793 781240573792711
34307017 362317210 975132531002386 36865360946596
200640017 999907348 724120117397756 4403172185410
149846871 902584573 946053545693587 716805324962559
63032529 652452994 410581353412548 964765329225963
777728947 313387429 446634085951390 507051216141577
210771832 63353465 675303659620755 683549541289356
805960218 136907363 543207299804343 909276988775706
891828309 481444443 801717750675711 655460159088396
538179559 439580968 328535903807876 463754445132715
905697746 383415207 936127929978557 715374392992884
6116504 122284805 194758651812039 819654123006037
757870718 332529407 813003566115232 103482288682989
295040457 433938473 330257979191143 256530495289807
137606403 21407779 681853282174622 735956467560127
223319350 728469477 422381765616744 363936556697075
768480815 779728372 119971635775690 599824306043218
545480380 321038506 670507462916333 33318329708984
624417006 915542641 999865959252314 358392311821104
134572119 737348104 497718040379452 619649810403640
928004173 720394428 282636958021537 331255086213888
656941605 506833583 891471203362745 229103984095146
128469368 728918805 615847546990869 644958998669963
742916704 745909361 795850319412968 119368650397544
719245755 653109468 488846321252681 449290233216698
501592935 16536126 335340371640175 16006357211626
577948804 853350034 842423849921011 776198412926868
674968501 342576678 466875703858449 88619349628872
48107358 162354648 943719318565606 946904922544196
153164263 148424025 758313442239923 796609029621947
715156471 483235694 156730630971928 138545444540176
754183865 329789481 623549984905561 918231981573019
496246298 238718260 150392288013212 912906670919010
620354312 910149638 583245423043113 914612689159777
757557684 483403819 47783197979048 189398357534658
544147408 316971903 754631720715366 720854934699557
972334802 990131827 884221013724303 918606170809817
710403630 979288135 57547869707893 385006948060960
439564191 204234061 492795066077895 252570614811246
939520863 623837996 630569147773146 610090501250218
574318186 147354394 58294942556387 921950893431660
85762239 891099680 165837123806779 237375650353469
452439966 278153562 400006802596249 510679301695961
386236362 568394292 690853829581659 179894661031535
261711303 253192877 118915043497405 327715605387743
79133725 741627287 587657651398431 110899749891322
276238227 344718036 867623425547330 112669975833286
685812084 49462682 179628397847179 870138154783927
700617165 643711152 356060427106879 913459429490422
977133484 585045166 502376187752645 974316194772126
506884450 429578816 873738601669350 269807246124025
61023425 15850595 251082680305424 368865767494342
384582495 278600358 511588889116558 539487932062326
369960145 683620714 974674365461713 609480650386538
584328432 724612130 922168091801514 210851865239094
703267862 448940435 590904267221900 296523342364129
176447329 914442773 394874566277326 608477632540194
993028847 255488463 303342040385255 56341718616740
33917984 8511742 491349800255152 241811968021570
632499671 167155246 239742888154277 531076563641675
213263033 169313407 819852465904419 937113781939647
17703787 148712417 671041943706795 357078885840783
515141335 50812759 299268625923613 664908740752096
235296871 156028216 444583955769598 582904258742856
20836936 198748009 525792798391730 865488590601999
863231400 442188707 804757438123457 261658409536879
963734777 799343539 395193881370134 802073286629588
429913131 650858420 828229304381754 378398847803421
958959860 388072022 187267497220509 778493397449176
310289163 804130586 657627392545741 696969421199497
836126313 487224980 555608260110525 529369178805987
761633670 375441063 470585121150975 789931684039692
433809313 50345164 175629708249609 4855734118365
822826232 492351562 217544660486772 360931068024608
739952395 66537087 250973689301559 868501526310864
624672477 963165461 680100369230320 249937665058139
83690803 255011917 362298765233179 872209680418019
93191890 742601527 128606382747480 196279697815928
982522564 648764407 684497666740393 624818060154975
297015955 157879810 793105788032433 831754757567822
900392588 877434974 325172754546421 744041180806828
596857854 691134437 764003817103902 221539621380565
982453112 164342146 261920757148725 570584953616212
523170573 337828977 803134143949797 438257890064167
22267027 688756355 620571055285181 120304199333118
205003231 521275991 647272342856811 9463526909052
573641482 109568418 621445549420289 674683795744116
511841967 851744615 878331774525234 61510037313580
936874538 297999423 38887354981781 580078929607069
39149017 727379090 813182098577889 638760593721264
857107294 680301788 258201218616623 505576509042050
759915996 131756520 476625959453755 522240232617888
664631349 251856151 65566891979171 648078674661451
40486226 40711322 261002374727717 921257403220917
626993242 845541299 429230981586149 52773372300354
758542072 10446072 581166058983844 187941959280328
829115801 708317328 977451743020809 526923270991566
177896363 306417779 487265315264220 614201277596368
56109535 366228141 25056307074629 93547860324473
421098600 728861595 789498309206033 891177755027686
802388281 187534892 236866477450989 753233265196265
715206730 780922400 715150620135336 884293401420100
310857684 935171148 745445558932341 862037582035689
250914959 48021716 290788961118758 570565020283712
315607034 165000047 521095478951025 67845950100577
837233811 140283303 855018536427055 12797103893845
923882010 550382869 590095381762199 891611015265880
287362002 389896616 905266978671751 135660316290330
411758272 33289183 329159071683771 489472868303097
689527786 476460810 509929903116307 4014166239047
961286296 189408652 793379490425809 879965265362826
243187861 117894427 547285708178904 426585344176054
520647278 164188414 200366346493678 834711041278069
836270001 471710285 224149885506810 899319349231967
291500336 246748725 213755061151046 518928556471617
458498875 896667697 6538987091645 885692390524506
624585193 410048081 882175729003565 441478486033049
909206863 998819702 916443751972486 18235895422944
999412166 233996691 3743555870489 695387716634691
768475177 220663789 989362451325402 68030131056201
295052308 959947100 877538104668062 734551916341545
157723686 265988743 648768185368669 509344414800142
942686271 794460715 386280404852080 284870655890259
518715842 283823957 757846503992275 259610244732615
163979219 111295906 801845776236132 598799599863786
333807002 274579845 487372856537122 851948644349230
343521406 926408321 339537843275374 828074206831414
607157355 277729643 401036977724236 306506945782041
65047052 400768169 631154282041251 710603341849759
62675216 867453044 419623130563960 527709472812674
20025448 297376025 876279057588791 288209409652399
651161223 626723123 448031905372394 900071839260802
164895136 15681523 248138138451071 328673996519181
142751212 744878424 131057003633157 15139266113873
696578529 91308663 859693728193263 319293959585410
791310459 116520883 113174574231375 608575944448582
391186806 375046917 995492284497947 415069337479414
712129937 351555637 861816794818924 349757082426332
248780492 237211934 157784904367289 243158672055667
772377770 430872045 883153426058016 597147368244650
104126575 783331170 202376494970781 935971856094752
931175779 814810894 680227152826705 355459503210089
700921101 525854099 102029031765435 165411500091463
746861945 677978855 736178913262337 466179443624945
624643954 254775440 275213285073448 28228809067599
292380871 799843304 650881178030423 953396344855355
491278473 667789402 28693233964568 776412555142593
974869323 488262051 586935161728919 150122912483423
632867681 276365841 552959129592032 577920567266117
363640609 998417607 652115462949668 397983981774486
754781476 879692278 216792494411764 454665291042469
953855621 226777381 479779283680132 586352456042552
206492960 227493738 98798240659177 524806768166088
372416980 789037486 436342120874587 334523029456574
854052545 186335981 839997409228659 915508191956407
284559754 226206323 379700812338029 164790112373441
208794516 192016415 860569790941543 998247947902107
786140229 656960675 503226196335776 155947544073208
806556997 393846721 407647372493497 626576833953724
257865407 965926031 967482994363895 459509309473085
162270624 482606516 303126045990782 643526691137666
376153559 584737192 192122276110743 181208646817927
859344531 218793719 823916481235434 955801090208631
505960584 880416894 660559432033220 485137282748144
448585257 249111980 734140667519570 895694695329858
70160367 813612226 215233727953636 900581421043887
248086160 874040595 239412897007402 922707656485292
1263944 376331076 126258656997242 747054181730590
876783635 288970124 289000961105159 607314470923678
480134128 780928501 293924870501419 134968686996149
965257503 750314649 357474463766174 914440194200864
890825059 490195941 276642426940859 188493987968780
449151041 62002392 49885242850498 344151338273882
863511359 427505988 351907137420048 541770239002332
745003045 930711052 416727088461416 564336960838294
455826750 123420516 779426378202413 651778457653757
331292055 290349332 103617879740581 662729648171579
840434495 626175157 811571730276151 150921801611112
671801221 701633009 372430267352749 919848294158546
458838333 310060742 3133469826674 51620595516725
575142651 667135939 501430338243029 823545155999491
507373397 480731210 331051341582916 223716976984222
672566564 587389644 265942250899857 912898176843928
155644355 591570191 129942256022576 991488617754105
751235406 515287659 110102467918710 346375285494904
431685860 590892552 760547520833499 817172380047552
21529829 312693025 676872527471416 747473638237357
759595317 34445123 470583328621322 255528121883532
424275830 466957966 272617275644588 117399060141662
781481297 411232242 795362793280928 367903575369748
301920429 295725427 199818025327047 333714766195156
245440502 535611494 411355665379747 255420948844338
438555735 459623345 616124372778652 478146898428535
343954944 169060878 592218444165943 772998170167518
411306080 679241287 795253486687584 151190363631313
5957227 654720891 586892015110305 49450605607984
64753364 285484887 645707456176232 750168839762057
349412948 979330142 454316057950789 466651597571936
545885665 196997665 141349790408744 902638403060841
754805495 26896263 545252084855463 875760842065864
593200594 578660614 741350245374773 601770595215960
250045361 382301415 875454656857708 109970749891040
959079188 416425861 115829787518532 829171236547934
276907007 330253198 150604459883608 606152481409344
550674996 746302016 964469597482024 82652650367910
973271420 254338477 629179990168913 68005007919265
277708254 680445175 790606813738454 839652912930423
701188070 278581396 362110729016410 714127091878364
168107743 453971594 987992003670627 920034306564665
514290969 790011571 100853088700056 708431022333416
631637539 959100154 532798502747908 441296847027829
460559633 544222108 586894634732368 279487134532830
370140855 186746216 463947523698444 947178866159060
586498539 480398847 292752769965030 999381896541687
688560582 504759827 130315727786992 41377745249822
346873315 417916843 572745053934558 902991540955020
117275806 199022173 538329443697989 677256684625979
301692246 911414675 188171465619677 696633831036693
539151020 830352582 907750639413439 261026375213109
705356481 376391621 618939058340520 145721628528937
961347451 504647919 407714323036724 405364268121395
929233600 297125748 928388643005218 806281399531907
805673144 302256023 238887423792022 60877834758526
775237647 778014958 931095443672658 878412251337466
473480752 703481504 395201799091451 780522801494654
558740874 638295973 836772083171930 380837553702790
271345615 69779209 653733633346712 646615896060093
688855088 749995562 317847057813376 295450748678209
747680161 833965813 463850355211968 93007231844323
85352219 488770604 999813282684967 638217550912867
507487188 929874338 737959204187624 698210545129143
455430536 728817276 7808371196118 675199982198340
279604915 698758513 109599940608677 612267733706531
992462036 425282827 719049560795183 738799911536989
165752492 832311780 882728649257900 983294547455535
134380668 272666857 88034100592376 596511858492487
853193290 666981274 179868037303760 407936978811908
994375196 5482567 124126734215188 141241755143097
416520762 619704916 175330613296134 689962340711401
709623664 947089525 294957696567434 389755309095820
690387273 766022898 979216439054180 221410460122185
508685908 878617060 656739907325820 407934656304825
372949091 32443765 791838845765404 236190665537194
993270471 917422628 659087110143536 160063715888985
735101588 252221182 904919395997828 424804963604406
729758435 939723237 227633982877706 657859285438115
567653642 833380301 18702922315537 846005947631413
257290469 859097337 665649771438734 417200220667121
729975569 949566786 857799282498646 821950505103376
671131435 479950416 244426453548385 516488745372091
632716308 17553374 892521750728713 438756824975438
97025583 210461177 873272158296648 161519030891416
283032481 549653825 834606167928829 1206967228697
13747344 988405031 916741454974247 549614902186051
444644197 885861933 864454482229287 797061169186490
80537353 964761128 48653674048514 344291268695187
576491306 159007873 899910009178781 42168929720472
834986615 227017327 83885946263294 217892066352257
483817696 973581630 570965921347473 559652850843963
639727574 599924362 247330192572512 248601285636901
383800976 355418756 363274120152409 146240644539982
874920004 168297516 435896176702604 83069654588088
760566889 319791508 373308820502634 841221807024280
909704443 408300579 690138526654983 756457954120850
99862710 957315279 56284040944471 249043022310401
611197274 181394017 861422918082932 91843548948780
706711525 956340 259243341268694 72930229116818
73257179 140305398 445956985011609 48309678108703
113985665 412858086 698764299545018 812647118701940
956879133 866526995 96540778494810 694319405750306
774300472 9318947 25335243837689 353807193553646
658229211 883972360 398219109786043 188785117916943
272099029 309880396 16480225537958 343668244562027
713431794 999278150 244512940966369 736745162795485
548460101 712122722 425783586334455 371136073417073
786835551 880726109 901676690243345 260961083534502
330996884 121088646 784581930339903 323442064383146
637761085 879502846 944785906751151 444850506355361
730742000 353898488 997547694062324 87668158245854
80651977 737970425 490684763514944 247018941068840
565104293 225745176 390241343817897 27605828750326
882076257 708758079 296822656679271 344911999858867
369344798 211884136 572370038874388 393532416582906
201627008 124283360 742141641626090 737070377372378
369041898 407485318 204935885505544 106003093795346
33483459 607955212 852658092678061 88216302498902
773321907 583760181 744738430652283 13163982981512
938805478 110452245 469655392260789 500486537092095
54000967 512765268 80226125301632 796170363397315
204462278 594238570 176989538236709 632709112811470
58121618 99793124 26739823943245 865052584536140
433024863 130808477 72288036397891 1496344808667
458675617 329506821 304790403726389 920800840575947
17151951 979189853 127735135469427 583949165266783
859740576 433747449 51256691754926 932431687352842
303914832 448190588 423108738539065 777292494566066
583174108 744617758 405349906705739 751002640351472
747727681 917290729 99830662986299 473830838241614
605647552 190855927 625588787324866 726626930985351
683167005 404766390 727475254034492 644296060163273
318144731 756698659 292748725520358 793375607721973
575954049 438222866 942081779291937 362096195696093
719605463 828041827 181731986160813 633349925331845
910120745 261455438 245738015287279 138980659997795
904926082 95731352 159506083846955 47131990603423
55080690 555751387 256716897740233 375626377650003
754165193 912992962 960982689146515 944078212867787
299044312 872165449 497587332978165 158864180159684
502209206 390936065 419180493477948 812998863111345
69113849 954321481 348268850386903 407031601220081
432337784 603641494 734997852170137 561860331510810
186533264 227286443 354457531002100 466021049817905
575474523 69746145 676854709244478 879728936500207
155654393 796808544 811124276035823 426361767013373
212764107 803505251 353626781541345 252393464184376
380216498 696565624 194169967735182 390815761948397
368220756 628982205 253270161129045 354877979873309
196494679 752502564 650241840731829 556369364544954
904768164 295188143 736750203724176 801755907602920
756665252 977186995 735093401832041 770142261522748
801585286 874737433 204543770244006 245137289012992
68235383 680447384 16867380392142 109233265928556
922893287 497155580 553079669704906 882887918513646
717989578 865367650 420720728227880 829947551171939
41172180 694883704 803092332243795 76719878707291
474013628 876936385 873144860068060 922437658438488
360238457 914864847 575224017036212 665266620787470
496779399 496937351 460025684622702 698054720487588
273372707 919905888 886210499117185 381427319909874
543331466 514823843 527652693277316 911950108963265
959340350 233246124 513161544949360 901084538991629
962254144 96885543 581765406019297 93465551649349
203739478 446109523 502354767851605 594751320597385
14910534 974345538 820210868175722 877211015736555
706304281 936606998 872302350190372 498665837591982
396633433 203163717 420879262786340 529832657009546
841674578 83920854 472414081653233 819718228485861
740677204 294205602 573349007917875 826750216060698
407452910 893340563 662046917791218 596157920423606
741218100 136873447 362881486523099 927660238946229
801694970 209405805 364863574359675 514586498602953
796740631 606810310 832867406429057 647977434168467
166115490 466550693 128891922892031 330912278142951
263293752 17371919 416100685953194 136405660824588
819596595 344098203 734217293037845 278512506341369
741791476 29271475 839469043421177 297679341972377
463501849 513546705 363724564390000 760815445416967
465561031 538516674 30056274755892 749199075899346
948361441 556122598 541155820021477 189026028141370
899337294 320410989 557336460609088 244186273170544
232220470 279144091 282047342229095 365265213759450
125186885 390616068 941688231877407 408031721348172
857011943 366004176 975736387000077 261217884153679
44668297 663922680 817589595948536 10882123739485
151682526 764003462 618164142964490 162468344453666
278908951 989770712 967740953648910 448929644160188
239474729 558745310 926745915660979 179041371780092
996795915 244648791 134835550623943 623030737964707
564361204 901050391 780465662907516 569897982585765
197055649 518923588 708859809286053 269866612934248
194724236 214659731 389694293073145 32264688990981
402113845 855497615 882694498445903 783842054089350
27149149 363320786 976576660189920 485405716522790
888281926 868361034 60000292270472 270862115350676
441684468 380259957 381115520150277 953489556326447
117654638 868004 654212126836790 930271980275018
826606076 888066619 339461220202588 483474358702441
151522922 669023471 516538095033179 796443551343746
803122244 306828294 395790700606458 16734234220861
407501592 176826522 585566333198878 41664112759092
396405174 450432982 787793452557587 743958625411379
312925298 86821175 658644882433474 394375811433848
200979808 829484747 789708901484795 780188660817395
768922263 915645301 656107978787245 956120541803143
498599535 405637414 934700819979048 351950810382151
753749442 567548197 687282689053538 425097481160889
302897709 141734984 170407143873838 206577977440278
831979600 72482616 532250867085957 904188969402247
532764681 263193777 55440232095425 678442428040809
473949885 3398078 138528439797981 894988963372425
941871503 154338305 596922668484022 367597652540265
630801830 974333928 271606690198092 713737525674105
4716651 562193145 638948679276033 899855362179933
324850120 479176198 509664860966104 500559417779501
665081961 261706105 415096066570679 642011723050416
561612286 128553353 734479350235301 92386005462943
227794295 709613698 998339516270860 970453083698408
94479686 892355841 203404355848183 896463470883560
23473568 40308277 414322086744660 325794369373871
34364604 752356383 296324164368179 953144478529856
106895633 76209106 557728080552453 129346210466765
191477660 30067123 872052459701470 174404530916350
706702359 301889465 968034539719347 363912785391659
873649475 405885357 942965683491228 701474133310365
553846558 938821483 477576430644498 68894103120593
292237613 370320671 359435711492146 449806700947380
308386995 693481865 635373000687607 610266093913575
857917175 811885625 131190439603587 541878249752316
520612226 87325650 328402126444630 661410259740342
830237790 298740810 623278976981141 147486356369229
298592855 744731432 2587209494852 837194342634919
289382205 326083525 55861450656396 793334319242656
292052000 457867147 103074849010677 603168562071106
520296338 971205688 907075625135788 139178915003917
292488168 874345499 101699473031102 668922069327664
508064633 302839382 798462383868507 548829137712077
293469405 495368474 881664178811411 732832474890808
396152622 583093229 148311971497243 115605834408248
454817866 848506854 68887585549961 845126916658244
909090574 386268655 626226448642195 111576194199495
104231836 473173250 858582522717908 895201929233757
918990741 735035501 868375638757511 390988278142995
702365280 186977805 636086401393353 827840602478762
768696161 652955286 568520716378842 426982864775635
601727041 830147528 766425923455068 711516240587891
230647084 853959355 182744127186834 337800076137441
289884430 414666772 862292745773986 970762640392739
676538325 663563853 352249532377299 615902810795060
966095026 962215920 778134682775247 430683993245248
515417687 846068700 408961424147170 509895791949798
534042425 455198078 302342666426936 264084594776181
258323919 912295705 289897560861730 551072128414510
630021328 798899198 201623948432465 35409242542984
386179449 862218452 562652219964697 767985805859174
31411653 30850513 578925796135343 177291271214434
447506098 365113085 130895002679403 627242547424518
331686530 20934262 117215026894086 313076136871693
385755382 317205670 567464791986909 69665378942886
305807765 582178958 856512165951275 425810576827569
353563619 322132479 585956634147666 86342372309503
866764714 95146971 598958415965971 41810768217493
602971955 418580056 97108024681168 425403962696681
515377037 152715580 486282115733969 975471074518051
898380485 787755041 862144752223355 48163431197789
191850028 182997170 227134353293978 420825520530915
627512468 173676780 875380070051224 495357558042995
789986962 219988830 436870975957699 458910529053566
590054077 266641768 731115984504202 700372405176421
44803565 417147263 556645432332736 848236937212092
160308092 952864103 887954808591831 352111255111049
372562824 253760119 732583074020646 457789652034693
102595374 922201560 584376106340899 449946538656857
824777936 743178950 156263283589289 175372182692066
790521424 999690445 28431166447667 768181502717806
602848082 563747340 724848015279646 824947901209340
340611453 121760117 673391324766187 745807785838719
406005946 126320906 440212075681146 99990106596123
817044851 164002337 144272619828047 413487908434022
762350293 972475809 91506246409424 384131160222888
258665742 669335106 196863926126212 978987607584539
764297103 798914257 722274388686933 756419579303467
585032522 63442537 52618837923790 833523943701430
925763828 845131450 809165504510558 646048652718412
309472580 523620933 340681916579731 170062114014319
403371314 273163421 178370241442655 444588807768788
207722552 963090599 304274108905558 197677158446752
27910292 413486810 85560432556525 529913342489260
320788867 374411136 653186887853756 129922151106241
343369095 83841266 915522156999357 811893918221276
97506978 97793504 429418337837450 224018234603626
396176024 279219590 32813491542178 636858573253772
149510960 866023927 605283317430691 640000501933652
293657203 42735702 297627222492305 313739885508102
118647531 601172247 419678753997326 618246686689880
399185381 834996290 300701186454943 225559562505393
324277167 945512880 393477871327213 477864444233069
371241434 384090955 913205142116608 731258169640982
884742520 34727250 947824710756997 921393101940652
915303262 117120146 55036622705162 275228748133086
319164003 653157549 532082549244732 741905464784975
518228383 201250903 404168318272047 967645159379665
857708716 696576403 963634626022805 11476573748652
271086568 941573626 939796897911045 622876466213080
835604145 462248691 456064426630965 113810470077758
205944230 582511612 680645930333248 669451899396346
257383148 208964319 3702328279009 781665333750683
680496742 792199677 244523180734390 420181642611297
415158780 500457606 889319717581181 931984882164862
932999637 853787838 392621450282329 358728638033749
279861916 91767866 645177234667533 680960083690174
133726141 512922144 823285298605375 432387359749439
97281960 378492778 851647774187958 458655603966035
434386957 23057699 275709298044316 646046949092519
686267423 238331047 649734477909693 710962586043991
678465745 856039911 195188080900806 28834702022965
756380443 520401314 222590490196358 562203180545282
994419765 923949485 125826885617455 838287584721331
347292633 331488044 415023375498901 913164459387820
586459269 817856726 396414293724013 503703255224328
216011702 505816884 128765266306191 128722982588622
909524014 715234529 275921701490229 859471196416317
764677679 897074379 208727627949113 916559888603649
769533885 692826224 549433644821594 972232075650426
911463136 988548642 51605742530679 865127603934204
865964511 770185027 957580203843793 334174460657673
8990085 838605961 710125334150733 231715567692440
838536543 564332090 648147687738544 364973429200721
255660539 76211825 526377111031008 691664702664910
809704746 648846167 652804813405993 356045254784220
443170878 911945065 497738674023797 372960608643255
126704716 62494648 944064461979026 578066936894801
13984363 679695396 886202104875888 61492996754314
835890163 309542816 842495231216480 139226688106617
922636478 538169457 913254515979349 959192534536609
623043434 74872430 432373630005798 629102433141052
325309845 572830528 132949374738378 846002901219956
130273311 412338339 117212020230553 286175647550884
842770795 659476131 779067012118417 270828660954266
141622173 171025888 543244909166479 480903055961816
155442908 334530506 597201956102033 403138790147534
551695249 747517156 800688504168442 891046446946593
992585382 511925508 631917581778382 41297704588007
873589192 797981585 840634482826481 963291715085288
353231269 597844420 469125326733931 723258351577054
822685742 943904999 819527250777766 143296149492149
14276310 992878232 902605235023790 308896108879819
274387664 7429894 274680759149423 246652195280944
719968084 121364274 374395532206587 594539251338471
722230234 438533423 341607670011841 790560155658275
454434908 899949155 239699447650262 294679367417994
356149656 521163203 441556569476655 181254656390517
712969036 280250394 193016511822308 149212259144493
545746040 920321090 264893230378863 194206406410031
699553183 433669480 58982745662186 805192533929065
778965253 180010828 676587263752788 792668111771514
575654129 944824958 295273002067916 521766413519605
148256236 566153890 614769811295188 523735469534110
736526080 336950956 841173152046990 289168810478763
363011578 927452964 735339412481794 154731902274563
511868328 85048419 20553313119062 4095508280962
406641179 350841556 303672761728276 776099697292339
734936806 149887283 515521962196583 814807191354516
270902108 79574737 587645512676701 418652803338965
758396629 319225805 713104081643046 104096356026904
550264041 105790299 519585725314387 677978483954098
684535219 961539585 871331423801879 49369205492072
845745166 786664405 683467261175945 335784576851379
227768795 763601600 976992684530656 169889286564860
759558713 5884093 244579125823669 808645891747551
131525067 92671001 915568526495556 811014431666796
711482613 184438708 168152469202346 820360314769505
758810143 662131519 255752582984231 848822393861233
60998640 75329404 914143866957150 93984745465983
434955667 477794945 2429455846544 855169798432995
621575413 423116276 989029262259172 494134103507107
847103748 378767183 375312184570017 320598952406459
653327857 980115997 670953262709618 265177542462805
873650542 407200827 932716056314528 605174511603729
935598833 860954647 159877675875419 922598689945150
548413423 242220276 39584813236465 132950273578014
934347297 907224868 922934627527957 828320902716965
565195201 979456588 173498946505753 885252670209338
604950477 670589859 196346366609971 669570105453301
177186371 91889714 149492111437499 439444268766687
