1000
456255265 353593117 712138170816917 1917705555030
616094281 813598477 629651233709085 355088007844284
838548058 443675865 526729639568063 142803111016685
988059177 317556819 332382444711389 1591029204624
951034229 908111177 67808521550182 919559323848421
930358314 540026048 657250783388686 867332208545544
336075674 563544120 651818401414808 367602816396847
836773315 735864044 652489711551246 652211460908776
507088525 606707984 215811195122692 545025503074398
400699147 174635283 96220369495002 831898403241875
204305079 997691613 786500804699129 936915423369381
857427639 786977551 711390097955858 351755299285002
738517276 305601607 19140602104164 820404626893781
501176864 35336795 516506717906421 8390951515377
410350949 344313755 340797572544469 180392152475746
347781434 259160081 467214309001312 658206691829897
522645463 575867073 705919663473530 886055821928030
207447197 116768491 154705910660818 396503358282421
456407896 973519174 395717734754593 683689416845180
963237247 597619013 146135719600490 44303034687736
595971440 10680915 832490069997113 774097591992077
193849270 616840472 46933692222694 864789149759093
194573893 620922547 201861796540625 680525377239557
185711545 588244991 580025752717989 836091723604973
360168092 329052880 447593225863062 792613752456950
913566879 240557877 656301346519205 692452813924291
887736798 514866869 674807360279000 70886130195986
503584286 217605524 557158177272196 582948170817018
389744656 984910348 515751919568773 495049855707437
374395533 102557590 937022393218178 433176699889717
294277081 170381857 784081884043563 30922960972728
850552546 598062423 521219856846204 405261010359733
613301375 702965212 913792418742266 60673989651141
209288883 173714064 149128454634738 947877092346717
33344489 37346250 706686027095486 829547756262665
361313847 729740956 27424800284673 541447634971568
605622941 966903315 802658529191144 656010886081236
980478021 204582518 341951171188840 967941344820944
819823042 689609860 222604544606340 656213904713242
847433298 938645688 942728219276423 732806162913920
619023134 297282694 84216511298627 323429491581548
782754935 753472925 704358211557210 270666787244578
832386328 134801188 270543213915251 3639003366655
773541224 172716286 379400071323777 435611489482425
966134454 150769928 977444997551617 990502394537123
839722621 814744152 235438670779450 941931715415783
686265759 35243133 977885176092284 689777128862155
175760300 320830659 256570865501027 10934361517807
975017498 950748014 563496613153812 98939149606539
727181195 681136891 653955795514236 42584400169139
642290956 611622244 618688687603094 574492806104724
4528978 955715930 967227495466659 834075579403190
873599484 756450698 310305249329776 5981240153913
461578966 257470939 348643414811541 106159362821402
882675986 647426220 534004461742771 891762200033133
760839822 218536472 440908667002291 661326757015458
715862802 561652531 566105841903371 517202044202945
945486225 530672459 218907940281593 272479111891887
754336613 841250601 724338194493639 300354181091945
489358740 353201232 916136253523463 288419571160902
597854223 213809722 684148782232023 28228223083319
944002799 183528864 440280687321628 276363469819400
331125177 152307120 684072722328775 782163105693598
252978841 768446806 364478979016469 698539877488952
331534759 404454517 464656378913992 821601340163759
662828582 141355821 956746287890289 48452627167160
583858114 301881620 744462936917415 770957803143454
667028431 830711935 996360966435407 385866064471562
31523471 988085688 227963214433236 344604199504189
589279850 436854854 805431054191469 822814683776594
216949044 805341738 426433627630683 244856334660350
466571628 725148446 302407081583401 52598216755282
306278265 233866710 88800873151725 782008780977141
7271149 178714432 424076544484995 833019737674091
972882372 309703109 69694592555990 561041622469459
608684451 828524679 176543879872281 109474661803170
788939546 827182755 1610207647751 446293777197546
516426980 840661102 743484231056168 26782322346648
53893924 507687610 936098787137805 230564261190191
501348520 578272271 806832707417489 270122103863695
355323431 469874164 99343249393431 370371881936946
742037892 276574245 449949945183696 857232843259243
740759818 311531996 613029345571572 342946437024167
819906735 501352714 43834781319173 716699929862061
820023635 348573596 315192483315217 973715118278111
727818752 305075896 241168211258607 744470766915449
517769513 317224959 518997080015486 535096652930511
242400748 791987915 908719509250539 11046409636240
326441298 565089647 577430481517289 511538444923911
64391052 668730492 996268786929912 217955400466518
838630197 874676216 429637547797152 982107513533626
598007444 625454246 811119474436277 157639677477836
69699288 649274178 611766924854674 272737691188668
764451164 386750404 870554132184160 961397405034901
708719842 189498010 897381154740302 700158219748990
887661786 817657839 302494298827735 807824099423477
209409178 582581481 480414180995073 165195293181971
138503844 723804900 233279368874906 585962647682764
716351973 439277753 667856319398523 847528389354798
107508977 304373243 539236876700870 499768774811038
941344586 998121014 960829121959466 537946975588896
782292120 234019889 809773211362587 398281257897358
668134384 904893738 734002875738652 733525175844061
423898383 771950110 1648444274422 643900014893149
813328286 267575551 289107316022784 786438923859191
217857645 457985534 574165920299351 757041343429998
609455801 676130497 270801529952804 197517765809057
49665384 543489963 86148990377947 683901009189317
830496329 743658776 255006971721592 798966162449324
234725718 709264543 543166710645441 727692312432642
402371059 720778320 719626266158984 556084480870796
741180974 607453174 813624528881384 375226618638441
466125822 467188308 637812720245893 837818190883667
6597255 39071849 716160134628814 278305351491804
154412882 324815533 985380247793980 688059014387891
570941846 237992531 643142793999762 867154944165086
840406900 132126855 273494961918236 493831249490687
387520820 319827887 428189467447538 29502012663186
608089226 654581420 783248225443892 547832744400170
194532821 400372247 937395752304461 762531853474233
863390044 737903494 299243997717297 191803504442310
248412817 917701830 593382169590944 941241170783670
95377743 619988768 494006669191011 956419152112901
551023390 769201814 370004682080652 376783562410892
807840363 115244836 564754388363960 281111461306555
656667090 525451777 477336409008973 669849078620893
899875670 220218589 261353662448574 308887375980632
544623525 284855587 636211786474436 206836860752108
974034774 130248502 848935290505636 72961379243761
729730092 825748405 103997599648109 349977901992091
315614290 902265528 877412940168248 303668088105271
823517086 749476114 361349927016296 111202923133549
213494480 968814991 195926337137641 671355733093757
613176017 324586549 727146084322675 814642058640516
654508534 769854340 398407255122374 123734709316534
226024253 16009144 521195530442733 955862842602147
10324877 417771011 103945523742589 146438840159603
256883447 155132373 144794164049876 100352278574636
446395896 400413718 920532005916508 220244127942121
741672630 39212648 851663105927879 63711414418977
605125697 601637479 321592205253714 641356081134056
706948561 780038890 845996765385476 646225841325862
121911820 848811841 86043290233325 59926812993507
104199230 336196726 398258034007913 665384007498621
624675232 257955982 357172815066205 913917015609326
842120851 565668295 628596876473206 290107245107976
551563748 502902233 889299668901999 126536018582458
745952264 965015351 379525414391625 897708953199434
276201566 50662989 363271303635857 719368836679322
187290225 672998593 49298721748895 423049328146277
58737973 953493683 933434147597267 606483649987968
637014599 177630206 749552302202328 663723000662043
729247024 913294199 478377353971683 976281790787327
636407968 155455531 716753362323443 244165058264016
265423284 29173410 522526874636048 840366327014218
693462833 796402720 910897870551181 40303699564166
996729544 791481312 287882418391367 285410402464819
555602 384591961 649214638511845 754411923628510
665545492 613098619 180668534871832 458639454293292
215572218 492894960 522353337849562 943147668182301
166009820 789193053 114133879724464 487612282116937
593215165 452496288 894596734345450 734582740335908
31018761 290510097 378632181422815 515467042043195
516590036 384652227 573227500878388 199492080690293
251031839 301190593 77544668149011 574719116378964
852942100 742514259 795717182893174 602094179400500
520553799 685576504 966981316393819 98158469752713
822329332 264934380 412635569057294 622279371636514
561668933 752444129 707116665332068 987779754632554
171811467 479712455 657712122530300 251981710582691
126764418 265724869 397422982931326 27199287757354
459106703 255735999 464775815219165 259878390741432
930230531 948209296 577941559684759 431825758131357
998241366 456433487 944539314590705 752944154155013
774197614 83439499 558118689294397 892063973039412
200414936 564826001 595881503483669 251459513664203
285230347 624765090 10015314458271 426321410915842
846103466 697675839 249716036546248 539492327560174
640563904 637993311 653209584380043 852970421926586
980133379 888740789 958625339421993 625705074434799
227539475 376849644 538024339610992 255995564239022
504535993 115805164 168127904254198 366718275153137
991817514 89231892 416680897924445 986958133679824
676488516 318699135 952628569728398 449299003014328
743805645 24991553 930652825161984 169227703547315
548293049 699409577 174360270379759 945975102935716
255634018 441546879 882230936029607 655825831493513
9761487 30782276 570058003838392 290730657238201
99867119 637937014 4562645141824 185368323055654
561909469 603501771 937585280132903 18576634990234
151089691 808282482 999400641739356 698017784175867
1264345 737232728 973425364479258 405940484467080
871432749 608254814 848046484654119 336792327945499
372581465 357021349 875265646279185 738353640260710
78713865 304668612 921790357980785 222920239395128
561879444 161252365 690663476567337 751156080837559
193920569 896903374 71602583476647 472487157988261
825897313 990512779 3538225801762 72767670284702
803717601 317041734 513546093043417 252833194235989
971479862 8078009 438179013861721 205638042428892
631043272 409303449 515569404040117 380280554333402
713382697 633176274 50145247434701 420508276993492
869025621 623122895 155936935837322 479194120800358
170351090 499029680 537472627203869 133578316592265
191136911 620826003 193245127448133 238369034165197
475351782 45910477 352220677238151 759478947523229
159407131 566636848 400156528978550 470713537712512
280143868 673455941 751219663652330 643976307404371
681579072 621974673 574883495103306 361770109312401
311376330 318350801 900444951240644 103665379177357
542963686 831703871 664291548688785 623736419311029
258774920 930952140 549380199419700 305780193094606
733101201 136091750 875028511647417 417921003618620
674823947 908818225 28307839479032 630248999710264
958683242 679378639 404451617942736 564554105450777
142337738 798102426 50708839054958 352565192662926
24497717 697189606 773085798884998 193101634910176
296137692 69556290 503627312848278 371468988668466
318769499 703374517 213955662102311 945573848787394
290046967 955829762 534133176869133 178850929858087
795030496 677676006 928693221839524 688188369603730
527054193 919636823 32957560177683 320852645728527
527425133 667242436 628978135864714 901918322311107
49880386 825400921 997525929709189 70100322858541
694922823 482849081 22830205091080 509335816234086
46363390 833110724 632716740263138 104187817641571
268602196 522972369 862142171031276 157892806673712
427254494 685152754 518581893015625 759913166520372
845220892 321541300 221588534739365 611643013807729
458599864 994099934 948733709528696 64801395148738
47764933 240801967 522257734923330 469219299354140
434720001 448921121 58841322215886 197138096475855
742966805 256371754 445332630242929 453905468044229
978137297 321980408 674774268004681 29802101980351
706280307 712128050 238331612596352 527856419334300
504943071 152800827 813898289404039 396182845658772
251603173 155106672 385216552549213 622459999287158
155070335 635055718 291471696103368 142205319046896
424536082 517099055 757790361909401 342498596498629
821681066 513673619 866905379496938 869245377717781
921935680 626041945 744462498536032 610146198181530
235898101 409998973 532232167190122 978305953948135
272867670 566612345 600718561338242 873091402591401
308497559 242762622 923851169138025 513747955377640
312282 210332345 971078331230060 971981060290628
383113319 252362384 309370914491299 591145536840505
140014323 745178852 420507536978478 209702785317981
245776603 651360079 932695456649336 593583321290911
394199399 963136101 307789243510902 984305543781767
838870281 518144756 971442602522598 746772566964858
461287581 50512709 432350488352658 285121353140725
224148649 603775578 691831070007948 919650408291023
149624476 566472496 240953662934385 424683655864697
170976272 777340924 648814990202280 458687627399487
965417993 422451568 548158830825634 387646659353989
362845749 244825588 574650324329241 868239364465420
666982443 346133231 638755914621011 623069513513260
951355054 770211837 326129422930269 179478910626586
947235049 193490999 299704222000209 183944324733217
549166003 142946161 11225518654355 854645282980330
419804874 560871797 520593516500237 5768082682806
963803673 260382538 351368521589112 570299734369695
288912115 530395249 771535598625685 681953982740701
921025879 207846947 318313063415661 16672396468733
64205100 231389334 27608845902230 910610204719657
473185668 389698615 927721958573678 695308897138788
516391898 365754607 646688299133279 331724276798156
959050069 676234592 658471994760220 237258559326169
547829765 88842791 280315959150048 499282363912090
496494627 633571097 437816479697587 490599230141692
189792594 311581319 541853336017574 694332544816900
683303394 392722044 255145814173971 865124728771089
179973129 987968507 297568941280224 104307878285597
462706986 849386563 982958699332282 77576969455355
550287120 925159437 199416758363740 597071838711703
26147121 946552522 945370386857927 146603063425339
435469292 231992295 686544909207433 21516672005574
270260685 856115722 986933205306616 583018240963572
403806406 308252755 457040011330934 880384843292827
328566133 543835038 12113819976620 635102145548265
266133091 832472510 21965118248656 225393347022505
954481472 617355969 690238445457889 59491918584701
740571178 373250096 841977303956199 770891593680930
427204836 754289229 982237757137461 892297199977137
7398945 170694996 368427706409385 949247198054106
182416568 184881340 405528425006056 912515429840680
161047278 319904885 803068855669668 54712271216193
104107954 734685738 680379048497880 446625396185125
458511321 719777406 980106633779719 140933955085164
58748776 605364816 315106805505922 288177456732810
993293512 697671672 79287224805025 272602192139532
187422225 195881609 528092879279878 43471787307226
300603457 960589583 911328246135775 63013741577077
428133508 170764240 169519850154787 247195903161143
276985195 493763981 938292313625809 483128533858455
476082742 181435583 959059745602102 12848901130084
417327117 30277340 176570215779621 884536964784135
205699392 475359121 364644375541566 991846012700867
139344012 722321927 86989823854889 24024959151862
194955862 187150367 311841589367258 440628138881111
846965743 360766392 681496610659788 533422083263544
583157968 811178982 315597238967880 274999197498562
304844253 283941434 776750689712285 97458433833021
91972260 614479870 514028004638054 829310270691911
482702492 565242231 727161304713161 936181848225050
399263336 907296547 93059332654260 490050997324488
250369299 755207418 372180271620640 97569126739584
197384020 437714863 568528069486160 422523422805448
680644297 190474222 261501552504592 122497258021314
875027261 694603677 728455820810488 291310770079849
722215395 273238300 230560307498663 529697079559635
884102298 201886855 87288061444106 182550984600942
175809321 431186160 587908668113300 228983977440068
503493249 849237415 501910841414533 58741270832441
117444608 946947444 393243184664870 532051200478281
617272490 323456473 790568312162313 640154513831372
193925232 286648914 704982598956874 739875537167540
493038954 686582166 62568601351890 101695256521419
549919006 499502293 7164000208528 617079712492024
173501881 941991161 146083560457664 909266257673592
892413266 243646951 847428723479078 370946937801510
234457387 78562237 647816680460113 498531109485749
321663729 563895827 394728219481562 271153381417202
134740473 862506812 717804071406244 969675738887428
952747139 820770179 30168956100123 330172907640238
332729592 297001072 111174862107511 395533904877705
217357102 643128835 249621416652792 890062910377292
440861600 245237237 678286760915497 90934483085062
829216439 538291451 537677375516958 81815133867360
731866118 476983812 328709034984375 313780268963293
554850183 506865016 969114115198941 572869916173594
826546401 173812857 146812010406338 152194334013456
894148771 787645987 184330506447651 115211587704143
533094791 673042636 274271272987271 334755859670595
532762546 128426822 252102289095294 135444327938160
361923056 975386139 551206843566308 987155493103287
802976506 3247821 752147418805789 472908228504209
584036529 311040285 845336200830040 222790415226192
993332065 564732994 577725263429327 238245150896482
75320577 924128815 95113835389187 252898407353231
956719728 622441679 455528752825857 911470979425336
993817271 226097994 241563710838689 241460389775512
19554890 660246848 553964374242755 826251037004804
473816136 428687882 597284518718866 928122019617068
246825401 866177021 607073543542979 309781058696025
610200269 987901864 977789419087060 883067488075695
453914144 996365074 682404687774287 218659751132778
114883578 384867583 64281668303878 242815367535650
37240713 621747754 7015407515222 454075702076169
745488423 533655690 286287156794982 640444397442089
413326488 582723726 713300929532262 742956425291944
631125066 945373794 658904801698770 445857954183941
998576276 35540778 953245984288943 722159875283034
145104377 765578308 572846249887946 483305419520410
828590948 564501640 68534909327870 902648734016721
120034155 301894536 6276098655852 283736459212393
990596495 863928018 346988152431553 632487174394465
357696375 766830891 122354499822197 981186577710485
358622778 436925907 203155162029320 205485717085947
403551635 281638853 383814136336198 828980525574369
830557484 103900917 767323768780161 524654319708722
960451030 823207826 834469315941339 270769972856752
110290636 189915459 918691077498235 781254781459768
514206966 167579244 900534202545108 856215473669891
772243489 596228456 921071353976291 128465704407777
787029577 86605261 256200577718127 134177594874237
400279760 975742893 10883604613193 404151092494238
468783558 858450129 188178095174539 335712962420577
374791969 753342462 665759104777947 380502773651842
244054020 613099569 969212474683814 457265107390098
665108473 742232548 333512442700903 188614580043839
237556280 891205193 546136379299807 986424043559569
568350944 681862283 663846225818716 989462764741928
913133627 987070225 553668528484596 426852528512129
29331452 105306813 220411540841160 433791568556848
402967681 350988839 621896702342212 690586019887909
605449746 499136740 121941561164891 412540345497321
603304994 715069122 534780212686284 944384604574431
662911115 545919755 695617939355234 885565648897669
22914260 443496383 57145737717293 316085407669682
531148652 108309212 765468399208139 44997248690647
671070957 218403735 138057606335139 314111592504128
4645723 656059810 669646294588454 798870743761490
245095781 765941350 273625105208591 703823658825932
551086496 769385031 782267552636321 820759772312328
499517393 692623333 655321279771629 519755917293880
612837921 625539927 272258503629579 626078644258987
435251816 622610287 596709986857565 387405388913927
277024100 730053882 25336741147857 677919827550606
174366720 13442047 387098448781341 123994423855707
402664592 971282685 590773978432515 157341342078372
811955217 707287087 798386056722828 617625763673335
744024427 145292489 881152307855951 551333614739070
210789552 197141049 56029059387304 36083726026301
444778076 250083176 637293307310595 170925185777488
314635412 247861753 70281494245392 398995595461936
715193961 299103111 700483179824654 322555019357420
2316564 537393384 912749525437698 18418156732018
808811833 47624557 93525190412798 883792870929861
742556198 779503137 672124533663069 899677792169029
269667602 762072328 987181827410435 972212187523564
470251616 391330911 336480821210270 921387171896973
336893659 193352160 447998258363113 796081722458901
553792250 493876220 661840652186342 432773812626124
286165019 865375520 289317553594913 154191143619730
552542664 652443891 988287090625777 308827220077604
729917175 776763796 235545645743544 731567532428118
775491907 165574877 137588766047264 391567853681495
940430390 386740132 476187650321501 112074018563570
948887169 177615095 203112321029743 160160593397449
415584063 716911453 948793015080286 992414712614042
987350839 168599577 469050990128766 523871997829756
56820249 446794344 66039085027499 645300220797216
122139069 679694015 702259962477451 986803841230866
455325545 541125136 307813413867216 849699811368694
973921034 492166403 644872144257397 672220328107725
342107255 156847935 103219006865662 765999810249520
931370674 578724512 288743648491706 1497873851281
993760552 914758784 806114432483586 404151930680446
900732142 223487728 981439069976185 945562963628255
414067204 601194493 806344201337163 80843826932533
591507 491803373 467321665885296 469796021839579
504652336 696348033 614710590770408 386965293144390
768898840 689861939 483328781965565 520289148105542
812936052 248899190 277773420347270 560275305632325
588207764 229350395 210912676552480 370327061461380
302510133 199663592 786310496705909 982408969319266
270776765 124840224 145659988999798 593174641351319
412028795 673613439 868013866148770 56445227158386
276357609 138054685 860232630022975 73712487759136
579956972 260327560 677698345691037 938937084740326
207021328 193906700 792024360060504 847504649762147
486134990 662339052 577701766594452 348336291873745
480055239 488952743 77407525451072 633588925197635
788048903 697479222 416355441093206 97786664280550
810410821 563373898 645772980869654 955036265253953
817078303 528418448 626363242723152 539890415403638
794286432 942956782 48917928694681 188711663394689
793779004 159394245 585282497851026 210067366233206
413545616 134746670 133576006315302 707249154998724
526342692 423609919 82471609317577 729346216568950
294086634 699382853 602652073100988 721222007571309
984777278 723004425 719782856623941 891763236075689
816463141 59585549 934166461873401 182397104902784
57701264 822890702 612868201757684 683282894254307
636419224 947740673 714209520718109 693753150595741
311348417 112220119 766588910031205 30661338523285
189161273 339385403 422875981353222 169864646202632
92388119 170757648 457011261178565 386112752578769
556734110 296118389 927227507867441 926655867412644
113292921 44067330 447309744813028 935534144557132
427271934 415948810 58045996890815 630283733613042
376410989 786868185 752770819873071 966323412227926
244148016 828407285 162964293592940 74341084510997
984854298 713518943 259608349794230 449056280482275
2107050 339109073 954704160986520 157061428399056
365308743 787201534 343016590152999 521901749169541
25445762 392552662 48227600411202 481622422407557
979739225 701995201 358994877976528 407224425455982
179367536 879139809 120452556293895 613442556931895
82775 663328338 817660616480417 298727195809394
181247177 27126124 795995046507046 267134463425929
849744872 899535101 566494746052902 574409249099521
233555588 959204496 18466928344701 119353721856699
40116819 849333930 128816729212816 652134989451056
474416183 913004041 696849497273228 42651513135795
365396349 705412838 24735281715884 64685421511856
821054746 84325937 304601089111409 121364001308401
476943598 475160281 605025843846121 733408328560341
448637698 102256899 674948251774186 719670655934104
110382795 5450576 351907555941717 843066679182991
553502310 146128921 983904666824533 672598389716587
204760540 611676852 26691793883551 99275529807475
746254429 191248046 710690489329330 323942896480460
143489414 167453968 560248737461270 596897661563570
831505053 84150683 648905048603038 28010530149821
527905233 927847438 960773725532328 394717178020127
425714556 351840093 560186924315481 920988789453538
376708962 430257913 984331669998563 803287137665325
717606898 622685196 857714166770624 729224608105341
805597057 261875899 412641086278390 470540663497709
557229459 559601508 853271712051026 153772893952112
446800916 726366687 89888899259311 678522666927123
332181656 281039039 129364878878510 492886103425086
131449249 520848016 132910011989117 226010328665585
870628823 217778456 884047842050322 775303691497225
787657550 761883799 920447870100591 323543829981050
539109061 778389256 171420543620957 76722680309396
647544035 22528352 589746083588914 94730904180799
824390522 395110604 988480011802893 281513977978432
172769990 313396724 680461223637270 239535722852724
81454252 102536252 864659981349313 972849162021650
39389693 446444799 108054750250761 883532519732715
618548146 2651348 754360336363958 562763291060139
870826031 964280011 188400673707673 551433601958423
274031234 135052206 735891053966797 427090714352718
286873506 395565890 930047232739830 674096984847369
637811122 919316357 214063555039107 259902417282780
746244413 684658159 746022532674540 717666946798453
426627193 540050099 908294076525814 937201240924890
642038918 145149949 790969951680492 286073693960621
258418862 597416243 357805313114341 766901605011817
525871012 798200373 714080223638019 831691224218019
942221511 862413470 215185712638639 565271028678987
667926366 940562690 835763988520672 174973656270826
264189402 54849584 233947924110931 938060184434404
561382169 275562096 39738267386833 269964819079861
723749791 775301828 371912767868013 333298326049845
816528092 235366952 887261956806341 55089070160342
417328235 727219410 765566256040511 581587029590242
897802062 309351284 350626119575115 955375878624959
854834997 862210167 567101347314084 968482144211500
854179766 884061504 195188614332816 165687661905027
603652499 677371245 293863939404061 145899109135095
591714809 114200086 744688667025508 571438878668757
470199741 920711950 275503112004552 591878297275332
650581662 717408800 280768300190517 30022177715974
152910472 735516756 46391435856227 680440445725367
727580365 114421545 30542387610385 275763967164939
359684971 105514458 558963712214604 384731220847505
138224714 832424604 773975808682407 625404248832628
524408445 621224411 239668223890307 384997687926710
982478206 448522114 35656434100550 480430216252276
594265203 731643441 124503112607397 918546167232039
861123437 957319814 718422352977116 510512044937695
404707493 890822743 106621877574129 921638412690311
338937280 120249332 737117038557175 271490327462950
453010186 655864679 754407529976902 138202057869850
458351291 29773237 357056007057093 247677506099804
163849271 801146395 534747575349539 199041918476736
580908871 481424211 344080506560023 895308378453555
794777954 560481487 74005411801252 613066990821373
733251305 272406522 13456087659353 945906776115967
452032100 441764732 140928492844938 35582640627700
716667335 318513268 574809879532698 976464490202545
215615921 306774973 110889320859443 533568397953638
905721001 357454123 965768825604234 795530715444444
160841313 988410573 724723284841885 294795319967158
664074997 132539434 745670360129142 221961188929714
376880170 537620870 52031904341351 907050584045031
107003569 568191772 416271336855117 747364644291334
479740771 643860578 390565644680654 155536263967899
828264068 863064394 822422852552861 717153045073739
155214082 717019005 24528095486643 335570322647317
598533044 340008351 801884953628309 579154282510995
135124125 210250384 164569434434706 482431524313144
326894120 608586407 283456938584580 312253170291600
44585579 363066102 237750140147851 248903976830085
153719910 392689803 735900367727959 687107363617430
55611715 322481066 47943159490653 819256632956447
634496405 220522773 433557434475422 740355095316885
743419546 574876486 985683129895525 231362437448393
234318715 721701809 522823870462087 660513591720994
637504137 416861189 53236889895330 110497680324069
766827135 993642857 785457217101920 849764584920942
496626116 949384640 894474748890547 547884853393526
221416359 805129959 48560653942808 860991530504780
802998179 734888436 816973450040022 557718007748894
476501658 130937974 147873543755070 148388917951791
408963100 890624441 681857456636394 135944821888032
704471455 683175425 755565347413503 365426048887337
787214277 98283979 311229061890157 692255808633694
145159067 101590801 641523505004843 486124086400236
127195606 159147140 510161674637437 540841292570202
824087061 756011218 993284517803568 169476169042635
225074212 288900063 875693440940250 954774936039992
440007989 902923789 561436549836060 189149545403064
225116966 242810230 223180281654497 340519978318266
353147327 536906542 313804366280350 546205964637511
151378418 302793859 92712253076626 886869308222786
492439835 595386430 539278703668229 796637369779369
452404288 497521634 572391899239562 978195967369939
769175888 955139818 166469781018430 106061611648177
604738661 212321292 890442276337160 805800326411791
670191875 988287097 296038978263769 273078418264785
70793561 482381596 815189347421931 620045257519160
915315068 824928217 514012014107140 803459817500189
517871280 752654029 465257991981489 719324050206770
410298017 757478802 66779361681549 78947047243590
697497763 947556473 418571012550009 280939747545727
567554807 397594063 987446260927203 644664420728991
861932551 533504794 408574308599297 491340062251329
814914471 906947163 383519429013012 949221140702746
477438036 977386316 902596929276840 207442214605882
981818998 100836001 962488601083856 178839380395338
452635039 101052232 584229064723308 851926728657102
578799562 409695658 134453254012516 274301514333538
260902047 866677482 789339986956011 808431103941118
914641579 889413154 34957180459199 109774837358388
989317802 456502187 674723921790053 681924785336430
855018687 744810067 121101635245679 724337936094514
136994744 113199270 295842653742775 703257625256544
756873804 116312103 557441908948899 923030021311344
373598814 394722453 594114125096289 490223980682165
692290617 84003625 7892155073833 940394630748062
203599827 318581716 644421406002304 945437824583154
737694220 264351875 575031413762161 377822939226385
844137454 723136092 593461816896723 421489974865975
426375148 326273792 397678500569992 608866044266682
268758308 978986953 372911555806137 107948524877641
413234335 518846219 78170374344988 270263200010540
745311374 71245140 349108911366960 108299109723528
714651532 55918765 927640025076861 230684500018842
714748896 60798936 634277311158743 683908327965433
592642745 57739153 863135176884634 433377065281238
172255602 100304336 743431917329132 890211874696508
641961677 40141571 235149184091391 877980263680338
349318714 280945494 380073144821326 69205263175573
814359310 237643756 12970122021852 520293857511201
160325070 861174308 481094905978 900907865547495
514214244 359565526 572057518943232 437114169828085
578396773 902878614 741784215243409 24034680200627
931102803 90435565 474159306476505 577414557986
991525590 55781029 514144509610575 150241911708701
742701315 87375099 916846088030837 791709383999385
535831703 380151788 343413387293205 576574504978406
778516795 274670443 718235674929027 475222957161965
533142463 518923174 287064728754399 706615037313137
728465760 477232198 735213773204306 655507894871376
343445763 524693421 811945157612109 870000112206529
153352313 983224887 34666308636367 413334297043094
321548732 337338235 62093300192926 758106634408313
369457198 400331657 354683547706250 809790805783600
321468894 912407596 427617243785902 266836493229274
983762627 149239335 908681326754736 859147649885744
355377152 785829497 552683947198463 145984094431943
916664609 977436059 243506337714706 642225091405387
17618266 587040446 623666518197420 233137742577347
60419277 478875918 6665272668700 816653489436113
625721282 430334196 505583437216630 800687403598320
79257581 363780429 531588940341213 858020812836790
330409901 409932982 765754166391739 712209936149265
378843465 478374081 642259899400196 441026938704012
563920947 951783230 978623270685049 602757250639496
176205382 710127477 435702355361760 793526361562757
90624266 945014120 501212263044430 697599916473944
585797868 455404307 966086317260127 466940581597556
708878984 926153645 450761799095418 565698161721892
833244129 822944487 414857297538831 485022771223244
608349093 335108649 271859008114906 16030377111340
531312235 805168089 8271229930527 256451172019615
831435766 123736213 659099071367405 676017013790806
672228977 58723445 881669231883358 432378640639647
98032562 107734604 420351279814610 193458077552161
156471929 781649638 956432228784185 875261386470431
26103215 446280777 872451632504136 915346489231026
340492201 1641717 480318161985728 838319917055506
923136357 149825318 412654721983916 531067619837387
966195657 893904398 402554117642144 788546884177417
785907433 477366557 403647404757501 475344601318606
220915519 549209915 200125098561321 845836775126840
952142066 180787210 329512663924697 8528637221566
340345105 799281446 453296030927433 421628932882033
192074455 846000486 698258524221824 619106385912893
3540198 757912602 799872152544399 971591083754023
558673038 580995660 822267630859728 536931256232846
763954949 546431489 925313031485992 15602990834283
590899885 851367799 126541614403655 759028908445843
114747987 121690214 67649114083300 909521445759217
204395 594624833 569937175240963 643249396658382
462381655 382279284 915873967602481 184289819046155
284673439 63976357 3385537989828 669359478574947
37971768 791036148 879642614794781 530444530438060
632808127 652313149 504028304844007 388459827428628
660605373 433057874 830483419818839 905947538455397
727863010 364809795 567446563131243 543181800194115
356677963 696624791 978339064108589 159392741848170
201853373 290074258 743040594194159 112804375461106
704211433 390386031 41751967199886 356132680887437
101476776 45227429 164615910902449 439972964850885
420890687 772335652 689451535253769 1615165796160
342036890 514777494 782898261554832 879208129771261
580219793 582261152 981595446379212 639745114884502
784808743 240184864 18549815671562 809838836529278
39992775 81436270 78689102635429 242031099327042
900577928 23802525 444502727671102 255753508981706
684939624 201851064 144273180104707 271846627570070
388863122 170916871 601364177528554 176109888602370
431179674 299336778 814951690787060 689043778324868
305690300 339321594 425498588417645 447866961966571
657540642 505863820 10896175216680 673765355773343
261280541 318407087 963392075177668 406407883505125
465809769 450203786 473444684124651 928354519178010
541445227 757726209 213433085018000 978139775781365
31755380 101426415 861099193103150 22203939332295
200870396 799816043 383452943809805 350694198137019
382775017 605896709 545161066217854 44801418159896
258289608 194718471 650569376526363 111616418199164
115091728 461491638 809536583492362 21253890926624
477332580 703562639 629878690260537 91406106948888
996206543 643078028 630384946701984 110133345257362
58801415 979607903 440616066746756 224422496879636
786964652 880826547 310023945399216 143526399900351
592527239 178134640 658166332442811 956331759714448
465097677 702323701 710605914933830 587135893729435
559362140 591081053 958765955530557 614542966461776
549945338 360289725 768448821656339 142525340563896
764530843 755691105 687160004959496 608069061386935
196636313 688838164 372192850444132 895432493199433
268215291 257204566 747759113801402 931300536198854
2632624 283143845 879262100982056 313738101956639
798154963 51713975 432200119461267 919848951538976
766090214 517345980 968727258522349 149611013566126
623900184 943870878 433363599802225 535146777005833
553457281 532770113 326621794408419 399011919315720
49152867 939438789 600751456399057 788189136792417
514393960 317247681 223185499642838 407275621051872
900532968 587416711 465661865452244 568556684099244
655524642 298617189 953210556150583 99879545524615
381392767 678218719 568632706354998 359849598251788
143460052 947166968 560283904514835 741124644342257
207185566 416197992 767930140316759 376678822445124
52193861 704244452 897965709750553 373934610781360
332063835 493320026 411192622327606 335423540630455
539962332 869902388 831281786739607 309163388991734
996767086 253755794 211319210719600 871299319036006
89060000 183098770 992990674121084 84242916700054
247254316 57817482 138764866101572 663557166841588
870722614 279664969 676501136368215 992924329675523
55720844 413641819 881024054591889 616617620104612
629754085 805793604 105615751011926 291994134961999
130524964 330270913 263332091523541 335497171173464
601192341 834360588 256654883847751 429594332047916
685661996 462108951 168229101659694 974438069559443
366870986 451390925 599889010764697 809784037866221
417418617 163587413 849183925966684 174494976589175
58529197 576759376 645556204472410 332562897361541
584863874 33741080 629858662410941 110986830994375
612579330 220633857 766861571741497 630356114600838
993400670 41727898 126925860461134 121312919434725
540088882 724178922 79753747555205 229518173977122
584541123 987525044 465608490376368 947036214076372
604863553 779041461 886202803579179 220216670458924
930134023 253468131 79653079436575 234960020996918
333781720 963110061 357791961971899 605117505634583
408568609 861874239 855127786181499 201873325678414
471542588 335450301 209188863112035 224305709171188
428280488 912593540 128054416657474 97109271550206
556836179 535534958 747988344031986 717110562226551
506142930 944726540 912527432069267 612814433914568
349697445 971646699 364488007389653 523658652515314
610304118 440755666 252091295825453 47855065580752
57057624 862573312 650089470185243 933151866627928
99046153 128727663 408628970692460 923889881091288
558630962 426338581 173473100917364 76154255366970
99944611 272182816 607393911100241 289585816874562
659916954 381936695 765504081597485 369059114023116
512600570 592856253 319055781238138 398470827052560
117009302 208995599 260367754767669 342485224100576
440395365 92601794 182434541143589 265387719644902
793302732 505114088 533205257432858 47681430394344
408801754 37431882 907815953879600 449359579717894
829795461 767001260 71956167136267 146894074867704
647592687 839487245 486008058026779 974216685623890
237832101 507708134 74241852260055 359301470337217
723133147 883257448 148616449679107 584299346701900
298001843 312285632 692047138874092 7025425865109
679650165 613448789 251782260383911 816547044994584
620320470 921701381 890085768621143 810404850546025
607359795 853313133 169805640503143 213038463547511
997791188 233965088 577442418190281 479068433830093
138426667 305890796 777406942408511 540326491070925
17127956 79906330 325454654630544 282443554912757
255872789 85924781 409071104262351 490184738282524
319301020 26744735 64887486544537 879608114507955
157486918 342399016 328122438035797 297930545684229
593372436 236020217 529091390928499 370521575394937
665710260 702033274 163813392358064 671273989672909
723771328 225184274 451216455564622 162623335657050
915691768 324528477 267300091247453 571225761982804
105119624 728543861 946800021493495 580369710257417
690947655 115305771 874969476828797 132593994507295
456221427 395593548 192847605357533 241866017478871
940538231 946099166 507425671879629 719457111547470
504470310 743652962 172573355564302 628941317425592
787145727 787310097 898954079459243 624591176336293
524801001 651289377 446196070616121 655617350261055
843837429 457945599 943932418067223 255467037504903
587493793 860723860 960023910507437 323702280192668
972459025 214677378 408728272649134 980508146447093
995568982 753792358 983372048502359 397185177268900
481512872 593821717 581548238705583 116762661830803
394357933 817759712 963866071158727 941253879836616
263668914 918123730 38972382235129 151030863663266
957233646 854876654 681055937686571 947971258663451
844335556 652769907 643453887842827 664873856461573
76680702 203808026 13755624755281 68532873812815
432058900 647643988 752770089769986 694151613994303
612547685 898100366 640565962258856 11843885809336
674525051 814574446 233133130517661 959242460445299
466751305 680555797 513954741165631 407803918035271
939113069 960466012 243870132475194 498631911609186
564828016 601070873 625148519060676 800405627140494
544814594 107603801 142586980697049 967916180278895
543486017 125643941 863475978009732 835723965290434
139470320 17570623 280827750408984 55097359611805
903777729 922727779 780163676644720 531416857828787
146235022 867047048 677682187969077 76431553437839
16478361 356373662 722435311220758 262667382406869
510946001 748319056 842669349109006 960728137173126
682871310 209755457 646781793410467 850129800949818
160373330 569400656 629829436597282 649661551543397
603567111 498993621 346249416927206 281637836574868
99841861 749905891 592191810921617 251206456256175
921409802 252522630 318755266279759 835892516638774
548839042 827908 172418308083735 147776389687174
416707646 501819166 882227705031915 593819490490643
817354110 121506381 861071965185300 570532660513965
74073449 968937223 684174694268520 303599325787837
276574802 670101241 368013475985030 923076286042502
198635762 776434508 570434029105687 479574685105766
243843506 927054818 856613959406604 400319422435092
937912800 539561111 158640455515364 458226560300769
691742966 283797634 112179572486628 547290247898105
381905368 154930483 442505185635422 302030843969697
89405460 517670388 264127505486061 918410698513528
38134561 553726218 503446616493749 704478478663096
337950114 876142323 827846506129061 611235136084595
761744034 720175016 924747679521462 288343583767000
713826008 976864217 70916109649194 9399217585517
99119074 333650485 507161274881999 181405038989908
653243787 685050017 456509200007996 147292471265928
161226502 64204670 799397027644945 879070281915934
992807474 803961061 530072966194232 788390375117958
885159638 929532907 775960903632424 708182829372874
575530467 319444447 688138822549534 524290615780299
261170871 327898505 581977844810083 563808831667081
163126870 241080939 89868202699659 44407024787033
187438769 163993601 247549697544626 454831348482862
922680288 647168258 767506203910078 360927386562514
477951849 950183582 117000004217250 680598676519467
222418808 510848447 974802812396182 661461458481529
808937511 260880458 46041164790881 279960751861652
415583925 98307165 771476528311954 143829909688880
473341648 674731408 473685818172864 213495447608346
617921485 107861558 220474371545806 355079019642489
541319660 736428699 456158147580459 909664297044496
333818774 981812292 206792069038859 3972779608184
180326048 720821556 943899106682545 902239573392744
97857416 547139875 499850008178599 526248796573679
264772276 160716487 238405825194242 527440801995701
168599480 641912076 474548888583584 801954936203839
769337998 194992733 828259147835242 233957863216170
95530205 465818587 403359745771156 663068552579693
460296500 979762850 575432906924250 601036031199129
873692749 680542985 3491126954179 139471699945754
700200013 165045215 324443631168735 514772294250612
732816896 706985393 486752066031370 464063982087304
671244831 112405505 311908239156136 352526633781966
789410443 774929549 529650034727145 935539603067035
769330064 138130575 87578813400580 311565569096794
918444325 187916793 28614532694653 928660119375572
867074088 220350135 617138354972000 837362011552874
474463141 672649710 393127992274053 649280631621207
106469901 459255617 380957506309068 949950862457840
40053888 694858248 603114202653792 145621911495653
966340101 365394584 80943149573110 574245484023167
624857295 258058112 121021525019660 463201280133602
63629175 952833223 898861446848812 801851959283018
359813702 520062257 919270085296680 908807595358287
686283370 232257913 45085103220573 108580587178274
72103229 183799702 771608111581682 996937632675023
852594563 90398200 87284622045976 721701574453371
256609961 730403017 755021006844745 450400694399654
564325897 392536877 927236714348938 34404953789544
735292963 298914948 820529558913707 213714237700788
314776035 961178533 205478396737667 528152732065689
98864095 480712739 809515304753462 953952154030973
252200343 196644745 384727251373681 461668893929059
72479413 289962655 64234180254890 485214974667044
197237325 603272356 48905599103586 658134962888375
424321563 226548371 974848228106084 68865694266730
513798089 937073760 703038105908229 778519323815976
991372840 782477882 157790877845603 361026737760178
272874611 626073544 668923372137384 819004647893992
959708561 80208750 805644030376774 996155859438848
531800914 782738823 931715011813947 510631061621962
293364655 309131689 333474326429772 728724829992948
495089675 130791398 846359842339146 604522065618753
118944886 285215239 36005963738194 156174189439186
241618662 756573905 477241404379910 219535576781151
665606269 743632193 613917072820439 562418462602620
49197768 210407889 585430226860604 853000590117591
715891964 34866099 782501334514682 799696482431349
404511033 495506962 559385522571867 753977083798778
249963976 292050262 950104298319993 573786250745312
772461150 513013854 361585412577138 829466866625212
888556377 477791173 794525197598130 992419262556542
675629823 606717727 892366979651118 516580255123630
83750084 323047482 737842112745381 683780058245298
312076418 653942880 249899279877087 777949840585989
70009792 339953041 902515185684207 7270333836671
978585325 808533451 601469507128947 247012479342481
5863587 244675140 631064563894480 768890053154695
312384230 342843051 319217456954488 925748204581318
204656228 553779308 117805108385573 974050186998797
175925685 497663467 596726508000541 540854203483829
68190362 470606789 477741575260270 879724944549363
709562176 726816276 418721022036016 741735461651219
632029564 517298089 954064912730056 192736473533884
809918989 464307538 717616968455713 256998527935792
643630558 755775763 64418050540786 82457205830026
643215171 434185582 182809100269564 390665576457471
664280377 264135325 516477092961355 820324386284832
889335976 172182996 915361230702450 940398927649812
419190690 586801281 99509567880913 772641461318112
644639907 177364878 243607078315728 557678346775968
423387088 97202843 556549548956195 733118263656140
535168058 504740678 857904021219589 109626031779446
112816410 637814372 5235683360895 891509984245896
383375124 469568839 242359420139936 724731653278985
843261302 902917879 666733960974531 250730141776214
412023671 359082363 712317361210574 931809384380778
590043514 483536143 576214987382383 79042813161752
676116042 148897133 676370443542367 73110327971149
98374749 924728582 324561458764192 35525235314001
513497364 102709831 930465028959936 902214727087108
729109494 615483607 74727487518486 869367213072675
321015290 608318677 196538807095553 581961380270721
472046779 597110300 216393090668590 877462348172624
735476675 899063680 3523692889296 167136848260952
278211523 468662287 192606532006631 218693098924092
856585174 446446674 832826033000828 752946643933882
856729795 470091659 619190669048288 862957309240809
41283642 779908343 824047202266866 59918151177850
670951955 868743947 309956563780696 400152795398136
552151956 164989113 949943750143426 158820502339082
679511209 469017769 225453368391212 80717303242158
349983020 4237954 388954468163354 583649467494013
435296284 582234656 760393450678235 650669034568684
3977447 367443165 595451590114504 362237398871686
572586146 156724426 770235524386435 479460849849652
820086605 910350324 761681564438843 83276395566711
118267665 966687649 20990039548900 928768787171754
266937731 2339730 741528119353217 542365271406658
568228576 780178753 821692290993756 215151109670671
809109841 229038882 211745120996169 724550683101050
391694886 691520995 396932507830504 284637522899143
957498652 107597741 779422597480674 491718034473298
951501721 912478050 909264241167145 57713730930643
345128940 549930463 893129306594618 186158868436124
814536335 26804025 514775669666139 85167244055255
68351847 579227649 255838450292191 925067001334218
141542144 818309762 675584836871262 659328500123156
685008850 266882559 816177488388352 390844080368367
727302529 940200951 54476346589617 247001997192046
730246678 362063715 165364247747947 810241808247742
504462153 406619124 621935953331057 626270652975718
199490488 588541783 846437720259215 101403468403080
36263470 906220146 662047515142237 836431886487583
428173023 688193190 65412840579195 127097220651841
292735656 5132556 853753323035604 708224362542941
161448017 885750202 764823991474141 20125343820155
210341836 853986045 496734683110868 745974068424832
860734837 878119582 3072015315459 764499333211753
678614865 982545183 583168709634812 907277926779276
943717969 408118013 982679416975580 148846115220956
432632206 216428013 51267837355145 669106302440996
149320588 468020768 172122329902838 613273703003464
170721144 107592065 607892544829532 332377900783497
518113388 691776243 38515145820032 908351750501311
340026536 928950677 258224470378738 383917201466526
202824408 234625536 590456664800841 773409732708852
68933458 137848197 663276071736681 973424126333414
434052950 738210672 773362815494079 494726083766840
712876622 792237130 357673579651456 823047867603332
862564621 298532112 903385348919536 353031280541823
103752978 307339903 402365078396311 988624052273977
51679684 76814409 799663895209866 274642888661595
367417268 376727646 678865973612202 592342331493480
98952160 566223910 463303651221982 497719052127998
836454636 296675779 109321706600025 375921619570708
540524136 465347922 997108563027672 137990524266299
804934671 922455080 439159758158562 136040222699231
901878019 75042838 511526800471560 383601714152837
360185108 761079462 412846788349732 437327626876684
614271992 536629341 929929520025499 541117244362222
815423633 103389689 433256903252637 630249566473341
917205036 782301107 916136002755681 580631695953448
720558526 977571964 477101949247852 371391927865525
666818855 976184640 175105640928712 739600143148422
631626352 386113063 275237027671118 359445218593494
17100046 276932561 988250318138847 983924203531515
506284318 569947287 100166707441828 890791795281827
681333929 637977551 711780453332819 967595414511385
229613791 517842694 879257579173994 961086775028094
274188637 448395589 250053699145075 371177147187218
656589673 680250446 498528486230593 619743308677226
268991282 829101533 197902471461935 178729775171001
892312850 864589033 120975723336037 176969428943369
973970125 209029858 1683008120852 551831526080384
454490321 746224882 22868618593718 748730710165918
750070134 317284158 680125803230801 617462637051515
496572989 175889956 133434478941107 309141202372619
990519059 87186300 863496901326004 978832640687451
535279500 784761305 187752068809849 841129998379987
102140970 663256007 586676775895468 440136862632051
476390805 704640268 503991865157063 90190672365848
87608289 285382632 885012480537672 719910633530806
572890061 361769047 608959523811836 548793027658140
