160 99
3262 7652 5288 8016 4433 -9584 -1790 -3978 -5861 3989 -7027 -5289 -2499 -4803 -561 -2205 -3543 -5939 9970 3742 3947 -1926 3301 -7761 5531 -927 8043 3034 -6024 -3347 4558 -4812 -227 -3774 6849 1925 4934 -7444 6453 1240 -688 8796 -8878 -4893 8524 8349 6584 2228 6359 -4889 6216 2547 3470 1459 3975 -5549 -9435 -2204 -3730 9643 9096 -2155 -535 8349 3508 1925 2669 -7435 -6076 -8037 4358 9366 7139 9731 2494 -9248 -6875 1430 -3028 -706 -3031 6084 4213 -5951 -4381 -4690 3489 5819 -4138 5909 7782 1128 8373 -3664 -9280 6053 -1261 476 -8267 
-1032 8786 876 7787 5216 5510 -1203 -1152 -2187 -7387 -7621 -5055 2185 5176 -5578 -957 5467 -5622 -5319 696 -5223 7858 9284 -7016 -4664 6021 -9357 -402 -2682 5806 -1041 -9636 120 -6478 -976 3572 248 7980 1218 1832 3063 -2783 8130 -4908 -5652 -5134 4067 -8813 -8983 6613 -3793 3117 -1543 6451 -5716 355 5550 -891 4034 -8666 -1265 -4909 -3251 2280 1690 8222 2222 9277 -6652 -250 2527 -6451 -1308 -9889 8127 3835 3806 5921 3504 -9117 -1501 -5843 8257 5497 -4667 -7263 4367 8131 7646 9167 6083 -8450 -6011 -9769 -9615 -9933 7347 2479 -2983 
1651 -6144 -6881 -7684 -323 8258 6480 4790 2658 8129 -754 1361 9910 3496 -7211 -9803 -9545 -1515 -1720 7740 -8729 3490 -7772 1557 -515 2918 7461 1444 2393 -8533 2059 3857 -8987 319 -1599 -5841 -7687 6158 2316 6113 -677 6475 -5397 4301 -8810 4459 46 -415 4112 -4670 -1592 -5887 394 -5257 -5451 4350 -6699 -7337 -7802 6068 -977 -778 8528 8187 970 -1084 -4448 -3827 1471 9504 3204 3572 57 -4451 5524 -7074 6328 -8031 -7438 5969 8582 -3403 3835 5713 2863 -6826 -8069 -8989 6684 -5232 3121 -5868 -651 -2641 3457 -2753 5753 4058 8549 
1392 5562 -3952 9880 -9654 -4846 -868 5281 2982 -3135 3207 9834 9050 6489 -8936 -4201 -8875 -6931 1114 1046 -9969 9985 -1134 -6965 7235 -7499 -6158 4808 1769 6470 5854 9388 4920 -4346 2794 -7841 -5179 1059 3429 1435 -6560 -3450 848 -4909 7693 -1917 2617 -8352 -9073 5155 -4874 4913 7130 -672 3227 -6325 -2612 965 -6145 -9917 4540 9546 7338 -6899 -1912 6656 1620 -3612 4507 -8391 -386 -149 3471 4814 -1292 1 -171 3922 -3633 -7448 8306 299 -2833 3567 7329 8922 881 8635 -3038 -4383 4112 -1668 -6627 -7034 7575 1245 2558 6560 5378 
-8559 5197 6952 -2000 -4461 -5192 -8722 -5279 -2864 -16 -3345 9023 -855 8485 -9530 -6910 5431 -960 -2973 -2368 1796 7603 8321 1542 -3869 9085 -273 5718 -6045 -6719 6339 -4693 -5758 7045 6537 -5781 4270 6559 -337 -3237 -4098 -2351 9050 4641 -8676 -3667 -2046 -1198 8312 -8731 6743 -7444 -9701 -6333 -7098 3979 -104 379 -7842 7125 -4459 6374 3345 -8276 -3270 -4549 -4010 4182 7697 6944 -1433 -7741 1424 -7236 -6106 -2022 -1632 -2913 -9633 8799 7303 -223 2345 361 -1018 5914 -5984 4596 -8138 -2322 5207 5254 -4169 461 7001 6277 2244 4898 -4087 
9967 -5618 86 5860 -6494 6712 8789 5674 8641 -8699 850 -1037 2120 -9182 3955 8924 8139 -9673 -3876 5583 8288 -5191 8762 6029 2241 4037 -384 703 -5135 -6187 -9944 -9485 -1294 3290 -2126 -6067 -4973 2894 4695 -1849 -2538 -3268 5087 -2762 -998 3366 -5362 2216 3129 9681 1121 4511 8155 5459 -2496 9616 -4415 -4389 1759 -8550 5538 -6073 -2391 -5030 3145 4388 -1064 4347 -7078 6799 -9242 -1037 -9422 9098 -7773 -2519 6720 5552 7307 -2796 -5593 8175 9929 -2852 6319 -6426 -4407 -8406 -6597 4115 -8108 9229 2369 -301 -6896 -7032 1175 8825 -2674 
-3865 -8877 2460 2594 8423 -1873 -4030 2038 -7487 9477 -3432 -28 -336 -60 2355 -6161 3221 -6304 5665 6051 -4219 2224 -7325 4831 6863 -2069 -2064 2555 7764 -7542 -5399 2327 -911 -9949 5931 -6165 -3860 -8796 8428 -3543 936 2037 -9068 -8775 9561 8567 313 -1042 -5353 -5249 2406 -410 -4661 -2308 405 -1982 -7411 1034 -7652 720 6441 5395 -4603 -3926 -4381 2452 -2878 1546 -347 -4401 2919 -4786 1335 -5055 4173 7193 -7020 -4703 -5274 1984 -198 7181 -134 2019 8709 7140 6063 7151 1010 5091 -1514 -1603 -4312 -198 -2650 2986 -7405 1438 4561 
1421 4500 5043 -9062 -3582 8512 -4504 -7866 -5485 -2970 -7205 7965 9807 -6409 374 5410 -5686 6768 -5437 3321 2008 9421 4045 -1938 7894 -5819 -4764 9464 3603 5549 4779 -4077 9499 5107 -5171 8543 -6359 9136 -7655 -1554 -9982 1420 5373 9769 5861 -8315 -2360 8922 3509 -259 -5886 8496 -2648 668 2828 6941 5189 -1119 -3266 4635 -765 6965 8929 -2512 -6980 3403 2386 619 8645 -2699 -2853 518 -982 -4700 -9432 -9825 4651 -4317 -6361 2167 -9208 -9077 518 151 -4039 -9371 8762 3309 9267 7132 2403 -4261 -5833 1394 6478 4748 -2600 8669 -2861 
7782 7147 -2418 -4250 3841 -9549 962 -6171 -1145 -3766 -4567 5023 -6310 1986 -9336 2668 9540 -6588 4734 -443 7149 5049 246 2614 5740 -9179 -1562 -5240 6773 -5250 6505 1385 8726 -2283 -3575 -8109 -7438 -4430 -8468 -2457 -6863 -1839 -3941 -3596 8107 -5005 -8639 3188 -8380 -8328 -9045 -374 5139 -7524 5781 -6534 2326 8323 7770 6485 342 9658 -5384 -6334 7740 -1935 -1 -7322 298 1159 -6274 -7186 9322 -7364 -3767 -5469 -9326 7476 4844 3348 1989 -6667 8284 -738 -1113 9037 -8565 -4617 -4574 -9961 9272 2600 5511 2332 7574 -3611 6854 402 7329 
-6989 1274 1235 6630 -7807 -2537 -397 3900 2853 -8630 -1177 5076 2162 3523 7570 8915 5563 5872 -4035 2349 6208 9168 -5091 -5128 -7411 -4140 -1306 -8178 2134 -9601 3486 2075 6445 -146 -4647 -2192 -9628 3108 -8283 -9130 -8349 -8448 162 6848 1315 -4625 -9862 4335 -5298 -4085 -3801 -1796 424 -1963 9875 -250 5180 9160 -3784 5823 -2957 9570 -5305 -560 434 2840 -8246 4438 7076 5932 7736 672 -4512 1517 8289 1405 -334 9991 -6903 6649 -7388 -2526 2430 -9527 5139 -6450 6394 2355 7869 4684 9791 8387 7396 -6169 -7478 -3365 3725 -8631 -737 
-2980 -9008 -4903 9923 4776 -585 -6938 -9750 9245 -5632 -7304 3215 -9641 -3622 -3663 -4955 -7738 -3513 2240 3527 8695 -3641 4962 8279 -304 8593 5746 7005 -6812 -8234 -2799 4465 -5765 -6291 5302 4681 9258 -716 692 9444 -832 -7416 1671 7839 688 8113 -892 3087 9080 5030 244 -6993 925 4106 853 8480 8743 2348 -3825 534 6815 8629 -6315 -5927 8088 -1739 6184 -5446 4941 6329 1402 5416 5067 -9891 6742 9997 3642 -8952 -6148 9469 9874 -7449 445 -6773 5961 -4112 -9957 -1523 -5536 4243 -9508 7730 -4599 -5515 2053 7509 4926 7030 -6192 
-2849 1782 5796 -2187 5924 -6850 5642 -8581 6501 878 5385 -2353 -3852 7101 -4015 -824 -4253 -2991 -1171 -3540 2951 874 -3706 -3622 2526 7510 332 -2515 -3571 -9791 -2299 3365 -1270 -1035 5287 9688 9347 3349 1019 8750 7789 6756 1453 5861 -2044 -8876 -9771 -6191 -4541 -9317 -7573 -3551 -1007 7841 4931 -2415 -6292 -4576 6300 -2697 -2194 -1813 -4513 -2548 -4376 -4014 -5712 -1554 7665 -1341 -1579 -7935 7240 -6002 3531 7870 5483 -2205 6153 6533 -9945 1139 7568 6461 -589 -4576 -1071 -2947 5112 55 1300 -515 1613 7105 676 5907 8530 8472 -7177 
-1797 -1348 -1514 -7248 -6110 3091 5257 3114 199 5509 -7542 8576 1049 -773 1082 6991 -737 -1269 -5901 7956 2578 -602 -3080 -2517 -6672 -2529 2225 -5182 7531 -4254 4495 -6235 2979 828 -3798 -557 2976 -6804 -5193 9285 9560 -4765 8560 -5804 -5031 818 6499 -5994 -9056 7116 -883 -971 1533 8393 3123 8184 -2771 -5144 -8741 4762 9432 -4954 4621 4063 1809 -6425 7740 -3687 -8086 5358 -8379 -415 4026 -5985 -4585 -3058 5283 2804 -4621 -8118 3354 -4009 6491 -8683 2320 -9353 -2776 -8880 -217 384 5864 -1740 -8005 -251 8006 -5454 6194 -5151 -4689 
-7288 6687 4176 7171 -7303 5528 599 -879 1285 4226 3563 9404 6191 -3304 324 5797 -5447 9539 2574 -6317 -8215 -4445 -1267 4418 -1042 -8950 -5477 4310 -2094 9476 -446 9724 -8561 4043 7209 6501 -2747 5287 942 -7613 9464 6536 -1984 6625 -194 3132 -2871 -5125 8334 1256 1248 8702 4220 -3536 -299 -1632 7443 -2287 -4122 -2630 -3762 7903 -1728 -221 4216 -1953 -7573 7122 -4674 3674 -4024 -2141 -8619 3182 -7890 983 -9027 -1174 -7137 -8700 -4068 -2142 4044 -7203 -1181 1824 -2194 8655 5386 6305 89 -9846 3678 -7857 -2585 -8427 -3347 6341 -3488 
3282 5392 8073 4459 205 8692 1354 1560 -4306 9703 2197 4395 1463 7264 2635 -2432 -1460 7767 8185 -2984 9469 6996 -2726 3712 -682 -6148 -7654 -9776 -8380 -436 -122 5148 -6407 -9419 8335 4798 1427 8776 4836 -4350 2293 -5797 -6005 -6213 4639 2429 -9144 -8364 1435 -8095 -8682 5421 -3083 2448 -917 -8616 9555 -9596 -4469 4878 -4635 8493 -3948 -3407 6600 2451 6069 -9531 -5920 -7555 -8525 5774 -7625 4514 -1342 4177 1266 9857 6554 -148 -5730 -1358 -2464 -7421 -9903 6324 9281 7429 -3706 -8938 6952 -7959 4253 5852 6469 6407 9509 -8347 6387 
27 1104 7279 2858 -6159 -1148 3151 789 7564 8125 -2787 8423 9943 7611 575 4341 1869 4864 -6686 -5085 -9805 7453 3385 9490 -3556 7774 -6031 -4247 -7917 -4345 5693 4692 7267 -5995 -1083 9749 2909 -6596 -5846 1794 7948 -6537 4414 -8614 -7019 -2488 542 -8898 -8231 -1539 -8328 -4693 -8497 8536 -9890 -6928 9377 4823 -5898 -7251 -8054 -4742 -3098 1570 -6572 -1382 4880 -4578 -7712 -5115 7068 -1869 1440 -6484 8233 9861 3448 888 -8079 -430 -6130 3162 5079 -1620 4457 7246 506 -6680 7867 5959 -8597 8462 2831 -6674 8556 7122 4428 -7297 4324 
5371 -4071 -4244 4781 5154 -993 7778 7841 -9333 -9222 -8669 4663 3440 -9684 1547 9266 -1932 -6452 113 -3370 -3700 -1478 -8184 -953 8104 9245 -347 2136 1172 -9220 -4454 8798 8918 -3283 -3255 -3279 4982 -8511 -1760 7534 3987 -2871 1253 5786 -556 -3980 -9492 1323 -3337 3618 4260 -3886 7127 -452 -761 5053 -346 8686 2784 -2309 599 -7944 829 3857 7479 -5275 67 1946 -7668 9297 9967 7029 7048 -3252 5721 -4019 427 -5539 3805 2962 -6616 3923 1871 4257 8517 -109 -9956 -7234 9248 -8478 -4911 -904 2401 6767 -4946 -1710 -9443 4831 7912 
8188 1885 6800 -6453 211 7915 9585 -9829 -7824 9368 -9174 8465 -737 2775 9670 3761 4561 -9108 7483 9121 -4123 7877 9054 -6917 3841 6300 -4729 8690 3844 1184 -3224 -8843 7488 -6159 -4583 -2605 93 -1919 -3442 -8536 -4836 3677 -8151 -658 -2048 -6888 867 -4765 -5303 -2721 8352 -2544 -9519 4509 -1297 4517 985 8210 -6037 -5559 293 -7886 9440 7077 1007 -4917 2639 9571 4521 8682 -9405 -4116 -2346 -2609 4262 6943 8520 9105 4528 5423 -6019 -9100 -5944 6080 -4618 2598 6098 -8010 -4451 9520 -8068 -2366 -8425 5760 -6167 2859 -6215 4228 4067 
-26 7528 -7950 5931 700 2339 -6810 6758 -9848 -6827 -9445 7529 142 1902 5169 9699 2484 -3830 -8434 -6840 -656 2967 7374 -1690 -8770 -854 3836 5039 2774 -7744 -7754 3028 1052 -2458 2878 -1467 -8354 -857 -4349 3376 2803 4197 8892 2423 -6540 1009 -4871 7554 281 -6527 247 6985 246 -1570 -9628 5552 964 7127 -368 3652 6394 1654 2746 8945 8257 4208 -4291 8131 6944 1445 493 -1263 -5328 2472 -670 987 -5957 1556 5580 6442 4385 9266 -1857 5627 -7329 -2596 512 -8251 8543 -9516 6485 -31 -307 -4998 -4650 3269 2025 4229 -6975 
-218 -4165 6070 8731 1591 7875 -3751 6735 -8806 -1576 -2808 -355 -4530 -5276 1189 -401 -838 -8124 795 4272 6156 8268 9489 -2919 -6528 -2187 2662 1929 -272 -5097 -2152 -8979 -7259 7207 -3224 -4479 -2222 -8835 -3373 -4183 377 -5149 8092 -6088 -4217 7502 7661 7477 5191 6196 1652 -2793 -8060 6236 8547 7877 -1337 -1260 -1529 -3990 5379 4047 8886 -1353 197 -1267 791 -2778 4332 -6745 3081 -4072 -2659 -3852 7560 7237 1749 -2226 -4902 2112 8372 -255 -3001 -1225 -3369 -4769 4574 -5195 2843 -9999 -394 -3895 -6103 -246 5304 -7857 -826 -9090 4098 
3667 -9881 5283 -3705 6380 -9546 -2071 543 -4432 8786 5646 4410 9599 -1106 -2749 4471 5823 -8296 -8219 6590 7098 1044 -7249 -5531 -1643 2705 9677 5002 -4555 -8582 -1827 4325 9264 -2033 5244 -3828 -5905 -4905 7038 -5867 -7325 -7031 -7218 9157 2173 -1941 5953 1737 -2396 8056 5741 4735 4709 -2573 -3636 5301 -5659 -762 3329 928 -6652 -3070 -6521 -5648 4867 -9393 -4738 -6331 -9162 182 995 3279 7741 -3958 2606 3003 -1761 3209 -929 -7141 -2211 -583 6052 -386 -843 -1239 -9567 5241 6255 -5368 6843 3747 1056 1695 -5657 6206 2560 -5840 9839 
6404 -2184 6230 -5141 -9217 -3726 2230 -3153 -8823 4773 -9051 8433 5936 -3470 -2979 9618 6280 -3329 -6017 -785 -559 7664 1356 4002 -417 3048 7407 947 -6741 -1863 2222 5199 -8362 -9823 -8280 -619 -7646 2700 -2637 -8716 -957 8996 -8568 1443 4480 162 7076 -9994 339 -3151 -7658 -4742 5861 5947 -4398 -5152 -6140 780 2351 1136 -3385 -4742 3413 7395 -3629 9957 8417 8972 -8534 -7007 4213 6445 -8370 1091 7234 8100 -3533 1308 -8543 2758 -4949 9968 -9000 -3934 -9961 2201 -1914 -1884 651 7833 5877 6813 8252 1560 -6405 1496 5334 -4485 8998 
-4907 -2551 -3232 302 2136 9361 -1953 4673 -9821 -3912 -7670 -6972 8211 -954 3597 1256 3654 -6922 6130 112 -6560 2587 3585 658 -8640 2589 -366 7034 8245 -8232 8022 4532 -6308 -4341 4140 8987 -9057 6889 1735 -9295 863 7225 -5936 384 -7713 -1428 -74 -9812 9689 -4549 -3966 -9159 1862 -9608 -4360 8215 -8225 1860 3118 2192 2468 -2858 6568 4456 4074 -6292 -3808 -2724 -6921 8929 8604 3038 6843 9053 -6834 6739 -7619 -1965 -9100 4707 -5234 6044 1795 -7904 7590 7676 -5228 3981 -6659 7417 6904 862 8555 -5657 -1558 9497 8150 -5899 0 
-3225 -3216 2824 1207 -5398 4202 3359 6098 6141 -9048 -1393 -1904 1207 -1140 4898 2859 6437 -9581 1031 7845 94 9043 -6497 -4234 -8456 2932 3001 -7259 -7193 2857 -3411 4874 7157 1477 8623 -1609 -1278 9560 3731 8102 -858 -620 6525 -6531 -5063 8380 -1356 5710 -5343 -5277 -9466 -4823 6062 -5817 -6766 -5504 -7353 6 8243 8471 -9315 -5421 -8354 2041 5217 2226 -1546 4565 6785 1478 3830 -2004 -9688 -1534 4823 8915 1431 -198 -9949 8902 9946 -8717 -3140 8134 2554 -9929 1015 -6717 -3862 9651 2916 -8894 4422 5489 -5005 8227 -3738 -6942 1508 
4260 -7773 -6622 -1826 -4685 -5924 870 -6361 -7515 -4081 3827 -439 -575 -8861 -8974 1380 4844 -8204 5947 -3839 -8281 -6240 9292 9872 -8784 1904 -6338 -7457 -2549 6213 241 6611 90 -7054 547 6402 5200 9929 3757 -3955 6355 -2697 -725 3121 320 9507 -5991 2752 -946 -941 -4261 -8620 3946 1112 7219 -5603 -5223 3052 1822 6920 -4594 -8772 317 -7105 -8979 -6615 3648 2633 -9096 705 5248 8914 -5535 2508 -9525 43 -6631 2421 -1530 583 -1905 2733 8738 -7591 -6417 2920 -9655 1408 -3140 4543 9450 1859 4327 5627 1005 2716 1311 -7044 9826 
-1723 -5637 -9207 -2308 1726 7513 6930 -3200 3717 -7207 -361 -9736 9871 -8355 -2160 693 1181 -2082 6683 -6785 7021 1243 6888 -8364 -3504 8172 9057 -6984 861 391 -8024 7294 6922 7275 -9273 -8228 -7705 -3623 3295 -3079 -6225 -9581 -6838 2611 -9620 -7539 -9069 -1068 -7377 -9702 9202 -7998 -5228 -7772 -3084 -3868 6068 1071 8241 -3318 -5369 4977 826 -7612 2897 -4558 652 136 1321 -3471 -3412 -590 672 4489 6989 3621 4202 773 -2318 2597 377 -9019 7936 -9197 9670 -7564 7788 7443 -673 -202 5811 -2250 -4354 -1152 -6370 -3386 -1680 -1922 -7165 
-7676 -6819 -2704 -6531 -1267 -8516 1065 7690 5901 2003 -4241 -2755 -4139 -8921 9917 -197 2128 7107 -2695 -727 -5717 -8886 471 9618 4059 -6429 7767 -8109 3450 -5512 -15 6514 2649 7142 5909 -9595 4090 -3483 2798 7810 -2684 -2872 2282 -5987 -3012 4853 -1381 -4775 -266 2033 -3140 -3551 9086 1294 -220 -6627 322 -2326 -6451 5598 -4367 8951 3954 -6993 -7978 4892 3412 -9161 5008 7211 -6292 -6344 2208 5861 2574 -1994 775 3435 -5030 8849 5068 7869 9721 6029 7203 9465 6818 6151 -8937 138 -8490 -4656 862 1090 8739 -715 104 -2948 -2726 
-9312 3739 2083 2166 -6989 -7216 -2416 9913 5878 1297 -6419 -3077 -6320 -3095 -8282 -3204 688 1377 -4487 8826 -8253 -9548 -5819 -5431 5286 3220 -710 -471 -1730 9181 1880 1660 -6973 9864 -560 -8263 -2911 9020 7954 1855 8842 -5561 -1910 1180 7878 -4664 3558 8781 6614 4848 -6449 -5029 5945 324 8548 7258 -5725 3162 1363 1981 -704 -288 765 -702 1391 -4255 -8234 1459 2885 -2376 6553 -8106 4052 7746 -5560 -6004 5149 884 -1538 9400 8660 2950 2388 -2479 -3856 2197 3750 -2791 -7601 7177 3480 3783 -8132 8466 4270 5932 -1960 1434 7962 
-2551 -2832 2192 8076 4331 6135 2629 6796 -1245 -2927 6618 -4014 9590 -1697 -8957 9417 9442 7974 -3280 -7867 -261 4921 4862 -2216 4507 3193 1573 -1739 -8116 9440 9162 9419 -6328 684 8893 5501 6626 2378 -3529 -2913 -205 4704 -648 -6425 -8691 -8688 -6933 6584 -6584 350 -3361 6682 2176 3280 8642 9987 -8161 -4880 -6667 1940 1465 342 8755 5537 -7725 -9940 6611 -2566 9227 6555 3701 -5765 7839 -6714 8947 9041 8687 -8825 1690 -6673 -7469 2193 604 -8964 -5659 4893 7057 1834 7448 -1370 6428 -7340 -2802 -1578 -4365 -1693 7105 -241 7557 
-8038 1928 -4429 -6098 -7846 5258 -7096 -8448 5722 6564 -9389 -469 -8266 8191 -2366 -7883 175 -6381 -6693 5968 7237 -9541 9606 -8213 -4488 2950 9065 6724 2539 6706 -3150 5126 -4545 3330 -3966 -4304 -182 -4904 7599 5636 5554 -1189 1551 -6841 9730 -329 8895 -9454 -5304 471 -2181 6716 4398 -9168 -5341 620 2732 -7688 4554 5758 -7219 -581 839 5852 7582 -701 -786 4982 -4087 -9372 7194 8680 2507 7063 -1185 -4912 -2636 7484 -2492 6569 4733 9701 3123 -6700 1605 -739 6633 -8669 7074 -8251 5758 -2239 -8873 -6302 111 -5413 -3913 -6722 -1872 
3449 1919 9283 -4716 8929 4168 -2388 -9429 -4306 9536 4794 9107 -9442 7197 2742 -3726 2578 -2857 9787 -1644 -6638 5469 -6620 -9942 -7012 4544 1131 -1899 -7122 4113 7262 7572 8702 692 6464 -4832 5573 -4975 -8759 -1556 7889 7124 8924 -4104 4121 2976 8343 -9316 -7864 3200 -6496 6230 -4089 4353 -6530 -541 -7374 1921 7959 -7958 -7562 8899 -3020 -757 9373 -470 3241 -9454 -9510 -2893 -5683 7449 1169 -2628 8236 -2051 1262 7794 6669 8083 -2713 9853 8363 1149 2815 6512 -6749 -6665 1815 -4843 -1207 -8868 -1507 9005 -872 -6669 9177 7147 3783 
2146 -4166 -1975 -9084 4008 7935 1157 9179 -7630 2495 -2629 -4498 3013 -7710 -4653 7973 -659 -3582 439 9325 5511 -2549 1433 3369 -8546 5700 -8454 4214 -3389 -8165 1845 7620 -1186 -3196 6442 -7668 9521 -4169 8289 -8423 3893 5352 2103 -7010 4831 -403 -8597 7910 7968 -7067 8428 8024 7981 6730 987 -9685 3017 1950 -5285 -1328 6569 1115 4599 -5272 -5906 9044 -1866 6219 -3855 4705 4039 2666 -3176 6119 5421 -5093 5691 7757 8873 -898 6461 9226 2212 -5005 343 -4623 -2625 1164 -6933 -2742 3019 -3132 -3279 -6006 -4348 -2870 -1003 9266 1575 
7555 8170 708 6731 -1697 -8565 -6287 7108 7646 1297 1410 -4007 4639 4943 -9581 969 5790 -6058 691 9326 7031 -2101 8759 -4730 640 -8844 7356 -6877 -1148 4844 -7363 -7909 7911 8119 1086 -9999 -9122 7877 -5221 -2908 5450 9051 -3001 -4549 8077 4891 1888 2109 -3931 6505 2118 6114 4356 460 5757 -2190 -3182 -7486 8842 8949 -9475 6848 7990 -9353 4443 5708 -1362 -6513 4363 1749 -556 9084 -6811 -9402 9808 1525 -2429 8191 -8073 -2992 5030 -9062 9292 -5395 9468 -685 -9686 3471 6822 9210 -1431 108 -6543 7329 -4300 7211 -5671 8021 2247 
105 -3155 5163 6681 4903 -9383 -5186 -1865 -2400 -4326 -531 -6044 -3115 -4989 8536 1018 1233 -3990 -8036 8552 2853 3750 -7761 -9296 -511 4805 3743 7086 -5129 -2233 105 -4995 3176 -973 9628 8570 790 3119 3322 -2636 -3410 -1307 -6281 9504 274 9017 4741 -2172 -7069 2300 84 264 -3600 1713 -4350 -6892 8683 8969 -2681 6479 4804 9811 9909 7926 5026 9424 5895 1710 4349 -9912 -5053 -154 6053 -365 -1021 6595 -9708 -9732 6395 -9015 6851 -2431 -9630 1788 1190 -5931 -4466 399 3976 -3297 3628 9558 999 2765 -8746 -882 8588 4896 8758 
3771 -617 9966 5866 1988 4987 7847 3291 5717 -6189 -8250 -5012 775 7580 1043 -4583 -1874 -6308 -6572 -9788 -5567 -2551 -6063 8093 1368 -4959 9798 -8430 -2448 -9406 -251 6491 -6756 -7283 -7351 8140 8542 9134 4689 2556 -1530 -2143 -7512 -9450 -561 -9637 -8997 -7556 -4124 -3456 1700 -7509 -1131 -9535 516 5563 -7984 5520 -2882 -6984 -6928 -2757 -8706 2290 -9292 -282 6376 3166 4854 1017 -5206 1290 -6232 9436 421 -1154 8858 -2533 -7200 1116 522 -3477 -5208 -6332 -2298 3616 8723 3933 3723 -9148 9932 4629 942 -3345 5289 2863 6531 -9665 -1434 
-5634 -640 6713 4775 -9971 -2736 -1855 -5775 -1796 -2824 -9042 -2995 -8058 -1004 6870 6106 1783 3390 7611 8641 8260 884 -7779 7660 1072 -2004 6440 3844 -1989 2603 -3269 9839 -4319 -9492 -8126 5474 9551 -625 1034 -2608 1298 7399 -1271 -4591 5150 2588 2725 -993 3998 780 -8317 -965 -9673 -2396 -1406 -761 -4330 5539 -2350 6256 -8180 7812 9079 7957 405 4210 -1621 -2310 -4322 -4755 -5737 1319 9513 3560 1135 7727 -4580 -4627 8247 -6877 4915 -3273 8454 6 -3355 4530 -1150 -4383 1993 2430 -7081 -1300 -5177 3349 4377 1536 2336 5671 2074 
8261 131 -1539 5602 -9775 7825 42 -7162 656 6589 2971 -5593 1497 -738 -6651 -1948 -3331 461 8567 -1273 -8529 9204 -8393 -5755 -9954 -3784 4101 5347 767 4233 1792 -7991 -9882 784 635 -7765 9236 -1252 -1387 -1498 -1597 9134 3066 8905 4469 -2640 7482 -6983 5697 -5389 -6251 -8962 -5988 -1412 -9104 6684 -3881 -6295 9568 -1929 -2136 -5130 7539 -6767 -3285 4819 -6942 -6246 -6596 -7521 -5656 -8462 -8679 3394 1121 -5271 -9575 -2331 -8833 -3101 -4968 7996 -2364 3148 3361 4323 -3172 -2717 -6302 -8039 6378 -3744 3052 4863 7272 4347 -2689 9735 8219 
4453 -5114 -6189 9347 1894 -2734 2419 432 540 6165 -6555 4170 630 2223 2114 -9089 -6225 4727 -6580 -9637 -6534 948 -5051 -7072 -2509 -9896 -3146 -1263 1786 1612 -8964 -4390 -4392 -4224 -92 7512 -5262 -1172 6389 768 -3076 -3395 -4434 -3416 6028 -8422 -952 -4684 -9337 2406 -6667 -3537 -3344 5323 4133 -733 -5455 8968 2851 -471 1472 -3450 2451 -3925 4149 969 -6887 -3965 2393 -9265 7903 -7772 -3052 9882 -3935 -7988 932 7478 -587 8279 6365 -4891 -4752 -2429 901 -1076 5285 -7581 9482 8952 -3494 -111 -641 8373 -6722 -8822 932 4470 5154 
-4431 3395 -5701 -3918 8660 6943 -2773 -7179 -524 4780 2564 -2033 8147 -9227 -7290 9200 9166 3397 8001 9792 8753 749 9537 7191 -1398 1288 4008 -9877 1326 9785 -6821 2289 3524 -4282 1738 1611 5054 -376 -149 6502 -2604 -7335 -1123 9333 -8353 6215 1798 5576 -6583 8938 -9303 -6547 -7917 4609 -9877 7032 -2579 -2867 -9213 -7978 -1425 8275 2950 -4900 467 -5047 4172 -5270 -504 -3550 -8778 -3389 -1119 348 -9757 -200 -9829 5862 8879 6054 -1329 -3626 4303 4933 9577 7817 -8278 5360 7668 5853 8015 8824 -5033 5649 -4847 -1899 5507 -9658 -6668 
-6170 -6133 -6350 -971 -5402 -4348 -6694 7502 89 -1714 -1994 -1403 -3229 -1596 3302 -4179 -4023 8577 4799 -662 -6064 456 6495 -3118 9684 -9454 -5072 -729 -7595 4221 9163 -4264 -6405 -1710 7810 9610 -4868 -6751 1663 5967 3195 6360 6525 -8437 -8131 9195 5071 -1394 7050 9259 -6551 -5710 5858 4839 8175 -3024 6996 -9587 2311 -1428 2442 -7725 -5734 -885 -445 834 -5345 3603 -2169 -3963 3971 -8661 3889 5551 4853 8606 -1679 -5013 -4416 8145 4073 -1916 -7865 -3738 4611 3252 58 9520 8262 3360 9514 -4501 -5958 -312 -6171 6889 3854 9214 -4636 
7281 7393 -8144 2981 61 -780 -2617 -170 2098 -3614 3262 -7564 -8866 -9231 5786 -1862 -3123 -2841 1735 -3261 2525 1549 -6508 -5313 8665 -5209 2651 3676 -6733 7506 -7289 -6857 -1943 -7439 -1964 -4806 6912 -7556 6192 7035 2928 -4507 8859 2920 7212 -7830 8336 6452 7451 338 4543 -9065 2065 5239 3572 -9319 -2522 -4144 -3849 -5494 2288 -3739 -6648 -7119 2948 746 3834 3385 -131 -8716 -1115 -1924 -5880 7086 -6124 -9635 -9175 -2837 6579 -7639 5857 -7640 6717 -1807 3504 4314 -4523 7112 -8367 -2227 -9106 6655 6917 2808 -714 4069 6783 2687 -7954 
-4791 -9606 -789 7881 2588 -5914 -1582 -358 5412 -6042 -2156 6583 3565 -6366 -7927 8384 -1508 -3545 7786 -2132 -4251 -2265 -7436 -7532 -5248 6825 2132 1335 9087 -6646 6094 4856 4637 -4975 -9601 4246 743 -5266 9492 8359 6506 7288 -2437 -9017 5598 -5517 -6429 2594 -6760 4507 8006 -5203 5392 2501 9686 738 8385 597 -119 -8793 -9174 2266 4688 1626 3607 2523 -7381 -2429 7401 -9530 6409 1087 -1469 4985 8874 -8736 277 3461 9157 542 6127 -227 -5896 161 5813 6431 4683 -420 4425 662 4681 -9479 -1136 4209 -5400 7006 -6033 -5704 1061 
-6684 3800 9051 3177 -7243 -9543 -2187 4499 -3256 3328 9673 8903 675 1238 -4682 -6305 -2851 9373 2474 -9791 -888 2009 8962 -2947 5199 6776 -406 8878 1308 -1653 7797 -993 -8375 1327 4186 6443 -7398 -5321 -8015 2936 1958 -4557 8193 -4938 1334 -3181 -6386 2263 453 9522 1104 7891 -4738 1832 -4500 -25 -4284 -7780 5826 -3278 4950 5929 3363 -6457 9179 9863 7161 -62 678 -4260 228 -7985 5800 3264 9529 -4937 -8191 378 3707 -6988 -9298 -9734 -2978 4270 4436 -7582 -9748 -5 -6378 -7525 -7722 -6000 -8709 -9853 -1763 -9889 3389 -8503 -2945 
-8059 -6265 1232 -8732 7592 9626 -2373 8689 -1639 3417 -2720 8445 1366 -686 -138 9504 6088 3370 3853 -8328 -7116 2267 2091 -9512 -1835 -6289 -1379 -2461 -7367 -4908 -7458 -2635 -4724 9198 -1771 1953 -6329 -5591 3803 2034 -4415 3183 -3615 3007 -5102 9537 7471 -2469 847 2265 9873 -2905 63 4699 6787 3561 -592 8735 -6242 -3477 6950 7697 -383 -4275 5744 -7129 6426 5886 3227 5422 -8177 499 -3371 -5519 3566 4583 1398 3398 6393 -8507 9123 5021 117 -610 -9746 8410 7476 8669 9319 7947 -9008 -79 588 6822 5685 5696 5440 -4054 -4820 
6589 -8753 -9715 -267 -3225 5400 -7369 4538 -2505 7516 -9882 -4394 5959 2024 -2802 56 -3058 -6587 7372 -5839 -3845 -9165 9645 6170 6030 3035 -8088 -4459 2692 123 5649 4783 3613 8403 -5377 -8897 -3123 -9578 -863 9017 -9994 -4397 4253 -3739 4902 -807 8689 -5048 -8736 6243 9785 8426 -1463 1031 8593 5113 3708 -7362 4217 -1871 4613 -1267 1175 -7330 -1900 6735 -1110 -9708 -8975 -7080 -3099 -9634 -9480 -7036 2390 2877 9964 7623 4970 -5408 -7346 -7153 -5982 -7576 -5609 5374 9179 -4715 1594 -525 6738 -2870 4230 -7471 -3098 4294 5171 1395 3493 
-1752 -1602 8930 -2436 -753 2140 -9501 3354 5598 -2247 -1204 -450 2458 -565 8422 -4381 -8316 -575 -2130 -8705 -8594 -1890 6905 -2768 -5788 8557 -3401 7908 3834 1110 -681 -8149 2317 -2294 9315 -6006 -442 -8328 4540 3758 -6536 -2173 5167 3870 5225 -2536 3601 8862 2073 5726 -2900 -7038 5652 7023 4434 285 -5911 784 -4767 -5812 -5588 -1568 -5950 -1051 -1188 -5030 -9575 -2454 8460 -4565 -2766 1578 4780 -2715 -1809 -56 251 -2453 6081 4055 -4445 4854 483 -2477 9233 5603 -2721 1489 -2837 -5842 4467 6269 -1137 -4000 -8762 7316 -9782 8502 5921 
-2609 3551 7283 1862 6771 -4680 2237 -4346 -5418 -2288 5808 9944 -3456 -6312 -1481 6683 129 7106 -9595 -4696 6844 -1835 -7473 -5447 -2003 664 8293 1246 -6076 3872 -3801 -1293 -1201 8432 -3481 6616 -9708 5914 822 -5985 3310 -9910 -8849 8504 8952 9596 -3618 7992 7948 -3976 -8193 7336 9406 -7145 -8194 -5190 9242 -3244 9524 4027 -389 -6843 2487 6171 -9125 -9053 -6423 -4177 5924 -5157 8249 -3165 4223 7031 -2563 5327 -5460 8916 -927 2238 5409 -4697 2037 8678 -8845 104 -5483 3827 -4913 -5312 -912 9448 3526 9729 -6218 -7834 -351 -8599 3163 
8873 7072 2835 1841 -6214 3091 -2622 -9999 -4695 8160 -8145 79 -738 6954 -2267 7857 -3853 -9102 5200 6958 -5139 -543 -2426 7624 6212 -6060 7741 -5854 -355 372 1998 -7114 -54 3786 3 5036 4831 4089 4779 1903 -830 6991 -3258 -2910 6002 -3581 6415 -673 -9323 -8499 -8330 -4135 -4240 -9558 7437 4224 -7164 -1880 -8817 7717 -8050 -9200 -4795 -8346 6275 -8414 -8073 -9583 4342 9028 8120 2229 -5243 8736 2988 3527 1389 5965 1007 -4067 -2823 -5835 -274 -9352 5919 -9260 7782 -8318 7291 -8526 -7909 -798 -4005 -1978 2268 -1044 1856 -2224 1788 
-1283 -3710 5915 -5477 5155 4218 8685 -5852 7053 8401 -3116 -7104 1958 -9571 -2465 -784 -6829 8038 6669 -1732 4763 -6396 -386 7633 7839 -6719 9648 -658 -9770 261 1201 9709 -4144 8949 8070 2543 -1197 4592 -1937 -376 9272 -1447 4529 9731 -1658 2561 -6928 -5118 -3671 545 7234 -6509 7495 8169 1275 -5851 -4658 5441 3381 2769 5607 -1247 1942 -9390 5987 -8282 -6593 9292 5372 7399 -5483 9364 -7877 -4436 -5363 9933 -9833 -1523 224 9789 5439 8581 -5608 -1592 -8776 8457 114 9075 2293 3518 -8530 -4938 5119 6358 -8036 8727 8238 -1596 -6252 
248 -1115 1848 -9068 5690 -4296 9664 1865 3274 6317 3456 -5338 8096 8629 5068 -8932 9567 -514 6695 -1479 -6600 -2238 3842 3844 4433 6866 -4724 478 -5399 -3970 884 7551 4266 3481 5404 2566 2318 8559 -9251 9976 -1610 -1027 -6825 -6211 1508 3932 1488 8887 -1776 5774 -8908 -3725 -4963 -8329 3323 -8046 -107 -9132 5097 -1524 -898 -9183 -4521 -1076 -1008 8699 -2498 -6633 -9930 -2898 5220 -2688 9876 -7850 -2022 5047 -4687 -4423 6499 -505 8293 -1048 -7798 2841 -4701 -6196 5552 1922 3686 7111 -4556 -5438 7456 8911 -3982 -7582 9365 -5744 -2219 
8077 8757 264 5990 7828 -9805 -2867 1097 -639 -9669 7889 -5393 8408 3307 -836 -7493 1456 -8126 -6544 7598 6122 -5676 -1876 -9394 -3471 -6844 -6816 -7214 4620 -497 -4712 2391 -3355 -3129 4556 14 2045 -7047 9287 9045 -112 5383 3899 7521 3918 153 8984 2845 -2639 -8740 2148 -7245 -4116 7286 -8695 9151 -4769 -4105 -988 -4752 8626 -6288 -6309 -571 9078 1410 -5689 -3511 -9255 -5326 1648 -4335 5242 1904 3618 -5389 -7084 4558 -4222 -6663 2779 -5384 -146 -9872 5946 -3968 -9273 4198 -1456 -3617 -4057 2494 4642 -8031 8508 173 -933 -8820 9465 
8292 7963 -3449 2999 3508 -5592 -552 8789 -8169 7716 -5618 -493 -5502 7471 3777 -1227 -4843 -7262 2709 -6863 3547 -1195 -9201 -7206 -6392 -2977 -4316 -2504 -4906 7064 8414 -1836 -4518 6958 -1533 -2710 2023 -2690 1379 1746 1250 -7366 -5665 5513 -7316 -4706 -2314 -3871 4684 8512 9894 -1584 -1879 -3349 6983 -591 3502 -8484 -7338 -6838 -8140 -8359 8278 5624 -9084 9407 4941 6735 -9273 4801 -178 4629 8339 -6714 -9905 6401 -7984 6698 -1434 7469 -7978 441 -4362 -7667 2647 -3053 -2544 -1732 -1001 9069 189 4622 -6988 6022 6434 -9096 -6969 -2120 9892 
-2983 -7969 8053 -8114 -1758 7315 -9954 -8235 -9702 -8899 -1190 -7899 2993 -908 3219 5256 4855 -1008 2808 -8 6937 4516 -9826 -503 -8945 -7192 -474 1736 -6853 2318 -3089 5659 8750 -2417 -3681 5603 -9253 5414 1995 -3989 -3787 -4631 -9222 2569 9541 -8234 -4383 -1859 5152 1150 -9541 -4106 -6307 -9085 2892 -9406 -2971 8461 -6483 -7193 1339 -2449 -5523 -6870 -4412 6817 189 7057 -2601 1457 -5909 -870 -819 6543 -7340 -9522 -647 2429 1031 -8928 774 -8574 2381 5680 7534 146 283 6815 3832 -6302 1193 2080 3240 -5403 6606 3388 107 -9866 3468 
-4871 -2313 -4736 9758 -9429 3031 -6701 7510 -4522 -5064 -7921 6533 2209 -7638 -4332 -4920 -8131 5751 -6084 3563 -3001 -9680 6042 -3186 3829 -5840 -9040 -1434 7470 7422 -9576 1634 501 5233 8048 9046 8848 9219 2439 -7033 -2323 -7010 2584 -4909 5034 -254 9525 7296 6938 4195 -9581 -9799 -7092 307 2493 -6573 -6991 7501 8439 -8859 -1870 2199 8458 2450 -7682 -5983 -86 -4834 1061 7074 7935 1518 -2514 603 7609 -5204 -1889 9724 3045 -4490 2511 1223 -3585 -3479 8499 -9172 8650 8295 9597 -9424 -554 6720 -94 210 1291 -1347 4643 -8461 5473 
-5610 -1932 9399 -9043 3789 -9070 7075 -4338 -7778 -2377 690 -6290 -1276 -4734 -8932 -1332 8226 8787 -790 -1297 6362 7203 -2807 -6487 5776 4609 4183 4540 -6442 9403 5930 -9688 -2731 4502 6282 -1990 8908 -9925 3129 9537 7547 7370 2663 343 9142 -269 1057 -1457 7723 6448 1338 7978 -5340 -7395 -6904 5573 -7054 5304 6663 -5500 9603 -8806 92 7406 -6835 -8215 -9182 -6531 3650 7416 -8894 4840 -6675 9 8376 5008 1500 431 2376 9653 9991 9067 8366 -5468 7295 3866 -4712 7171 -4909 -2834 -4688 867 1809 3120 -1024 7572 -8292 1355 8091 
-8313 4834 3483 3571 -2696 9143 2639 -9704 7712 8381 3095 -3062 -8416 -6457 4541 -416 -6929 -3583 9703 1237 -7944 988 -4601 1309 -9888 -1454 577 -8329 2155 1940 697 -3159 -4377 9143 -6822 1015 2439 -4336 4541 4219 2430 8457 5021 1409 8844 -9538 7532 2809 -8479 4874 3161 -8424 3243 3595 9395 -3662 6951 -3705 -7952 -2210 6783 -8376 -5613 6087 5763 -1086 -4998 2758 -6442 8317 6333 6529 -1402 -9967 -4371 61 -8833 -1699 -3981 -2823 923 977 -3942 -5552 -1229 3043 9055 -1834 -7967 4258 -3998 -7119 -3057 6279 4771 6002 5403 3847 584 
1613 4947 -8927 -8748 1924 -8465 9979 9437 -7348 -3944 3455 -9743 1307 -5557 -9423 -8749 2929 6045 -4237 3738 -2254 -226 -6639 -47 2927 -9214 5568 -8316 5902 -1299 -7132 2977 -8619 6846 5411 1627 -6918 4921 2786 9989 3585 -9505 7342 1576 8128 8353 -3959 1013 4069 -3470 2685 -6456 -1309 3313 3603 1759 -5046 -1923 2374 -6700 -7194 -4896 3132 1561 -4935 9409 5719 -9214 4581 -9249 -8883 -6223 -4935 7148 1686 6211 1830 9506 4268 1939 -439 649 7444 -498 1621 3394 1511 2945 -2884 498 -2040 8342 -3477 -6859 9171 1365 9994 1852 9640 
4506 -5829 7683 4143 5155 7635 -3456 -9644 -3698 -6897 3841 -5828 941 7797 -9217 5734 9863 -1005 -1863 -6965 9143 6080 -6038 -3787 9353 836 -7706 685 -3572 -7997 -6434 -85 -724 4994 5986 4105 -5486 -1807 4273 7873 3751 -5207 2039 -5552 3024 6279 -3754 -8230 -5236 -8954 -4025 -8785 -7305 -6937 -8128 5703 -8227 9885 318 -2414 -5128 112 564 9939 678 -2797 8758 7414 -244 5591 4415 -9510 -3077 -9089 8376 -3185 7728 8753 2437 1041 -569 -369 -2140 -1912 317 1378 -9118 5499 6618 8555 519 -7374 9776 1656 7658 -8521 -4455 -6171 1060 
7867 -7751 7942 5340 -4088 -5123 -9374 -8732 -847 -626 -5625 -4566 -2693 -6901 5791 605 7720 8152 -59 -8807 9305 -2707 7405 -8117 -5403 -2170 -4769 -2877 -6890 -648 5262 -2582 -9354 -7195 -7168 9656 5797 4089 1822 -9411 7644 8658 8178 -4205 -3422 -3533 -4743 -5828 7334 -6054 9431 4377 -5005 -3638 3151 -8188 3359 9436 -4844 6434 -2688 2296 -9853 1595 -6449 -5694 5767 8641 -1586 -8434 -2480 1607 -2510 8623 7803 2477 8464 8365 -8154 7620 6175 3336 7897 190 5537 920 9751 -3584 -2153 9131 2776 -1288 -3065 447 -1200 -6883 -9414 -8418 1516 
-4686 -4148 -7083 2421 7382 1480 5477 32 6737 9817 6039 5783 8732 2011 6191 6719 8460 -6080 -9511 -7403 1045 512 9457 -752 -4335 4553 -8085 8917 -5289 -8517 7290 -9600 -7580 558 -182 -4790 -5147 6578 7970 -3262 -8475 -2029 -4404 -7309 3030 -1445 8115 338 -8587 -3641 2485 4642 3460 -9802 4834 -6961 1152 -7293 -2256 2260 -5362 2975 -5519 7798 4467 22 -8408 -6077 5417 3189 -8566 9600 -9355 -1953 -6769 3612 9594 -1230 1764 -1319 -6931 -5671 1348 -5551 -3831 9931 9831 566 3264 -6843 -6461 -472 -7524 9294 5878 -6404 7120 -3761 4808 
4973 3597 4943 6089 -2111 -7583 -6204 -9957 -9782 -9522 1445 4047 -3751 -8716 6438 -4243 -3980 -7142 -4129 6323 1039 5616 1329 3769 578 -8390 -5105 -8181 -6369 -476 -3110 -3145 8584 1768 410 4339 -1398 4599 7955 -3990 9202 4614 -3242 -9778 -7237 -3393 615 9924 -3837 4662 5553 5487 9979 -8157 2879 -1862 8087 -333 3529 -1475 -1440 5787 7378 -2031 4677 -4286 916 2587 -9357 5761 -5678 9966 -839 4938 -518 5247 -3903 5271 5936 8405 -7888 -1552 3210 5022 6756 5363 -2761 7530 3370 5393 -1869 1573 2967 7662 -6597 6207 -2289 -8602 -7059 
424 1212 4287 -9205 -1239 1904 9779 4029 6868 -2943 8747 1601 -1421 -6451 -9817 -6130 -3320 7636 -2244 -3445 -5231 -9993 9964 254 -5645 3097 7438 4934 236 -1735 4741 -7668 4339 -6393 4546 3424 2653 -1644 -4777 -3230 -9712 3972 -3416 4983 -7408 -4330 1298 2661 -5758 -8841 -3020 6867 5138 -4046 -2893 5047 -3535 -4044 8753 7429 2898 -87 8903 -5273 -4517 8507 -6846 -5590 4789 -7179 -1238 -1892 -6828 3048 3765 -1664 -7666 -380 -2112 -992 2155 4434 3821 -930 -7400 5987 2685 69 -6822 -1969 -2197 6716 8968 9678 6737 3440 -2031 4464 -1373 
3715 -5258 8137 -2977 6669 -8703 -8348 -9192 9165 5347 1443 1917 -4047 -8678 -2902 -5925 8864 7767 -5831 8405 9535 -7386 -650 -1889 -683 6185 3761 -4792 5013 -3261 4447 2537 -3701 2406 -9679 -1972 -9548 -3441 2094 -1459 1614 -8026 -4175 -183 740 4800 9103 -6444 -6316 5758 6979 -2546 -864 158 -4875 -6977 -2663 8347 9972 1531 -2745 -8961 1714 8613 -6787 9114 -5522 8499 -5250 5985 -6515 -1393 -4592 -8350 -114 5351 8147 -2449 4328 -1576 -2634 -3750 1571 -8764 -8110 -739 -5672 -804 -3826 6164 6778 615 -5010 -9663 7127 5814 4687 -4197 -4388 
4936 -2426 8680 -2239 2279 -303 -9110 -4444 -6574 -978 -8298 2974 4567 -6125 -4876 -3442 -5855 -6021 -1209 6936 -9978 9791 2732 1636 3175 5728 -1637 3982 -9525 -1266 -1480 -5249 -584 -5665 -4920 -1506 497 9605 -2120 7641 8838 -3055 -8677 2187 6322 1937 1939 -6190 1765 1478 -3674 -5189 944 -7166 9833 -7948 -6631 4021 2241 4511 5208 -4222 -5663 -952 -2387 5348 7459 5934 5193 -2170 -4304 9725 9000 1283 8179 -1896 -2740 -6006 -1884 -2746 -3433 -6186 7616 334 3122 9851 -3875 5798 2356 -9686 4502 8466 -7552 5062 2570 9999 -9787 6792 -7135 
-8016 7267 9879 -5215 -2001 -9808 -9097 -9782 -3183 3243 -7003 3500 9775 4226 5974 -8895 -8027 -6096 9853 -3851 2000 -136 4456 8206 -9822 -9907 3461 -896 -8621 2540 -4854 -6878 3510 6107 3584 -1196 524 -1777 -7668 595 7904 -9 -5557 -7788 -7578 4679 7502 9095 242 -1869 6841 833 5576 7724 2063 5321 -9196 1444 251 -786 -9456 -4882 -3466 4116 -7506 -1 -5381 -7067 3590 -7847 6725 -9018 4544 5069 4101 6609 -8510 -4762 4241 -1814 -8507 7712 6058 -2959 5189 1662 6069 -8301 -3979 7312 -4086 7984 -7134 6965 8766 -3182 -6160 -5339 4185 
-2986 8247 6790 193 -32 4624 3019 -8507 -1108 -7554 179 5921 -153 -8884 -6746 9077 3900 -4303 -8077 -9222 -3519 110 2063 -3554 -4476 5827 240 2232 4873 -1237 -5219 5119 -5784 -8389 -4279 -3597 -978 2712 -4528 -1143 2775 9566 -463 9749 6891 -3120 1369 -6906 -7826 -7764 -5893 -2165 -844 -8140 643 -5006 -8271 -9034 -342 -6876 -4065 962 7539 -1210 8626 -815 9206 -581 2175 -1475 -4143 -9797 4381 4442 -6252 5524 9040 6238 -376 -6684 1665 2428 -3099 3129 204 -6402 5143 -7565 5248 9311 -8495 -2639 3249 488 8683 1520 -6064 1383 -549 
6844 3007 -9962 -5522 -5762 2396 -2948 8642 1593 -2128 4226 9003 3141 5982 -8955 2375 5700 8295 -5350 7653 -1946 -7086 -5084 5651 -7841 6459 1145 -5573 -2910 -694 5867 -8606 -3841 -6112 9175 7420 -4676 -5725 -8595 -7098 -9544 -9145 4802 -6045 -6164 5207 -1470 -7267 2826 1746 -9851 8451 -3832 8814 -7951 -6746 577 -371 5336 -6835 1001 1023 -6426 9328 -4094 -3025 -1386 -693 -5979 5834 2734 -2536 -4281 1553 3424 -8302 -9548 -7760 -7498 -4891 -4539 -4365 -5478 -5445 -1934 -7860 -3366 -8969 -8524 4704 -8229 8366 5169 4214 4943 -2881 6298 2221 8710 
5101 9211 8639 -1107 -1534 8790 -4889 -6876 7845 -7218 -2585 -5097 -2887 -418 2375 -2456 -5507 7663 5003 8012 -9915 4717 6613 -8712 2769 -527 -5327 -2897 -14 3655 7015 -3446 1370 -2497 7504 365 -3477 9390 3863 -7772 -466 4062 -9276 3247 -8485 4 3725 -9602 8407 -9262 -9692 8754 5330 7767 2635 3840 7673 7417 -6934 -7494 -9847 -9450 68 -6556 2752 -3980 7338 -1781 4198 -2850 3427 93 1409 5400 -8775 -1426 -2140 -173 -6759 -1571 -7733 -6884 -1857 -4188 4486 7894 -5780 -4333 1783 -1065 1108 4060 4395 -8884 -4239 -8120 -7048 -9816 -3593 
6446 1094 5556 -997 5529 -6770 -3616 8051 5575 -9131 -8302 3170 -1357 1598 2095 2650 -6456 9257 1978 -1647 -6736 8320 -5769 -2027 233 -7478 8625 1293 6600 357 2248 -5350 6623 -8096 5602 3657 739 -1878 -9717 5628 45 -3164 6255 -1972 2560 -1962 6948 -4372 -2201 -6567 -7692 4199 2331 2318 9777 -8395 -9043 -5251 -3904 -6851 2588 -8003 5357 -2390 1244 9940 8248 -5383 7146 -5314 6099 -1403 -5457 4139 -260 4623 2412 -4112 9362 -1183 9099 107 -3495 -1237 7615 -1813 -4744 8483 2418 -5933 -7047 -7067 7325 7491 -4835 2925 2999 -937 -1270 
-785 -3956 -2335 5492 -8676 -7700 -7650 6068 4177 -7233 1689 -5264 -6822 -422 7922 -8718 4674 -9495 6717 -7667 4300 -4588 7202 -5647 6171 -7489 -2307 -2999 -2961 3085 6463 -4449 2689 4753 6409 -8918 7145 -1252 -1279 6667 -4594 -8832 8286 -3432 2418 -1901 1001 -3473 -8071 7673 5743 2732 2455 118 -4853 -8033 7639 6766 -7644 -4395 -9319 9466 -5436 -6828 1281 8046 -4281 9211 7757 -1450 4181 -5879 0 4218 -342 6492 -8216 6384 -5388 8779 -1795 -7815 -7126 -1499 7989 -2415 847 6761 -3200 3953 -8637 -5663 -9698 -3513 -4318 -8239 -1174 -721 8188 
-5772 -4506 -1445 6792 -5413 2082 7127 2896 117 -5131 -4357 1363 5971 3165 6145 -3877 -1626 -4743 -2038 -5566 -7188 -1226 -8996 4532 -1600 2683 -6960 -6602 2249 -8718 -2544 5324 8813 -2834 9811 9580 -690 -492 -4596 2727 9130 -9234 -6705 3206 6641 -2005 -6081 -7398 -6335 -8509 -2425 5187 -5390 -5403 4578 7115 -508 4182 6680 -6999 -4225 6596 -7092 9830 -6072 954 -7067 -1298 -7116 -5713 3452 5880 -6577 2939 7021 2449 -3774 -1376 7604 -4594 -1151 3314 -2515 -5680 4790 5516 330 5859 -2884 2388 968 -2594 -9213 6099 -8192 -7874 114 2954 -847 
-1015 -6571 -3008 2683 1220 -5211 -9384 -8746 1307 5363 -2262 304 -366 -7936 -861 -4613 8865 -7782 7616 -1376 -8146 -9831 -2927 -4381 -5513 2395 -9361 -5182 3373 4949 4386 6778 1399 -2376 -4963 -9386 7427 2992 -4373 5302 -6452 8103 -7198 -4913 -2057 -7879 9252 7394 4485 -9237 8626 1086 -9216 8405 -9389 -5287 4299 -1365 9280 -7791 -5037 287 5029 1453 2430 1231 5530 -178 -196 2106 2328 6614 -7826 8093 -2159 -1463 -3666 -1517 -4230 -2081 1808 5260 -6402 2856 -9178 -2301 -9544 5049 -4725 -5693 -1099 -4727 -3666 -6756 -589 7728 2566 -1636 5211 
3861 7022 7177 -9425 -2639 9676 -4889 -5271 -3111 2496 6593 7688 6525 -7655 7619 -7594 -4634 171 6229 -6778 -7053 8572 2251 -4407 -2223 2137 -9375 7630 5242 -6308 -5520 9817 8506 2947 -3522 874 -3153 -2072 -8550 -8891 -9483 -5091 428 7407 6725 -9771 1924 3931 3138 141 4343 -7383 6431 4521 1942 -9314 8589 9980 7342 8042 -3646 -4444 -9572 1119 6459 3719 -5375 -424 9127 2976 4959 1402 4489 -9600 9318 6045 -7853 -2454 61 -4394 -5718 -1629 -3303 5682 -7722 1176 5991 7962 -9738 9964 -5766 -879 -4375 8693 -9573 6777 8634 -9274 -3827 
-8842 9708 -4570 2945 8911 -6870 -1609 8225 7866 5447 -8237 8780 -9527 -7049 1475 -7873 2981 -5620 2607 -4817 -1326 7045 3581 1933 -7783 9182 -5995 -4201 -748 -531 9652 5760 -9354 -9736 6631 2094 8200 1729 648 -110 1125 6296 -4034 -418 5245 -7585 -2720 -8474 -7269 9676 1541 8643 -6444 4112 -6669 9423 -9768 1070 -210 -2082 9455 577 -4953 8513 4183 -6603 -5952 -2018 5770 -5440 6653 9014 3463 2230 1513 1255 -8741 4184 -6475 2817 -6151 -8341 -6013 4121 -5064 -9898 -7606 -8435 -3985 13 3259 -6098 8729 -1169 -1126 6716 -138 -8139 -3846 
-6400 3644 8717 9804 -3132 780 2804 -4719 -6327 7661 3920 2319 -4552 -1019 3949 -9566 3271 -4769 6530 2667 -4641 7567 2368 4447 484 1370 -9859 -2974 -7279 -3692 33 4762 1831 3656 -8217 -5333 -6083 2670 4389 8323 1346 5832 -1574 8779 2514 4337 3569 -9711 6907 -2706 -4529 -5257 6189 8652 68 4126 -5365 1389 -308 7821 -7476 7564 -2940 4898 -4630 -5662 1598 3515 -5244 9426 147 -5189 -150 -9099 8252 1696 1021 -3104 6531 -184 3510 -6118 -7776 7750 -5177 -7845 7148 4990 -3001 7989 -1748 9835 4301 1032 5685 4254 9055 2241 -7591 
2558 -1729 2925 -1207 -8001 -8935 -6010 -9879 185 -7997 -9648 -9891 1008 -6754 -9107 -6970 2644 -7190 -2440 -5033 -8215 -1626 -272 409 562 7903 -2137 4485 -3661 2315 5379 -1421 -6267 6989 -7930 1388 8218 -9763 -3264 -5457 -2535 8853 -5988 -6292 4267 9878 6933 5182 -680 -5736 -5400 1233 4846 7480 -6856 -5040 -6669 23 -4211 5434 2178 -4419 -7354 5417 -4460 -8769 3681 4279 -6248 2231 -5813 6564 -1506 1660 1040 5202 9878 5765 -5080 -4440 -2871 -8894 4432 4177 -2704 5276 -4958 -1556 -4052 -7569 -9886 3407 -9003 791 8089 -2634 -7714 6750 -303 
-3133 -9433 1494 -4213 -8978 7995 -4475 2128 131 9687 -114 -3707 6400 2301 -1984 -7583 -2339 6336 4891 -9669 -1226 -3480 -9654 -902 -3950 6121 6156 2117 7803 3220 -6602 7544 7420 -6963 7156 9327 -4463 -8224 7408 -6126 6360 -6699 -6517 7851 -459 -5826 3933 2536 987 6254 -7726 7637 1546 -505 -6429 6906 -5932 -7259 -8218 2904 7983 2050 5595 -1383 -9146 8815 -6410 6042 1573 1973 -770 6978 5570 6303 -8661 1853 -9958 4459 -6456 6525 -5668 -880 6891 398 -1820 8935 -7862 7514 -7197 4534 9116 -7358 -7859 3748 -7614 9491 -5498 -4059 -5134 
6790 -6175 8131 -9906 -4454 -7038 -4817 -592 6552 -5372 -7565 -6210 -1421 5923 6404 -260 7517 -2006 4373 2526 3509 7694 7282 -4150 9321 -6113 4529 -8543 8280 -942 4727 305 -5729 -6720 4505 -1618 -9014 -7070 -9315 372 -4035 5458 840 6647 4481 -2711 -4443 -2678 9096 -7862 8098 31 1607 2218 4328 -8162 7927 -8172 -8232 -3029 4705 1063 -5391 9247 1279 677 -8627 8655 6691 1261 -8486 -8935 8839 -8555 6123 7026 714 7381 8763 9611 -4484 9029 7899 -6800 8953 7538 -728 3711 7122 -5725 2781 -288 259 -1468 -8030 1816 -8101 2420 6740 
4192 8389 -1190 -661 1625 9646 7867 -5557 6418 7660 4219 6853 -8035 3024 -6466 2841 6580 -9173 -6478 -5137 6636 -3860 -8214 -9251 -9282 6220 -7502 5751 3029 7260 -7298 -955 -9029 -5784 1790 -2793 -8307 1706 -4918 -2189 -6734 -3 -2756 -3776 3164 3595 8504 -6794 8039 -2941 4767 3580 1839 5741 6815 9230 -1725 -5687 3267 -5911 -378 -2341 8813 -5615 -6418 -3298 5966 -7907 332 -588 3002 -4099 9306 8164 -1181 -3602 29 -7602 -1002 -2130 -1156 -4110 7158 3895 1619 7923 -7671 8439 5720 4170 -8285 70 4968 7594 7724 -6660 3441 -9528 6119 
2855 6159 -767 9949 1491 -6907 5605 -9138 -1389 -9646 -2387 -9800 3204 7642 -802 -4220 4278 -7920 -7825 7422 -7994 -5213 -2688 -1436 -1358 -2311 5209 -4670 -60 -9109 9976 -2656 -9069 -3996 -589 -806 -2288 4425 -6307 627 773 -1330 897 4495 8995 -5193 5099 -9893 -884 136 -6600 -7489 -2825 9449 -1486 -4629 -8967 5033 -5347 -3601 -3666 8568 -6231 9604 -8429 6753 634 263 3352 -53 -6103 4289 4132 -6363 9326 -3467 7980 -8598 -8456 -5517 -5820 -802 -2236 -1957 -5942 6097 5823 -6406 4913 9974 -4216 -8105 7792 4207 1426 -3843 5295 8674 -9409 
1838 3315 -8384 7314 87 -63 -9610 8412 -8993 9234 -2165 -1542 8086 4801 5473 -3935 -6326 -6251 1688 -5015 -2893 -5296 -3429 -8227 -5257 2078 -5721 -4944 9543 -3630 -9949 5681 -5656 -1243 -1388 8447 4134 7320 304 3305 6642 -3670 -3799 2696 -8607 5959 3495 8677 8360 7728 6789 152 -3 -988 -2491 9102 1230 -2000 -4710 -6977 -1322 -3014 583 -3252 8417 292 3372 1927 9455 -6974 9301 6670 7564 -4977 1026 -2478 9998 -9536 -6020 7261 -9537 1636 9362 -2758 -5797 -5057 6701 -6599 2200 5525 9186 -1741 -444 -2633 9409 8076 7468 -3176 528 
7523 8406 7391 992 6053 -4196 -323 3197 -5727 4375 8899 -2852 1129 -4716 5378 9776 -6859 4736 -7892 -8623 6278 -5210 3487 -7272 -5471 5200 -7924 6044 4478 -6218 1159 4950 -3811 4560 5300 -4875 -4662 -7932 -3852 -2479 -5836 -5526 259 9898 -425 -2748 -1735 202 1594 -1500 653 -6015 8228 -7981 -409 -8771 -2097 4469 2980 1236 9792 5271 9158 -8339 8434 -6660 9729 -869 -8141 -5005 1120 7538 -2108 -7634 9170 -8044 -9352 -3337 -6109 4243 8218 -8776 -1494 1055 2762 4066 -8193 4493 8366 3220 -7627 9652 -6526 -9131 4303 -8894 -7628 4537 6006 
-2970 -2539 -5680 1437 2289 -7498 3839 -3043 -7680 -244 -2447 2960 -3872 -1183 -9851 6442 7861 -9963 8523 -6518 489 -5612 8852 7669 -8761 9708 6449 -75 3270 3861 -6387 7000 -8892 5169 8210 -7026 1550 9302 -1557 7650 -2599 2548 -6920 -3143 -5735 1524 2603 9315 1264 1283 6803 -2455 1616 8967 -7556 2292 5638 -3596 456 -9291 1960 6346 5344 6452 -6930 4881 -9625 -4889 1215 -9365 6743 66 -5075 -1242 4697 4876 1686 8268 5171 755 -7995 4363 4166 -917 -6766 7049 3368 -1740 1303 -3540 -4757 3690 4795 -1025 1428 7576 5352 -8136 -4418 
-9029 -2979 -7273 6933 -428 -166 8017 8948 8999 8873 1891 8576 1872 -3986 9128 -2210 6223 9500 1919 5546 -7385 8119 3535 -9869 -8317 7109 -8643 8736 -484 4198 -904 5522 2477 387 4525 -1046 -8863 6408 3716 7333 -4344 1351 8414 5931 -386 2638 1363 3478 -887 8931 -2289 -8317 -4948 1515 -2034 3177 -8878 3952 5840 8341 -106 -252 -5629 -7428 -3559 -5894 4805 -5201 5175 -1471 -8969 2788 2574 -1499 -8037 2073 -9216 9419 4418 2675 6940 -2610 -5031 -5955 586 -6628 2715 8213 5598 1760 -8173 3276 9868 8311 8652 9425 957 -2980 5826 
4910 1582 1290 -7596 -552 -6261 -3836 -3626 -1310 -5840 -3518 1853 -8825 1081 -2183 -4994 -673 -9406 -4381 2149 -9290 7186 -5468 -9417 8656 8829 1967 905 7196 668 -2508 2342 400 -3515 -9411 -9952 -7127 430 7698 -3361 -8732 -6892 7971 -3981 -1920 -8759 -7702 -6391 7659 -6223 -9152 -584 5701 1975 229 -3556 1359 -7007 -6723 7995 -8188 7790 238 -3791 -9707 -7074 307 385 -7094 -4101 -2667 -7619 4716 -7794 -9362 2355 1127 2861 -1422 1328 -5436 9338 845 1953 -5048 530 1700 3855 5691 7368 3347 -1413 -7758 5224 7320 8497 -3485 7323 5981 
-1026 7501 -9095 6104 6023 8051 -497 -7656 8382 -5538 3638 -3571 -2080 9982 -9662 921 658 -3114 7425 -8518 -5063 1456 -6330 5918 2071 9036 -4572 2463 2281 8031 8015 7964 8861 -9686 -4984 -1567 6127 -9640 -8256 7147 -9796 1352 9832 -2846 9470 2681 588 -2221 -455 3274 -6366 -2593 -1912 -1931 -1587 -2785 -8439 -7952 -769 8923 3054 -7378 4488 -2097 4709 -357 9602 195 -9340 3184 -6362 5139 8162 8600 -2667 774 -2145 3613 290 -9870 -9137 286 4834 3137 5136 -9759 -584 9938 -1466 -3612 8427 97 -3400 -3108 -2058 -8163 -7703 -8407 -511 
2420 9703 7074 -1597 7309 2526 -7800 -8182 9962 4438 846 6261 -4425 -3526 7764 7818 -8114 -4782 -6862 -267 208 9054 -5985 -3360 1792 -6154 -1092 -1680 9703 6114 5663 -4683 1478 -2421 -4705 7508 4553 -1602 66 -7807 -7574 -5554 -5362 7309 4468 1318 -8108 3343 -8852 -954 3033 -8700 9163 9397 -249 9926 -2010 6527 4308 1035 5581 8733 7024 4325 -3897 2885 7853 -81 3392 2011 1022 -9841 2983 800 4501 8305 778 9677 -5495 5356 1510 3225 2781 5508 1072 -555 -7589 998 3886 4026 -2370 -4851 9591 3803 2841 6354 6776 5688 -679 
-4528 5928 7079 -8827 8784 -9418 -6665 5269 2971 -3133 -2289 5523 4986 6146 -4556 3356 -9599 9282 -8783 3365 4170 -9529 5719 8083 1871 -9452 -8142 -7453 6154 -6927 -1133 -6989 -3856 -4704 3495 -8327 8898 5017 3723 9467 -74 -1667 -9011 1008 -4514 -4330 4872 -9793 -464 -3382 -71 9827 -2715 8420 8726 -8985 4427 2199 -7392 -9523 -1854 9750 -9255 2288 6551 6095 6798 -2444 5194 4870 -7058 937 -8477 -1772 2824 -9994 -2534 -5152 3146 8291 -818 6862 -1812 -9274 -7054 -1039 -8858 -3007 2286 -8280 -6391 6550 -6465 2929 -5555 -4140 6030 -6194 -8640 
2875 9338 247 -1182 -1477 -1761 -3606 -8673 -8280 8526 -9483 3349 -8006 3505 1041 4426 -1765 6952 8618 -7265 -8261 -5435 -524 8521 -6508 4038 9045 -7832 572 9572 34 6653 -6376 -7054 -2807 7255 8971 -7866 -830 9391 4299 -3909 -8002 -4189 -9851 4975 -2489 3413 4466 7866 -5962 -7784 -3226 5735 3989 7997 -6030 1464 -3271 2907 -1557 5213 809 -6227 -5668 7245 3997 -7511 293 1760 -1910 3828 -4250 -7326 2689 -1287 3143 -3181 -7878 -4504 -59 -5904 7888 -2109 -2568 5721 5895 -5912 -702 -9671 -7564 -1852 -7145 -1091 -6831 -9659 -7364 9116 -8640 
-8466 -4455 -2404 8774 -1373 -7826 8812 1728 443 3523 8290 2180 -2732 6164 4071 -5911 -968 5076 3174 2084 -7392 -766 -2651 9072 4244 -3888 -4955 -5251 4138 -2555 5726 6084 -7985 -6724 -9156 300 1577 4069 4177 2064 6642 -373 2046 1813 -8606 5241 -7218 5138 -5148 2441 -7595 626 -6711 -6297 9306 1968 6969 700 -3045 3968 -1218 -4345 -3017 -7693 6315 3831 9799 -8775 -614 1784 1675 7015 5204 3868 2100 4830 -3324 1011 -9866 1401 3040 -2853 -8374 -6456 -6919 -7442 -6169 -1518 7697 6309 -6962 -4087 5441 5166 6296 7305 -678 2617 8626 
-5958 7958 3414 2333 8090 6635 -6648 -6305 1365 6438 2443 2235 6058 -4517 -5115 -8175 8590 3719 1121 -969 -9564 -1459 -8110 -6285 4678 -3927 1844 3907 1596 -4756 3351 -5102 2779 2275 1780 4144 3880 -4037 6927 -9103 3584 5748 6717 -4130 9101 -7220 2196 1901 4096 2379 -6322 -7901 -1475 1266 8427 7869 -8469 3279 -5205 6703 -9305 5243 8930 7968 8904 7689 -8667 5100 805 1343 -5825 -8204 -1658 -8090 2433 -8941 -7892 -4714 -1481 4955 8238 -4807 2489 4264 -3781 9023 5687 -9598 -7952 3302 4701 -2353 3404 2951 -8650 3435 -3113 -3290 -9593 
-3141 -2132 -4972 -8697 8601 4444 7094 9835 8554 6772 -234 -1906 6958 -4809 9856 -8645 -6642 -6324 1112 -6764 -5544 8724 -6385 -9431 -9572 -356 7851 -3864 -583 8556 -4491 -2658 -4559 -4403 -191 -5300 -7434 -7317 6541 5519 -1164 4118 -430 -1828 6458 4901 5589 -7271 7458 -8312 -2730 3675 -5865 1407 -2586 -2345 -8984 -3580 -440 -727 -2103 3353 5366 -9746 -5953 -7603 9344 -9087 4264 1830 7651 9682 -5053 9260 -6882 9995 8694 -6673 7550 7139 -3725 -8182 -9418 -6374 9138 -2865 9596 4437 8038 -7098 4073 -406 2549 -4558 -8229 8562 8291 3644 4223 
-4074 2903 -2780 4130 4887 -1359 4539 8861 933 -9984 -7113 -469 265 -4289 3460 1418 -7297 -32 -9445 -4335 -1003 -3250 -5714 -8281 -1747 594 -4618 -4577 5687 5252 9639 4549 4710 53 -9815 -3525 4631 8633 -2017 -3737 -986 -8851 -8174 2076 6226 -3810 -7584 9365 3376 2622 3083 -1882 -2658 -2552 9818 -5449 3880 -4530 6185 -9243 -2729 -1578 5348 -5547 -6994 8572 -6130 3244 -4197 -5369 9054 -9911 6443 9280 -8912 4720 -7256 -9292 -9619 -8940 -9533 -2543 -4976 6841 2449 9757 -7482 8548 -1876 6039 8685 4908 -3292 -4744 -5492 7463 5517 -6835 -1599 
-5347 -4318 778 -3568 -6056 9705 -6253 8215 -1766 9343 4009 -2522 7689 3847 -2922 -3042 3075 6013 -1422 2017 3552 9999 -8540 6794 1479 -170 4796 5700 -8508 -9820 6734 -8976 -9293 -6818 -9583 -6782 3075 4414 9878 7763 4215 -5227 4563 8632 -5637 -9917 -7499 7951 8583 6908 5436 -534 6954 3480 -6488 -9294 9230 1659 5428 1885 -4616 7232 -9480 -2089 -3985 -1994 -4571 -7199 -878 6202 2879 -1422 -8826 6934 -4295 -7047 -4477 785 -7514 3196 9127 -7226 -7072 4945 -2380 3004 6150 4024 6059 -5077 -5412 -3828 7773 -1472 4094 7180 -9800 -9430 5968 
3901 7853 -6272 9929 7025 -6743 -1038 8681 756 1910 7955 -8550 -1547 7350 846 3050 9429 5730 6391 3333 -9500 1279 -655 -4339 8472 7500 -1905 7777 -5274 -5908 1 4142 6985 392 2008 -4251 -4180 4342 -1290 -23 -9025 -4847 -6461 -8320 -6700 -1386 3186 -7335 -1644 -4873 7612 -8325 6620 6941 -5918 3465 3492 -4271 7452 -9165 3433 -1318 -7620 9540 -4587 2752 -1779 -9824 -2851 -7575 8788 -7315 3065 2518 8732 1549 -1813 5901 -4506 7283 5080 5959 -1496 -4422 2120 -295 3620 -5984 4475 -8637 1423 -8499 -6596 4627 9062 2508 -3175 -4301 4681 
3591 470 4015 -6764 3464 -8115 7693 -4760 -5130 -644 -4924 108 -3899 -4094 -7983 -3082 4403 -2482 207 -676 9767 -7737 -5415 -7674 1330 1059 7986 -8299 9104 -1513 3628 905 5206 5511 -2187 -355 -4098 -7496 -8588 6892 6492 9287 -3530 4866 -9720 8519 -2384 -9076 5335 -2355 1621 -7184 6305 3169 2722 4013 -1030 8346 -714 -8638 3017 -660 8993 8522 -8099 3775 4794 6818 -3328 -4221 262 3908 5369 4944 6953 2484 -7506 -6915 2292 -173 8750 -7384 5802 9692 3630 4633 -747 502 -864 8654 -6738 2075 9354 3066 -2190 3902 -2411 -98 1019 
-728 9586 9286 4077 -8366 -1852 -8960 -1529 -5925 2661 -1488 1278 5118 7937 -8389 -7653 1856 1954 -1346 -4219 -6145 4722 -3296 -2095 5993 8084 -9189 -550 8 2872 -2980 420 -1024 6860 6470 2452 6769 -2199 2259 -6095 -4060 4818 -7724 4198 4991 7228 3223 4262 2026 -3745 1359 5738 -9094 -7192 -1726 3470 -7211 8434 -2950 -7824 6876 -5593 7426 -3853 -8084 -6524 7316 -3096 -7714 -2471 -5891 4959 835 2036 1452 -4397 -380 -7913 -8836 -8345 -4048 151 9627 4885 -449 -2056 4133 5847 -186 9024 -2020 1987 -6943 7849 2984 5550 1569 652 -89 
-7713 6840 7223 3829 -8038 7328 4863 -6720 1181 7461 4173 6152 -4154 -4517 -7309 2831 -9500 7782 1656 9129 6762 -7688 8570 8133 3894 -2241 -2108 1088 -1314 -1533 3123 593 -3332 8928 9209 -7461 -2921 -2455 5098 -8315 -9868 4601 -510 1849 3932 -7973 -989 -3519 -8936 3378 9007 6546 -7390 8618 -6983 -5355 3362 -212 -532 6612 -1297 -8382 -1442 1595 8119 2723 8951 5016 4324 3366 -2359 -2005 -5870 9004 -222 9373 2021 1118 -4732 8704 -3052 6564 913 3523 -1142 -8387 5783 3435 -847 7970 6054 9874 1006 -1726 314 -4202 6463 -1937 5644 
7686 132 4476 2936 -2320 2702 -558 -5697 1485 -8641 3171 -5134 -9201 5039 3488 8103 -6365 1271 -7241 4897 9283 -1449 7444 -3778 -8652 -8120 2528 8641 7582 -111 5229 437 5306 -8026 6694 1146 -865 5607 9496 -2794 2104 661 -4473 -5730 -7732 9125 -5314 -6122 -3401 548 9779 -634 -226 7882 3160 6575 5370 796 8142 7825 -8907 -30 5848 -6314 -7735 -209 -8501 -7286 5994 5834 9714 8632 -2148 -3193 -4546 -2461 2704 -359 9354 7777 -4528 -3780 7010 -6247 4814 -4288 -282 1722 6106 2557 -1645 -8615 -6001 8647 -6300 -9581 3504 2296 -3423 
-3152 5320 2685 -7178 1833 -4147 -8923 2435 7277 -1 -4530 8296 -4757 1246 8028 6249 6816 9393 -6987 -6919 8854 -8220 -7465 -6311 -1114 -5591 -9675 8524 1003 1651 9564 2363 6642 -8643 3456 -5868 -1614 -5681 5471 -5749 5221 -9853 -4703 -8310 3422 5887 -1465 9175 -1691 5773 -4747 5543 1120 -4422 2539 -1564 3560 -6333 -7382 4797 -9976 3621 -1278 -3772 5448 -2179 -9494 6653 7502 -5055 2967 -4822 -2157 -6180 1095 7556 -6392 5726 4709 9327 -7295 4665 -4039 -3091 -7917 -1316 -3958 8642 9080 6169 -5223 257 -8620 -9606 -2587 916 3639 5331 -1024 
2560 4783 8550 7431 -9460 -9141 -4408 -7727 730 7699 8450 7256 -7474 1652 -6200 3287 1256 -8213 730 -6936 5297 -2832 917 -2612 -4315 -1021 -8449 6836 1987 4926 -8126 -4728 -4071 -576 4519 -9676 8523 313 -7842 5642 5095 -2854 -2556 -1086 4888 -7983 9629 -6180 4780 1530 4436 -9258 -7046 4994 -2476 4544 -5216 8899 -3000 5302 1753 -453 7953 -4082 -2997 9572 8230 -1575 -3063 1036 -5845 6198 6298 3771 -1522 -558 7239 6326 4482 -8324 -7668 -6476 4779 6329 6682 -1229 -8693 9824 2595 -8556 -6174 -2274 -8959 -7486 -5684 8201 7186 -9137 9776 
7425 -5379 1400 5551 -7235 -6829 8701 4816 8340 -8373 -1952 -8906 8225 7001 3458 4227 -9679 -8133 -6529 -2355 351 -6302 1382 7287 -3683 -3419 8823 -1143 -2822 5624 1757 6853 3317 -4952 8875 7780 5625 4730 -7545 -7199 -2157 -4844 -5489 4013 -4395 6007 9726 8199 -4888 -6620 -2596 -3440 -9043 933 -452 7589 6996 1490 -8340 -3458 -3919 1391 3992 9746 -14 7391 -7475 5800 -6238 1165 -9869 -9285 -9112 -6515 -2369 7621 3515 -3348 -8242 1514 -7208 -8102 -8509 -5366 -7101 2877 -6767 -1831 84 -9561 -2678 -5865 -5189 -7934 2436 143 8967 6110 -9510 
-4845 -9168 771 4413 -8092 -6113 -2813 9063 -9998 6586 -1501 5595 9572 1495 3158 7569 1918 6165 9650 2109 -5308 2340 9464 -8236 3615 -1111 2645 5676 -8034 3830 2320 4173 -5038 -2702 -442 3390 6193 -9641 -2753 6573 -1295 -6440 5066 -3621 -918 -2382 -6559 -2238 -3733 -6221 -5822 -5402 856 3542 3258 -4538 5754 4478 -9506 -9931 -5835 -2524 -6065 -4512 4073 9330 1346 9938 -800 9472 -1090 9248 -2366 -2970 -2851 4792 -7214 6746 3330 -672 2323 9171 6775 -8987 9916 -7354 -8735 -6395 3345 -2473 -7715 -1601 2557 -7196 8328 2207 -8456 2298 1110 
5239 -2435 9737 8308 -1796 8038 8601 -9740 6878 5079 -9722 1116 6899 7792 475 -4789 8087 -5655 6983 1958 -228 -938 9344 -743 3618 9737 3577 -1008 -8531 -1128 -7295 8088 5701 -8837 1792 2666 3055 8466 6235 4994 1419 -2554 5423 7571 -1820 5115 -3031 -8940 -9395 7072 -937 9938 9475 -2971 6203 -5522 -3313 3463 3403 -4351 3600 -9804 -8547 -9353 -9904 -6819 1602 -173 6232 3536 -8696 -7570 -350 -2228 -9606 7205 2450 -6419 2620 -9921 6643 -2738 5161 -4078 5985 -9869 -3732 5158 -3632 7874 -5724 -6200 4803 865 5741 2351 6219 1573 6075 
7951 -5467 8486 6540 -1024 -7605 391 -6306 -5793 8100 -3491 1709 -913 -4055 -9387 6256 -3576 8179 -6848 -4432 -6983 7420 -1155 -9327 -2398 7386 4320 -1302 7790 5565 -8887 -6647 6871 7056 208 -9713 -3311 -143 -7942 -1147 -4264 -7939 -1738 5308 3234 -3156 -6003 -6651 -9889 -2103 6639 -8872 -488 4672 1208 7529 -8542 -6776 -5614 -5154 8711 -2438 -1499 -8937 7055 3379 -6455 -2888 -6094 4666 753 -1043 1629 3768 -9736 5632 -641 -4364 5052 -8053 -1776 4718 -6255 9771 4554 -5227 9700 -3780 -5454 5912 2829 5826 -880 -2186 -6129 -7075 2209 7197 3395 
1035 -1597 1107 2565 -4254 8276 -1616 -659 4873 4692 651 8060 7190 -2131 -1250 -4358 -8637 -3308 -5770 -478 6898 -979 -6262 7424 -3973 0 -6050 -1294 4034 4623 6752 1437 -4380 -2915 4066 -5153 8701 -8278 -4158 737 5466 6770 -812 491 5 -5882 -3956 6524 -1072 -9353 5734 -4535 -7445 -3064 -3509 -6637 -2116 2368 1813 3878 333 832 3987 7019 9071 -7789 -4219 3596 5406 -6357 8373 -4010 3712 6954 -7433 1862 1790 1764 -5224 -5778 -4007 -1840 7289 31 -6239 -2432 -614 -2284 6223 6741 -9250 -7587 -7875 7802 -8701 5307 995 1095 -1461 
3467 1020 -587 -5697 -4179 6092 -2407 2304 -3999 -2435 -8980 4919 -7186 9519 2626 7121 9633 6394 -4567 1408 -8960 -8608 -7004 -1901 1753 2072 8605 7978 -560 -2913 7100 8038 -6794 -2610 -6585 -6223 2229 9963 8599 2662 -4826 1004 8803 -9843 5289 -6567 -5468 4560 5190 -3365 -9943 1656 1072 -3698 -8485 -7001 9954 -9592 5576 4069 -6227 1824 6152 4162 -7567 -1364 -6066 -3868 -1113 6770 7393 -7138 -7647 9027 4609 1580 -2118 1097 -2596 7553 -4492 7689 -255 -9726 -5056 -7766 -4923 9787 9049 -6362 -6844 2480 -8162 9945 -8232 7305 -9379 -4663 -6498 
-7506 4905 1363 -1350 -3247 2901 -3065 -7766 -493 4491 -3185 4489 5467 7397 8687 -9724 -5352 6590 -9620 2833 2727 9279 -9896 -8702 -709 4361 -2205 -7668 -5661 -5943 -6722 -3553 -2249 -6786 -4219 -7642 7947 -935 -7493 -1748 6726 2617 -3742 4105 7885 -704 -2090 -1606 -6091 -9072 -1441 -4380 -9260 -74 -6206 8776 1044 6376 -3283 -7528 -4148 -9520 -5125 -4541 -6577 -6073 5910 5005 1242 -4297 4165 -7949 5239 -8290 4703 -3781 -8208 -2599 -8785 6563 5484 -1646 2402 6895 -5818 9693 -5373 -2792 4184 -5750 8244 4654 -8468 3994 -1972 9623 -3929 1938 -1837 
4025 -1031 -6990 9954 -790 -6496 -1597 -2733 3341 3506 9157 -70 -4339 -3850 846 9825 250 188 -3459 -5797 -1897 -508 -2694 5080 4925 7257 2912 9567 -3513 7438 -7323 -977 -5981 7885 -4116 -6154 8665 -3770 7080 -8008 -2409 -9399 -4778 -5643 -2759 9090 -4647 9532 5431 4111 8158 -5329 6253 5692 3617 365 -821 2239 6396 -2930 -2820 8678 2409 -5235 -579 2408 -7569 7437 -5476 2539 -2069 6793 -2248 4457 -1649 7556 -1826 -830 -6428 4260 2661 97 4597 9697 -2666 6008 -6654 9892 -8812 4811 -8307 785 2871 -5064 7262 -3085 -3686 -3354 6115 
-8489 -773 -9483 -1485 -1223 1783 -512 8606 -1465 6766 1535 9380 -8945 3680 6457 -624 -3167 2781 1425 -2215 -8671 654 -8591 -5708 -9339 9578 -3612 -1911 211 -1770 -7754 3582 -5276 -1285 -2320 -1159 -5173 544 3679 -1690 847 8809 -232 -8274 -920 7022 -6187 -5514 -6566 100 8037 4579 1045 9924 -3497 8870 -2801 -3305 -7401 3207 -2656 -8304 -2776 7007 4177 6794 3794 2833 -8443 9820 -7160 -3755 -2258 -3323 4813 2925 212 612 3240 -5197 -6239 -1329 423 -2178 8924 3013 692 5228 -9927 247 5784 -4952 -1605 -6347 432 -5842 480 1806 540 
-4033 7745 -5171 -1551 1360 8227 8195 1501 -1728 -6958 4323 -9240 -6110 -1153 -3301 3964 -3187 -8576 -6396 -1115 6256 -9168 5555 3908 2154 2687 2561 -2006 -95 452 -2204 -9947 -375 4626 -678 761 6070 -3796 6487 8318 -8946 1238 4246 478 2809 5983 -236 2024 -8344 -485 806 -4351 4146 -4208 -9301 7956 4580 5708 -5649 -2560 -3460 -2143 -7824 -6100 5207 6487 1692 6823 1850 2897 1604 -5826 5721 -111 -2466 2103 -6313 -7877 8303 -174 1440 -5196 -4809 6586 -9267 3638 5121 1647 3743 8117 -9083 -6765 4179 1681 8991 -1877 846 -9777 2731 
-7217 5635 -3570 2669 2053 -6243 -3617 748 -3868 -8230 -7798 6137 8043 -3749 -9917 9869 7817 -9989 -6250 9076 -2084 -5644 3675 9150 -2593 2744 -8045 8359 -6964 -8939 -7605 -7425 -7758 -4747 -5035 -2701 -370 5648 8073 -3476 -7081 404 3009 -9451 -1251 9814 -4549 -6563 421 -7089 -3606 6577 1995 8432 -6709 -2234 3289 -5515 6726 -6818 6150 -7385 -4615 -6379 -988 -8468 4184 345 9006 9512 -8070 9114 8664 2751 -5582 508 696 -1564 -5499 -5588 -8888 67 5615 -8396 -6760 -2180 -1045 -8876 9485 8885 -4961 3698 6561 -1137 -1901 -6738 -8357 -4566 4427 
-9479 -8719 -8695 -1299 -9682 -4084 3173 7585 2038 -1346 4029 -4043 -8517 -6790 7723 -4260 642 -1091 -9632 1712 7127 -2665 6598 -9200 -2857 7256 -718 -6082 -7042 2807 1002 -8078 9054 -6919 8966 -2670 7318 -2149 5319 -5285 -4669 -1043 8819 -7108 -8222 -2969 -3865 7293 -2256 -116 4037 -4870 1620 5193 -5235 1539 -4931 -4959 1402 9145 -6227 5005 -4721 1893 9559 -1532 -2726 6290 1420 4549 1859 8211 7888 -8177 -658 -4693 -7892 -8273 2539 817 -2494 3071 -3988 7608 9192 1609 -2134 6743 9855 8901 -8006 6891 1262 5546 -2754 714 -9624 2374 -7943 
1360 2521 6029 -5194 1393 4919 8174 5634 -1780 -9873 -1524 -2857 2589 -9211 7821 7331 -7120 -2253 177 3330 984 6550 -677 -9290 1068 8333 -5007 2610 -4912 -9577 -1667 7326 -8017 5753 9895 -599 1526 -5910 -5170 -3105 -6583 -1663 -7815 6314 -7461 9037 8372 -496 -3285 -5121 4404 588 -6451 -9298 -405 2126 4679 -528 -5476 -1466 -8362 3509 9345 1840 -2149 8596 -4577 3863 -8197 3470 -865 -6539 9523 4091 -4359 9594 9266 -3103 -4208 -8007 -8741 2570 7503 -2866 5578 -2402 5650 -7352 985 6477 -8687 9862 3772 7633 -1905 -6703 9873 6054 -137 
-2096 -2521 -4575 5733 5162 -1087 -4046 -8693 -8424 -6624 876 -6148 -366 -1795 -4594 -1103 9808 -2578 -2604 -2066 7201 -3019 4311 2816 -3537 2759 8642 4418 -8957 -2771 9184 -4870 -9407 -1782 -3701 5224 -8831 1839 -5175 -2013 9985 -5008 -9786 -8524 5358 1946 710 -4141 9511 7267 -2734 9750 2729 -4437 -8019 -5168 -4546 -992 -6861 3507 -4631 -9293 9056 -5667 -8248 -1255 -6193 -3146 -4686 5704 1003 -9914 8061 -888 -1559 3231 954 -533 5218 -6198 7291 7537 9908 -7429 1780 -9634 -3750 477 9943 3800 8297 943 -4974 7929 -6477 -463 5776 7118 -4390 
1611 -6903 -6669 -9571 959 5250 -3056 -1053 -8075 -6863 -3919 7019 6239 8619 6606 8908 4556 7114 4844 -8636 -1295 -6666 -4465 -8034 -4178 1484 -9696 -3406 2922 -2088 93 -9735 9597 -8029 7981 -8215 1257 -801 -1364 8329 -8380 -8141 4037 7481 4685 3307 -1864 4915 -3338 7060 6142 6056 2641 -3356 -9207 -7488 6701 2232 9784 1025 -6292 8208 -6576 -8191 2423 5146 -9121 7272 -9569 7960 -4036 5384 -5715 8201 1440 4112 -7598 4116 641 3847 8484 -7986 2878 686 -3610 -7637 -6299 -9880 -9069 -411 -508 -1746 8786 4198 -7487 7241 2973 7799 6861 
87 -8085 7859 6410 -1123 6891 4453 8390 1046 -1584 4604 -8182 7933 750 -9959 4668 2556 -9757 4531 7481 2236 -5936 -5360 1560 7282 2277 8966 7897 -7639 -3475 -8004 869 5146 -1816 -7964 1500 8964 3497 6739 -4937 8794 9029 -7726 -3005 6034 8621 7433 2343 4983 -8375 5920 -5361 6622 -5083 -6083 -4116 -3386 5013 -7642 -4204 -9989 1546 619 5897 -9786 4222 -2230 6357 -7977 8092 -851 765 4876 931 4309 -9915 26 -4261 -3403 -7608 -9776 9566 4186 -4107 -9601 -6094 5451 -7449 -3920 7124 1695 4287 -8313 7347 9885 3618 1785 1586 3442 
2173 7726 -3842 3367 -697 -9513 1260 9096 7330 -986 510 3885 -3590 4403 -3512 -9312 8159 -2896 6977 -2755 323 847 86 -6904 -8880 9328 6153 -9233 4036 6446 1287 5861 6497 3661 4093 -2261 3107 44 -6801 -5917 -5280 -6475 -2370 4003 -1507 3257 -5236 6617 -9903 6524 4069 -4479 1747 -4690 -137 -9035 -5531 -440 1761 -3504 3925 3875 -7395 2919 -2272 -3277 -1533 -3350 -3947 6472 7476 -1415 -9044 5214 -1758 827 -4833 2973 4363 -1298 -3888 -4862 -2974 37 5895 1822 7406 490 350 7841 3953 5249 1664 -8240 -2714 -1399 -3867 1991 -5343 
8273 -2242 9655 -2595 2224 -2959 6620 8475 4016 2303 -6614 3601 765 -3999 2873 -2086 -6823 -8708 -5224 1687 -7085 -6199 -4449 6476 1143 1707 9085 8086 -5811 -4754 5100 -8062 55 -9307 6265 4769 8638 964 -8350 -8347 -3966 -765 -6869 6585 3736 6345 2952 -7288 5108 -7278 -3492 -567 -1548 -9161 -5230 -4372 -6551 -2021 -7786 -4709 -9489 -5052 8956 7094 -5977 2936 6805 7413 7492 -6547 -1535 -7573 -2907 956 5516 1431 5939 -4391 3396 2476 -7559 2110 -679 4381 97 5487 -9533 1948 6826 1817 -2018 7592 4158 -60 3715 -1086 -8310 -680 2943 
3224 1323 -859 2249 -3814 1316 -939 -9983 3091 4186 7189 -9713 -8149 877 -6645 2623 -4046 -2139 -9558 7759 1051 9899 726 8669 -5845 -7989 1735 -8682 -6121 8826 -5345 7051 3813 5197 4930 -535 1274 5951 -1242 -3955 -4481 7313 2116 4086 -4947 -6269 3945 4928 9825 5613 4830 3348 5509 -4554 -4506 -8701 -4661 -6269 -2713 5126 -1109 1447 953 4706 8663 -6924 -6349 -4202 -7487 6444 -5142 4800 4942 1914 221 2799 1292 348 -9010 627 -4515 -4890 6090 6098 -3681 1422 9736 5007 -6531 -7720 -5583 -758 7111 6392 -4784 3099 6659 -3655 -8842 
-1290 656 740 9156 -1390 -3305 -7459 -2623 5152 -3708 -513 4803 7273 6436 -8839 9611 -3613 -5395 -5117 -5794 9350 6506 7953 9537 -5936 3784 81 3307 -7452 8512 1430 -1069 1311 8559 4768 9603 -8235 3265 -4053 -4194 7553 -2284 -3719 -6076 -1648 7083 -7303 -6632 -2710 -8460 7603 4062 -9818 -5628 5121 -1034 -826 8019 967 -7003 -9940 2755 9598 2582 -6355 1897 3783 7957 3928 -395 -8298 -4603 807 2658 3534 -9189 4552 2236 9011 -8184 9244 -4687 2743 -2101 -2002 -4573 7282 3550 -6499 -3577 -1098 -6290 -2754 4040 9778 -5373 4028 -1282 5981 
739 -4578 1505 3825 9040 -299 -7590 -8799 7274 6804 6075 1558 9925 -6021 5621 1330 5677 -6271 -1584 -4071 -8082 5920 -7495 -1978 581 -4488 9802 1377 -5401 -2895 -9432 -753 1800 -8383 -1969 -5508 -3003 6799 4777 -9914 4778 -1329 9724 -5128 -6197 -4261 1912 3637 4924 -7218 5834 -9222 4724 8460 -5007 -8392 9652 4167 -6042 -7412 6018 8112 5693 271 7757 6999 -2618 1925 -2458 -1382 -6391 8407 -1601 -6420 -3135 -7323 1563 -1450 4067 9323 -5201 3782 -493 -5259 4304 7409 5541 2711 -559 -538 4928 4907 -684 -3474 -6147 849 -2912 -7820 527 
-9268 -1352 -1693 -2549 7413 -5121 -4756 3927 1901 7299 -8421 7450 1241 8563 9152 182 3349 7044 -8115 4841 3691 -7182 -1136 -6415 9367 -4742 -1458 5423 -7994 -3801 -3590 4345 -2416 645 7943 -1398 -8888 -2550 -9815 -2736 -3554 -195 4811 -6697 -2973 -6138 -9909 -5037 -540 -5898 -6034 -4534 -264 -4429 6382 2084 -5999 8776 9649 3743 -4441 -1761 -5591 2856 332 -4987 -7695 -6976 2067 2047 5612 -7215 2016 -7842 9161 4894 -9117 -4472 -3558 7035 -2489 -5206 -6489 2140 -6809 -7618 -3955 -5950 -301 -4562 -5299 6429 7361 -9244 7135 -8810 -1829 6693 5505 
-5461 752 8503 129 -1055 -5137 2179 -4054 1626 -4254 -5190 468 1857 3033 -8183 -9553 3545 -8358 5487 7677 6674 -9552 9026 7127 -9093 6324 6936 4606 5299 1679 8072 -5527 -3910 -7164 -5551 4566 9740 9646 2195 -9236 -5934 -2545 -7643 6155 2704 -3589 3585 -8701 6113 -1558 7423 2929 3536 63 695 8437 8045 4508 580 3389 1171 -1052 5791 -9440 -6360 -5999 -3486 -4466 8747 -3497 4817 -8759 -9683 -4692 4357 -6162 5493 -1287 -3228 -4579 2394 2993 1982 3076 4109 4226 6615 8566 -9185 -8529 3896 -787 54 -3881 -6129 -1059 5686 -1634 -6146 
9827 -6724 -6658 4965 3453 -5859 6689 5841 -5519 -8736 6577 -2240 -6753 8426 4259 -4415 3202 -8462 -4404 -2393 -8547 -8392 9791 6872 5543 -4711 9314 -5841 -3635 1189 -9402 -1081 -1529 -6325 -1583 9572 -1532 2461 1499 -3897 9930 -5754 -2608 9704 -5778 -7232 -7469 -4485 2238 5991 5027 -9992 6298 6004 1395 -7767 2916 2998 -1304 -69 7857 -1000 3060 2770 -3779 5515 -4854 4611 -5684 -5426 2991 -3214 9593 -1345 -2212 -1397 2329 1502 8341 -1100 9189 8235 1971 -2739 3731 -4887 4923 -8312 1480 9114 -4024 1728 4950 3026 -1687 -881 9434 8847 9211 
-277 -4186 2061 -5448 -957 0 8941 4637 6616 3153 8744 7031 -8981 2199 6431 1159 8199 -5315 8431 2545 5718 -3843 9816 4957 -7995 6842 8610 -9304 4262 -8901 -6994 -2050 -4861 8346 -8212 7471 4088 -55 4551 2590 7758 181 -853 1080 4739 -1227 828 -430 3472 -1082 -4946 2997 7598 3610 -938 665 6622 -2132 -9153 6275 7171 9022 -7157 -8200 -4492 9951 -4274 6905 -3833 7078 -5577 2921 9730 2730 5823 2015 -6874 8759 -1519 938 -7751 -7982 -40 3102 2260 3478 -565 7322 8194 8637 3969 -9408 -5593 8020 -2260 2618 -9846 8943 -5611 
-2206 -8473 -4240 -6103 5044 -1477 -7425 -3065 -9251 4998 -649 3129 4550 -9106 894 -9445 -8573 -3657 -3699 8842 -3758 -3420 9539 -9531 -3184 -2240 1839 -9314 291 6193 2076 8787 -5666 -1991 -4880 -5401 4269 8402 2016 -2101 -4091 424 5254 6651 -7830 -772 328 3943 -6394 -7878 1776 191 5833 2296 -8280 699 4674 -6003 -1431 -1084 -366 -1406 4573 6703 8592 -4676 6256 4514 -3448 4610 9865 8831 -6925 4995 1905 -1011 -712 1325 -2333 -1332 -8960 8673 -3786 -5369 -9590 -5244 -3572 -4775 2556 -6207 -9940 5309 -9470 8295 4589 2116 -8353 3477 6255 
4139 -2351 3252 2558 -163 5805 -7415 267 -9080 -2375 5359 1952 -9035 -5690 -9776 3333 -9295 271 1370 6908 8813 5881 4741 -5318 -8165 194 1172 3452 -4015 -9918 -4090 8955 8110 3862 3205 6972 -4627 -5280 5991 4721 2662 730 5458 2414 -7539 -6849 521 -8791 4898 -5326 -1334 -8529 1376 8174 -7403 -7372 7441 -6206 9011 -2958 1937 6102 6573 -150 -949 381 1067 -2557 1466 3592 2437 6485 -418 3008 5503 -4497 7196 4012 -8517 5676 9396 3732 -1613 -3353 7063 463 -2012 6985 2670 -1455 8 -1443 -1166 -9204 -2149 3402 -9038 3251 3264 
-243 4113 2813 1893 -100 -8735 -6745 4313 -3764 -2890 -1116 9357 151 1907 -8039 -599 6121 -4959 6121 -2628 9837 8603 5280 -3120 7394 3966 -320 5 1834 2563 8018 -2321 -8787 -1514 7812 -640 -9759 2349 7945 9468 1765 -2902 -3824 1667 4264 4129 -5332 -3235 3082 1168 -1723 -5650 -3288 3197 4437 5434 8815 206 385 -2040 4735 2302 1514 -948 -8176 -3763 6692 -8499 -9583 -8738 3357 1883 -6824 1822 -8161 7544 5071 -7763 6727 7247 4883 6148 -1495 585 9930 6109 -4629 -2591 1166 2993 7675 -4642 -6571 5222 2000 -343 -2184 -536 1413 
8733 2080 -4081 -7386 -2448 -7617 910 -5696 898 6316 8995 4660 -3653 -8321 -11 -3218 -5410 2167 1924 -3882 4268 -9666 -2043 9947 -2108 -9207 7386 2530 -7180 7348 4048 -5644 -7027 -7457 -7697 5138 -2671 69 5969 -6978 1733 -3318 3517 306 7650 -6476 -2943 -7525 1554 9056 4456 -9868 5823 9105 430 -6402 1881 -2410 -9576 9418 8823 -1453 7037 -6779 5537 3593 -168 -5879 282 8797 -4001 1427 -1753 -7576 2876 7215 5976 2096 -1555 -1773 7887 -3788 9757 -5500 -3425 7384 9402 3788 -7352 -1737 -7873 -6190 724 7222 1556 1932 -1512 -3814 -1417 
9131 -7613 -7184 -7326 1302 -398 -4585 9773 6827 3623 -6220 -384 7488 1086 -9656 1998 5010 -7146 -4603 1013 -1230 -8977 466 8229 2761 2448 3711 -8422 1262 9673 -9210 1714 909 4453 -2155 -3804 -2248 4720 -6342 2435 7841 707 -7441 1888 5978 -6413 5689 8631 -4240 8301 5782 7657 4095 -186 -1254 -1665 -5617 6562 -5919 -3946 5033 8244 -6711 9646 518 -2262 -5064 -7722 -3251 -7374 -4082 -7719 -9022 1339 2767 -332 -1472 3274 7598 4854 1753 8547 9269 -1371 55 -5363 2962 7452 3758 -8505 -3251 9830 -8337 4826 1649 7295 -9858 -3856 1099 
3383 8540 -1617 -8257 1349 222 4469 2151 5348 9400 1303 6529 7248 4221 -6716 8920 -4937 -9672 -3447 -8208 -6902 4014 7244 -9524 -961 8061 -2342 272 -5356 3132 1146 4706 4623 4867 -3285 6155 -3061 6287 393 -819 -315 -3941 -3683 -246 2531 -5799 -1517 6059 -8174 -5748 -6770 -7358 9687 -413 -3131 -2958 -8796 9847 -8588 -7105 -345 -5621 8135 9241 -8351 -7505 -8076 -4003 1845 -4694 5317 -1181 -653 -2400 -1767 6750 5728 -6051 3305 2694 7258 2426 -7523 -1945 5666 7801 9117 8976 -3115 9271 -4237 2748 8147 -10 2296 -1575 3703 4894 5140 
223 9346 -1707 3581 9444 7612 -6010 -441 5393 -4907 783 -8535 7346 2340 8421 -7629 -3699 7696 -6518 -7742 7650 9820 6425 -6860 4498 2094 153 -4278 6325 -2756 -2624 -9127 -8686 1184 -2989 4166 -5873 7886 -2203 -8038 -4288 -5895 -7217 -4961 -9996 -359 2851 9678 8769 7059 6083 154 3899 -4976 8881 8244 -526 7549 5589 1228 9131 2060 8339 -2838 -5158 -3312 -1596 -6143 9830 4197 6273 -7050 307 -2366 -7881 -5718 -8357 -562 2215 9758 -1592 -6469 -1847 2550 -9236 -8589 9215 6096 -8202 -789 9955 -4507 -592 -5419 6785 5667 -555 -5257 -8918 
-9192 -9353 7254 1940 773 -5875 -3160 8935 8586 9878 -1058 1495 -9880 8267 -9121 -1569 -3360 -240 -1431 8189 352 4992 -1666 7131 -253 3505 -7624 2433 -8203 -3153 -3205 7525 -6640 6800 -6218 -3101 3248 -2602 3914 7237 -2219 626 -9828 -4047 7301 6997 -7104 2190 -9719 7785 -2118 5106 1168 -4451 7494 -6611 4452 -3055 1143 -1283 2469 -6667 -7733 5650 -3665 -3923 -7669 -6242 -4358 -8350 -5888 -7009 7724 -173 1422 6559 6733 -3233 3722 -5626 -9577 -4792 -3663 5705 -9775 -790 3208 9453 -720 -6282 9701 -7773 8224 -146 3391 -6074 1631 6821 5096 
-3138 -8322 -7063 3278 6940 -1219 -1470 5250 -8697 4242 2409 -8667 8322 -392 -7703 405 -4858 6276 -4448 -2290 5544 1003 -4559 8854 -8528 9174 -7169 -9140 2499 5589 -1845 -6275 -6662 4735 4538 -1134 2791 -1350 -9097 -9708 8156 -8529 9557 -2887 -1194 3684 -3362 -9599 -5657 4670 -8361 -5345 3200 9376 4545 337 997 1405 950 -5376 -5855 1575 -3345 -5962 -6839 5418 4228 -3657 1631 4955 -1978 5441 -1314 -7869 -4668 -7863 -8830 -2683 -5692 -5809 -7654 4243 -8335 -6487 180 4210 37 9676 2420 -2001 437 2330 -1990 1171 6704 -7040 3586 -7005 8364 
8144 9842 -5340 -4404 6827 -2113 -3970 6294 2389 -6594 7625 3966 3367 4985 -9960 9497 1342 -5773 6255 -1286 -3370 8347 9712 8953 -5507 7618 3487 299 -3124 -7076 -9994 8376 -1069 -2493 9516 7500 -4569 -1638 5904 2840 -1090 4898 9498 -6718 8261 59 1788 6968 9005 8618 -9813 -8214 6294 3172 -9433 -8454 4430 -7200 1207 1686 -7816 -76 -1803 8680 -6168 -4175 2293 -8268 2750 3310 -8934 4313 -9991 -6106 2684 -95 -5232 -2610 4981 -1600 7641 604 8513 -3142 1847 3602 -6709 397 1972 3324 -9373 8479 9362 5350 -9488 -8294 -1664 -2552 3766 
-379 -1801 4218 -1792 1494 307 5372 -9839 -5153 6557 8222 -3815 -7675 8198 -4140 1003 4145 -471 4981 -7160 -3423 2354 9417 -2506 151 -6315 8429 732 -3155 8784 3802 442 -1714 -6626 7791 5066 -8700 9255 -7620 8561 -5557 -7826 1859 -7510 -7322 2753 -5825 3347 4688 -2117 8171 -1470 -3384 8332 5573 2924 679 4740 5255 -2338 -6922 -5258 8994 5254 -2326 -6365 -7791 -3572 6513 9393 6316 8906 2754 -3394 -67 5087 8932 -9452 2363 -420 1994 -6771 -2655 -4927 -2044 4607 3548 4823 -5273 4789 8909 -938 4988 6826 -9607 -5302 -4462 375 7268 
-8016 -4585 -6166 -4111 7072 -9805 1439 -8055 9637 -2469 -3802 -9566 -2915 8396 -6817 1138 4592 -3670 -1213 4514 -3191 7524 4055 -2705 3213 -8021 -5475 -2089 2259 3502 -1087 3331 5530 1929 -8935 -9637 -701 1839 -2270 9070 4832 7431 1382 -3240 1348 -7711 5737 555 -3264 2658 4613 993 -6483 6048 -506 689 -6508 -8335 4752 8585 -8761 -7232 -782 -3396 -4085 3132 8558 537 -6985 8742 -8528 5353 7879 -8575 3305 -8427 9159 -9217 9031 -8560 4378 -5658 3375 7338 1019 8511 -1818 9138 -6261 -8093 -5026 -8824 4368 387 -4285 3835 -1183 2296 9366 
3153 -5684 8942 -1764 6762 3383 -6096 -879 5032 -772 661 3990 -5972 -6096 -8031 9285 4711 3363 5400 6820 -8785 -542 9698 -8836 2764 -8037 -4276 -3500 -5939 2992 -2703 678 -6888 3222 -2854 -5326 -1788 -3933 8349 3954 -4676 -121 4319 3657 1731 -3601 6782 -9331 -3483 7126 -1639 5870 -3442 8586 2091 -9400 1760 -8498 6083 -8819 2359 -4429 -3568 -319 1340 4244 6593 8851 918 9522 1817 3996 4390 3549 90 -5380 3953 -156 7424 1492 8074 -1349 -6660 -7923 4405 8759 -1887 3717 -3249 3365 1987 1011 3625 -1124 -1298 -1475 -3332 -2698 -9435 
2202 8696 -325 -7208 -4854 -1042 -6031 7755 -5058 -942 -7178 -730 2483 -1269 9784 4547 8791 8204 6593 -6928 1645 -108 -3974 3372 -34 -3913 776 -4005 9642 7732 3845 8350 -2475 3347 1688 5168 -4628 -905 -2851 6340 -1839 8072 2372 9434 408 -5643 1406 -8970 -9728 192 8047 8684 -5746 8866 -6142 -3863 -7317 -4718 -4836 5731 5872 7099 -7331 2138 8438 -6702 4281 1375 8638 -2661 3607 -6526 8803 -8965 -3472 3983 5910 6973 -4820 -7867 -2048 2034 -8698 -8498 -1662 -9995 7727 -8749 -3079 5647 8349 229 -8932 9628 -7370 -6468 -5699 7714 -1790 
-6510 832 4836 -6000 6067 -8933 -708 -804 -7270 9692 -6595 -4377 -4046 7644 8224 -9238 -4239 -7124 -1713 -5979 -2929 1815 -3822 7683 -5047 6732 -851 -3102 2702 2580 -4383 -159 -7270 5643 -4733 2405 -6995 3195 -6610 -1196 9057 -1838 2964 9112 4551 -432 -8587 5175 1770 -6627 7291 -9252 9642 -5525 -8200 -8901 -8498 -104 -1388 6732 930 -9631 9192 -5844 -3396 4067 -609 157 -3042 2448 8706 1504 -9669 -8234 -780 5757 -5827 1765 -1147 -9211 3444 3988 -7016 -8875 -8387 9654 -140 -5284 6308 576 -9715 -1227 -7413 4407 -6997 -3593 -3414 -7798 6900 
-6022 5040 7869 7680 -8069 -176 -6669 9907 -3184 130 7713 4450 -5068 4620 -5783 7442 -4951 8025 -5231 -6219 -6316 2034 -4952 -4852 -2505 -8793 -5188 -4978 -6478 -5716 -4004 -6065 8448 -7428 -6462 5603 -5867 9292 4661 -3279 4720 -7023 -4500 -2924 -8263 -247 -5411 -1346 2769 -101 -9827 7528 6581 8903 -3915 8807 5341 -8116 3412 3945 -6688 -8374 4271 2195 -1137 9721 170 3595 -121 -4996 -2020 -9977 -4058 -5117 -425 -6273 4371 -708 -3783 7788 7590 9216 2552 -1245 5574 3132 7101 -361 4391 -705 3927 -9820 3846 -1457 -4785 84 -7880 8596 8500 
3059 9171 944 2552 -7578 -3784 1230 -2841 -6367 1607 5682 9036 3925 -3847 3944 -6352 2931 3612 -7948 -9109 -2457 -7819 6675 375 1250 7601 5485 -6517 792 4108 9376 -3468 299 6304 3123 5651 6681 -8494 -9449 -4746 -4532 1529 -7433 -4660 -8570 1125 6161 297 4164 -4295 -8886 9778 7881 -4443 -5810 1687 3591 9469 -7729 1949 -2610 -3698 -5682 -2423 1238 -4012 5749 7424 -1105 695 -8088 4820 3644 -8536 -4631 6519 -2035 7470 6614 8159 -8216 4599 -9766 1721 272 -5402 -7632 -3071 6747 5362 5824 3009 -8874 -1528 4372 6051 8470 -5562 3401 
1673 -2023 -4550 -8537 -143 -3384 927 -1099 -2126 7901 5335 -803 -8183 -1833 -976 -7550 7419 1466 -8825 -6313 -6818 -1081 -2612 6148 -8023 -3434 8776 8537 4405 2940 -5910 -7127 -1449 6330 -1576 7181 -7819 -1946 6342 2804 793 4647 5269 -6472 -4939 3897 -6715 8108 8959 -993 7115 3491 -1454 5773 -9997 -6149 4275 -2080 -6047 -6907 -1063 -6013 9012 2967 -9895 8966 -3991 4210 8315 7351 6887 -6149 -321 -9634 -9394 -4010 -9920 -8131 9332 -4410 219 7784 6732 -2852 869 4498 6493 -6589 5034 4631 -3049 3125 -953 -5675 1817 8362 -8204 8416 725 
7663 6879 -9201 2761 6406 -5075 -7245 4584 1210 7480 6358 -6013 -7020 -8293 1783 -1566 -6243 -4440 9753 -1120 4646 -8116 -2933 6882 6236 5327 7305 -8903 -4821 1570 -9777 2649 -1638 -2683 3241 4453 -7806 -9195 2066 2204 1588 2650 -3080 4234 3946 -3901 6621 4180 1855 7064 4044 -4297 -2650 8525 -762 183 9578 -9766 -9452 4667 -9602 -9026 -4041 -829 -3091 9305 -6256 3941 3578 -4373 -7731 1310 9025 2688 -2547 -8975 -8911 -6230 9048 -6980 5953 3242 -7298 -7903 -7453 4316 -4979 3454 -8219 -1054 -3850 620 -8891 -9949 4305 -2538 -1539 8229 2684 
-8125 6723 -5027 3163 2464 -1729 -1867 3079 -7601 -9524 5478 2837 7335 -9340 -5179 3955 -3453 -2718 6781 -9552 -7739 -7055 2818 -6074 -348 5227 2095 9344 6932 9124 -663 -3097 -762 -9281 -9938 -9556 -8191 337 2991 195 -5862 -2863 5316 3661 -8275 -7315 6974 -8946 -6335 -1824 -6606 6652 1631 1042 -7778 -3507 -4293 -2047 -3217 -1053 9099 -8943 -6952 4488 8312 6573 9031 6457 3407 -7456 9944 6353 3995 -2786 6709 5713 -3242 1092 -9493 -5794 -9259 933 -2057 8468 8633 -2137 4824 7625 9155 -895 -5565 -3752 3763 -2938 -8328 3646 9258 8989 -3038 
-4535 12 -2 8055 8096 1876 -993 9771 -3699 -3727 2386 -8673 2545 -676 5391 -9978 -9138 8362 3224 7402 6490 6923 2227 -2238 -2830 -3714 -4914 9269 3895 -2802 -7181 -6068 2320 1757 754 9466 4707 353 -5363 9657 -3506 -2372 9173 -795 -1202 6788 9755 893 7750 -3794 2606 -9670 6527 -149 -7340 632 3619 -3999 7163 -6490 -8931 -8941 4184 -960 -5089 -7554 -8076 6262 -932 4633 642 -7011 2690 2009 4892 8148 4027 -6583 -9473 -1794 -8759 -4244 -1742 1678 3489 -3062 -9992 8924 4577 -521 -6072 -4017 -8832 4083 -1544 -4350 -9904 5141 3832 
4728 1550 826 -2 -1473 -1460 -580 3133 -4066 -7506 -8850 -9862 -4907 -5847 -8553 8504 4784 2366 8164 -7813 5896 9332 852 9801 -8621 4256 9186 5710 -1144 1043 8978 -1002 -5416 -5732 4615 -549 -7703 9713 -8729 1601 -2264 -6447 1946 -9272 7452 -8725 -5796 -4325 9167 5107 1074 1274 7527 -288 5633 -2157 4426 1611 -9051 4302 -8979 5117 -5486 6243 -2062 8047 -219 -1862 -1784 5424 -6165 595 1321 4263 -9361 -9278 -8245 911 -7914 -1920 -4157 1323 5205 -3366 2178 -7039 -3189 -6838 4431 8306 9661 -1754 -6661 -6409 957 -6528 7096 7216 1360 
9620 8241 -734 1887 -2313 -1689 4588 -9649 5712 4482 -7450 8260 -9321 7794 5963 -759 3757 9793 7131 -441 -1476 -6489 8689 -8260 491 3907 -2159 9075 3851 9930 -1128 -118 -6506 -5669 -1219 -5781 5798 -2502 2827 8381 -8695 -5603 1331 -8091 -9280 6911 6299 940 3182 9574 1858 1925 -3996 4728 4135 -9282 6658 -452 5500 -9616 6121 -6273 -8710 -8110 3776 7945 -5832 -8469 977 2251 -2613 7858 -7364 -6187 809 2603 -6412 9230 1101 9542 -264 -361 -6032 8129 -7351 4048 3004 -4193 -4735 138 -342 -960 -5926 -4661 -3507 -1809 9149 -7123 -111 
-4805 2455 2769 4170 -1309 -1419 7913 7660 8848 6751 4140 -8407 2010 -489 -747 -9673 4798 -170 -7972 9817 9112 6209 5752 9965 -7404 -2386 -1939 -1730 1646 9645 6664 9033 940 -7977 1507 2305 -6333 -7912 -2951 6118 5120 5012 -7027 -6493 6766 8228 -8705 4406 3449 3627 -6936 -7129 5159 -7572 8855 -4765 5386 3064 -2516 4143 -1059 695 -5722 876 -8508 -2168 5075 -3019 -9412 -1783 -8886 2451 -5004 6816 3274 903 568 -316 -9760 8935 3277 1540 2797 -5405 -6080 -8028 -7938 9447 -7795 3393 -4578 -9517 -1509 -372 5317 -2929 1832 3827 485 
-2907 7889 -2989 8978 6154 417 5083 -3486 -5871 1754 -4599 -9796 -9282 -5635 1777 3162 5728 -565 4096 6316 569 -9079 -3716 705 6783 -535 -3239 9539 6992 5699 8692 -4095 8114 8296 -8857 -5780 -4724 7327 -1436 -6745 7763 -2230 8503 -3501 1707 -8661 -3055 -6268 608 5240 2350 4042 6290 -6977 -970 789 -6627 8814 -2666 -6879 3271 3908 -2247 8717 -6260 -3731 929 3539 -9389 8865 -245 5170 6162 -8341 -1835 8652 8570 2847 5213 -2872 -9494 1071 6765 -8090 -5120 5270 -2961 4207 -3573 -5111 9007 -8886 5842 -9698 -4493 50 -7870 4306 -5511 
-6152 -2781 -4540 2883 -7558 1097 6145 -9319 1406 -8123 -9834 -9790 1649 -9963 -7133 5536 4274 7551 6865 -128 928 -7059 -4601 3414 -4428 8 -6337 1667 -7509 2767 7073 9937 396 -4122 6510 1846 95 5906 3992 -2463 -8653 8163 5857 -7975 1620 2049 -124 -9435 -7455 3830 -6882 -42 -2930 -8271 5804 6674 8618 7070 1957 7007 -5117 -4752 -4731 3750 3720 3688 4201 7373 3521 4262 -452 4634 5964 2707 -8220 4126 -8282 870 -9601 -5644 -2297 4830 -2200 -769 6655 -1250 -3994 5007 907 3038 -8010 8767 5357 5890 -3087 5010 -6425 306 -2553 
-3794 2072 -1383 -586 3763 112 -3373 -5023 8195 7197 -6045 -5784 3943 3000 5731 -1095 -7158 3996 -427 7471 -1704 -2684 5955 3033 8498 -9078 -5767 3665 1745 3078 2280 -712 -7032 1444 6852 2480 6134 6149 -1581 2202 -6137 176 -1790 9882 8070 -2085 -441 -8040 -1012 -2642 9541 -342 -6648 7094 -353 1249 2695 -9954 -8333 207 9227 8206 -7682 4985 470 3222 -2032 3788 -8484 -3552 5417 -9640 -4750 4195 9699 -8326 2282 2302 1303 2951 -1906 -7977 5693 -7872 -2689 -4526 2539 -5339 204 7069 -2340 -1428 924 5416 7696 6474 -2603 1065 -905 
7227 -1423 -3692 147 -7758 -6679 -1440 -1201 6051 -6304 -2813 -8644 -9511 4177 9771 4748 5575 8202 -7434 -1901 -5136 -5788 -5325 -6103 -6654 -8581 5814 1681 -8604 -8542 -3855 -9970 -3129 -5217 1109 4657 5804 -9369 -4535 -1271 -8739 -5834 7128 -527 7552 2562 6357 -3584 3257 936 -7563 2682 -153 2127 4825 5477 7826 1741 6239 3452 -4036 -4456 -6209 -5248 -1247 3428 -5853 -2021 301 -414 4092 2755 -3354 3004 231 7241 7920 5575 5841 3671 -1378 -8169 4045 -7639 7510 238 -6570 -3568 -4615 451 7462 7086 -9591 1586 -7460 3631 -4261 -7886 -9507 
5719 -1122 4404 4412 8252 1393 8750 7756 -2377 3864 6325 -9509 -4253 -8350 9004 -5507 7840 -5249 1700 -5980 -6616 4333 9744 4763 7264 -4786 -8976 -571 -269 436 -4317 -4109 2638 -431 -3169 6706 2300 -5378 3785 9892 -7298 2869 3398 -5168 8424 -5743 -7840 135 9057 640 -6571 -6462 -266 6612 1012 2983 -6136 1766 1132 3830 418 6002 1721 -3284 -9734 9746 -7397 1268 -962 7954 -8410 4946 -9123 -6934 -4793 1070 -5215 -7803 7726 9042 6955 -1894 -9030 -9004 5847 6491 -9912 3360 9640 7355 -7849 -8290 8712 742 -5699 2423 4998 4414 5004 
-7543 3327 -9376 7723 -3573 893 -8690 -3834 2344 1757 5802 -3567 3569 -1840 7026 -8276 4479 -1128 9419 -8790 -1885 8540 9764 6179 7788 9377 -1601 -7489 -939 4804 4328 -3227 -6108 2416 3259 -6343 3267 -9599 -8623 6132 -5232 -223 -5720 -8171 -4257 832 -3120 -2573 4751 4124 311 -2205 -3170 -7625 -5797 -8544 3411 -7255 -6388 3749 7111 -7844 -4854 -7266 4829 -4549 4617 8839 -1516 -4061 -6035 -9246 -7851 3153 -1550 -852 -3891 45 -4029 -8472 9786 -6905 3765 3728 301 9809 -4193 9739 5687 -447 -8552 8163 390 6739 5531 -6994 -5645 6370 -72 
625 499 -9330 6864 -2540 78 5749 -608 -4712 -3729 9250 -2720 7660 -9071 -8978 -302 4986 -2390 -3498 1718 -7698 2741 1249 -68 -7837 6151 -3552 -8397 8296 7725 -1814 2328 -5512 7497 1880 -2779 -4984 -5145 1097 3592 8434 3990 -4146 757 191 2929 -5433 9587 4221 7469 1896 -5642 -7824 -5877 1625 768 4258 5471 -5088 2806 -1314 4572 9258 3051 -6204 -9942 7883 8871 6773 -9650 -201 -1887 -1569 5099 8079 -4892 3787 5144 2791 -5102 -7045 6769 -8012 -441 6946 -7289 5369 1017 4203 1585 -6753 1528 -9075 -4069 -4066 546 2203 -6832 62 
1491 -6401 -2039 -9833 7340 2266 615 -523 3312 4657 4876 9066 -8095 4323 -4929 -6692 1065 165 -8333 5720 -116 -6874 -4210 -7135 7012 -6476 9633 8104 496 4140 -3085 -5267 -9666 1735 398 4770 -2586 6626 -6152 -204 5346 2135 -9462 1197 3991 4510 6201 -9097 2206 -3558 -9999 5666 2502 8794 -8390 -3877 -9674 -2412 -5050 4804 -6814 -9371 -7650 -6606 -3762 3426 -1356 8290 -9097 7064 4453 1440 9090 -4954 8883 5428 9841 -1578 -1406 -4129 2748 8601 3729 8035 -1413 -2566 -3759 540 -9675 -9672 2386 7554 -9621 -8544 -7478 6456 4586 -4329 2400 
3410 -30 4932 2293 3948 3497 5557 -5871 -5961 2098 -6863 3850 -4090 6665 -5312 -1682 8680 -9980 5313 8295 -8834 -8084 6466 -3860 -6534 -3378 2248 7689 -1209 -384 -5663 -6983 7408 1335 3476 7499 -8036 980 -7137 2831 -6745 -8209 -6465 -7111 5917 5718 -5261 7767 -5303 -3890 -8834 8854 -1889 -233 -1855 6348 -9879 -6148 -2503 4441 -7353 -9413 -2151 -8580 7733 387 6959 7630 9912 1726 -1148 7749 -932 -6745 -914 -563 -3195 -7202 7591 1903 -833 -19 -3813 -2629 2902 -2802 6947 -2143 6357 -2952 5382 -9840 -2097 8588 -4424 -5194 8510 -9817 -6861 
2369 -8422 -4956 -3327 6202 5083 6936 8129 -2882 8763 4441 4994 3255 -682 7214 -3358 -2839 2633 -3956 487 3175 -3629 5158 -4896 -1654 4580 -6072 852 4392 -2118 1259 -5993 -6204 -6132 -3732 -693 8286 9406 -2254 -9841 -4115 -1595 7197 -9120 -8300 -1887 8391 -3017 2906 2016 2639 -848 -1873 7132 6882 6944 7576 6520 6752 -1114 -6703 -8280 -4968 5347 6721 4187 8697 5671 -7182 -5480 4379 2348 -8667 1771 2895 3514 -5586 -8729 -4879 3321 -9667 1367 643 -1738 -4962 -5318 -6281 -6586 26 -6137 3711 -7582 -436 -1366 -4213 -4904 3457 -2106 -6655 
