139 125
8472 8310 4319 6 3114 3073 5729 8383 3541 8141 1748 5389 8542 8076 7643 1239 3712 7321 5574 2278 3191 4681 1002 4104 8255 7996 923 915 5913 2896 4859 6788 3372 -4 8726 2564 4642 5344 8461 5722 8 5498 1681 9813 7652 2635 5985 9230 866 29 3328 5134 6588 424 1417 891 2990 6212 207 4367 6415 409 9194 8748 4198 5604 2215 9355 3705 8128 6985 4200 284 9474 4485 2330 7293 5538 5564 4905 8337 9982 2958 5411 9421 3181 2385 5551 4638 4313 4063 5883 1698 3123 6746 5152 515 893 6589 2096 4710 4162 9958 4029 2246 7144 7554 5024 465 8329 7657 9784 2871 2903 2739 1209 2315 30 5522 4031 7572 77 2065 7928 110 
8968 55 4834 3002 1337 3741 926 1679 1523 534 9208 7837 4698 9194 5072 2704 7775 2145 9088 2010 8949 1843 7871 9414 3115 6596 1256 193 2062 9230 4913 241 4486 2819 8562 8388 989 3677 9589 6093 5929 5338 7335 5749 4500 1366 5915 5448 3357 6335 8759 951 5237 561 4867 8320 6547 20 576 3949 7044 1450 1547 580 1961 8937 5458 8275 2011 7747 7499 9409 4376 6514 3936 5174 9132 9007 6509 6249 3182 9580 4005 542 912 653 4246 4357 2546 1319 7131 3846 2731 3387 7749 8178 4035 3667 246 5411 5072 7464 1347 3536 2781 9336 1911 4520 4088 7688 6364 87 1990 7997 1453 3181 6334 3838 3294 9157 970 9609 2039 5212 1899 
528 3361 7994 7938 7641 4552 7932 4389 9922 4806 7960 4694 9566 4059 787 1324 4292 3762 1778 8130 9448 411 457 732 7226 8898 4533 6556 2685 9529 3194 3012 8664 3468 8621 3921 8269 1144 1440 -1 7843 4106 9407 6766 6142 4195 6382 9004 6049 2618 2629 4726 5179 879 5861 205 8981 8656 5346 8822 6424 6645 6640 6395 7324 7507 9416 960 6245 7764 766 6209 6847 1555 5672 2980 1676 2942 6693 8405 8043 2385 2949 7602 9430 5538 105 1744 4873 4859 417 86 5007 3065 8436 6408 7973 4830 5807 3681 3394 3403 1809 359 6288 3204 4254 3442 8432 8001 3544 2433 7755 2927 6070 5878 5092 112 6100 2830 2468 1952 4298 783 810 
847 1102 9116 5188 2658 8341 6176 4234 2366 4057 6884 3460 9844 4207 6455 4562 37 6079 9162 9020 2975 788 3940 5683 8259 106 3979 1721 7098 4677 8540 4482 5999 1926 4747 4396 2568 2371 8927 1563 2694 8103 7666 6941 7724 860 8301 2153 9398 6912 3452 7649 7164 7613 5652 9489 9620 3282 2251 84 587 2783 7259 2291 8639 4813 731 1593 5817 -1 5996 3704 2582 2499 5719 8312 7057 2488 1136 2429 3687 8209 4606 7061 1731 2982 9334 8792 3031 9699 4244 1210 293 7303 9463 7813 3819 7423 3255 2990 452 4301 5340 565 5923 283 6994 2762 4 2714 5813 2738 6994 6675 5315 3636 6745 7462 1317 4239 5589 3997 8408 7074 7556 
8291 9034 2502 8470 4222 3258 7700 3801 8371 6177 2141 4978 6572 9783 7428 9757 998 1694 8957 3682 8232 2432 9346 2742 5990 3400 8876 6000 8804 2884 2896 2891 3736 899 386 219 1042 8403 5369 180 7380 8062 6107 3145 9025 9508 6264 2661 1304 7987 3810 4217 725 7810 5145 515 4514 2696 8486 7907 1218 4298 7985 8190 583 8763 7675 7859 8421 857 8505 8244 5293 1702 1804 3172 3653 3449 5981 9108 708 1126 9864 9398 1635 5668 4655 5965 2240 4165 5319 8582 5638 2877 8317 3622 972 7810 8175 108 3065 6690 3520 5501 9866 1401 8058 6671 8473 1443 4563 323 1186 4714 2901 9771 775 7265 6526 9910 1427 8212 1162 1403 2055 
1257 5113 8949 8092 2233 4883 9521 6404 325 4299 8368 2484 1200 763 8687 9809 6063 7973 4704 1835 7831 3551 9646 1728 639 5930 2959 3483 3226 7513 3848 7225 7967 5572 4166 8539 2319 4676 6028 2049 2292 5854 1064 5198 1750 215 1997 8422 2467 5306 7558 5937 5657 1972 650 752 7324 5088 8692 9741 3798 7499 267 3325 3175 8967 2600 5394 8297 1085 7291 6689 9125 7471 9077 6187 7088 7968 6699 4437 6423 8200 3333 2542 2143 7173 3889 5009 9745 6831 3177 3003 1673 3950 8985 4000 3005 6591 6223 1674 5401 4803 1114 6593 1003 4685 3002 364 1982 3871 8873 2065 2053 9218 8712 8102 6663 8812 9260 9792 721 111 406 4972 4137 
1464 3000 4275 345 1483 2670 4850 6841 2058 7563 4259 9957 4204 4064 2344 4398 6031 5325 5862 1670 5331 3976 2592 748 9487 3399 2479 8454 3425 5778 486 4438 4701 5600 7935 7775 5230 4823 2646 2362 3994 3284 6942 1700 9709 5818 4828 1348 247 4508 8725 2714 9759 274 7039 2869 7265 6604 5175 7310 9687 9059 2271 9695 2882 2639 9620 5981 5384 9636 5941 4100 4787 4862 9979 5297 2612 6435 2841 3641 2015 6687 5679 9376 6317 8993 2791 6555 2645 1359 1908 8142 8358 8539 2592 8996 2477 7161 3105 7127 23 3880 5747 7943 3119 4098 8540 6027 9915 8656 7540 3316 8775 590 8851 1400 3891 6683 9474 9857 9193 9652 7664 7488 2584 
1233 6060 326 8269 4366 1398 6894 7761 2876 9690 171 1999 8145 1631 4227 9445 5575 4747 6287 5925 7057 9521 3035 526 8690 434 5602 5263 2331 9224 6131 3860 4694 6556 4478 4813 1116 276 9396 8921 5276 7162 8180 6670 1410 6536 2680 7105 8135 8085 4861 6880 402 6496 3356 9044 4773 4873 8774 7517 3085 7235 6791 9363 2964 1794 9496 8453 9760 6943 7048 6993 3639 7460 1398 5754 9918 5006 8493 2976 4672 2398 360 2410 7451 8094 7501 9827 6928 9066 9557 357 9770 3411 3905 9391 1221 9825 511 8872 8683 6900 590 1804 374 9168 1868 8432 3233 3046 5930 4204 2556 7434 4288 8699 7931 4791 9337 5144 3599 1570 6656 4463 7470 
3418 174 6203 5331 2491 8603 2672 5595 3212 6517 6396 8907 1184 8688 3632 7945 1748 4846 1169 8141 2173 5765 7964 2149 2836 3192 6632 1709 7761 3927 4739 1700 3349 5705 7871 9466 2711 493 6871 8121 6442 108 3913 350 5442 6123 4464 4605 8199 4676 4091 8597 3891 9677 548 5297 8205 6955 3558 9100 9816 4802 4610 5051 8194 2779 5943 1240 3679 1948 7694 9161 4289 1985 16 1044 6862 8677 5881 4559 1093 7346 9333 2376 1355 1206 4689 544 9065 8810 3090 8603 6648 7978 2318 2322 4722 129 2558 8197 2159 7582 603 6363 8246 2450 5275 2930 1159 6220 8907 3066 6970 5331 273 2799 209 8450 6065 4391 3261 910 4999 5655 6514 
6984 5875 4697 3400 113 3188 1049 8271 4303 5605 3746 4892 6864 5697 4258 2609 9250 2468 831 8922 4227 7150 7359 9585 5333 8287 8189 1230 9500 6580 5529 9424 8966 7648 1150 6311 8761 8585 9172 7322 8098 5751 3819 9122 6283 4523 6581 9410 4914 3019 5395 2275 2520 7990 94 6657 1967 2342 2981 7439 3740 7732 5756 6215 2953 3005 2228 2474 224 6147 7214 7136 9013 1720 7121 8737 9110 4444 9140 1707 353 2538 6358 9806 1936 891 5158 2665 4572 6071 209 1623 7132 7232 4831 8010 2370 3760 5393 5619 4649 5875 54 8244 2665 3073 8567 152 3352 214 9217 1734 3840 3801 4360 9020 9276 5930 3630 9200 35 5420 7883 3184 7867 
564 7126 8320 8202 5765 5524 6971 9465 8920 4722 874 5423 4394 7072 5624 5986 7990 1041 7264 3295 5191 5962 3281 4370 639 1587 1609 9929 7052 8590 5855 540 5075 1772 4215 5678 5319 5681 9934 9869 8101 448 1232 2302 3293 508 5272 4301 2433 7042 6056 457 6344 4927 2922 8809 6549 5640 8876 9674 2770 5898 4239 4222 6037 4345 5489 8200 8798 5457 1996 6316 4971 7584 7843 8287 6222 8421 9075 7219 8035 4198 1638 36 1883 1091 7934 9221 9298 9437 9782 7315 6581 8778 2385 7676 3338 2326 4958 191 9418 3265 4194 2374 4045 6127 3140 4513 8691 645 1404 3599 3525 3923 6780 1013 1632 9441 4997 8371 1045 4336 4844 8733 6520 
185 7441 9590 6442 2925 3928 8110 8170 662 2678 4628 2050 5251 9695 100 1417 5971 1817 8169 369 5421 2603 3125 3497 6950 4092 1205 1918 3444 8548 4774 8510 -9 8918 8874 6738 8868 7905 1151 9963 6739 9271 9201 4354 7260 3459 6993 5894 3941 6661 3580 3805 3352 813 4713 2294 5404 9538 3372 432 473 7122 4143 2338 1500 9535 6102 7775 530 6977 4166 1283 4760 3034 8670 2621 6509 4407 706 1374 4911 264 7900 6723 3629 2450 5629 4529 1203 3185 9231 8031 3536 4691 2781 797 6832 1984 1636 9949 2820 6234 1438 3144 3382 9032 9333 49 2259 2958 9628 2289 7476 5793 8148 8115 1692 7499 6940 8869 3746 3536 3948 6158 735 
9451 360 696 4224 741 1869 2558 5007 2258 9491 7632 3030 1203 4020 1101 456 4392 1735 5147 9624 7299 1908 5541 10 4614 3814 3947 7204 1317 6429 5399 3173 4525 259 5867 8230 986 6489 5989 9311 2280 4513 2310 9353 2753 7053 1847 5408 1668 3965 6014 2031 8608 2411 5749 3656 7319 4387 4245 2027 1327 9623 1245 5931 3548 5823 6956 433 3852 1715 3419 9617 3818 6355 8513 6768 6131 6177 4362 6482 6271 8847 7947 3542 3548 3043 2598 3291 9823 5741 847 5180 4209 4044 9065 8461 5474 3520 3635 8533 8535 9466 1207 316 8479 6468 7719 1114 4392 2552 1800 1660 8482 5954 6706 5417 8599 3410 2675 3540 487 8210 3545 8145 523 
6768 3557 8931 2836 8362 2597 6739 1769 8592 8589 667 9882 1382 4952 5448 1458 395 8717 5655 9582 7853 3896 8801 8228 3013 2319 4660 5176 946 6372 5896 7135 9708 6975 6947 7298 3043 8496 8460 1919 9238 2992 5311 8236 3784 3721 5470 5867 9519 5535 3920 8055 9156 9470 6484 4101 1707 1536 4446 1356 7301 8095 8699 8967 6627 6586 8936 4431 2571 2898 5869 8333 6488 4521 8939 1913 1260 5831 1713 2094 6884 9892 8432 9990 7709 6652 6989 5829 6236 5806 7970 3968 254 5806 8835 3138 8150 1234 6643 4921 6479 4647 5975 4404 9895 7183 120 5534 1550 1496 3617 4723 2915 6941 1622 8799 7590 3840 1100 5341 9876 772 1330 8284 768 
648 5457 1395 9234 5149 7337 824 582 8482 3910 3705 2336 4777 4450 255 1400 4867 9735 5232 1357 9595 5967 9970 8675 1491 5672 8820 408 4806 9122 5205 5721 5839 2117 2779 6916 4815 8137 2313 4885 574 4619 1190 2820 1760 7515 2317 6032 900 9768 3178 7851 4302 8797 1457 7393 3563 9906 340 4595 9545 8541 3601 6160 9526 810 2174 8289 2808 6049 6648 8042 1831 9783 1534 6229 3500 8336 4667 3633 8120 2128 844 7526 1190 1998 7986 3907 1326 8261 3883 6368 3016 4346 4419 4605 1949 6963 1756 7060 7001 1615 1724 8057 3831 7333 2539 9991 7551 1295 2744 8157 7026 3278 8219 4676 3698 471 1515 6894 7422 7863 6288 3173 7386 
9855 2304 3081 429 6466 1344 7349 8053 9122 1348 7580 7273 4124 2906 9039 8617 6183 8787 189 580 2022 4968 2848 6870 8648 4468 8238 9703 7644 5843 8586 7274 5866 6748 2449 8536 5922 1028 6820 4382 232 9616 3887 5866 2887 7594 1847 6263 5823 736 2649 6540 3919 2846 2426 9351 4822 5959 493 5474 8095 5253 9314 9634 9422 7393 1335 6835 3509 6022 6176 920 5431 1897 4268 1507 4494 4855 1863 5289 2030 368 6062 9731 9553 2208 43 7603 2444 7681 9739 5822 6173 5877 8380 3208 4282 4408 4892 7028 6414 6371 4632 162 3473 5122 5438 9037 4215 7946 279 1115 8503 8170 1769 2704 323 9024 2002 624 1313 1572 5292 2785 1272 
4088 6749 1687 7739 1283 2793 7452 5953 5417 155 7293 4340 1424 6471 3303 144 7483 5426 5129 7164 776 8640 7173 7491 3859 7544 4939 1949 2275 7730 267 8181 8753 61 8562 6553 7930 7150 4073 69 8680 9131 6575 6654 7017 5065 402 3623 5530 2059 7453 2861 6521 6322 3230 7554 4476 9864 2466 9196 1239 2870 8848 2280 1454 6821 3964 9906 3977 9821 7721 8643 9250 5060 668 7428 6095 199 5785 9793 2092 3269 6743 1299 6757 3560 1275 6876 6423 4897 7371 8380 6512 1952 4411 7835 7023 5629 8950 4641 9724 1043 2617 339 3365 4256 948 8776 7552 8108 4698 1152 3256 6711 6943 4539 749 6098 9547 7011 7394 9560 5334 4468 715 
3620 1310 6183 7772 2315 8080 3773 629 1588 8709 4750 6737 3225 6373 1647 3113 6131 8491 2885 5493 5213 9376 4605 3630 2100 3493 5133 9971 7395 9804 4148 9737 6451 5599 8233 9150 3065 5383 8162 361 9658 4816 6647 6771 6104 5885 6986 2926 5242 8589 8167 1378 1262 2493 4400 9851 8753 2838 637 2450 8079 9776 9216 8839 5492 6823 929 1258 6787 2177 1066 9299 8074 1192 2521 6183 5413 2837 5606 1859 681 4801 7040 9127 6590 5692 1672 4304 9713 233 5733 9296 6955 8056 2073 4351 -8 8403 7564 4921 5922 3599 5855 1667 4254 4116 8224 5454 4133 9836 5800 1873 2922 5917 9822 6120 5801 8257 3838 5688 6502 2451 8817 562 1683 
9393 6990 1352 399 7323 1109 7047 8614 5840 1907 9852 4007 981 8603 3909 7462 82 3587 1517 2009 3305 1142 9912 1944 913 3621 5275 5229 7611 4899 4164 8738 9029 9877 4538 7461 3568 7436 3645 2032 9148 9295 1088 3063 348 1978 3293 2050 9035 6166 1170 3873 9235 8329 7482 2828 9997 9477 1234 8420 5667 4977 9609 357 1431 557 803 7853 4540 4469 7682 7010 8365 3054 3269 318 3 2832 7891 8829 7930 5775 6841 5416 5283 2123 4705 8421 7232 9411 7708 5534 8292 8391 3889 7049 868 3119 6604 2888 7381 3581 8735 3603 4680 671 467 8864 2277 2265 34 9210 419 393 9896 4011 9853 8245 1229 81 8042 6946 1526 7512 2320 
12 4730 1101 4431 8785 7338 9718 5532 1564 7752 8812 884 3484 8610 5321 3243 469 9227 1974 46 7468 9116 2923 3031 1671 3394 9025 8192 3631 1649 3559 2399 7872 8821 440 1052 6220 8500 5055 6811 1885 2391 8274 8742 3068 6497 5018 1421 259 5554 3462 8910 2117 1186 6938 395 6527 68 4023 4296 3833 7644 6877 3558 9235 4472 1960 8525 1943 2330 774 8492 3063 22 4054 6155 7886 6778 1825 8124 6774 6604 9102 2185 807 3827 6869 4873 8522 5039 3085 4715 1987 6480 6675 4304 6961 5845 6346 3566 7108 2969 5684 942 2624 941 2861 8481 1855 1942 2874 495 7919 3904 5368 3187 629 8053 8553 4057 4397 9348 7775 4476 9647 
851 3319 3038 951 9143 1924 5583 1034 7682 9347 9422 2139 3263 2729 1055 1072 7450 9315 8771 2857 3366 8779 2205 7559 4694 4090 1694 886 4131 8736 3946 4102 60 3590 6753 5230 3931 6695 2765 9079 7060 5169 8864 9855 3694 3264 5256 3541 5994 3131 671 9781 1882 4893 4560 4056 7976 9166 2863 8603 9746 3328 1994 3509 4378 929 850 3416 3450 6707 7248 6167 4429 9618 9327 9185 9698 1265 7847 392 6414 4465 7990 8957 2589 8654 9533 2764 2556 1927 2249 3749 7428 9222 7216 1626 9733 3366 8549 41 424 3262 4938 8647 8499 59 5522 2118 5903 7680 2967 6304 6065 9971 89 5967 7574 1688 7181 6800 1539 1852 6476 2450 1903 
7896 642 6435 8330 216 9717 1304 7991 6037 6955 6952 8379 9525 2299 9879 5136 4610 5288 9436 6559 7629 5720 6871 7474 2270 2404 1092 8976 4985 8859 6111 8848 2279 4800 5841 4438 889 7331 7513 7900 7336 9301 5041 9130 6394 6132 7096 2149 4124 1271 4422 5094 8978 9639 770 9149 4691 9347 683 4878 6181 9812 3459 4391 3142 7569 9180 7 1330 9365 7170 979 8838 356 3026 8478 713 6115 7206 2564 4020 4642 4687 6319 5117 5626 8999 388 8349 2200 8803 3351 2333 9948 3147 1658 8767 3943 821 805 4215 5281 2163 3928 2995 4974 7815 9202 7909 9084 725 2965 2213 8995 1504 4008 768 1522 9417 5009 9597 8119 3872 6150 9372 
8064 7079 6182 2636 3634 8654 8696 2095 413 4127 9277 6068 8079 23 4558 7492 1025 1194 6455 8932 9876 7011 7377 4480 8183 8012 9623 9750 3457 6321 5935 9348 9026 1656 3421 7015 2722 5420 7131 5652 8589 3232 1227 1563 6818 5278 4001 4635 9584 2222 3926 8141 2575 5805 609 8795 5549 5629 7810 7641 874 4196 4742 3492 9036 4388 5575 8032 4221 7399 1700 8311 19 6302 703 7195 4777 2545 5093 8482 1433 9655 8182 5536 8412 3447 2212 4039 3738 4355 4524 6260 4551 9676 2383 164 3661 7222 9936 7947 1797 7344 8264 4429 787 4641 6768 5958 3838 4602 8929 9038 8893 2312 5909 9906 3124 3796 2197 2145 3919 5509 3806 2950 3778 
9006 5310 7202 6832 7398 5262 1078 441 565 4471 7171 4953 3662 9718 4226 4552 7826 370 2138 4928 6922 8486 7949 4054 4801 6847 3430 558 5437 3192 8146 4922 5660 4654 6849 1308 7030 4239 8130 4835 1092 7069 3318 368 5550 5789 3065 4475 2102 5736 4034 61 5521 8190 7524 227 5780 3113 7901 9178 2400 5226 4263 5830 4045 6110 768 6451 5023 4471 6985 9764 2453 9008 869 1955 9052 3690 5939 9847 7491 3851 2636 6662 3640 5011 2711 9172 9691 6496 4286 1012 4722 5966 7889 320 3485 4528 2638 7767 7439 7645 8251 2430 7543 8704 3033 3999 7910 227 2264 1493 1808 8720 8701 4964 8183 9021 4308 7824 3073 3203 3775 5915 4591 
3769 8484 8016 443 6882 8700 6692 5460 8427 1235 5377 5332 168 3996 9611 9463 9851 6196 6587 7894 6541 8827 2247 2986 7812 6987 1583 5536 7041 6639 1364 895 2686 887 8654 9690 4942 4307 789 9825 7613 8883 8371 1348 4203 413 945 3193 3892 5091 3870 2336 5652 7838 7212 2069 3668 6460 6533 617 2989 6199 8396 761 6678 3789 81 6567 1063 5533 1511 7563 8506 1108 3894 1903 6837 7506 5985 2807 3421 833 313 967 1162 1289 3885 8873 8838 1790 8300 167 1541 8301 1073 4408 9531 6539 2332 5536 556 6012 3089 2712 2825 7063 5251 2860 2467 9938 7814 8148 9216 783 1185 8724 3713 1395 584 3747 6143 6200 8439 7537 3253 
472 5246 9749 5308 8739 3156 6881 1222 629 2455 6595 2883 7828 8598 2353 9150 4407 375 4229 7518 5114 5990 1781 1919 9613 8239 2115 5141 3410 6703 968 5187 2977 29 8599 1441 6730 1925 2019 3873 2495 1251 9025 3811 3693 406 2405 8916 8650 2852 8242 6478 2589 5300 8472 4283 9387 9074 7512 4000 942 3694 7476 3958 8131 3269 530 9213 821 4349 8471 6774 1999 5944 9395 9190 3029 6251 6294 7523 5389 8072 3802 7497 7230 4001 7106 4606 8527 6158 8530 6860 4084 2253 1649 6824 7964 7447 5011 6404 7970 2786 5382 9952 4041 6184 4035 1988 6838 891 3340 5112 1657 2218 8558 3658 5366 9968 7153 9571 8300 1309 9809 7285 1383 
6131 1020 305 1587 2039 7618 990 3891 6403 3559 7775 8874 9060 3929 625 2235 1043 1216 8319 4183 7172 5142 4808 5490 4972 9280 9758 995 5470 6633 4717 1193 4844 7514 3257 5732 7472 9908 3882 2069 2625 1113 8040 6072 112 8548 9447 2507 4316 31 5980 8740 218 620 6266 3074 1561 3641 3599 1869 9700 2883 2664 3866 4727 2344 5264 231 3928 7364 7524 8292 4700 1394 6330 4033 8440 3484 9016 8138 7863 4913 8493 4364 6108 9698 819 4536 8284 8626 1776 7754 3012 7097 5455 347 5407 510 9150 6709 3417 4778 6780 2899 9994 6478 4859 1810 7093 9215 8172 3553 1933 2777 6649 3677 4932 3743 2478 3619 2756 3142 2314 8318 9375 
1205 5869 83 9503 8275 210 2777 8923 3440 2082 652 8717 2091 8198 9310 271 2251 2596 1739 3544 5105 5524 2930 6038 3214 5206 6472 5273 7213 7961 1966 5732 3636 3584 313 5086 968 1786 6150 66 1350 9578 3348 1650 6180 2247 7078 3145 8474 684 4337 3024 4241 8977 4936 992 6977 4592 3348 1828 8713 7121 654 5784 4728 651 227 5223 3260 5396 7299 4100 5981 2737 2086 1594 118 9334 2489 7340 8267 1627 2836 3042 8412 3461 4695 819 8023 170 8298 482 9994 2606 1182 6904 9767 3950 5815 9450 2825 5170 184 5374 3677 7938 2614 9388 5186 8459 5340 2944 7460 1373 4178 5001 7601 3085 4510 4968 3717 1375 6623 8145 1071 
7498 6710 2912 8311 954 8049 5203 2260 5921 5195 5675 3124 5509 4011 6434 1483 3019 2680 6149 8747 8096 4618 1701 425 2779 8139 2616 9274 3425 4689 3988 3929 4460 1144 8873 2424 3825 9905 741 7294 9754 4757 6663 2186 6660 7630 8971 7145 938 3336 858 6622 9805 5096 6619 1799 3383 6609 1645 6096 837 4407 3540 6693 4206 3184 4115 8751 1520 4532 2929 4185 4488 8486 7138 4334 7296 7631 5179 3813 7904 8268 3773 8675 4069 8337 5079 4896 4269 6700 3948 5048 1825 197 3512 7342 9068 7663 5805 5911 3775 8210 2278 3941 9290 2318 9700 9482 8049 472 8630 4861 3821 7030 35 6789 2700 5615 8546 8205 3595 7181 4307 6386 7540 
2695 8016 3333 2458 9212 1177 7600 3829 9373 6803 8883 9807 7429 1176 6013 978 5233 172 1329 9629 1144 6201 4147 6719 1372 7362 1300 7107 4899 9011 581 3559 1306 8510 3781 2020 5710 3456 7402 7871 3280 3952 5215 3862 6290 9281 5349 1410 6488 59 1555 7255 7058 1065 4340 9199 8576 9432 8314 2079 4243 300 8616 9284 4016 85 1438 6602 3876 4712 3382 5776 9593 3029 3134 985 183 6394 8868 393 4552 4385 9572 1229 4449 3179 4375 8584 1130 4250 8862 5963 822 9518 1537 4924 63 5490 8483 2070 826 1968 1094 265 8587 1995 875 2490 3807 2467 7191 2670 9540 4922 2334 9132 8519 4579 2697 453 9561 6803 8296 2320 3551 
9201 8048 5042 7737 7332 4472 7445 3364 5402 5167 6376 3715 6096 4933 149 9909 953 1069 7851 6563 2488 6123 7680 2160 9199 306 5166 1371 8379 8595 4526 2706 8837 6082 8411 8693 5350 2944 3566 185 1663 4145 6956 6641 7924 2878 403 5396 3852 9931 4845 5377 7694 9522 8403 6900 4829 7815 8003 8407 5512 992 6636 9297 5064 5647 361 4348 8622 9028 1050 2277 6719 844 1596 9125 186 6282 4328 7665 5087 2931 753 3263 1985 3125 8812 6156 4916 6782 1440 635 4242 9731 2596 1745 2344 7039 6290 54 7857 7746 3850 6379 375 301 36 3982 7660 5462 273 2574 7104 8849 9490 1622 8487 4283 176 2180 7554 8057 8199 4976 3761 
8750 7084 3732 4084 303 5011 765 3494 4419 1554 3992 7114 4420 1698 9206 6430 1468 192 234 4221 1712 9263 6380 7346 1389 9553 5509 3249 6744 8670 5148 9455 8782 5172 8276 3819 1012 1941 9348 8473 6742 8701 3032 3275 5173 2215 7348 1812 4915 4576 1572 5092 1305 1988 7179 9577 6208 4466 1625 8425 5084 9708 6962 1035 276 2530 3164 2332 1180 8864 6293 4523 8298 3784 7047 523 3099 4525 3374 3845 384 9731 3579 9894 8014 5364 7556 1159 8758 7391 24 3853 7682 3197 3562 1512 5976 489 5006 2947 8799 4737 3267 8944 6586 4278 6992 6469 4270 5979 1267 2728 7018 3165 1066 1942 2412 8585 5544 4378 5685 460 6876 3184 6093 
5088 8040 9518 5057 253 178 2705 4839 862 5256 1463 3812 2541 3330 5383 4183 3837 5267 5431 3707 7582 5258 4568 7737 894 5465 4559 1620 5743 797 9159 6986 7890 3530 3681 5871 5863 442 973 7856 2402 1820 1918 9146 2385 4666 6199 1197 5609 9669 3600 4530 5605 7811 3446 8135 4763 2069 7906 3696 7962 4827 2676 6511 4333 3558 8057 2450 9557 7737 9899 3704 9926 5825 4068 2037 2228 6332 7954 9153 7362 4654 4160 4936 5588 3418 730 7558 9317 4738 5587 6284 8236 8590 7261 1247 5010 7324 9901 6675 5530 8735 5175 1375 3650 5067 9671 8172 981 7740 6448 8774 5810 1111 9003 2222 8203 3740 1497 2324 5413 6688 8736 3809 9504 
8028 2649 5048 4296 6761 2593 6756 7707 5780 4456 6104 9737 2852 992 5243 5276 2932 4398 4181 4548 9229 9814 9700 7681 9587 8666 920 9277 1151 8676 3289 5150 5702 9724 9238 4149 6804 7242 4304 1795 7810 2539 5990 8963 5839 9854 3902 5645 5942 8570 5093 9702 1670 8518 5480 116 7593 8719 3766 8483 5659 2388 7049 5139 4517 1612 7654 8572 9346 6699 9040 8636 350 4461 1679 3408 9587 9942 6305 6007 6225 2814 4560 6264 957 5943 2636 5037 2752 1131 108 5151 6313 4686 810 4638 9138 6247 8612 3501 7988 785 3567 4582 2631 2458 2454 8574 192 9648 9613 3671 1435 1409 2278 2037 957 3328 2577 830 1576 6450 4227 605 2830 
1140 2403 1476 1480 4819 2531 7790 1064 6341 8969 9724 1571 9505 7382 6488 8920 781 5193 3451 2208 6442 7576 9743 3615 8099 8816 9970 872 6113 5268 4143 43 9968 9788 9437 8949 9729 4104 4706 7671 2499 2722 839 4663 2192 6169 3786 4059 9822 5556 1619 1989 8127 5558 7000 2284 9402 1661 5628 6922 3476 5514 1844 6243 1849 1821 4828 2330 1216 9337 4069 6301 484 1992 3680 6120 9061 6550 2929 3337 2988 2863 6990 2179 6063 4479 4267 2152 4784 4284 268 4962 7082 5196 2397 6495 2185 2105 1554 5686 4897 1085 658 6824 9264 6863 924 2380 6511 12 500 6957 6704 6010 5020 7098 2170 4455 9593 787 7842 5529 6846 1589 6115 
3903 9338 811 1721 5496 7798 4269 7206 342 7061 4291 6488 3365 9115 9042 6592 9523 4788 5351 6724 7414 3302 5162 877 7679 185 6409 4897 3772 4971 5899 5 3109 1263 5325 7190 6919 3711 7687 7063 1981 7125 4673 343 3732 6008 5139 8345 1082 4295 1590 7045 1112 1160 1193 2859 5573 3085 8055 8694 3790 6004 2989 8067 4600 6739 476 7319 7185 821 5939 3867 9775 1783 8113 7412 992 8719 6780 7029 3894 7940 9333 5758 3944 1453 7858 1047 8261 1808 5002 7882 3057 1462 795 2463 1501 3523 4191 5608 3914 4197 9147 4632 1676 7501 7848 3687 1453 8613 6213 5394 7478 7234 9064 8214 1682 2487 9421 9345 5496 7196 1426 1614 4358 
4341 3348 675 7245 5551 2658 4009 4103 15 3603 6098 8143 4154 9609 6732 9172 4607 4925 9163 3101 8471 8235 3458 5552 1477 7366 2493 9109 315 8929 2066 1914 965 1445 7128 1496 3337 6741 7985 8644 256 8182 1733 1403 5684 9605 5613 7895 8510 350 4250 9043 9823 45 6303 7604 4723 4147 325 794 7671 3824 7112 4850 6226 9645 8829 6254 1866 7710 9353 3635 2993 6759 6406 651 189 6897 7712 7374 2137 49 3371 3008 7080 9330 5697 5738 5893 871 4234 7063 3332 8651 1431 5077 9368 3755 3702 4972 8209 3754 3744 3137 8045 9601 7223 8819 3347 6601 2448 7345 5011 3253 4567 2952 9140 3741 2639 2047 6199 6118 1475 6524 6257 
5529 3689 5862 2866 9002 2389 6052 2364 9774 6700 123 5419 354 3221 5342 1784 6999 404 7219 1401 7062 6840 5068 9310 3270 7372 7817 542 10 1167 5605 6696 3706 6668 6100 3917 9749 3442 8908 8528 7602 8715 5814 9601 2967 4901 9004 7873 2266 2481 9914 687 2967 3516 1668 9449 6618 1132 365 7477 4121 2667 3227 4283 1236 6770 8335 1496 4528 5328 5014 7236 8202 7686 7440 553 1672 7273 9749 8187 5799 5367 9299 -7 1979 7889 9595 7096 8858 7770 3152 28 1814 4255 3636 4240 2187 481 1980 3782 2238 5767 3995 4801 7205 5041 8681 5921 5261 2721 5906 5194 4072 314 4906 7334 823 1494 1722 6737 4885 7484 767 3870 3187 
6534 4487 1020 9292 3593 6798 6282 4792 2763 7017 9793 4300 7448 4207 1422 6049 686 5716 5169 7369 9765 9594 678 5433 8863 7507 3309 9631 6127 6612 1944 5078 3287 788 7345 7344 9409 2963 7757 6565 4032 8361 6847 1641 8624 3782 4315 2226 4726 4307 5588 1668 2646 4947 3630 7214 2642 7759 7896 9470 7970 5448 275 654 9419 5625 8507 6728 2513 573 2922 2909 9270 5697 9082 8528 905 8195 5544 4732 2328 3614 6526 315 2284 4791 3274 1331 6617 9781 6463 2094 3261 7264 9450 3289 4869 1054 6144 3906 6200 3737 1634 3702 6736 8403 8897 2607 3994 899 6800 5878 7104 5675 4582 9893 6176 408 6428 3367 5289 5705 3893 1233 1547 
8928 5920 7917 2270 9937 8751 8780 6251 5634 4990 5607 7481 5774 2731 7919 2240 2652 7904 4085 8474 347 3313 9986 7415 8946 2568 4416 7442 1112 1642 3332 8673 5856 5649 5912 446 3670 8897 755 1639 253 613 5969 9110 9077 1739 6599 3306 5004 1505 8567 5340 4881 4570 3773 2488 3977 3256 6451 7049 588 8262 1604 1794 3586 2149 5802 9455 7437 5096 1108 1603 3014 8506 2483 1431 5355 9522 5656 8187 3061 5987 1437 2632 8902 7495 3887 1006 2772 325 8137 515 2517 4377 3221 9620 5128 9133 6950 8964 5398 686 1701 3942 8335 3241 7790 3319 5956 9486 8560 829 8122 9041 9170 947 4018 4265 3153 2365 8169 4849 3539 339 1072 
1376 4098 5086 9754 208 6204 5391 4568 6868 1094 6873 2117 9299 7780 2912 1605 2649 678 4292 1611 4468 7219 1965 1164 1851 3191 4416 8266 5693 7947 1643 9621 6265 4643 9138 488 6915 3136 2369 5386 4952 6731 6817 5659 3373 2789 8697 1907 5918 1410 2692 7710 6152 3449 1351 2055 4121 5485 2008 1299 3319 3733 115 6144 8069 2425 2405 2570 2757 6031 4427 2276 5240 5334 7259 7632 8678 6556 2428 389 637 1206 9456 3907 7676 22 9113 8441 4761 817 3950 1278 4912 3042 8505 9673 800 6786 1854 8343 936 3418 9526 5955 4168 2208 5235 6596 1635 5669 8881 9332 5496 7352 9808 1398 4228 6513 2773 962 3143 3471 5532 3873 6204 
8922 9367 7335 2378 5400 7465 8051 2828 4320 9086 5516 9860 5768 2559 5885 8961 574 9803 3374 9950 8437 5028 7722 4796 7607 3439 1619 5478 323 2226 5651 4077 9804 5431 3742 1518 4624 1771 7195 4010 7419 6740 936 1840 6207 2921 3858 6949 8178 9169 4309 7534 5881 6676 4302 859 1420 5399 2763 34 8215 7866 3502 9159 9884 3423 7937 3160 377 3150 2441 666 3964 5621 3831 2829 7533 3821 112 1272 3781 2652 1916 2004 7427 2089 2400 2221 6696 3782 6284 7907 1633 7697 9097 1431 4853 8600 330 8427 2020 2038 5216 7762 3516 5557 2860 4323 2245 7446 2429 5283 1030 3540 9370 566 6117 4421 5378 2267 7272 8690 2120 5059 1959 
9415 2618 9993 68 2446 1075 8997 6584 6899 1905 7757 1612 5223 8312 9030 2757 1125 5757 6235 7300 5443 476 6420 8076 9144 3801 5646 6155 2606 2431 317 3839 4359 5990 6841 720 9085 2577 4055 2461 2489 7390 8040 7897 7850 1767 7102 6747 8115 9232 2318 488 3461 1542 5831 5461 5746 7143 1795 666 6139 4722 4957 795 2798 9580 179 6397 1727 3946 4113 7483 977 5215 8865 6306 295 4256 8892 6855 5255 9079 5889 289 8014 2800 6226 8475 5784 6984 7178 7530 9078 4368 8070 2388 6479 8700 2816 1646 6228 4943 1072 1057 2591 5102 338 7485 3465 4002 3170 44 3877 970 5464 4325 2469 1674 2503 5067 5231 3028 7986 8062 3218 
5870 5396 3817 2415 5353 5036 2329 6532 7861 4443 5907 8440 5276 8102 8871 4349 2171 2995 142 3543 3122 9228 4177 9462 2601 9741 7814 9938 999 9551 9805 5947 9598 4000 6368 8300 3328 7236 640 8557 8857 5340 3486 6713 710 7791 2567 3968 4526 1283 2416 4785 9030 8079 7675 1196 9006 4047 4 995 5574 9935 1743 6255 5796 3109 5538 5555 1073 9101 3172 4837 3949 195 1627 710 3357 15 6336 3926 4144 9645 2922 8612 6661 3987 3029 4220 311 4612 1474 4483 929 2885 5316 1857 1308 8215 7744 3824 4121 1901 2270 8681 2639 7846 1418 6723 5287 6256 5947 977 4843 6568 9184 9045 9481 2916 9501 4111 1194 7193 8359 1002 1209 
3561 445 8502 7181 6401 8700 8597 8140 6448 2226 1217 2420 7788 2156 9342 1987 1726 3450 7866 9002 1575 9366 4060 5065 653 3935 2142 383 3802 3818 1732 953 708 3674 5004 308 5874 409 3529 8932 464 8352 1274 1522 6764 8686 8912 8609 872 8371 5568 1726 3092 2997 1433 3332 4338 314 9915 1221 1679 2091 3856 8214 9442 7715 9661 5329 8644 1767 51 2918 2616 1848 9028 3620 9896 2760 5566 804 9382 8546 7222 9209 8754 4904 1821 6566 8538 1856 4552 9640 7711 198 5051 1563 7190 8164 3685 3964 1517 7179 9407 5093 456 8195 8605 1901 7970 3695 6794 899 1338 1194 3617 5525 1138 2049 8103 4056 8410 6049 4317 7495 992 
5678 4258 9240 9561 6939 3940 6570 1399 7279 7612 6628 4720 8979 3250 1134 1315 547 4759 7669 5025 8988 3836 7780 291 2290 7294 8279 3826 9590 6153 5762 7447 5967 8206 4416 3504 9765 2977 3143 8222 1139 9079 6093 3789 918 289 4581 6111 9294 1327 9698 971 7325 7438 1856 1632 5640 9184 1393 3365 9590 8275 9570 313 2935 3189 7908 25 9380 1161 8440 4336 9472 4486 3860 9506 1216 7562 9100 9545 4265 9799 7619 9119 9912 5000 6821 2364 400 8197 5350 1478 8662 8668 2514 3275 9788 2766 6907 1011 5647 1525 1010 8229 9382 1781 6500 6991 3677 3902 868 3451 1930 7909 3267 4059 6349 925 6503 984 428 699 3803 9170 956 
3804 6229 9766 5261 168 8886 588 155 6456 995 6809 1566 5348 9885 8912 7967 2667 8033 5370 6860 9651 1866 6564 7566 5181 6476 7585 7373 231 4512 6097 1321 2613 2952 1700 885 2801 6338 4934 1951 6262 8977 7400 7326 6113 7422 1250 6058 7524 1421 2330 6876 6808 7917 6161 5737 453 4987 5290 3196 9030 812 2871 3209 4311 3967 4496 3931 9983 9649 4103 6980 856 7153 5393 4230 4759 8375 9908 9927 178 715 2270 4640 4078 591 896 8170 5631 4013 2178 3292 6081 7150 4669 1732 9839 9104 9908 1805 4582 3915 6053 3030 5742 3281 4261 2670 6411 9179 2267 6088 8512 7289 2219 6407 2256 3783 575 7315 2397 8525 7757 7091 4762 
7715 982 87 631 7568 6964 7953 1725 8257 9167 9565 8489 3102 4028 679 7881 5125 5287 1935 8979 7954 3394 9132 1302 8059 2355 4617 2958 9753 6861 4959 2075 3859 9793 8551 5933 1125 8650 6151 299 5558 9241 9044 4699 4030 9298 2647 9752 7940 6484 8050 4534 2084 4872 1696 2132 3720 8912 582 1899 4701 5088 5605 4618 2431 1195 4872 4057 9251 6113 8271 2422 3994 287 6297 9547 7838 3422 2419 5294 8181 7807 720 7963 6547 7172 7465 7015 3044 6350 9268 9078 2610 6471 6362 6647 5069 7592 5951 6645 7742 8001 7872 9697 9303 1855 5897 4007 1688 6248 1967 4413 8553 7586 622 9574 1325 2754 6985 4687 9001 377 9722 6430 4333 
1224 9835 6621 2922 7448 677 4374 7443 5193 2096 4929 5235 9247 5899 4051 6716 5607 102 3044 2969 5669 4810 507 4831 876 3799 5974 6352 3701 650 8327 9195 7964 4440 1288 4214 5638 9241 2874 2977 4164 4969 8590 4145 9150 7591 7152 4654 2583 6970 4564 7884 4751 8087 5585 7411 2664 4882 3329 4790 8925 1730 754 2749 6273 1498 948 3644 1111 7569 8212 3681 7527 4919 130 5219 3865 6170 9759 391 9495 5571 7816 9435 1055 9139 8433 1211 3171 1593 3111 7863 1608 7941 2303 155 4025 9196 5735 868 371 8397 1477 1960 3138 7628 2151 1712 6401 2518 1302 9254 8769 7839 1100 2570 4152 284 7777 306 1597 1691 5312 1178 5769 
1562 3783 4483 7562 4072 5734 4624 4612 2680 471 6015 2835 9342 1677 8063 5402 6914 8558 8913 5887 475 8109 594 6002 754 9690 1104 9272 1663 5963 5854 7787 3805 4329 1046 5545 9157 6550 9730 1865 7937 5064 2981 9623 7863 6980 4455 4438 1424 6510 4744 9850 3765 1229 6853 9785 3546 754 2219 5165 8372 6291 710 4400 7887 1667 7552 5070 5001 1215 5835 8571 5595 7035 1102 9245 613 6290 2204 6422 4540 4624 7370 5760 200 6276 203 6672 2407 4386 3584 4259 2182 1080 9251 7510 7495 8570 8188 9261 16 7227 6276 6517 9933 4502 6849 7155 5913 5906 8840 9605 4870 4620 7927 4699 3875 5531 6025 1776 7461 5921 7065 2838 4086 
8117 754 2184 8909 4374 5472 5479 4236 1366 5069 1105 6033 4679 4055 3250 6506 788 7499 8387 5387 5004 5699 7833 3796 1460 8 7928 3139 8020 2645 7764 143 9298 3326 5653 8732 4606 5626 8872 1238 1787 5365 8278 1512 3937 9523 2596 8210 1594 9926 9904 7010 1808 4402 5506 8794 6728 9275 4651 8360 1677 2925 487 5203 4313 2188 7991 4042 9312 9121 4591 151 3355 4790 6451 879 4602 9482 3165 7001 6102 8651 8677 1896 3892 5531 1266 3419 4686 677 8991 9722 8244 9485 2709 4976 7241 2624 2248 2541 778 9222 5295 5343 601 3252 1447 8414 1588 96 7593 1238 3067 5931 2723 9619 4791 7132 1905 6819 9791 1726 4334 1937 3763 
3716 1929 9358 4689 3338 9264 9508 2001 5231 368 2138 5717 2 5917 1949 8288 4158 2651 1909 6236 9261 351 608 8200 8283 7714 3355 9176 3086 5744 466 1491 5130 1887 8278 7499 4126 4722 4238 4662 5636 8980 9730 730 3696 8379 6241 4258 1748 9035 2996 4763 9950 8737 3894 8978 5052 9572 5984 1148 2160 4475 6433 4807 5057 5443 9006 6170 8930 8269 4275 3759 5681 8131 6913 6471 5431 5637 7070 1161 9920 7202 3506 2340 9127 3281 7334 9636 2125 8951 7284 4885 197 6558 6639 1442 5711 5127 9209 8441 9770 8644 8102 9701 3436 1686 2188 723 6825 627 5302 2229 3503 8745 6047 8539 6973 4982 3953 172 2541 2434 977 2768 4984 
5235 3747 5461 3902 3905 4896 1058 2338 3856 9546 4476 8946 5248 4268 1361 1541 487 4989 877 4708 5757 4445 7600 9700 4650 2944 8240 6201 3138 7718 9749 1620 6694 1851 3224 7166 3517 9521 9134 4917 5838 2987 5319 3733 9984 3034 4579 8076 5368 9267 1732 2092 7721 1521 5604 6810 2417 7386 9180 8163 4527 6407 2039 5726 2584 9467 545 6032 7456 5973 6998 8311 9556 6421 3004 350 2188 5390 1183 5692 9424 1754 8247 1339 4762 581 1419 9383 253 2373 7883 1103 3807 9941 5173 6284 9992 6054 845 2572 652 3898 3761 1276 5770 5404 7889 8564 3553 9680 8876 1984 3059 2027 212 3415 308 8523 7359 2505 2308 5025 3977 3377 1493 
2706 5566 5434 4396 2925 146 2892 6608 9470 40 220 9331 5924 7632 2818 9977 1295 1539 7269 4108 3452 1105 1873 8592 6812 5619 9500 9509 2002 2778 9497 4157 8159 6753 4428 9425 1741 2058 2844 8252 1767 8756 8557 8445 5485 2572 2318 8286 9820 443 3331 2708 9342 9462 9704 4048 4754 2654 6110 7236 705 1588 2762 4113 5494 8835 2682 2820 9335 546 1961 9912 9034 5659 4405 6938 7096 4110 6529 4253 4876 5370 4175 986 6360 6277 1028 8829 7719 4224 1704 9260 9346 9057 4297 6122 7882 4375 4035 3650 1704 256 125 6377 7966 6988 6751 3346 9157 7068 6987 4753 9077 4524 4990 5188 4842 7417 4920 6748 5305 2035 8519 3230 8886 
6741 9730 9093 7130 1711 2051 8381 5754 2446 474 9301 7644 1496 4882 3349 6822 2074 4535 5249 9564 479 8960 937 1384 3439 3919 902 6233 3323 898 1429 5897 1254 9913 912 5550 5457 6634 938 2579 2540 9657 2947 3531 6817 7574 5780 8000 6028 6655 1292 8956 8570 5541 6316 5594 8567 5690 6779 6064 6799 6984 1401 5604 9441 168 4599 7057 1584 8429 835 694 5079 2551 6860 7197 1092 5799 752 4933 6758 4403 5913 8679 8718 9515 8306 3314 2416 4296 3193 1501 8681 8030 7601 3177 1886 9187 797 8426 7380 9465 8641 4928 9763 6026 441 3107 785 5508 7725 2594 1173 7935 5431 3474 3451 604 2828 1045 1319 5509 2697 3174 7777 
9742 5618 496 4579 2340 8470 4257 2193 4355 6784 5134 3914 8011 3402 9674 6401 673 4074 9423 5424 9356 3532 6927 3657 5672 9418 6973 5560 6904 5334 3705 9354 7477 6032 706 1325 6391 2000 6558 9945 7342 353 3430 7822 3096 6484 8478 482 6156 969 3760 1840 1772 5860 8931 2162 8618 6367 8636 8237 7055 9198 521 6734 5933 4794 3902 4302 1545 1979 486 2312 4378 1317 4347 8937 833 3841 8357 2787 8482 7735 754 926 3650 2040 339 9012 7800 295 6817 4310 4546 9111 630 2923 2093 5111 8869 3212 2087 4026 5748 958 1479 7920 786 5342 3134 3058 7805 8782 7199 7134 2035 9747 6887 4078 1476 7926 8256 1732 2935 7328 7663 
1957 9075 8860 1974 7725 5592 914 3434 7907 1023 9417 3236 1450 9459 9307 6644 7889 451 9981 5563 9784 8707 538 9479 1231 2634 7829 3260 6661 5218 9391 8570 5094 9060 5366 5544 7023 1697 3872 1274 9065 2582 459 9298 217 3966 8679 830 5779 3108 7085 6173 7101 2601 7065 2471 5037 5601 9704 1095 4679 7577 8221 3830 9872 7217 7380 6979 5608 527 6482 9652 5236 9208 511 7272 8208 1531 5313 1792 9214 541 4760 2563 2790 3581 6859 2627 8633 1995 4612 76 8021 3197 2959 3926 6524 9846 6795 2603 1617 6984 7509 6730 4183 5180 8952 6808 418 9665 2792 1417 1591 9992 9217 8734 7659 3329 467 2389 276 4694 7656 1957 3121 
1192 1591 5127 9876 6335 9891 9132 2607 5746 2368 3867 2704 7689 976 2558 7107 8684 3725 3263 4558 6290 4943 8716 5838 4744 8082 9291 8888 7971 5387 9748 9341 6613 8224 6558 1972 3024 9633 6200 134 242 7171 5176 2664 126 3435 8114 9547 8194 6389 5347 3618 9981 7982 1922 6326 7679 4157 9767 7148 9933 5240 9230 463 3022 827 4056 4834 1056 3816 3089 2345 9583 6255 3211 362 6504 7081 2944 1418 218 4622 8701 8911 5813 6211 7335 5794 6536 9896 9812 7040 538 547 4718 2014 8369 3019 161 8766 9473 7931 146 6433 5299 9161 1516 9886 7043 6738 4384 4501 7397 4858 8417 3659 7853 2277 3947 4913 3344 5119 3917 5181 9593 
3322 7272 7362 2398 9094 7076 5432 2781 2827 7624 9428 8480 4116 5196 4919 5641 5966 9388 646 5854 8407 8275 8842 4058 2018 7298 9650 6400 4213 744 8550 9776 3418 6279 5116 7810 3945 127 1610 177 3146 9870 3315 4266 4405 2867 5265 5438 2962 7551 7900 3521 8062 2156 2866 7233 5574 1921 5004 7634 3656 3202 7034 9829 421 288 1441 1339 701 1171 9916 1992 66 2789 9745 5394 354 8341 5879 2114 1803 4830 2807 1741 5406 8321 8986 248 3660 9749 4907 7834 6344 4377 3071 4659 9950 9269 1082 6219 7960 5486 7767 6186 9717 8040 2165 9364 7502 437 5774 6201 7426 1463 2207 4218 7340 873 5505 3185 1410 8273 9426 9009 4147 
6375 695 8644 662 6267 8629 9473 358 3377 4392 7293 423 6831 3661 7949 2700 530 8901 3573 295 9859 8210 5595 1764 4220 6013 1549 2444 9374 7396 3507 1790 5818 2741 9587 5038 6774 9500 2542 7334 8333 1869 5692 8954 6059 8028 692 2737 1975 4887 6447 3858 1771 4165 4357 9446 5531 4706 2016 5215 6723 1231 2395 4132 2503 3145 6151 8411 3677 5878 6226 2186 3752 1196 4305 1020 3058 2960 81 677 8183 741 2099 1739 1969 9761 9537 6628 9059 282 1832 1374 2395 6149 1131 5036 5636 6641 6733 8872 907 7349 6659 559 1818 6362 3968 5152 2602 1890 5698 1384 1868 7593 4456 5140 2055 1781 8303 1031 3582 4990 3155 6625 9390 
35 7036 4858 6109 7249 7659 5485 4802 1192 4017 4541 5287 9260 9832 5739 7291 3093 5042 6377 7106 7537 6949 4390 9054 1825 9349 5957 7643 6379 7953 3485 6548 2639 347 3529 2668 2821 7666 2943 9362 7279 9576 721 5825 6326 2970 8664 7872 3659 2979 9356 1149 1044 378 3628 823 3040 7829 946 4916 6666 4663 5386 7022 3438 1921 3669 3087 100 5374 7136 830 4378 1848 8326 2035 4673 9327 5844 924 8360 3952 8393 2994 3507 5094 9568 9710 417 7718 7646 7621 7644 8624 9931 4613 2064 1255 1944 1129 6181 731 2003 5455 8317 105 6931 563 6843 6347 7569 2750 8698 3739 957 7332 3065 1372 9590 8072 -2 5067 5378 9919 9517 
5539 2478 3795 1503 1350 9775 4069 5711 6950 1364 1943 4191 480 6536 8151 5070 5602 3267 5353 2316 6222 8367 131 2266 9636 8355 7927 734 3082 9231 6338 2348 3805 1597 3846 9771 2517 6250 7727 4690 7029 225 3419 4159 9942 3109 6017 2545 975 5603 4161 451 7279 7236 1950 4225 7356 9727 4883 5299 4418 2429 8119 9224 9392 4602 483 8090 6624 1318 3083 4465 9171 4727 9162 891 4112 1291 1269 8288 8271 6599 2526 2591 434 2740 346 1083 6931 2957 9981 3050 3214 8852 940 301 7453 2729 3490 10 8921 788 730 4796 3272 1978 9363 2837 4636 3486 3093 4809 22 7809 3317 9057 5986 2831 736 1244 1265 8922 6428 8241 1748 
6833 977 4239 4504 3343 9365 7644 9493 6394 4992 5402 9423 7465 170 9744 5458 1781 6108 3862 405 5442 8092 120 1103 9668 9693 8828 187 1358 2265 4611 4583 2731 9850 971 9563 1764 1119 4552 8784 6342 1549 5234 4635 2268 7019 2189 8366 7349 2674 3292 569 1899 3579 877 6494 847 2100 9393 7405 2033 4949 2863 1587 268 2555 3456 7704 151 3523 6822 3988 6434 2296 2492 7243 4944 6736 2753 9936 6852 849 9949 5988 8146 2679 9810 3299 7838 3780 3289 7938 5854 3780 3812 8247 8326 2238 6001 9262 4920 4905 9702 8868 7930 2062 4038 4714 2613 7462 2634 4234 4849 642 8346 3967 2807 5219 8692 80 2728 6716 6050 1776 5191 
1340 7137 333 9160 2262 676 4013 6511 3525 8045 5561 498 5789 7610 8727 3072 5876 8440 4150 3006 9412 6970 9279 4077 3939 3827 4055 4517 3218 9625 2073 9008 5172 7124 3602 2582 3673 9335 7942 7749 8268 8653 4970 6473 370 8864 2783 4249 815 5811 257 8644 4292 8716 5711 8870 9279 5959 5969 2703 8109 2553 9022 5117 1034 645 8982 8135 8976 9540 2069 8018 7573 1598 4235 6639 3580 9001 1218 4614 8140 7031 1989 1469 6303 137 2587 7334 7060 7618 8182 6262 6246 4918 2623 6917 3189 7534 2437 6748 8104 3415 8172 7650 9931 7601 9479 3225 3224 7045 7859 5278 5368 4420 378 3428 887 5175 3530 4277 9281 5269 7149 3915 3653 
3074 9160 1732 5284 5040 6821 5453 2622 5846 4607 5564 5421 2500 6353 4139 3382 4453 680 850 9120 1736 1372 7136 4308 8154 7203 7834 5544 2539 2341 2475 8169 8602 700 8705 3198 8296 7806 2524 2124 3525 8842 8707 3750 2455 5162 5817 980 1072 2666 9676 3634 4157 4078 4537 848 3660 4285 9907 4296 9858 3488 7024 5757 2467 9522 3679 3202 76 528 6541 6762 7794 5609 2767 1857 4205 7519 4505 5788 2576 7240 3381 2223 8652 3061 7732 4299 7126 1968 5988 1687 859 1748 3598 6997 5859 8598 5433 8509 9760 8371 1332 4583 7104 6675 7009 6059 6888 7012 9031 3159 1917 7187 2157 5476 9479 7458 4819 3771 3880 6780 8589 6121 532 
8793 6789 5197 8838 9660 374 4757 7378 9083 4273 5341 6525 736 8045 6895 8613 5435 6461 5737 5470 6373 983 8689 7796 8850 6920 8367 8517 336 2765 4166 3256 9578 1879 8280 6694 150 5078 8099 7627 1119 2767 608 4489 4634 7391 8836 3132 4260 3726 6940 7385 1281 4229 1281 124 2975 5236 5212 4078 6472 5496 7906 9814 -10 6848 1440 6081 1319 8401 3398 5081 4805 5787 5428 4333 5179 2061 4890 4825 6577 2338 2050 9428 618 8831 523 2583 3746 5691 9073 4953 5057 9045 7850 3349 7091 8660 2993 6284 1344 9899 2071 1272 1578 9942 6956 2100 7000 2595 6272 2998 8086 4936 392 8820 7692 7276 7511 6870 5800 3793 3253 5612 5896 
479 1259 2680 2688 5664 6303 1190 3782 2309 4578 6460 1457 3034 9975 8304 7313 6979 2608 3995 4154 794 5500 3847 3661 2330 6024 2435 43 3322 4098 1768 1152 8455 9245 9035 1417 8211 2914 6621 9822 9157 3439 8937 5181 434 927 6048 9548 6424 9683 8843 9375 9455 3430 3429 1897 5570 2692 9557 5392 4974 1584 1697 1796 1354 1170 875 8829 1551 5681 5621 9796 3392 170 9874 8359 1547 9314 2164 744 1847 275 6618 2318 6713 9366 9972 7262 2541 8199 5675 2151 4650 2660 4264 8817 5805 9971 7504 7468 5 9310 579 78 8945 8539 1807 7938 6875 3319 3246 9963 5944 3544 8063 3992 3087 9922 6018 7592 1681 9755 3652 7146 596 
3243 7338 4149 9751 1692 6071 2885 7762 9575 2307 7699 1874 8401 5836 5371 4668 8827 1417 3861 334 1208 3395 5221 7610 6741 4411 8738 3251 2856 6237 5688 4371 1827 9332 4407 109 3824 5209 3204 5805 2750 3457 9240 9116 3276 9841 8469 416 6000 4315 8335 9847 1513 6439 2590 1230 9631 813 6847 156 8696 6991 4590 2198 8041 9094 3277 6861 9991 6299 7443 2211 647 2135 5312 3983 5830 8343 6435 7221 8853 6444 4593 1516 7041 8993 3853 1461 2568 2830 3601 6759 9603 1434 2433 1502 6009 9340 668 3260 7199 413 941 9595 9077 7006 8445 7998 3937 6943 1016 5778 9377 5138 5400 9748 1253 2448 5161 8132 5033 6386 5568 2898 4174 
9756 2866 3918 2163 5759 6363 4839 4734 4677 4342 9161 7308 9712 2783 4530 2549 5169 2896 8354 2468 2465 4519 2917 3223 8404 9919 3240 1862 4847 2663 8384 2066 3565 1163 6504 3555 5755 3237 2983 5513 3588 6359 5552 7794 4630 6895 6759 56 5142 4266 4865 9533 4212 593 1693 9821 1220 9879 9265 5923 9973 7211 6430 6757 247 5428 7798 4232 6840 1118 8880 9507 5836 9421 255 9428 5126 8112 680 3803 527 9798 10 5263 2843 6382 9596 2718 6584 2324 6017 1409 140 5768 6381 343 836 5905 5123 7599 5641 9981 3292 1654 1854 7346 8947 436 6477 3832 9655 9353 4334 1396 2776 2475 349 9020 5887 1387 9216 1270 4235 1637 4961 
5511 6107 120 2796 1637 9673 3486 6945 4304 1143 5026 1342 2518 8408 1048 7405 7693 3600 171 7857 1743 8571 1290 9398 6611 7965 9822 6277 7844 4716 7086 2947 5372 9517 3122 5179 5571 809 9554 6443 2570 7359 135 2515 8432 9145 5331 1371 2309 5318 696 2043 4673 7890 9792 255 9191 177 7107 2208 7779 8363 4295 1363 4468 1794 8935 2764 5438 1732 8528 2955 292 2874 2595 2703 6640 6907 6873 2638 6987 2077 3993 8213 1071 5569 4800 3967 2492 5724 6199 703 4427 6605 1042 5856 8984 6379 1270 1678 618 9631 5549 1565 9168 -2 1574 3285 222 2490 6375 1642 1311 4148 7488 6472 4174 3085 3544 7639 9542 4805 962 9492 8591 
3902 7998 7633 1854 8782 2359 1956 7171 3416 5323 1437 8334 444 3424 5803 3193 9418 2371 3588 6011 3007 6269 1662 3453 2318 3223 593 5570 -2 5024 6978 547 1770 6835 6357 4417 9309 6828 89 5276 1652 4597 853 3807 8635 8057 3389 1968 1875 1536 9130 2403 5443 9493 3297 491 3276 9012 8564 5410 5753 2195 5294 1354 6973 3195 7992 2875 9258 4122 7254 7652 6415 2333 3840 8756 4723 9220 873 7058 7481 7642 5135 7455 9054 2441 6283 2246 9858 5901 7552 6710 7047 5636 9439 4164 5114 9768 9776 4145 2461 9294 5365 8604 8551 829 6749 5922 751 8933 8430 8278 3134 9129 6088 5919 2619 1763 1008 7661 5309 416 5187 5295 7534 
3838 5181 6506 3552 5414 4261 8550 4501 4059 7078 1642 536 2804 2045 5319 2699 7434 8911 4508 6664 -6 4090 6027 271 861 4449 244 7012 4333 548 2690 5749 5354 6724 8788 6010 7771 6319 6736 5721 3964 7560 3597 4277 5742 4582 2365 3210 8952 9367 6109 4867 6808 7967 8110 3426 3675 8303 5469 2704 3689 5642 9286 3612 278 4645 9338 6165 4579 517 4821 8716 8171 1576 5380 7861 4970 6417 7456 322 2959 9672 7440 5868 6038 7092 3314 7292 6524 3888 9477 7022 8902 9334 164 5851 7617 2710 7968 3950 3870 1632 6295 3510 1863 2002 8347 5385 4851 8331 5824 3958 7348 7273 9362 9757 3752 1268 2667 2827 5885 8906 933 7916 3660 
2361 8732 9337 5820 4278 8742 6299 6445 5587 320 1641 3750 736 3990 1878 8303 9938 5076 8649 4690 9171 3353 63 1608 8050 3692 9117 1379 2643 3720 126 1935 190 8603 852 799 3588 2869 1363 3093 3873 3756 4559 3169 6110 4177 7236 6247 5942 3952 7674 7752 1556 7122 417 2943 3325 8800 5272 3777 4248 6075 232 9063 9965 8316 3571 1960 2332 5584 8788 484 2053 1521 1064 163 3968 591 5822 3228 7581 5225 8302 60 1167 7701 9304 2322 6888 8235 9283 8856 152 4050 1987 7592 2321 2568 5450 6892 1836 2860 1348 6194 7114 8605 5295 817 2787 9609 9196 3214 8557 9260 818 1460 9125 3297 5957 7831 3443 3408 6909 9322 9268 
6314 9143 9624 2104 224 2842 9045 2594 7086 3208 5763 7120 842 1337 2733 6548 6929 9752 766 5276 8562 6378 4106 504 8309 1347 2407 3191 3213 518 4392 6262 1844 9382 8042 4020 3768 4459 798 7964 7644 5994 377 4305 8432 2135 8640 8476 567 4374 8790 6761 6785 1192 5731 1783 2915 5561 675 8952 4658 9120 8387 1681 4297 3090 108 5722 1057 9525 939 2445 4492 1278 1612 9150 6241 7018 4897 431 1091 2042 1121 4808 407 3366 3363 715 2779 6593 6646 6443 3122 1165 2283 9448 7307 8393 6177 7564 9395 8814 4039 613 1112 3337 9963 5607 1842 383 4910 4920 8606 9225 7514 8372 7586 7231 6720 1390 4053 1563 6944 3910 4739 
8090 7593 1371 985 6668 2794 5184 5386 1978 4696 7879 790 2080 5326 32 2133 4659 6638 2515 289 1468 8301 5634 4950 324 8817 8963 5624 2082 161 19 8384 1891 8957 9957 3041 8252 741 7511 9259 746 6758 8714 8277 5768 6760 6605 3927 9857 8065 4055 8374 4680 9180 6999 3600 1279 5472 2109 6096 9324 3584 6887 6696 5984 898 6990 2630 8255 1259 4561 9916 7393 3933 4405 5914 438 9492 6927 7036 1844 5204 9891 1364 2730 854 6491 8278 3956 9066 7933 7728 2397 1264 2896 4329 7892 3471 5125 1441 1745 1215 803 1737 306 3197 7633 1951 784 2792 1610 5486 5137 7369 9397 9678 7970 939 4081 2439 3260 6220 3661 1226 7144 
359 5713 5498 6028 242 8223 4972 2817 1280 6717 9907 7231 9060 9338 9286 4017 7537 2391 8941 4567 9438 1949 5541 9317 7128 9281 7724 25 5640 9643 4839 5594 3671 5596 3743 8889 7839 7256 1788 9854 2536 2006 1714 4305 6145 707 9754 1692 2248 5188 4364 3066 377 9158 4031 761 3455 7940 3567 4367 3357 7279 7560 5911 2808 2243 3020 9947 2886 1658 4640 5568 4213 754 5892 8828 7180 347 6126 3286 2639 4997 9953 2352 8912 6907 5666 6442 4842 3137 6479 8518 5352 1111 6829 6747 4933 5271 1158 3522 5670 2072 5612 4900 2795 8892 9967 283 9094 9602 3501 9473 4859 2316 5815 3444 5099 7390 5895 6338 2275 2889 736 1589 7589 
1805 6058 6140 5831 4922 4116 5075 4820 8115 9920 6428 8266 4988 2224 1998 4534 363 5491 7819 1808 7760 692 7315 6162 268 7871 494 3893 2171 9170 6338 3288 5400 1622 3935 1912 2944 6894 4116 7315 2495 5570 7847 7870 6997 3250 7266 364 5865 5117 2570 9532 863 4666 9954 5963 1408 5294 7312 1210 5245 5070 3996 8077 8337 5033 4278 2677 1740 6184 8857 1013 4185 8893 1018 1455 4474 386 6583 6950 7541 4250 1922 6084 55 7080 9190 6936 9152 4883 9966 9456 4889 4730 3920 645 5737 704 885 1474 564 8253 8592 1637 7803 1014 4569 6854 3328 9286 1911 4994 8459 6823 8599 5541 3953 4283 8843 225 1801 7779 1650 3765 4035 
3984 220 3077 4754 4676 6328 7014 9772 8705 6564 9450 9189 3650 9092 4608 3610 2986 7240 7350 9186 6770 2493 1136 8134 6263 2535 8613 7791 2228 8597 6471 8914 7458 9967 3717 1872 5146 7934 8425 7927 149 5210 2007 2616 1067 4951 5073 2621 6872 7953 9351 6076 1759 1487 812 6968 3363 4579 7369 5121 7943 9841 3958 3367 4338 7557 9487 8329 80 2400 5857 8840 8975 6575 6657 8627 4764 1372 8159 1894 8544 7085 1855 5946 2698 4705 2593 4436 6138 4578 953 9267 8917 3709 2281 2313 1656 5386 4197 1164 2466 5531 5355 5858 5215 2988 6452 5333 4321 9778 9748 2610 2292 9547 3231 1026 711 100 6516 3735 4560 3838 577 24 4983 
527 3622 8294 8763 9741 4645 8076 7238 9836 725 8578 5569 7804 2128 4233 5095 2646 2011 4827 1329 7517 2506 8747 1759 6164 4285 9557 6177 9022 771 5520 8600 3357 5762 9042 8886 1866 3268 5756 1032 3922 5989 9676 9462 9943 9650 3198 1922 4839 8534 2223 7975 1881 5362 7895 6741 6610 2760 9011 1914 6002 5195 5396 1941 127 7227 131 7355 9486 2235 9774 9563 9931 5214 7017 3699 8133 9280 6309 637 5380 2960 1217 1746 6152 8759 9753 1137 5084 9159 7592 4844 4681 5788 8613 9219 7081 1730 7575 8866 8220 1411 8900 5674 6780 717 2227 8900 5567 3544 8226 174 5793 1678 8809 1391 2258 1033 7787 9489 4797 7145 9089 5977 276 
8675 5356 9970 9076 9934 4093 2832 2540 6764 9531 3752 6537 6721 2137 3968 4463 2881 5101 3366 3623 7796 6744 5979 9060 9763 5408 5084 3728 79 7118 2449 164 2806 879 8261 5699 5831 8931 5683 7398 9458 8239 2729 4261 3501 1882 3505 9699 6224 8697 1744 3557 507 99 5385 2156 1837 6069 1884 1565 5736 529 8151 6084 5659 2123 1658 9722 4915 6702 9725 981 9697 2603 8890 3023 6716 7701 4828 6106 5570 9518 6521 9986 8907 4548 110 9592 9270 1728 998 3429 1719 8621 766 5700 11 6141 8309 778 887 3642 6509 7674 3723 9609 6351 2424 1824 2669 9633 6899 6759 6428 8282 5696 675 8551 2978 2628 1811 2492 7873 1998 6956 
9664 9142 923 7837 2146 1789 7454 497 3444 3975 645 6613 8622 9149 1375 3105 3261 6339 1134 5648 10 2247 764 9961 6001 8886 5539 7479 9172 6598 9872 5445 8350 5492 6181 971 6768 8418 8447 7174 2709 1492 6735 3932 6293 9068 3193 1175 7343 3545 6176 3641 9384 3809 7070 2524 9287 4945 3114 1692 1356 3979 1971 5694 6586 5635 863 7767 8411 7436 1562 5235 6089 7514 7178 7663 7025 7823 1527 581 6834 7550 3044 4754 3498 2378 8300 8184 829 1561 6847 9404 9929 6439 8440 785 468 2739 9097 6231 828 6183 6669 4625 4509 8967 65 895 6919 223 593 4450 8307 6600 9899 6270 9215 7596 7758 1590 5231 4476 4143 4111 1896 
5434 9147 4263 5184 5780 2361 8721 109 9345 3572 1273 1610 2614 2060 373 5820 3905 1961 3798 4195 7577 3999 5188 3869 3553 2329 7137 3521 561 8097 2295 1247 9864 7543 4947 7999 2631 5599 8416 6794 583 6297 8131 1487 8766 4530 1261 8767 633 7582 3469 5581 3823 8694 587 6251 2534 3391 4175 3483 7915 68 6484 4882 4846 3573 7449 6114 411 3495 1028 2222 8200 3066 5218 4956 4314 9064 213 6556 2948 5820 9278 9748 1403 6874 2475 589 5754 4816 6752 2029 6300 708 4462 237 8878 5120 3025 5967 4939 6979 3358 1624 8460 8231 6009 2621 2952 4054 9454 5543 9220 7815 766 1018 7702 4243 5005 9202 3162 350 4484 1166 6317 
4192 9739 5868 5415 3907 6302 7110 2023 8439 2580 1992 7443 3344 7150 4341 4423 8295 103 7714 8646 4525 7805 4682 630 4930 4379 1348 9817 4924 149 4666 833 6418 1508 526 1442 1900 4618 4310 7977 4717 8939 5107 7000 5518 141 8664 6379 2548 8086 1678 8934 8326 9153 9243 900 185 3527 1360 161 9967 3926 9347 9196 4615 2052 2646 7857 4192 9028 7671 4383 6865 7677 6902 5515 576 4751 4857 4271 4760 6232 6387 5281 2664 4298 2284 7347 7105 1774 5717 8252 606 3585 1763 4268 5461 9673 4038 1966 9363 6763 9371 348 979 3155 6803 7675 2047 7592 6764 9182 9278 7291 9728 5408 8571 3883 4327 8914 1768 4159 5358 2034 1753 
2035 1623 816 2195 3729 8837 6846 5202 77 163 9006 9349 8535 8724 8505 3625 2413 7932 1318 4566 6584 756 9686 3490 1906 8473 2074 4247 1769 6859 5423 8530 3371 4965 6577 5335 3343 666 894 3722 7650 4899 5854 8882 753 3369 1730 8974 2947 9698 2478 4635 1078 4777 6471 9452 9426 5118 9880 9565 1840 5291 7658 9778 5331 2038 4769 6638 1644 8996 109 3169 6123 6205 9049 5086 2147 6312 441 1864 5832 4142 881 4694 1784 4955 4710 5978 2087 5000 6390 5178 3661 395 1778 6592 6577 7568 7698 4158 2603 5359 9352 6016 6348 6122 4199 5887 1745 4444 318 3603 9626 8194 1076 1699 4430 1482 6613 9860 9831 383 3680 9054 4708 
5951 4044 4963 3736 1039 6712 9967 2214 3378 3535 5977 1331 5420 1753 3544 5461 9821 7265 5933 220 724 2074 6150 9715 9533 5540 6112 4503 3962 2968 8979 9832 4195 6588 2292 6515 4751 7809 1599 7354 7067 4132 1590 7214 3445 5382 8701 8699 3746 9581 7669 3398 6263 1605 9618 4819 7487 5217 331 2832 7533 5674 407 5858 6361 7545 1117 1650 6579 202 451 9251 417 -9 3207 9546 8260 5319 3314 7261 8463 4200 692 6111 1337 7985 8744 810 9489 7137 7644 963 8828 5532 3478 4158 1188 7954 2071 7424 1103 4013 45 1400 9141 6744 9540 8287 5235 1837 5209 5420 2166 1728 5115 943 3846 3244 7528 6446 6445 8898 2717 3375 6870 
291 5782 9840 259 4948 4090 9619 4012 814 9700 8028 2782 249 6734 4895 369 177 1018 304 6238 6647 6313 5579 8430 4417 3866 5460 578 594 185 1780 1957 6028 2359 7317 9343 6249 6 8483 7129 9997 4396 2460 1685 7449 2240 5569 1207 9219 9406 5838 5026 8045 3991 1786 6527 2312 517 8911 4096 6720 7191 6662 3306 2259 4189 5533 1756 7252 3760 9587 5479 3666 9072 3093 5968 9179 84 3833 4957 394 6082 7300 8229 9014 4632 5392 8272 6460 4181 9793 1324 7453 7357 6163 8893 1353 9582 5222 5052 392 4577 2758 1656 9491 5707 4120 9638 6423 6226 4265 3248 6003 2299 6525 4611 7657 3641 5441 3244 1563 7793 1958 4829 4516 
7146 3877 8548 286 1271 985 8478 136 2125 7925 5866 1376 4286 6620 7766 4214 8182 5854 7324 6727 9476 4763 157 9702 3881 976 7745 968 8853 172 3389 658 7615 6814 4581 1196 8516 5090 2314 8056 8666 9750 3505 208 267 1000 8562 7898 1935 9798 1620 6373 3300 4823 4632 284 7469 7317 8169 6046 1291 9152 9725 4705 4273 2326 3774 7792 7600 700 7898 3109 6692 2931 4427 9551 5499 6432 9211 1604 2503 8324 8346 4426 7502 8331 2979 8110 6703 3509 8875 667 8289 3160 347 6386 885 164 4520 586 5716 3235 716 8427 9289 4655 2190 4738 9303 302 3728 4337 893 7516 7509 1147 6431 6215 8634 5436 5340 4617 5906 7065 3483 
2068 1520 3526 97 6686 8627 7498 5297 4949 1659 1741 5438 9162 3374 3437 3219 4540 1224 2182 2422 1114 6985 2117 8116 7798 8697 1782 1871 902 6028 7809 710 2627 6286 8591 8527 2382 3034 4920 580 2717 3249 2393 1693 3564 1749 4285 7845 8005 8304 9167 8185 3843 7943 4615 425 6573 4701 5081 7888 213 3957 7698 5931 379 4554 8164 6953 4996 1636 5722 8058 6871 6936 6172 2742 9108 8425 9286 6208 7906 4756 3127 8496 8215 1718 2158 3136 7706 4241 4363 7973 2053 3856 562 7885 9820 618 4051 2119 6834 8927 1860 6243 6418 6118 1671 1882 4302 6248 2311 3821 6309 9980 1840 3265 370 4931 9358 5610 1206 1812 7082 5627 4227 
2317 4930 7378 1875 7123 902 1583 5669 26 7902 2246 4636 9895 8462 4110 9531 5009 7872 553 1433 2965 9889 2705 5160 1723 6406 6376 204 9487 1351 1936 1105 6099 967 9609 9005 3404 3830 8224 268 5772 6009 9629 3236 6599 1690 965 9991 1661 1071 9199 9443 8361 7076 1912 6606 1660 9362 1994 7921 7554 7958 6032 523 6141 9266 1228 8792 5052 8665 3501 5204 1192 6504 4843 4675 1214 3417 783 7598 9229 8709 802 5082 576 4874 4538 5628 3568 5973 8898 8453 5031 1405 717 2771 7623 3764 1084 6392 9152 9298 8420 9654 7882 5152 4260 5017 7009 6497 9059 8279 2040 2176 6650 7248 3652 851 4788 1590 6492 9942 4517 7961 5102 
6980 9699 4864 6573 4917 4506 8025 2783 3966 4380 4948 6369 2052 4888 4353 3228 2325 9779 7236 7753 8056 2728 5256 7558 6625 4609 3330 6155 2881 3816 2483 7357 9986 7102 8018 7498 8698 2491 8769 5729 4563 3335 41 5942 1229 8557 3803 2745 5376 9156 9159 2126 7998 15 3256 1890 5764 4331 7405 5114 2701 4308 9539 4200 2151 1747 2985 5892 6855 3388 2732 3441 4054 9721 7050 9398 6388 1148 7860 9908 5772 3105 4373 1495 9347 821 904 2592 8423 5732 259 5573 649 466 776 3249 2923 4752 3943 202 7424 8144 7522 805 621 2147 1170 6028 1750 9523 6165 6514 2271 2073 7400 2395 7188 6665 6766 8393 4353 849 5331 8184 8576 
7096 2275 4992 4819 4458 7925 4038 131 2198 1625 882 3975 7597 4680 9028 9760 9341 2406 5834 851 9074 5190 2442 7557 7662 3531 8062 3410 8217 9483 5921 8618 1989 7457 7286 7005 7832 2727 5064 2053 8174 7497 3545 6904 8906 3684 2965 1234 5763 5507 7119 8102 9495 3636 8254 723 4952 5677 1666 4537 6362 1845 5625 3629 5830 7953 9978 1871 1933 8554 264 2463 5690 8974 7171 9800 592 8285 5101 5780 7155 6548 5007 4044 1394 5742 554 2900 7637 646 7346 4804 5653 398 6921 9343 3182 6293 6598 5125 109 9678 2458 4011 3323 5843 4641 6872 2462 6767 3542 9402 5972 87 2610 8862 8549 9449 1904 6535 2103 8282 505 7436 190 
2700 2632 9313 4375 9400 6077 8671 2654 5286 8346 2146 7349 3213 2426 3296 2091 6301 4717 6238 503 8450 2858 9548 4019 9326 8938 5256 8634 5755 3848 8813 989 3244 5118 2749 2975 749 9605 6965 3241 68 6672 7164 6329 9388 8675 5472 4587 4304 2165 1445 10000 1844 2093 5492 9530 1329 7455 7782 6243 4427 9857 9572 2827 8133 3905 4685 6097 87 5883 6682 4082 3040 846 6109 5068 7094 7847 7114 1222 9246 1671 3066 6309 3286 3918 1602 9527 200 8672 4088 8151 6176 6561 7936 1441 8736 437 974 1108 3548 1173 5594 3667 3682 743 1799 3184 2122 5611 4311 2184 9173 3639 3340 3377 7205 8159 5319 5169 2519 3535 3626 5886 7718 
7349 7414 3297 2192 7628 8678 2521 3301 195 3257 9881 1410 5869 6682 5860 7165 9008 580 772 5430 2678 6688 6442 1200 3667 8810 3689 7024 9873 9255 4510 1861 6376 599 9105 9106 6368 4574 1005 1060 7639 6609 4024 8310 1023 2432 363 2470 843 7192 2877 5148 9209 4367 9708 7954 9075 7665 2482 2968 8834 6135 3733 7651 6543 2977 5912 4352 8057 3141 1245 5869 8275 2195 6178 8966 7163 2778 6191 3737 4748 3460 1100 6730 6272 2882 6016 3332 5330 7997 2861 9990 8388 4132 1339 716 2228 1447 4443 492 8307 562 2995 8183 2252 7340 8053 1223 2569 5970 4803 5608 1057 5576 9904 7683 5176 9589 6188 7540 9638 3455 7459 2219 5605 
9783 4174 647 6685 4753 1475 288 4425 2949 905 1207 8485 3485 4413 4449 9649 6014 5176 7368 3761 7933 8388 5874 2703 5836 6207 5650 9022 8871 6423 6309 7641 5520 4710 7646 4797 5378 6030 3997 2093 9588 7029 9380 6902 7537 7692 5062 3337 6564 6402 7396 288 3524 613 6276 81 4145 1559 5653 3547 5818 336 3656 2670 7114 2227 8965 3828 9904 5205 9870 2537 2855 3533 5375 3437 9521 144 6226 9438 6608 6593 2196 4176 2492 2827 8905 8342 2397 2059 3541 7768 3337 1979 4981 1855 9901 4242 4300 9151 4907 2913 5460 8360 495 1796 2170 2089 6810 528 4469 8563 348 7180 8129 6925 8315 5828 6935 6364 4235 8900 4154 532 7152 
7928 8214 7714 4953 2347 9190 3963 4980 2745 4685 6028 8492 4344 636 4832 5981 6834 35 5178 5095 2850 1742 2290 5269 4839 7653 2885 5382 3128 764 8988 5098 1655 7146 1474 4152 5739 2518 7205 7671 7012 8811 3246 5314 5944 4923 863 4406 7524 5780 7414 3257 1046 1269 9545 5751 3417 9221 3956 640 5722 9371 5466 4362 2605 3815 8628 6561 9934 1518 2735 6887 5258 8475 1196 8230 9160 5314 5118 7269 969 9677 8644 3354 8548 4178 5339 604 1268 2257 4584 7657 4162 3539 5482 4743 2920 3660 9625 2329 8115 2695 4653 6225 5742 6400 6686 2442 9544 7629 1231 513 7271 9713 1550 7395 4092 5550 4799 3101 9629 7195 8204 3184 8970 
128 4465 5384 1778 2171 8086 6847 676 8153 9397 3139 3182 8551 6792 4831 7606 7351 3269 6204 7850 6642 9842 8333 8957 5706 2365 4764 372 9804 3536 4630 516 364 9718 3765 2671 2156 5093 3055 9908 4211 6750 7564 3531 2208 5211 1205 16 1774 8261 5346 917 8474 4314 3480 337 2786 5582 3001 9811 2312 4114 7609 8810 8895 2848 768 3382 4848 -9 4609 6501 2502 4682 4925 4198 6104 6372 7415 313 2886 7494 3564 3678 9899 9649 7271 183 835 3943 8330 8808 294 9304 2949 6726 6739 2630 4671 6266 1112 359 750 6812 2573 5321 1166 3206 2003 7297 4098 2012 1808 261 2842 6734 2828 1429 2787 4555 9630 6004 7465 6202 8379 
1697 6441 4893 3857 1542 2773 571 7724 2519 9872 6440 845 9333 4835 3314 1556 7640 9513 3804 4227 9747 6204 4049 6302 6457 7888 3147 9247 8838 1230 7138 7183 1756 1410 8043 1032 7363 8747 2728 5109 5913 6078 9823 1658 9110 4738 2302 7176 8048 6269 7694 6517 6859 5458 6993 109 9454 8074 9168 7233 1028 9698 310 9269 31 1210 7204 5397 6897 6837 34 2274 4488 8145 9042 1678 9383 5584 8312 993 7305 4755 8185 2222 6374 3785 665 1434 3511 3128 9955 9682 8369 1774 7319 1794 3000 7104 1491 7490 9421 2637 1424 6049 227 8909 598 2817 9364 4445 7672 9801 8980 9586 5646 7166 4398 2808 8959 6653 217 1186 8138 1056 2965 
3631 7598 2239 9316 7449 702 6645 8361 3061 2244 6472 9334 3902 3418 94 1264 9545 2020 800 1341 4725 1509 7702 914 8965 2718 650 8761 6534 9850 7148 9054 5301 3391 2279 5452 8869 5822 2265 4486 6635 9598 6954 2920 794 4922 6378 5323 3715 6531 1739 7864 4957 3808 7653 944 9353 8616 8137 6249 579 3053 8855 2365 5492 2728 9483 3247 2827 2722 4189 8751 7677 1186 6490 9512 9712 6442 4072 5527 3804 2349 691 8188 8590 4781 1870 7585 2879 5048 5242 1952 8125 5764 4694 6034 3972 1821 1735 1359 2825 9844 2789 9338 456 8632 2100 9352 4787 8830 1612 108 8206 831 4809 5463 5073 4067 3885 4927 2612 8040 475 490 1178 
8120 9923 3730 7464 3304 6853 9666 4255 8033 8439 8883 655 2721 6944 8005 4760 4780 7556 6184 3148 6519 2254 697 2340 7631 3748 3214 4800 173 1886 696 261 3172 375 2331 9984 8981 1775 4898 2726 7325 5286 2699 5361 8388 8105 6957 1175 8416 3277 2900 7054 6926 7295 9728 7847 935 7904 5855 7276 9423 939 3844 5663 8044 4698 8238 4559 3595 6793 8644 4747 5733 8195 1839 7145 4820 8703 8253 4204 3652 3942 9204 2936 8592 5607 9144 5082 511 9269 5246 2406 4852 2926 5895 4644 6411 9041 1473 1149 9946 7421 1968 2396 4734 5802 1097 4479 6503 1740 9593 5038 7824 7802 3032 8339 9398 5521 5865 6376 3641 4648 132 7634 2608 
461 6234 8802 8224 7219 8737 3196 3907 3300 3915 2152 6377 9689 6685 4123 6599 2722 5277 1302 9027 3446 430 4405 5398 1212 2105 2981 5917 9501 7048 6520 3457 9164 6435 2911 608 3827 2525 715 146 6499 8719 5719 5914 395 6340 5468 210 9974 7159 3522 4206 3223 2608 7301 7387 2320 3138 1044 2142 910 1911 2834 6722 6661 6878 1313 7403 7983 908 5837 1712 8122 9133 2008 1404 592 2974 9105 3203 7752 9101 6584 8301 6614 8354 4054 6231 8091 1995 8754 2353 9866 9667 7474 3701 6568 8274 2601 1587 8477 6417 3162 5119 8862 9496 5129 9530 3772 5922 9872 817 1549 9822 9947 9689 5252 1841 912 1332 4517 8101 358 8031 8863 
223 1157 2915 5809 8004 2618 8894 7044 7075 6530 6462 2973 6877 7699 5492 2434 4664 3101 6500 829 8431 3075 6446 8456 1706 4827 7434 9949 8076 4975 8285 1849 7888 1839 8769 3563 3740 6188 471 3796 784 6427 6601 3545 1223 5072 2740 5703 1267 9016 1423 4602 7479 6832 5803 8264 5425 2263 4769 6057 9196 4289 3538 6048 4590 1209 7679 5903 1467 6139 2400 6571 7705 399 3565 3462 8761 8607 3706 9510 1976 2382 5344 8200 2348 4948 4012 8245 5347 260 3038 3597 5936 4226 213 7349 8158 1443 301 5090 9073 8387 869 5392 1076 2354 8103 4884 6678 5705 8471 2381 631 1039 5975 478 1419 75 1326 3418 7580 5986 5088 5972 6271 
3952 1309 9321 4071 7767 9481 3721 7636 4760 8146 1365 8153 4347 8904 3797 5776 8258 9676 2051 3693 8569 291 809 8516 1025 7095 2762 2485 1270 6216 9333 1206 9726 6666 6004 5546 2477 2742 6956 3331 5920 -6 2454 991 7497 4115 1811 2380 907 4850 3921 3938 3336 6862 7965 1186 7786 1741 9539 3444 7198 4320 2179 93 559 9736 4314 8055 9914 7768 2646 3176 8072 2064 7997 3684 7694 8725 2118 621 6254 633 6894 9282 1388 5249 3076 1246 8243 562 1750 5905 6193 6526 2012 386 5846 7944 9277 1595 8530 4806 2255 4582 8328 9259 573 7100 3592 950 6119 8025 4541 4316 9460 3672 8419 3952 5346 8317 7910 251 2635 6096 406 
7941 5110 9746 8387 541 848 0 6033 2206 6751 6994 3475 4082 5271 1235 2351 1045 8118 940 740 3426 4865 3566 542 9318 5267 6886 527 2560 7580 8028 5778 1693 4592 2423 4270 9723 7533 4424 5883 9335 5355 2224 5893 2069 7075 6645 7225 7493 6788 7295 3021 9476 8116 6492 136 1303 9974 403 3223 1771 9152 798 8326 4171 2560 8592 288 5515 8333 2408 1212 5858 2951 8254 7825 7661 8772 7754 6621 -1 7389 651 1093 5306 4457 9369 5661 150 2576 211 843 3834 7443 1765 9883 1863 2426 282 5373 4648 9241 4686 5865 4481 6327 514 9356 4337 9064 3141 7348 9724 7163 7410 8763 6894 4060 6330 1416 8563 8026 5540 1455 4336 
7943 5067 4858 1942 9824 3235 7752 1906 3810 867 4798 8732 5265 8393 1893 5293 7339 7229 2718 2462 4356 9913 1546 5607 9669 5829 6674 4226 3755 6235 2484 2707 2752 2190 5226 6512 8401 7431 6187 5147 1294 1283 4099 6819 354 9788 7378 9417 7895 7821 5545 7689 4690 3988 7863 4310 2430 5251 7698 2287 7288 6952 6889 2625 5759 7086 9459 1349 917 7515 9596 7675 7898 1836 151 3735 1843 3206 2520 3998 4346 8101 7160 6155 841 4140 1462 5591 4010 7986 2529 2685 5739 586 8608 5827 9619 4726 1731 1823 8453 7484 7718 904 8675 8432 2511 685 9359 5966 876 4316 9331 6384 4656 6955 8883 4531 9656 4580 6499 2921 3908 1056 1913 
4951 2652 3536 5894 2910 6701 6898 3603 4009 3972 9164 4366 5459 8660 5985 3486 1113 9622 3262 4164 7157 5440 1365 5530 3522 7509 180 3698 4007 3009 224 4480 2912 5529 4182 9919 8798 609 8906 7127 6622 1797 5893 9777 6027 2542 3225 8045 1785 4282 3363 1169 7860 1718 4931 4983 1770 5126 2673 2273 6805 1298 8442 220 5114 8600 6049 233 390 6171 9120 8878 7773 3182 5919 6426 579 3352 1872 1474 5935 4651 6943 9176 363 5635 5024 9637 1996 4900 6877 9569 3242 4512 9354 2031 6815 4904 4020 8334 1304 2124 203 9741 6991 5618 2063 3307 48 8851 7064 9 2650 3835 9545 600 2226 7164 4411 8601 1650 9866 9269 4304 7893 
8772 7790 7016 7945 578 2224 3203 5540 7558 131 4782 2993 4042 7938 4385 1148 740 9542 3777 9533 8641 7005 8235 6188 9817 4838 4265 285 3354 8710 7666 5183 7237 858 7921 2843 7779 3391 214 8951 6401 9066 9520 3819 9283 4983 5097 8501 6825 7827 255 3244 2178 1733 1325 6693 7810 7991 8907 2617 4570 6519 361 8612 3148 652 2126 8045 3124 1769 3236 6093 6196 9259 5478 5107 2110 4195 8450 3662 4080 5911 6445 5635 4183 9124 5567 8193 7825 8516 9893 6521 4575 2982 7689 2426 3518 4224 4543 5997 3061 3931 2290 719 9231 2282 9690 8196 4438 9896 5955 9905 6492 3317 2867 7748 7793 5086 8713 6314 6525 2288 183 9551 6250 
4332 9328 6810 457 2291 7998 5568 6414 1398 3638 6697 4170 2383 8983 1201 357 4912 3919 9588 2215 1755 5487 1525 5988 2244 6976 8405 7609 4469 7886 2322 5419 7360 1734 5302 7238 2135 2394 3736 1059 9990 5733 1514 4688 4707 5051 5725 1456 8431 8997 9928 5243 115 4140 4567 5446 6997 9164 8078 1846 7760 5138 6921 4744 8942 4617 2610 7706 1172 6312 8712 3234 7929 2436 8854 5965 7092 7639 3701 7157 2657 2835 5619 4200 7265 2808 2936 5818 8055 1627 2625 197 5561 4292 9495 3161 1630 6038 7118 9546 693 2833 3922 8225 7492 477 9522 3825 7329 9692 7753 7581 3035 5381 6316 8265 3131 8583 9300 5678 4929 9129 5617 2466 4437 
6970 4087 5629 648 6609 7641 2949 7853 2083 2500 9808 3354 8410 2095 7590 2156 6457 286 7047 8359 3611 3782 3591 7817 529 7623 4543 1569 9808 7642 8004 9794 4468 933 605 2755 6136 1937 2205 8623 1264 6811 4069 3467 9227 352 3966 8133 1822 7394 1910 207 6650 6474 9479 7617 8284 8096 6603 1141 2198 3927 9188 1032 1380 4019 6451 1228 7573 5932 3859 476 7485 2501 9914 6206 8644 3316 8588 2129 4045 6142 7254 7209 7038 7620 2303 6415 3024 5557 2938 5639 9065 922 848 7184 5196 5618 7919 2966 8553 6713 3453 3809 8809 3090 33 6758 2121 4082 794 4092 9427 4310 2054 6854 8773 7592 3703 6484 583 3484 1877 6934 7112 
3877 5897 6053 579 7819 3018 527 8843 5036 8298 1255 156 4662 1562 4491 5248 3604 4452 9001 7482 6695 1147 2040 1035 3343 4914 744 6042 4715 3892 8694 884 3574 1213 9392 1620 8773 7032 9029 1027 9434 4884 9326 4712 3622 1912 4128 1800 2755 9667 9951 6716 2953 2212 6240 1838 1228 6472 1162 2355 7981 5113 6172 6999 56 6159 7185 3475 6386 7321 8793 7904 4140 9628 4424 2826 8976 9829 2529 6058 2332 7426 4147 6945 1603 3755 1584 3600 7475 4702 791 59 8775 1273 7525 1689 2135 8889 222 9575 4973 1015 5642 5963 283 357 6256 3684 2494 6635 6926 787 913 2947 2097 9012 5719 7565 3347 7149 1975 4667 8834 4803 2736 
4799 410 9601 3024 1434 2910 7734 2406 979 3270 9155 3474 755 2083 6140 5025 8829 4333 8754 2912 7519 867 1128 8996 2359 8673 7134 5915 2781 2133 9237 5335 3507 3416 7029 8578 9283 3678 6780 9027 473 4253 1110 9704 3596 9658 2694 5518 3122 8468 241 1863 2308 1821 6257 59 5198 7296 3741 4824 7501 -6 9291 6165 9865 6624 124 6270 9766 2351 8732 5377 881 1072 4137 2770 1279 7851 1737 9299 3973 5330 9013 8741 1658 4718 3442 9543 9707 6452 1790 4678 8078 5682 6693 6338 6392 9866 3871 1902 1628 784 5038 7773 6227 9259 7711 9483 1095 5416 7413 1606 5726 5189 4553 2584 2472 7911 229 2757 9700 1992 2149 1267 4377 
1237 5858 7161 9250 3486 9146 911 3196 7983 2084 5602 634 1779 5830 4202 712 6282 3071 1988 3542 2860 7713 1519 3440 6062 7755 8322 2403 1795 7576 7941 1051 9942 689 9116 8807 8203 1643 8854 6981 1633 533 2964 1854 5578 7929 5507 3274 1385 8167 7376 8174 4591 3062 7944 7611 1676 531 9708 3682 9900 2555 8224 6119 815 2997 6659 1394 4936 2613 9958 1289 3390 9330 6652 1256 5894 2339 6980 4981 6001 4723 3413 5517 -6 295 5582 4827 2827 1921 8858 5415 5738 4722 111 5530 3505 9008 9182 539 3125 3619 521 3889 3666 1789 4767 1589 5042 2830 4754 5831 2694 6359 7620 8046 7488 7514 6321 4793 3450 8654 1754 954 6662 
9345 8289 2269 2558 2457 6231 2696 8239 2289 1725 4467 6972 2129 2397 4377 778 72 7200 7045 940 228 1470 5024 1188 7612 6282 7519 9766 7729 9259 4648 9025 4084 7987 4167 1876 4010 5078 3459 6080 4877 4768 8553 1413 8668 2945 6988 2399 3015 3737 884 6026 5705 3897 7977 3978 5310 6156 1312 7867 6080 3585 1990 1095 5419 1636 2951 2841 4546 5409 662 3527 5660 2338 5385 9823 3443 9068 5779 -4 8802 9193 3662 4268 1049 6567 7075 6446 842 5942 4715 1169 5128 3650 7414 6163 9771 9526 7809 3987 8408 8036 294 9890 2337 5802 2897 8282 3030 2451 9606 864 3696 451 5436 9521 9835 407 8166 8167 9744 6385 7718 7154 239 
944 5101 3760 5084 2729 3301 9317 1465 6626 5395 8458 6167 8053 2236 1637 5040 2315 1161 4897 5770 866 6878 6186 6682 6326 8130 9538 5284 5153 5856 1480 9470 5922 5185 5849 7884 8813 489 1112 3314 3184 6330 6319 4135 8943 7809 3449 9958 5985 5267 1482 2667 4993 6554 497 5419 3718 6485 6048 4370 1432 9741 3466 5538 7323 9455 8171 9368 8912 8017 8004 7707 9572 4742 7589 3135 4784 3882 129 8737 186 2644 5809 7747 1756 6251 6911 1339 6038 7507 2228 0 8072 8919 5740 6961 5459 3642 7922 6890 9160 9656 1054 6757 2826 237 2956 44 7929 2471 8406 2199 3166 2503 3086 9694 8609 1674 4116 9835 7718 1489 3018 494 5193 
2254 6789 2730 2075 2167 8727 3061 4266 5242 3741 31 7908 2453 7030 7814 2356 3612 9294 2787 6989 3022 5530 1230 3009 3142 7971 9008 3818 6540 4914 7322 6684 325 6166 4797 7411 1214 588 7375 1889 5138 1430 8345 9630 1412 2601 774 6615 1735 5822 5317 9167 3985 7804 721 2819 6916 2566 5294 6261 9756 2394 3488 9801 1618 359 4577 6514 5460 2485 1861 3835 8666 6224 7090 5359 3828 2011 4935 5625 1863 6754 1694 5642 2319 16 3507 8040 3057 1756 2377 3549 1970 6892 935 9509 1054 2908 6676 394 1748 6615 4126 3127 1833 670 9309 8470 2900 4639 5530 7529 9891 9107 3722 3462 944 4559 8824 5852 9684 5469 4462 1028 5409 
469 433 6395 8632 5352 5104 2393 9964 9160 2278 1527 4359 8266 3032 4276 7135 6999 9075 782 8731 5690 3039 5576 1324 7997 1830 7699 7235 2413 2890 9293 1764 8659 4066 7463 7361 655 3035 9965 670 5513 9800 6745 5372 5884 3320 6997 6514 8064 6558 2500 2087 3273 9179 1536 9061 7248 4122 3112 6834 3995 4369 6850 5398 1513 3607 8735 2003 7260 3768 9939 207 4198 9105 421 7401 7955 5167 8197 5196 4170 4788 4350 493 5920 851 8620 8629 5543 4 1653 8368 5214 6436 3680 6067 9232 6549 7247 8792 1667 3148 6697 738 2458 8115 3028 5762 3209 7624 806 6980 8143 6601 8901 3894 7115 9929 2326 244 1060 3340 636 2386 1966 
3630 9523 6903 927 1367 6506 5262 7416 4606 5559 1057 2003 5846 5803 6172 2766 8565 814 8951 3334 3146 4832 9918 6174 3550 4778 1483 7428 3396 8939 9104 4649 8931 5601 1311 2457 9526 7684 8494 7611 6808 5815 397 8512 3990 4593 62 5506 2575 2558 658 1130 6487 8569 260 2849 4432 7211 1493 1020 2053 9937 3994 9553 5768 8393 8432 4659 9498 7582 4100 3517 8791 8972 6015 6042 8586 5719 1281 3311 8811 9006 9743 586 4290 645 2463 4768 5560 9600 5744 5152 8642 9807 335 9826 8390 2059 2655 9926 2112 1280 1392 8702 7200 6747 6047 8256 6415 9435 6447 9747 6568 5432 399 8076 7954 1312 5057 6553 3128 1447 1400 7133 5970 
9340 4592 1088 214 3077 2308 2518 2638 3262 3070 6020 6970 7734 3493 4828 3833 6896 7858 4954 7350 9478 7603 1412 2869 2639 2116 8596 8382 522 6930 725 9201 9328 3947 7002 3180 8301 9561 4592 1867 9052 5271 728 2519 9868 2156 9348 6416 5037 2178 995 7218 4456 7300 1746 7260 4493 3352 5592 2770 139 2576 2629 641 9614 9707 8195 3140 6492 2292 8062 5174 916 3526 8433 125 2299 7611 3198 5226 6455 287 3950 5274 5198 19 8007 8897 9956 4277 6773 2629 3631 2995 2345 3671 9461 4424 1123 5873 1598 2822 1317 5989 6028 3306 6169 8118 3064 672 1906 4144 7374 7097 699 4267 5541 2377 9208 1913 4565 7047 4852 996 9471 
94 7456 7612 2746 4385 7798 9104 6177 2595 4889 5340 5599 6121 9109 8257 5743 7125 4657 9501 579 3830 7502 575 7255 1985 9395 9937 2820 3714 7996 9630 9168 4764 8355 8009 5106 5684 4376 9929 1935 9589 5441 3419 3223 4126 30 6721 5008 2721 3008 2948 9873 1242 7367 8765 7895 4690 7696 7098 458 3095 7957 8669 7534 3119 5164 413 3890 3772 6338 4725 8962 9135 5864 9787 9489 1858 594 2961 5223 499 8277 9233 6731 7262 16 3769 6670 8496 2753 9473 6161 6316 3945 5740 7683 6411 3590 8059 920 1687 7125 4664 7221 2629 2506 104 4208 3292 9157 7740 395 5708 2377 9279 3593 3752 7287 9189 541 3413 7093 6810 5095 9970 
2964 8619 2850 9575 7905 7048 938 480 243 850 9889 853 8061 1190 3831 9514 8244 7439 5570 738 5949 7838 1008 7359 1929 7738 8929 5969 282 8659 6551 6976 4171 5015 3708 8651 4157 5953 25 8210 2858 9703 6592 6870 4401 7177 7991 8603 3598 2903 4928 4488 7037 9396 709 8828 5274 3384 3859 3580 7657 3251 9248 4256 9821 4196 8506 5074 2883 3285 8373 9362 913 4583 6332 8548 3036 5605 1552 8710 5912 6993 5642 5006 7317 9298 9556 6533 8548 6517 1342 6333 7409 9357 1294 5806 4330 8150 9618 9412 1610 91 3599 419 9326 5597 9990 4167 9269 9143 5488 686 4161 1751 8771 3715 674 764 384 5384 8705 9479 8229 8044 9111 
9317 2184 8567 6577 1337 3334 9170 7479 2633 2970 2076 8896 6379 9397 2642 631 8269 7911 9980 9586 6211 513 6585 1675 4788 6010 5170 6206 2357 9206 4736 787 4720 325 6692 2564 6379 2512 9160 5362 7852 3369 9649 2880 6947 6192 7974 4751 6856 9726 9735 9245 2482 2321 5407 6051 7708 8433 8408 2051 5805 6339 8541 2617 9031 6970 7251 4629 2964 5539 3676 8026 5312 508 6349 5943 7259 9580 116 5722 8377 3743 670 8379 4032 9102 8373 5848 5858 2887 5970 6396 7416 8924 6378 2803 3285 5203 6092 8153 2109 2907 2101 8133 7339 2313 1196 3633 3023 7731 2242 979 7693 5507 2147 6311 6289 8290 170 2154 2231 3183 4906 9270 6197 
8820 3354 3772 692 7171 1251 5365 4685 5400 2191 941 8647 7054 6353 2482 9117 4468 2986 5320 4129 3837 8445 4413 6591 7454 4406 6943 3796 1136 1913 2701 9391 113 7538 6763 6654 3466 7021 5065 5198 1912 6454 2083 9249 3175 3741 1473 1451 1091 7857 8480 3726 2067 1600 5238 5800 59 1093 604 9540 3716 5207 7332 3428 4849 1977 3322 3522 8139 2074 1414 1469 5464 4100 6793 779 1564 8843 6187 7494 3905 2956 2445 7305 4016 2222 3290 7074 4201 2812 1942 7827 6542 9605 6897 2540 5995 2492 2475 7865 1058 5713 7190 4784 6435 5926 1751 3454 6841 3124 8523 5988 7276 2806 5086 9511 2661 5864 1064 1065 6132 5210 3593 7761 4840 
7459 5799 6293 2380 3033 9217 4473 8667 2253 7814 8191 5995 9444 7064 9421 3786 4460 3225 4938 4182 5616 2544 9758 9501 2978 9271 1111 668 853 9314 6228 2656 4479 7076 2360 5612 5368 4757 4195 7502 9946 3344 85 6977 374 6184 2393 1119 2320 9583 1791 6235 6871 1953 9670 2232 1353 2736 9748 9684 3250 6643 8439 2635 2189 6798 765 7731 4794 3498 7757 2246 2731 7812 6608 9990 5320 7083 4546 359 4268 3393 2069 4335 9692 6620 9236 5163 2708 9539 315 2811 7552 4717 6801 442 2737 7832 4002 8265 6160 455 4490 4327 6087 1333 2831 8179 2679 271 7228 6788 8748 8943 1910 3320 5362 7359 946 418 8304 3663 1147 6635 6050 
7639 9078 3563 5788 981 4445 6631 1187 7632 5084 8423 7556 991 1115 6481 7713 200 3394 8817 2470 2061 8397 4264 5635 7480 7416 4233 7889 8333 2886 5699 6410 9276 9164 9317 7356 4137 816 8299 1364 4541 2757 5450 4750 8813 5039 5092 4237 4109 704 4768 4813 3041 1684 5814 5267 7594 8175 1538 6219 1147 2377 9518 6349 2031 6125 5270 948 2368 9324 7473 8048 8836 8476 4793 5716 4252 495 7024 8153 8029 9581 2780 9513 321 3039 3585 7613 1674 5656 3085 9606 2089 6757 4478 1921 395 8740 3296 259 6096 9421 7776 738 736 1669 9985 4901 1661 4705 3682 124 752 2911 8777 7339 7608 2759 3771 6948 8397 8983 3267 595 7196 
7832 4274 2592 5419 546 8718 3378 1869 4416 8159 7872 3803 9262 7509 1454 1679 3410 796 4137 517 8376 276 2886 7788 5927 568 8403 4968 5041 1110 972 2967 3248 1082 8671 2943 6402 623 8019 9291 8237 934 2651 200 5120 9584 6286 7733 5195 2241 5697 8370 220 8803 9814 3367 3270 9742 5720 9293 1803 4129 6896 9243 3398 8771 6008 3991 5966 8690 6598 6208 6072 1271 6235 9814 4748 2629 8063 4762 6821 4566 8680 4493 1094 6593 3729 1337 6110 1181 806 2851 6423 2678 1790 7417 6253 1648 7044 5651 4548 7557 5861 2871 4094 9037 9629 5519 2298 9435 457 3526 785 819 4529 8708 8100 9825 857 8891 8425 5230 2033 2409 113 
5396 6191 7315 7793 7981 9137 1196 3161 1112 1944 7133 7010 597 6804 8380 3632 5424 2013 7413 9992 8031 9007 703 9426 903 9693 120 1493 2619 9888 4858 2469 6562 3340 432 5368 1105 5891 4782 9089 9153 7840 5894 1994 3283 3188 4063 5351 5878 8232 5236 5187 4929 1500 3086 7900 4225 9190 8313 8800 9817 1803 7467 7233 7565 6932 5034 3829 5008 36 6953 9876 1163 8579 7680 4677 7586 3004 8338 1970 6220 6409 8292 205 5494 7565 5468 6183 6291 8589 8004 6961 4736 6881 6575 2310 2053 5282 2856 1460 8557 6203 4404 2341 6606 6000 5188 3716 1732 4611 7806 4696 3431 6590 5798 4474 1688 788 2038 7805 4488 1047 5460 5304 2093 
3474 3568 1385 404 82 679 4723 6 2956 5559 1861 6028 7680 5304 6125 5459 2688 160 7491 8394 8994 875 6413 9060 7700 4781 3385 5129 7338 7797 699 8748 5021 6275 4710 4381 5122 742 1666 6702 5273 6927 1634 5867 3160 2039 8524 5491 9077 5461 8408 6518 2117 370 9288 5895 7424 5822 2528 2561 8630 4442 7154 7706 7056 2489 2668 4915 9791 2344 2657 1736 8752 6622 6094 9789 2510 9023 1803 603 1675 9274 6529 9642 9238 2858 5397 7838 2642 6288 5368 9678 9369 6328 2549 5981 7924 5362 9200 3254 7900 177 1881 1861 5220 1515 9314 4966 7183 8139 4412 2730 3806 6938 7420 8928 5353 6496 246 200 6326 3032 8704 4841 733 
5063 4765 4635 6551 1782 5492 3176 585 1831 2551 437 6998 1713 157 7285 6525 5384 7193 3877 2778 3426 2255 2326 5306 8105 7137 8442 5394 2361 2693 636 8094 3320 7655 9022 8789 7091 4282 2559 4367 8673 176 787 9091 4110 4813 2068 8909 4789 3965 9761 2774 8261 4731 9949 1873 7658 4721 78 3900 5351 9793 6705 8250 3377 1909 4229 3503 5384 6515 3213 9936 4115 3566 9222 5955 6632 3245 9339 4870 9220 6910 9447 1258 9161 912 7311 1046 3577 6645 4994 4063 6729 8331 8957 704 4621 3480 3903 9093 6629 7169 625 6020 9805 3840 3207 4613 9795 4207 9574 3183 5178 329 8551 9247 609 4970 4340 9500 5861 6386 6245 6794 8431 
8816 2155 3548 838 5100 902 7943 5254 873 1502 1866 1641 1135 8429 2084 8887 3357 4288 6537 6685 2760 1646 2551 9238 2454 4345 4865 1103 1595 4213 7572 3728 91 219 7509 1185 7549 4455 9200 4137 5542 9536 2253 808 7001 5579 9241 4484 1397 4452 4390 5811 8811 2014 8578 8917 9828 6057 5641 9899 904 3277 8183 8460 476 398 5455 6850 8090 5962 3798 2109 427 979 8989 -9 8479 7881 6917 9149 8138 2392 9038 5240 3494 5921 9906 9659 3002 4622 3918 4756 6318 2382 4888 2750 9704 355 1454 4698 5436 7248 4685 1173 3674 495 9580 1783 5615 3586 4038 7337 6647 8397 7631 2451 8901 6754 2660 2654 7716 7776 1468 5344 8823 
7463 6451 6632 2135 5855 1328 6273 7985 6721 6699 8211 9936 3292 9438 6821 1560 142 8446 2004 1308 1840 2166 8999 9590 7264 6840 753 819 152 4768 8231 95 6568 3075 8887 3977 3636 691 825 9833 3613 7422 7949 9250 8673 5328 9253 8342 9379 9018 5854 6858 9261 6759 8528 9611 9163 1152 2599 7484 7432 2995 6706 444 3090 9915 2981 2025 2455 5869 8101 8157 2583 4208 132 4083 9438 7679 4167 6168 8234 9872 3376 2993 495 4872 6361 6714 1167 3640 1039 9715 6890 1327 8522 4475 6341 119 8337 102 6791 9170 7969 5688 27 9589 4020 2153 7028 6581 7343 1831 8892 7778 1888 5653 8612 5852 4461 8857 6892 6456 6041 9647 8138 
7752 2217 1936 6924 289 4590 9459 8884 5776 1684 1737 6412 4437 9327 6516 6255 9475 617 2789 3556 2727 472 4648 2028 7473 5448 8833 1516 34 1195 858 3958 8761 3782 8533 5744 7559 8907 3194 7791 8040 6309 4643 2600 6806 3709 6331 439 6850 8763 2162 1639 4635 8498 3768 9983 -6 526 2323 4337 1629 208 2532 529 4505 6673 3072 7274 2124 2980 9096 7712 6134 3220 3155 605 3664 4844 8092 5819 5863 651 7999 4504 6595 5316 284 2631 2941 1392 9401 5484 9040 7468 9629 2499 5413 1618 2495 9874 846 3709 4599 8747 3481 3276 7433 1197 7223 122 3694 535 6381 7932 9692 2152 559 1544 6287 3794 8036 9387 1695 3905 6027 
296 9831 4643 4979 182 2723 6233 476 4000 2840 7087 9863 9292 8689 4301 23 188 1252 5308 4116 6540 7721 6740 309 6323 8273 334 1675 3286 6614 2288 2286 8131 3362 8237 1557 1404 7083 169 5439 3945 2503 6113 5109 53 1259 4278 5133 4530 9021 4806 3957 4364 642 1629 2301 712 9394 5388 3358 8223 3323 2141 8203 963 1035 173 3261 7692 2658 1112 3127 2807 2275 2316 508 3287 2217 5054 7676 3692 7117 2827 9618 3117 4609 9388 8188 9573 101 422 3325 3840 765 7712 2866 8376 8916 5158 8664 6331 4737 9864 8101 9106 2299 3356 8639 7904 1078 5263 4193 7931 7830 1698 2551 8574 5941 180 8003 2702 1916 7246 8571 6978 
535 3811 7048 1568 2518 131 6838 349 2970 454 1624 767 7468 2106 2701 836 8098 3310 4588 9263 9370 5247 9391 9512 7415 6411 7777 9182 199 3858 6186 5801 6881 4256 2457 9268 2385 307 584 2205 6786 1064 8417 4087 2180 929 2135 4801 487 822 3199 7930 4958 5799 5685 6880 8984 2040 39 3342 9128 4878 4330 9091 7048 4114 3764 855 486 6945 1583 3065 472 2411 7619 38 9094 8510 2069 3893 3059 6499 9847 7589 5801 9738 1504 1580 236 6702 3850 5886 8022 8533 8909 7544 873 3664 2637 9859 5538 7254 1849 7989 5643 797 8832 5187 4467 6087 1208 3753 4517 9412 6901 4257 8687 1548 6079 1289 4906 4183 727 4788 6121 
3880 1105 8309 8094 4032 704 7573 5567 9471 5482 5376 4353 4247 5698 9211 6722 5661 404 1821 8454 7346 3043 2012 9819 9287 2182 34 7621 6944 607 9861 8651 7715 1877 5980 245 5724 2336 6181 559 4228 8560 5969 8599 4401 6971 5233 2568 9417 3393 4465 6715 704 5949 8599 5154 7804 5839 6423 3950 8724 1475 1958 4337 3309 4691 5579 1493 1991 965 1467 3603 3703 5068 4737 8083 7204 3385 6228 1725 6181 4911 96 6903 252 5082 8422 5807 8189 4554 6087 5202 7660 3120 1591 5749 7038 1379 10 194 8269 5929 4957 7681 6191 3511 4184 4987 6481 8589 6625 1715 1225 2331 2010 6541 7182 7406 2299 5001 8320 8748 602 8048 196 
9226 8062 7359 4141 8539 7306 8745 6249 183 4169 9452 2161 5277 5660 6998 2413 7451 6690 3556 6550 5186 4644 977 4109 9420 5791 303 962 2405 5481 9415 1424 3979 7747 1514 5497 2575 4140 7173 3253 9094 5463 834 922 4190 7708 1436 3496 4713 7916 4529 7048 2874 864 4419 4668 8137 2203 9574 5683 391 2833 6752 1408 3450 1725 5295 6874 6864 28 1158 6634 560 6807 3657 8617 7470 4094 6304 7719 886 9413 5252 174 6501 6284 6290 1164 2366 2050 2352 5034 5830 7182 5885 5546 4324 9230 3154 3354 1610 1805 8281 1988 5273 5804 2263 6408 6370 7620 8720 4835 8262 8022 509 2042 3568 2911 4378 929 7205 4016 3893 4533 5722 
7855 8294 3911 7257 4278 1164 5522 9439 6368 6998 2006 5056 3588 589 3888 6175 9327 1948 2262 1292 8302 4810 5406 8084 3555 6653 3388 3231 7670 9655 9163 1391 7774 8958 2307 1385 8255 3001 2147 1519 5298 2565 4640 6148 9017 8002 7583 7066 3238 1814 3907 7719 9201 6585 6790 5851 9245 2074 4782 4840 3698 4444 3804 4162 1013 4074 409 1717 6683 2627 6783 7324 7965 1354 6935 8473 4665 3149 5609 6126 5775 7832 5663 911 407 4280 7821 366 1669 415 8185 3708 1157 2511 8842 2141 9513 5003 8270 3910 5853 7116 8850 3089 1933 5851 1443 8800 7248 7552 6944 7955 810 6293 388 3194 2191 5206 5367 6462 7119 5767 6617 5713 4092 
4767 8063 644 7803 5040 6564 6242 7268 3013 9505 3289 844 8941 774 1085 9863 6098 3208 8828 4919 2268 1020 8976 7688 9069 1155 3593 3815 8836 9172 2369 4765 6406 848 30 8758 877 5997 2744 1162 4615 3641 2492 1401 345 1720 5848 1794 671 9012 4469 3437 5581 3755 1257 2761 7544 6356 5594 6976 3754 2665 2488 153 7883 8699 5192 1169 4458 4830 2997 3653 3463 5058 4281 3798 3145 4 3422 6520 8480 947 8107 3623 5182 6384 1562 3660 7417 9673 7289 4748 3081 5026 1241 3503 7862 6110 1644 9316 4415 6810 6452 7547 765 6647 2882 7778 181 8554 9403 7296 3260 717 6042 435 241 6192 4780 6758 4441 3468 7601 8830 8992 
8183 3565 6690 6716 7678 2109 6101 309 693 5527 3509 6908 2103 4366 7070 3181 101 9830 262 5847 439 2203 7693 6449 1824 8144 7105 5878 2169 261 2479 7918 6783 4978 8744 736 9134 3874 6121 5092 2123 5608 8900 7415 8617 2591 695 4431 4614 7439 7691 9220 4318 2230 3511 5169 5592 1164 6766 967 906 2240 3115 9254 157 2498 1278 776 5207 7358 1076 3503 9707 3318 4140 4492 6455 9921 7358 2024 5550 6115 7535 5503 5916 6676 9731 1352 5628 4377 4008 2048 3221 1042 1164 4358 8024 3839 5607 6954 3326 6114 8612 4103 7756 1865 794 8369 5138 3242 7616 2512 9772 2561 4617 3044 8423 4775 3488 4584 8378 8693 7805 4043 1524 
5814 646 8510 1294 6762 2525 9591 7279 451 8201 8851 7307 1351 9963 6439 5703 82 4630 3483 5189 1067 4472 6411 4020 9810 5112 7962 9446 8892 36 7471 5569 3620 5610 4364 6000 7154 3736 3389 2796 2700 4373 4816 2374 8726 8853 227 9951 1429 204 5563 952 604 7107 5844 7256 4916 6829 3287 8284 1479 8262 6770 4473 6568 1971 2479 57 7836 8724 8193 6668 507 2752 1575 580 9097 3128 3639 4216 7636 1969 3490 8094 4175 466 3764 6013 7263 9031 9171 8290 4132 5860 6865 5166 6774 8619 9500 393 3023 4852 2859 99 5249 2201 4371 9882 8313 2538 9554 8922 1411 4900 9784 9419 7985 6366 5565 9343 2393 7653 4572 4743 1745 
6508 7730 1706 5392 2674 1111 8010 8415 3713 6691 5867 1381 4570 598 8157 1039 6618 6578 8838 9553 7077 6849 4476 315 3784 6559 7484 8938 930 8633 6220 1902 529 3229 2658 7160 3562 9084 5221 7788 4753 2320 7431 9318 4103 2691 9142 2041 1231 8359 8814 572 697 9352 8777 6523 3844 9278 4571 8858 4596 6110 5888 8694 4115 5843 6103 2325 9844 8932 7556 5392 2893 7753 8799 2273 8276 8572 9977 3736 1872 1261 3163 198 4312 7060 600 2513 2076 3985 647 7337 7190 814 3121 3968 8228 5672 2908 8417 350 8670 7973 6559 9878 8122 6172 5337 4262 7677 9969 4161 7001 2253 3047 2056 298 421 3561 6940 3932 7060 471 4067 9199 
