124 126
9 -10000 -10000 2 -10000 8 5 -10000 32 -10000 -10000 46 26 -10000 26 54 -10000 42 -10000 -10000 -10000 -10000 -10000 24 -10000 37 -10000 -10000 34 27 -10000 62 -10000 80 70 -10000 -10000 86 7 58 51 -10000 2 -10000 2 70 74 51 -10000 99 92 -10000 -10000 -10000 35 1 70 -10000 99 -10000 -10000 -10000 89 -10000 -10000 26 -10000 97 -10000 -10000 -10000 -10000 72 22 -10000 77 65 38 13 28 -10000 -10000 -10000 -10000 6 -10000 4 63 86 85 -10000 -10000 82 -10000 -10000 -10000 -10000 -10000 -10000 -10000 25 -10000 33 16 91 -10000 52 21 77 46 -10000 10 48 -10000 59 -10000 66 81 3 -10000 -10000 -10000 23 63 -10000 25 
39 -10000 16 24 -10000 17 20 87 90 -10000 93 -10000 70 53 20 70 -10000 100 95 -10000 66 19 64 3 -10000 -10000 -10000 -10000 -10000 32 -10000 -10000 -10000 -10000 -10000 52 77 -10000 -10000 -10000 -10000 12 41 -10000 62 82 -10000 -10000 26 -10000 -10000 -10000 83 -10000 61 52 -10000 -10000 -10000 70 61 60 -10000 -10000 -10000 -10000 -10000 -10000 -10000 55 -10000 70 82 91 51 -10000 -10000 -10000 -10000 3 -10000 -10000 56 -10000 14 -10000 -10000 -10000 -10000 55 33 -10000 80 -10000 10 44 -10000 -10000 97 -10000 52 42 -10000 94 49 -10000 -10000 10 14 8 78 -10000 95 -10000 -10000 95 76 -10000 1 -10000 -10000 -10000 -10000 -10000 -10000 79 
-10000 4 -10000 79 66 -10000 -10000 -10000 -10000 38 46 72 -10000 -10000 2 37 6 -10000 -10000 70 -10000 9 -10000 -10000 44 10 -10000 -10000 -10000 45 27 -10000 -10000 -10000 14 -10000 -10000 72 -10000 -10000 -10000 -10000 66 11 -10000 -10000 19 59 -10000 -10000 -10000 33 12 91 -10000 -10000 -10000 -10000 -10000 -10000 82 -10000 98 78 87 98 90 6 95 76 70 -10000 31 7 80 -10000 -10000 5 -10000 97 44 -10000 30 52 37 62 18 46 10 -10000 -10000 51 64 -10000 35 12 -10000 46 31 41 -10000 -10000 -10000 16 34 72 48 66 -10000 5 -10000 59 -10000 47 69 -10000 -10000 -10000 -10000 -10000 -10000 -10000 -10000 -10000 -10000 62 
-10000 -10000 -10000 -10000 83 -10000 -10000 58 4 -10000 -10000 97 -10000 17 -10000 77 -10000 69 51 -10000 18 100 -10000 -10000 65 51 64 -10000 -10000 -10000 95 -10000 -10000 -10000 44 -10000 9 29 -10000 -10000 -10000 85 63 10 96 26 -10000 -10000 8 68 70 39 -10000 -10000 76 -10000 32 -10000 99 -10000 41 -10000 40 -10000 79 -10000 -10000 15 54 -10000 63 -10000 -10000 -10000 -10000 -10000 -10000 66 -10000 -10000 4 -10000 -10000 -10000 -10000 88 38 -10000 -10000 40 -10000 -10000 -10000 55 -10000 58 -10000 -10000 -10000 8 -10000 -10000 -10000 -10000 -10000 55 12 26 36 -10000 70 63 -10000 77 39 61 -10000 -10000 -10000 12 -10000 -10000 -10000 -10000 35 -10000 
57 21 81 -10000 41 -10000 97 -10000 -10000 -10000 9 -10000 -10000 68 -10000 31 99 -10000 53 53 97 -10000 -10000 -10000 75 -10000 -10000 -10000 92 70 52 21 92 96 3 45 26 43 37 -10000 88 76 -10000 81 87 38 -10000 92 -10000 -10000 100 -10000 5 -10000 -10000 59 56 96 99 16 28 -10000 -10000 -10000 50 -10000 -10000 56 -10000 -10000 -10000 -10000 3 42 41 -10000 -10000 -10000 97 89 22 -10000 -10000 -10000 43 -10000 -10000 -10000 98 97 14 42 -10000 43 40 -10000 2 67 95 -10000 27 2 46 -10000 29 1 -10000 -10000 -10000 64 47 -10000 66 89 34 -10000 8 59 16 -10000 -10000 -10000 46 -10000 97 -10000 
27 -10000 -10000 48 -10000 40 -10000 -10000 -10000 -10000 53 84 -10000 39 -10000 -10000 -10000 17 -10000 11 -10000 25 79 -10000 -10000 56 -10000 31 65 -10000 68 -10000 69 -10000 -10000 -10000 15 61 84 -10000 -10000 66 75 68 42 -10000 -10000 -10000 -10000 83 23 -10000 33 -10000 -10000 -10000 -10000 82 -10000 -10000 54 33 12 95 17 -10000 -10000 -10000 -10000 -10000 -10000 81 30 -10000 -10000 -10000 -10000 -10000 3 98 92 -10000 17 -10000 56 -10000 7 -10000 84 -10000 -10000 23 49 56 39 -10000 -10000 7 -10000 -10000 9 50 3 100 35 -10000 -10000 -10000 45 -10000 -10000 54 87 96 81 -10000 -10000 31 -10000 -10000 -10000 -10000 21 33 -10000 11 
8 -10000 43 -10000 -10000 46 -10000 -10000 -10000 -10000 -10000 25 51 7 40 91 93 30 -10000 -10000 64 -10000 -10000 24 -10000 23 38 89 97 7 47 -10000 28 33 38 -10000 -10000 24 -10000 97 -10000 38 -10000 20 -10000 -10000 73 18 28 54 72 -10000 96 34 -10000 94 14 32 53 97 -10000 -10000 -10000 -10000 57 -10000 -10000 12 -10000 49 -10000 31 -10000 -10000 -10000 39 76 -10000 -10000 -10000 97 35 26 -10000 -10000 -10000 85 -10000 -10000 78 -10000 44 -10000 -10000 -10000 -10000 -10000 10 -10000 28 -10000 -10000 -10000 89 -10000 -10000 -10000 47 20 17 -10000 -10000 -10000 68 94 -10000 -10000 93 -10000 -10000 -10000 52 -10000 55 -10000 -10000 
-10000 70 -10000 -10000 -10000 39 -10000 -10000 -10000 3 69 86 -10000 -10000 14 66 41 34 -10000 97 -10000 56 -10000 -10000 -10000 88 -10000 58 37 67 -10000 18 -10000 -10000 44 -10000 63 -10000 79 -10000 4 -10000 -10000 14 -10000 94 30 -10000 87 67 -10000 15 -10000 16 78 98 -10000 -10000 65 -10000 92 -10000 31 46 -10000 67 -10000 -10000 -10000 3 96 30 39 -10000 43 71 75 79 -10000 69 -10000 -10000 -10000 100 73 -10000 54 99 23 53 50 12 42 -10000 -10000 14 -10000 72 47 -10000 45 8 -10000 -10000 93 19 -10000 -10000 29 39 85 -10000 34 85 34 -10000 -10000 -10000 88 -10000 54 -10000 18 22 74 -10000 
-10000 26 -10000 -10000 -10000 -10000 -10000 -10000 -10000 -10000 9 -10000 82 -10000 -10000 -10000 12 -10000 70 42 28 60 -10000 18 29 -10000 -10000 -10000 84 -10000 56 -10000 95 70 -10000 7 -10000 -10000 -10000 -10000 -10000 -10000 56 74 79 70 -10000 25 -10000 19 89 32 77 -10000 -10000 35 8 10 -10000 35 -10000 73 -10000 78 15 -10000 -10000 -10000 47 80 23 -10000 -10000 -10000 -10000 1 26 -10000 75 26 -10000 22 3 -10000 -10000 61 67 -10000 -10000 24 -10000 11 38 -10000 11 -10000 -10000 87 -10000 -10000 33 21 -10000 -10000 90 -10000 -10000 -10000 -10000 49 11 91 46 85 70 99 -10000 -10000 -10000 26 88 -10000 65 -10000 -10000 -10000 
-10000 -10000 98 84 54 -10000 33 38 -10000 -10000 -10000 -10000 -10000 69 11 47 49 33 82 -10000 32 -10000 100 -10000 -10000 -10000 -10000 56 -10000 24 85 -10000 -10000 -10000 66 -10000 -10000 -10000 -10000 -10000 61 -10000 58 -10000 52 -10000 9 10 -10000 15 -10000 -10000 -10000 48 -10000 -10000 -10000 93 -10000 -10000 83 -10000 46 -10000 48 -10000 3 -10000 -10000 -10000 100 61 -10000 26 -10000 -10000 -10000 43 -10000 16 55 -10000 -10000 87 -10000 83 77 58 -10000 -10000 83 -10000 -10000 -10000 98 -10000 -10000 -10000 -10000 -10000 -10000 20 35 -10000 -10000 -10000 74 -10000 -10000 72 20 99 32 40 8 55 50 -10000 -10000 -10000 89 -10000 -10000 80 -10000 -10000 
-10000 63 5 58 -10000 90 -10000 59 20 97 15 67 -10000 81 84 45 60 -10000 -10000 -10000 -10000 -10000 -10000 -10000 67 -10000 -10000 -10000 -10000 -10000 58 71 -10000 -10000 37 -10000 -10000 9 -10000 -10000 100 -10000 -10000 18 -10000 78 96 10 67 -10000 -10000 -10000 72 91 10 21 66 -10000 74 96 -10000 99 48 -10000 17 86 71 72 -10000 -10000 -10000 50 -10000 98 35 97 54 56 -10000 -10000 -10000 37 -10000 -10000 -10000 68 -10000 -10000 6 -10000 -10000 11 -10000 -10000 -10000 -10000 33 -10000 12 31 87 -10000 93 -10000 57 8 22 -10000 -10000 -10000 -10000 2 -10000 73 -10000 88 -10000 -10000 -10000 96 57 48 36 83 67 66 
86 -10000 -10000 -10000 -10000 -10000 98 49 35 -10000 -10000 -10000 87 92 77 72 75 8 66 -10000 69 -10000 -10000 70 7 -10000 34 -10000 67 19 99 -10000 62 -10000 -10000 4 8 -10000 71 -10000 36 -10000 11 47 31 -10000 -10000 26 60 2 94 -10000 -10000 96 71 -10000 -10000 -10000 74 3 4 -10000 16 83 -10000 86 60 54 -10000 67 -10000 -10000 -10000 23 42 94 -10000 60 9 -10000 -10000 53 -10000 -10000 -10000 -10000 1 37 -10000 -10000 -10000 9 19 -10000 -10000 8 73 -10000 -10000 -10000 21 15 40 31 -10000 -10000 3 58 -10000 92 100 -10000 -10000 -10000 80 75 6 -10000 50 15 27 55 -10000 10 -10000 68 
-10000 16 4 44 -10000 -10000 29 32 -10000 27 56 89 -10000 58 -10000 9 -10000 -10000 -10000 63 31 -10000 87 -10000 37 -10000 60 96 42 17 3 28 23 -10000 10 79 86 -10000 15 57 -10000 24 -10000 -10000 67 -10000 -10000 -10000 -10000 38 80 -10000 56 41 -10000 -10000 -10000 7 67 -10000 -10000 23 -10000 85 6 67 77 35 11 2 -10000 -10000 26 56 74 -10000 39 55 -10000 -10000 47 65 1 -10000 7 -10000 48 8 -10000 30 -10000 -10000 -10000 38 17 -10000 -10000 -10000 -10000 -10000 17 -10000 86 31 -10000 -10000 93 -10000 77 40 -10000 92 19 -10000 20 -10000 24 41 -10000 -10000 -10000 49 100 45 78 -10000 
31 8 -10000 35 11 54 -10000 42 94 -10000 -10000 34 -10000 40 -10000 -10000 -10000 90 29 -10000 -10000 -10000 -10000 -10000 -10000 -10000 39 92 29 20 57 88 56 -10000 -10000 69 -10000 -10000 76 2 29 83 -10000 -10000 40 3 3 -10000 41 -10000 -10000 -10000 28 -10000 -10000 -10000 -10000 37 26 -10000 -10000 22 3 -10000 -10000 -10000 -10000 19 -10000 91 73 -10000 11 73 2 61 -10000 -10000 60 -10000 -10000 -10000 73 -10000 -10000 -10000 2 12 56 55 82 -10000 -10000 -10000 31 -10000 84 -10000 -10000 -10000 -10000 -10000 4 52 42 19 -10000 26 -10000 16 51 57 51 -10000 -10000 -10000 54 -10000 -10000 10 -10000 41 45 79 -10000 8 
-10000 -10000 87 41 82 -10000 78 41 -10000 -10000 -10000 42 -10000 -10000 -10000 -10000 -10000 -10000 91 -10000 65 76 48 38 -10000 34 -10000 44 2 47 -10000 -10000 53 -10000 -10000 68 -10000 76 85 11 -10000 -10000 88 49 -10000 -10000 6 -10000 -10000 97 -10000 30 31 9 8 -10000 -10000 -10000 5 27 -10000 -10000 -10000 63 99 -10000 -10000 67 61 -10000 -10000 -10000 20 91 26 60 2 -10000 96 -10000 -10000 84 39 65 59 23 51 -10000 17 33 96 34 -10000 -10000 67 30 -10000 88 26 14 20 -10000 2 78 -10000 -10000 -10000 47 -10000 72 -10000 -10000 29 15 -10000 81 -10000 -10000 -10000 -10000 -10000 -10000 66 -10000 -10000 -10000 
-10000 78 -10000 -10000 -10000 -10000 61 -10000 -10000 40 3 -10000 18 67 93 75 -10000 -10000 -10000 38 23 -10000 45 15 -10000 -10000 -10000 -10000 26 -10000 -10000 38 -10000 -10000 -10000 -10000 65 -10000 33 95 -10000 70 16 85 -10000 91 -10000 -10000 44 -10000 67 -10000 23 -10000 -10000 41 -10000 -10000 38 45 36 70 -10000 -10000 30 -10000 -10000 71 -10000 -10000 35 52 3 -10000 55 40 -10000 -10000 30 37 -10000 -10000 54 29 9 64 -10000 -10000 -10000 46 -10000 61 -10000 18 11 69 66 -10000 65 17 45 -10000 -10000 -10000 56 -10000 -10000 26 84 55 -10000 -10000 96 96 47 48 -10000 -10000 16 26 78 -10000 1 74 75 -10000 
-10000 -10000 1 -10000 97 -10000 -10000 -10000 69 -10000 71 91 -10000 33 52 56 99 85 -10000 26 -10000 72 23 90 41 33 -10000 32 -10000 -10000 -10000 -10000 90 1 -10000 -10000 -10000 73 29 -10000 49 63 52 98 73 -10000 58 48 -10000 49 -10000 67 -10000 -10000 -10000 6 -10000 -10000 81 -10000 24 -10000 -10000 68 -10000 43 -10000 48 -10000 87 19 76 -10000 -10000 -10000 78 -10000 -10000 54 -10000 -10000 -10000 74 93 -10000 53 31 -10000 95 -10000 49 48 64 6 -10000 -10000 87 -10000 46 85 -10000 78 79 13 29 -10000 -10000 85 12 60 -10000 79 -10000 47 36 54 -10000 -10000 12 1 -10000 100 76 -10000 -10000 -10000 
21 -10000 -10000 25 9 63 -10000 41 -10000 -10000 76 100 -10000 30 -10000 80 -10000 -10000 -10000 72 -10000 89 85 55 -10000 67 25 4 9 16 89 -10000 -10000 -10000 57 -10000 -10000 -10000 27 84 -10000 -10000 42 -10000 48 66 51 52 -10000 90 44 -10000 16 -10000 3 -10000 9 -10000 -10000 -10000 -10000 -10000 -10000 -10000 51 -10000 -10000 -10000 -10000 -10000 33 3 -10000 -10000 -10000 80 -10000 -10000 -10000 -10000 74 -10000 53 10 -10000 -10000 -10000 -10000 9 -10000 -10000 -10000 34 97 -10000 -10000 -10000 -10000 -10000 -10000 -10000 -10000 -10000 75 34 -10000 40 -10000 -10000 -10000 -10000 -10000 81 -10000 -10000 84 40 -10000 55 -10000 -10000 -10000 -10000 62 70 -10000 
97 -10000 70 -10000 -10000 -10000 -10000 86 18 -10000 49 7 20 18 -10000 -10000 97 94 -10000 -10000 3 -10000 -10000 32 -10000 -10000 -10000 -10000 65 -10000 -10000 83 -10000 -10000 -10000 -10000 -10000 95 -10000 85 19 -10000 30 82 -10000 -10000 -10000 10 -10000 -10000 23 -10000 47 -10000 57 27 3 40 86 7 7 48 -10000 76 5 -10000 -10000 53 14 95 -10000 77 -10000 92 38 45 83 12 -10000 23 -10000 -10000 -10000 59 -10000 87 39 31 89 -10000 15 50 87 82 -10000 -10000 -10000 88 -10000 96 -10000 -10000 -10000 -10000 66 -10000 12 9 -10000 12 77 -10000 23 2 98 59 14 6 -10000 63 20 -10000 58 89 77 15 
32 -10000 -10000 44 -10000 -10000 -10000 61 30 -10000 -10000 -10000 -10000 96 -10000 -10000 -10000 -10000 -10000 84 93 -10000 -10000 -10000 94 59 -10000 -10000 31 77 -10000 -10000 -10000 -10000 83 -10000 91 55 93 34 22 5 -10000 90 43 -10000 99 -10000 -10000 -10000 14 -10000 2 46 86 24 -10000 -10000 43 -10000 35 81 -10000 -10000 -10000 37 -10000 76 97 79 -10000 -10000 -10000 13 33 56 -10000 -10000 1 -10000 -10000 76 81 45 81 26 41 -10000 -10000 44 70 -10000 53 -10000 -10000 66 33 -10000 -10000 33 58 35 48 29 80 90 87 -10000 -10000 20 57 29 38 -10000 31 -10000 -10000 -10000 -10000 -10000 60 21 10 79 49 93 
4 33 99 -10000 82 18 -10000 20 -10000 -10000 50 43 39 -10000 -10000 -10000 -10000 38 53 -10000 58 19 -10000 -10000 10 63 -10000 -10000 -10000 -10000 7 86 38 -10000 -10000 -10000 -10000 -10000 -10000 13 -10000 97 -10000 -10000 -10000 -10000 35 90 8 91 95 -10000 76 78 85 -10000 64 -10000 9 27 59 47 60 99 73 -10000 -10000 -10000 17 16 17 46 85 -10000 22 -10000 -10000 -10000 97 -10000 82 97 -10000 -10000 16 -10000 9 -10000 73 68 -10000 -10000 34 -10000 -10000 52 -10000 83 54 81 60 42 90 31 80 38 -10000 40 -10000 50 -10000 36 39 -10000 -10000 29 -10000 -10000 56 55 -10000 17 -10000 87 -10000 -10000 
-10000 10 -10000 83 -10000 89 -10000 55 -10000 32 -10000 49 -10000 -10000 -10000 -10000 -10000 -10000 75 -10000 84 81 27 -10000 8 -10000 48 -10000 -10000 17 -10000 65 -10000 -10000 -10000 -10000 58 65 -10000 -10000 16 -10000 -10000 52 72 -10000 -10000 -10000 -10000 67 -10000 27 22 -10000 42 -10000 -10000 58 19 95 -10000 91 -10000 15 -10000 65 -10000 35 5 25 -10000 -10000 -10000 56 -10000 -10000 -10000 86 -10000 28 -10000 73 -10000 -10000 99 26 -10000 14 5 12 -10000 16 36 -10000 23 32 -10000 15 -10000 4 -10000 34 76 -10000 -10000 22 89 -10000 -10000 -10000 -10000 63 -10000 60 98 68 54 -10000 -10000 6 4 22 72 14 87 -10000 
46 18 -10000 10 -10000 -10000 95 -10000 -10000 -10000 79 -10000 19 -10000 -10000 -10000 -10000 79 7 -10000 -10000 -10000 -10000 -10000 -10000 -10000 26 -10000 -10000 60 -10000 56 -10000 92 -10000 -10000 90 -10000 49 -10000 27 -10000 -10000 79 28 -10000 -10000 95 96 -10000 -10000 21 69 -10000 -10000 37 -10000 16 -10000 -10000 -10000 42 45 -10000 -10000 -10000 -10000 83 -10000 95 21 29 94 -10000 39 14 -10000 -10000 59 63 -10000 -10000 64 32 -10000 61 -10000 -10000 25 -10000 4 71 -10000 -10000 3 75 40 61 63 83 -10000 33 -10000 91 79 3 14 46 41 -10000 -10000 -10000 -10000 -10000 46 -10000 -10000 -10000 15 64 -10000 16 17 98 97 -10000 
11 -10000 -10000 -10000 42 30 37 -10000 33 81 86 -10000 20 -10000 69 -10000 -10000 -10000 78 9 10 99 26 -10000 29 10 -10000 34 -10000 94 -10000 58 -10000 -10000 -10000 58 11 -10000 -10000 -10000 -10000 -10000 -10000 -10000 100 -10000 -10000 -10000 71 -10000 -10000 -10000 1 55 -10000 -10000 6 93 97 -10000 25 62 13 58 -10000 -10000 -10000 38 3 26 -10000 99 42 22 72 19 50 -10000 -10000 39 85 -10000 -10000 88 74 23 -10000 41 100 19 76 2 -10000 -10000 -10000 -10000 -10000 -10000 -10000 33 1 58 -10000 73 -10000 -10000 42 64 -10000 5 77 53 89 60 -10000 62 5 -10000 31 74 85 46 13 85 98 -10000 
26 -10000 -10000 9 62 -10000 5 10 -10000 48 59 79 86 5 25 97 10 82 12 -10000 77 -10000 18 -10000 41 59 84 49 5 -10000 -10000 -10000 74 -10000 -10000 -10000 -10000 -10000 63 99 90 -10000 63 59 61 -10000 58 50 9 -10000 -10000 -10000 23 46 -10000 -10000 62 -10000 1 84 -10000 55 96 -10000 92 81 -10000 -10000 3 -10000 -10000 -10000 -10000 18 34 10 -10000 19 -10000 59 78 -10000 -10000 88 60 28 -10000 -10000 93 -10000 61 60 -10000 75 -10000 -10000 40 6 1 81 -10000 54 -10000 77 95 -10000 50 -10000 -10000 -10000 -10000 72 -10000 2 1 82 -10000 55 47 -10000 46 -10000 34 32 -10000 18 
-10000 58 31 -10000 -10000 83 -10000 -10000 -10000 -10000 -10000 10 77 74 -10000 -10000 -10000 -10000 -10000 16 60 84 -10000 -10000 33 36 -10000 -10000 11 76 -10000 10 67 84 -10000 -10000 12 93 52 -10000 -10000 100 18 58 30 34 98 -10000 45 48 7 60 -10000 -10000 7 -10000 10 -10000 2 -10000 -10000 48 -10000 90 90 -10000 30 81 -10000 -10000 -10000 45 -10000 -10000 -10000 90 -10000 -10000 24 -10000 57 -10000 -10000 43 -10000 76 80 68 65 -10000 86 -10000 13 57 -10000 -10000 -10000 32 -10000 -10000 72 -10000 -10000 -10000 -10000 12 -10000 7 47 23 92 -10000 -10000 -10000 -10000 -10000 64 -10000 32 84 -10000 46 88 -10000 100 -10000 
-10000 88 -10000 50 47 -10000 -10000 53 -10000 -10000 -10000 -10000 62 59 -10000 100 -10000 -10000 80 38 20 -10000 -10000 58 -10000 -10000 -10000 65 72 -10000 13 -10000 -10000 -10000 69 -10000 -10000 38 92 -10000 75 -10000 51 53 70 -10000 -10000 93 -10000 12 -10000 93 81 78 47 -10000 -10000 72 2 -10000 23 83 -10000 -10000 -10000 62 45 -10000 1 96 68 7 -10000 45 50 60 -10000 18 -10000 83 -10000 75 -10000 80 -10000 -10000 76 89 -10000 -10000 -10000 -10000 36 94 -10000 -10000 -10000 -10000 -10000 -10000 60 95 86 -10000 -10000 -10000 15 99 -10000 75 -10000 -10000 -10000 -10000 -10000 -10000 -10000 -10000 15 -10000 73 -10000 92 -10000 95 18 
-10000 31 12 97 -10000 -10000 -10000 -10000 -10000 55 68 70 -10000 -10000 70 -10000 -10000 -10000 35 -10000 -10000 23 98 -10000 -10000 93 88 -10000 40 -10000 -10000 -10000 64 77 -10000 35 43 26 -10000 -10000 33 11 -10000 21 -10000 94 -10000 95 33 -10000 1 -10000 85 22 -10000 49 -10000 -10000 -10000 11 -10000 -10000 91 18 -10000 44 96 77 100 73 8 64 50 19 -10000 -10000 -10000 34 93 42 94 43 24 7 63 42 8 43 -10000 62 77 68 -10000 -10000 -10000 62 -10000 -10000 -10000 -10000 -10000 -10000 51 -10000 -10000 52 -10000 72 89 -10000 -10000 -10000 38 38 -10000 55 -10000 63 -10000 -10000 -10000 18 3 98 39 61 
-10000 -10000 -10000 -10000 12 -10000 -10000 -10000 -10000 51 -10000 61 34 -10000 49 -10000 1 -10000 28 73 83 36 -10000 79 51 -10000 85 -10000 -10000 60 -10000 34 -10000 96 30 92 84 45 29 -10000 89 51 -10000 -10000 17 -10000 23 -10000 -10000 74 -10000 -10000 42 -10000 -10000 -10000 -10000 76 -10000 1 -10000 -10000 87 83 48 -10000 -10000 83 -10000 36 -10000 -10000 -10000 -10000 56 -10000 34 92 12 -10000 50 -10000 -10000 -10000 -10000 67 -10000 -10000 -10000 -10000 89 -10000 -10000 -10000 45 64 -10000 -10000 87 31 21 -10000 -10000 56 59 -10000 -10000 29 14 -10000 31 -10000 -10000 69 71 35 -10000 -10000 36 2 -10000 -10000 -10000 -10000 88 91 
-10000 -10000 84 -10000 5 -10000 -10000 -10000 29 58 -10000 4 -10000 43 -10000 -10000 12 -10000 60 -10000 90 -10000 19 -10000 96 11 16 -10000 -10000 -10000 -10000 -10000 95 -10000 83 30 -10000 -10000 -10000 -10000 -10000 87 19 77 -10000 -10000 -10000 22 -10000 25 82 -10000 59 -10000 15 4 18 85 72 -10000 27 -10000 -10000 -10000 88 88 -10000 88 35 -10000 39 -10000 -10000 -10000 78 39 26 67 58 -10000 -10000 -10000 19 53 -10000 -10000 -10000 -10000 66 23 -10000 -10000 39 -10000 98 57 87 -10000 -10000 -10000 -10000 32 84 100 3 -10000 87 -10000 95 34 71 41 13 57 62 70 24 -10000 -10000 37 20 -10000 3 14 81 -10000 
-10000 36 32 -10000 42 -10000 79 -10000 67 -10000 -10000 74 59 -10000 58 37 -10000 -10000 -10000 -10000 -10000 -10000 64 61 15 -10000 73 88 34 42 14 20 60 -10000 47 55 55 4 -10000 10 53 -10000 12 64 20 -10000 -10000 -10000 75 -10000 -10000 -10000 -10000 -10000 78 -10000 24 -10000 -10000 95 -10000 82 13 48 -10000 88 -10000 38 41 -10000 15 35 53 11 100 -10000 -10000 -10000 -10000 -10000 66 -10000 98 37 -10000 17 -10000 4 -10000 -10000 -10000 50 -10000 47 38 -10000 90 65 8 -10000 -10000 -10000 76 -10000 -10000 9 86 30 39 48 -10000 71 -10000 65 -10000 -10000 72 -10000 -10000 29 -10000 -10000 -10000 69 3 99 
33 -10000 -10000 -10000 86 4 81 -10000 56 90 -10000 82 -10000 -10000 -10000 71 -10000 47 56 -10000 -10000 11 10 40 90 19 76 82 -10000 -10000 71 -10000 -10000 31 -10000 -10000 -10000 -10000 -10000 87 46 52 -10000 88 54 1 98 -10000 -10000 7 22 39 19 -10000 -10000 6 -10000 70 -10000 66 78 -10000 81 -10000 22 -10000 47 -10000 -10000 68 18 -10000 51 -10000 -10000 34 59 81 39 -10000 -10000 -10000 -10000 42 -10000 -10000 -10000 -10000 87 32 37 70 -10000 -10000 -10000 -10000 -10000 44 -10000 65 50 56 -10000 -10000 25 1 97 9 78 -10000 -10000 9 13 -10000 73 -10000 -10000 -10000 78 -10000 42 71 23 -10000 93 40 
-10000 56 60 -10000 28 -10000 53 -10000 -10000 64 -10000 52 27 20 -10000 -10000 -10000 -10000 -10000 -10000 94 -10000 -10000 -10000 9 6 36 2 4 80 -10000 -10000 -10000 -10000 3 53 40 100 22 29 38 -10000 93 -10000 30 -10000 56 2 56 93 78 42 85 -10000 -10000 -10000 -10000 17 84 57 -10000 -10000 8 85 3 -10000 59 67 -10000 -10000 1 81 -10000 -10000 46 -10000 -10000 -10000 -10000 99 -10000 97 52 -10000 -10000 58 4 -10000 -10000 48 83 20 47 -10000 -10000 -10000 -10000 47 -10000 -10000 -10000 29 47 86 21 -10000 62 -10000 -10000 73 -10000 -10000 98 -10000 72 -10000 -10000 47 -10000 42 -10000 -10000 -10000 88 -10000 -10000 
-10000 -10000 56 -10000 -10000 -10000 50 59 67 52 86 73 75 18 -10000 -10000 -10000 -10000 37 22 -10000 -10000 12 67 68 31 -10000 87 74 80 72 93 17 -10000 62 -10000 23 -10000 -10000 -10000 -10000 37 93 -10000 -10000 -10000 15 -10000 -10000 -10000 66 67 43 53 -10000 -10000 -10000 65 -10000 -10000 11 -10000 -10000 -10000 67 -10000 98 31 -10000 26 -10000 -10000 -10000 19 -10000 69 74 2 -10000 -10000 40 37 93 -10000 13 35 -10000 90 1 43 -10000 -10000 91 -10000 -10000 -10000 -10000 29 -10000 11 -10000 9 -10000 93 -10000 57 -10000 96 -10000 -10000 11 6 70 -10000 46 -10000 71 50 51 -10000 -10000 17 -10000 -10000 56 89 
-10000 -10000 -10000 7 -10000 62 -10000 -10000 83 21 2 -10000 -10000 -10000 57 -10000 -10000 -10000 13 25 6 -10000 -10000 85 77 9 -10000 56 -10000 25 76 58 16 59 26 10 -10000 -10000 87 -10000 -10000 64 97 54 17 33 -10000 -10000 16 19 -10000 8 64 22 99 76 79 -10000 83 42 -10000 -10000 62 43 1 -10000 -10000 48 36 -10000 6 58 69 37 62 -10000 -10000 44 69 6 64 97 39 -10000 64 -10000 -10000 43 62 9 -10000 77 40 24 -10000 -10000 12 -10000 -10000 23 -10000 -10000 -10000 -10000 68 -10000 26 72 -10000 -10000 75 12 34 10 -10000 10 70 22 -10000 -10000 -10000 36 3 80 56 -10000 
42 -10000 1 -10000 61 78 -10000 55 10 -10000 65 22 60 -10000 99 59 -10000 9 -10000 -10000 14 -10000 -10000 -10000 58 -10000 -10000 -10000 -10000 52 54 55 78 -10000 40 49 -10000 46 88 -10000 100 41 28 -10000 56 51 48 -10000 45 40 -10000 62 65 -10000 53 28 84 51 18 14 -10000 -10000 -10000 9 -10000 -10000 86 -10000 -10000 -10000 -10000 17 55 65 41 -10000 -10000 -10000 -10000 -10000 5 58 -10000 28 2 49 -10000 -10000 25 55 22 -10000 -10000 -10000 41 51 -10000 89 74 46 -10000 54 6 91 69 -10000 -10000 -10000 -10000 34 46 88 28 -10000 92 -10000 45 57 38 39 -10000 -10000 4 16 13 -10000 
-10000 -10000 71 88 -10000 -10000 78 38 97 -10000 54 71 -10000 -10000 -10000 -10000 74 -10000 20 -10000 26 -10000 -10000 -10000 -10000 -10000 74 -10000 41 68 -10000 -10000 89 81 -10000 31 -10000 67 12 54 -10000 -10000 32 -10000 -10000 25 36 -10000 -10000 22 -10000 -10000 9 16 51 18 -10000 -10000 -10000 -10000 -10000 -10000 27 33 -10000 52 13 50 31 -10000 -10000 51 25 -10000 -10000 21 -10000 -10000 27 72 48 15 85 62 55 -10000 -10000 -10000 -10000 47 83 39 -10000 96 -10000 69 18 -10000 19 -10000 40 -10000 12 -10000 50 -10000 -10000 -10000 -10000 -10000 13 17 75 64 -10000 5 59 19 9 84 -10000 -10000 71 -10000 41 -10000 
-10000 -10000 -10000 -10000 -10000 61 -10000 27 -10000 -10000 57 -10000 93 76 92 92 -10000 -10000 20 -10000 10 33 1 -10000 39 9 60 -10000 -10000 -10000 47 26 44 4 84 74 67 1 49 -10000 -10000 -10000 51 -10000 -10000 6 -10000 59 7 100 -10000 -10000 -10000 -10000 -10000 -10000 -10000 31 -10000 77 22 37 -10000 7 -10000 22 79 -10000 56 -10000 -10000 79 24 -10000 -10000 27 -10000 -10000 100 -10000 -10000 -10000 45 -10000 44 -10000 37 -10000 -10000 52 -10000 -10000 37 -10000 10 72 13 -10000 -10000 39 11 14 -10000 45 96 70 57 30 74 83 53 45 -10000 56 -10000 76 81 10 6 31 5 -10000 25 -10000 -10000 -10000 
2 -10000 9 -10000 94 3 81 -10000 -10000 -10000 90 65 25 6 -10000 -10000 45 69 -10000 -10000 11 83 -10000 47 -10000 48 -10000 73 -10000 13 41 65 -10000 -10000 51 -10000 -10000 72 29 55 41 -10000 -10000 67 -10000 -10000 -10000 61 -10000 45 75 -10000 95 -10000 57 -10000 -10000 41 -10000 -10000 59 -10000 -10000 56 18 89 -10000 11 -10000 -10000 -10000 -10000 54 70 -10000 -10000 -10000 -10000 -10000 56 -10000 -10000 96 19 -10000 93 24 -10000 58 50 -10000 78 -10000 18 59 -10000 -10000 -10000 58 86 -10000 -10000 35 -10000 -10000 1 87 33 68 14 61 99 10 -10000 -10000 -10000 6 29 -10000 59 -10000 -10000 -10000 -10000 -10000 84 
53 91 -10000 -10000 71 -10000 64 24 70 8 -10000 77 -10000 -10000 6 -10000 -10000 -10000 -10000 70 14 -10000 -10000 80 -10000 -10000 -10000 -10000 -10000 77 -10000 -10000 -10000 -10000 -10000 -10000 -10000 56 6 -10000 -10000 30 97 60 72 -10000 -10000 -10000 21 -10000 25 23 -10000 17 63 88 59 35 47 -10000 44 56 29 -10000 56 -10000 -10000 -10000 47 72 63 72 94 -10000 7 69 60 -10000 -10000 29 17 11 79 -10000 1 -10000 -10000 -10000 -10000 89 92 25 -10000 80 -10000 -10000 -10000 36 -10000 -10000 -10000 60 41 86 -10000 -10000 -10000 -10000 -10000 47 20 -10000 99 -10000 -10000 1 -10000 -10000 -10000 93 46 -10000 -10000 60 -10000 -10000 
9 -10000 -10000 4 8 91 49 36 66 57 55 -10000 73 -10000 7 -10000 -10000 44 75 97 84 31 -10000 21 72 90 -10000 -10000 -10000 -10000 2 61 79 -10000 -10000 -10000 9 -10000 13 -10000 -10000 31 -10000 -10000 21 98 -10000 80 35 74 74 -10000 20 29 -10000 74 -10000 10 30 -10000 56 -10000 45 -10000 47 -10000 45 -10000 32 -10000 71 -10000 -10000 79 -10000 95 4 47 -10000 69 -10000 -10000 2 31 -10000 -10000 -10000 -10000 95 -10000 87 73 42 29 84 -10000 -10000 -10000 -10000 -10000 -10000 43 -10000 -10000 94 -10000 28 2 -10000 -10000 9 86 -10000 26 -10000 68 -10000 -10000 75 -10000 9 73 -10000 -10000 62 -10000 
36 -10000 97 69 -10000 25 29 -10000 11 -10000 -10000 -10000 -10000 18 -10000 66 59 43 18 -10000 15 -10000 -10000 56 -10000 17 19 83 44 76 96 -10000 38 61 19 -10000 -10000 7 3 92 44 77 -10000 -10000 -10000 -10000 17 16 71 -10000 -10000 -10000 98 92 30 -10000 -10000 2 -10000 17 72 20 40 -10000 79 70 48 43 -10000 -10000 35 33 99 94 -10000 37 -10000 -10000 49 74 -10000 54 96 87 -10000 18 46 98 -10000 -10000 99 99 47 97 -10000 -10000 62 64 95 -10000 -10000 -10000 -10000 -10000 45 92 11 -10000 72 -10000 39 -10000 49 84 -10000 -10000 76 97 91 -10000 -10000 -10000 51 -10000 91 81 
-10000 8 8 66 -10000 94 81 90 90 -10000 65 -10000 -10000 74 61 95 39 -10000 23 -10000 -10000 14 38 56 19 -10000 -10000 5 -10000 96 -10000 62 56 73 -10000 -10000 -10000 99 37 -10000 13 38 23 17 83 -10000 89 20 -10000 22 -10000 61 33 -10000 -10000 7 -10000 -10000 -10000 7 -10000 11 91 -10000 41 14 49 31 -10000 57 -10000 -10000 30 -10000 3 95 -10000 52 35 66 14 -10000 -10000 19 98 70 77 78 -10000 61 10 -10000 84 42 42 64 37 -10000 69 -10000 -10000 -10000 94 -10000 -10000 -10000 -10000 -10000 60 -10000 32 -10000 -10000 20 80 46 -10000 50 90 13 79 6 50 81 49 98 
-10000 82 -10000 73 99 41 21 -10000 48 -10000 -10000 -10000 -10000 -10000 -10000 -10000 90 -10000 78 -10000 39 58 31 -10000 -10000 -10000 -10000 50 48 -10000 64 -10000 -10000 -10000 -10000 18 -10000 60 41 45 49 7 -10000 -10000 -10000 -10000 30 45 -10000 87 46 -10000 -10000 49 87 96 87 -10000 -10000 23 92 24 -10000 -10000 -10000 -10000 94 -10000 91 -10000 56 92 47 15 21 -10000 -10000 -10000 -10000 59 75 -10000 3 28 49 -10000 13 -10000 -10000 -10000 64 -10000 -10000 36 84 77 10 12 91 -10000 8 40 77 95 -10000 80 -10000 34 3 -10000 82 -10000 76 7 -10000 -10000 -10000 45 -10000 22 72 26 -10000 42 40 -10000 
-10000 -10000 81 83 14 -10000 51 92 64 95 -10000 -10000 -10000 89 -10000 -10000 -10000 24 32 -10000 26 -10000 44 -10000 -10000 16 25 11 14 -10000 -10000 68 -10000 70 37 9 -10000 -10000 -10000 -10000 98 -10000 33 -10000 -10000 -10000 45 49 2 -10000 -10000 29 18 -10000 -10000 -10000 -10000 -10000 -10000 -10000 70 49 -10000 92 8 15 72 33 -10000 63 76 -10000 70 46 40 -10000 12 -10000 -10000 70 -10000 -10000 -10000 -10000 53 63 19 -10000 47 -10000 84 97 -10000 83 -10000 -10000 -10000 13 90 -10000 44 86 51 -10000 92 -10000 22 96 -10000 -10000 44 51 11 61 44 -10000 -10000 100 66 83 -10000 -10000 -10000 2 -10000 -10000 
-10000 66 92 66 45 -10000 96 -10000 31 27 -10000 -10000 -10000 29 53 -10000 71 -10000 -10000 12 89 27 53 34 40 52 8 69 -10000 28 -10000 -10000 -10000 -10000 -10000 -10000 11 -10000 -10000 77 21 8 -10000 36 60 -10000 15 -10000 -10000 -10000 -10000 -10000 8 83 78 96 4 78 -10000 56 -10000 50 20 23 -10000 -10000 -10000 -10000 43 -10000 3 -10000 10 22 52 -10000 37 81 -10000 -10000 7 83 67 -10000 -10000 79 34 98 -10000 72 37 43 -10000 65 -10000 -10000 36 91 86 48 -10000 100 34 -10000 33 -10000 51 -10000 28 88 77 25 -10000 -10000 88 92 -10000 -10000 88 40 -10000 -10000 40 -10000 -10000 15 
25 94 -10000 -10000 45 -10000 82 -10000 27 6 -10000 14 4 59 49 -10000 -10000 -10000 25 -10000 -10000 -10000 66 -10000 64 71 32 8 56 50 35 98 4 30 -10000 47 71 77 17 5 62 -10000 -10000 52 -10000 -10000 36 -10000 97 -10000 -10000 29 -10000 58 90 -10000 -10000 -10000 -10000 -10000 -10000 -10000 76 -10000 -10000 -10000 91 -10000 -10000 92 74 -10000 -10000 7 96 11 5 -10000 -10000 24 -10000 78 -10000 64 15 83 -10000 -10000 -10000 68 -10000 1 -10000 58 55 -10000 23 6 4 -10000 94 91 61 -10000 64 -10000 -10000 -10000 -10000 -10000 -10000 -10000 -10000 24 6 99 13 -10000 68 72 -10000 84 33 -10000 23 66 
-10000 -10000 -10000 -10000 92 80 -10000 -10000 98 -10000 74 66 62 -10000 -10000 72 96 99 -10000 -10000 23 22 49 6 35 26 -10000 11 -10000 27 -10000 99 47 59 62 63 -10000 -10000 -10000 -10000 26 -10000 10 80 -10000 72 68 -10000 32 -10000 15 98 70 -10000 95 -10000 -10000 -10000 -10000 -10000 38 -10000 -10000 -10000 -10000 39 73 4 -10000 -10000 -10000 -10000 -10000 89 -10000 98 38 60 35 22 59 -10000 97 -10000 63 49 7 6 -10000 -10000 -10000 -10000 -10000 30 -10000 41 92 4 94 -10000 -10000 18 -10000 -10000 -10000 95 5 -10000 71 27 -10000 -10000 -10000 -10000 -10000 100 -10000 -10000 -10000 -10000 -10000 -10000 68 -10000 16 46 
46 -10000 -10000 64 -10000 -10000 -10000 -10000 -10000 55 -10000 18 40 -10000 54 96 -10000 -10000 -10000 20 -10000 -10000 -10000 21 -10000 -10000 -10000 -10000 54 -10000 -10000 -10000 93 84 2 49 23 56 9 -10000 64 83 -10000 49 -10000 53 -10000 36 85 -10000 -10000 -10000 41 79 -10000 -10000 -10000 93 42 30 39 93 99 75 -10000 98 -10000 -10000 15 -10000 -10000 51 -10000 -10000 63 60 81 -10000 7 -10000 -10000 -10000 -10000 -10000 64 27 -10000 -10000 -10000 -10000 78 5 41 -10000 52 100 16 -10000 25 51 54 60 -10000 -10000 -10000 45 56 43 -10000 -10000 -10000 -10000 -10000 -10000 -10000 -10000 69 -10000 -10000 7 67 16 -10000 -10000 2 -10000 
15 53 -10000 -10000 72 77 -10000 10 -10000 53 22 11 -10000 -10000 99 -10000 26 98 -10000 45 86 81 49 -10000 -10000 -10000 9 -10000 -10000 -10000 -10000 -10000 97 -10000 -10000 45 5 70 25 81 3 -10000 43 60 -10000 -10000 -10000 90 -10000 -10000 42 -10000 -10000 -10000 -10000 9 -10000 86 -10000 51 88 -10000 31 -10000 29 -10000 -10000 36 -10000 -10000 -10000 96 53 100 -10000 -10000 29 -10000 66 98 41 17 -10000 3 9 -10000 -10000 -10000 87 -10000 -10000 -10000 -10000 -10000 -10000 -10000 86 77 71 63 91 -10000 -10000 35 -10000 -10000 36 -10000 16 31 -10000 35 88 -10000 -10000 60 27 -10000 77 27 -10000 -10000 -10000 -10000 -10000 45 
-10000 19 -10000 19 97 -10000 79 73 -10000 -10000 -10000 32 -10000 -10000 56 -10000 -10000 55 82 -10000 -10000 -10000 36 -10000 -10000 -10000 57 24 -10000 -10000 -10000 74 97 -10000 17 -10000 45 -10000 -10000 96 -10000 74 -10000 -10000 -10000 58 23 -10000 53 64 -10000 52 -10000 -10000 72 -10000 -10000 58 63 -10000 48 -10000 -10000 -10000 67 61 30 60 -10000 -10000 29 47 20 78 -10000 -10000 14 57 -10000 -10000 67 53 -10000 -10000 57 -10000 17 -10000 66 -10000 43 -10000 31 74 4 -10000 28 -10000 -10000 3 -10000 42 -10000 -10000 -10000 -10000 78 7 68 -10000 -10000 95 42 -10000 -10000 61 81 15 9 52 -10000 87 -10000 40 -10000 -10000 
13 -10000 -10000 91 -10000 -10000 -10000 -10000 49 -10000 -10000 42 30 -10000 -10000 -10000 -10000 -10000 -10000 11 -10000 52 47 66 -10000 8 18 49 -10000 -10000 -10000 1 3 -10000 56 -10000 21 85 -10000 -10000 -10000 29 -10000 -10000 56 41 84 -10000 -10000 -10000 -10000 77 46 12 100 17 52 67 -10000 -10000 -10000 70 31 -10000 40 41 83 95 -10000 -10000 61 -10000 86 -10000 91 100 16 29 -10000 3 63 48 51 47 53 -10000 98 -10000 -10000 68 8 15 -10000 -10000 47 -10000 72 -10000 -10000 63 -10000 80 47 -10000 -10000 -10000 4 -10000 -10000 93 -10000 43 79 38 4 29 -10000 43 23 23 79 -10000 -10000 6 23 46 
-10000 -10000 -10000 -10000 5 -10000 -10000 52 91 -10000 -10000 -10000 -10000 -10000 -10000 25 -10000 11 -10000 -10000 -10000 12 -10000 43 67 70 -10000 -10000 -10000 22 21 38 19 -10000 89 8 -10000 88 -10000 64 -10000 -10000 -10000 -10000 45 16 23 69 23 32 -10000 80 20 34 -10000 99 40 2 4 53 4 98 -10000 -10000 -10000 36 54 99 51 56 -10000 -10000 -10000 -10000 -10000 -10000 57 -10000 -10000 -10000 17 -10000 69 -10000 60 53 6 -10000 -10000 -10000 59 -10000 51 86 31 3 -10000 -10000 -10000 -10000 -10000 -10000 29 45 -10000 -10000 95 -10000 91 -10000 -10000 -10000 21 -10000 -10000 34 -10000 -10000 69 -10000 38 54 73 8 -10000 54 
92 -10000 -10000 78 33 38 -10000 -10000 56 -10000 79 -10000 -10000 55 -10000 11 9 47 100 -10000 -10000 -10000 2 24 57 50 3 99 97 14 -10000 -10000 71 -10000 97 38 -10000 66 -10000 -10000 -10000 100 -10000 -10000 -10000 36 -10000 -10000 -10000 33 1 -10000 40 61 12 -10000 7 -10000 -10000 79 -10000 -10000 98 -10000 -10000 -10000 -10000 38 -10000 37 76 50 46 33 44 -10000 30 -10000 55 16 -10000 -10000 56 -10000 32 -10000 29 76 -10000 -10000 46 32 -10000 -10000 -10000 88 -10000 8 -10000 -10000 2 -10000 -10000 60 -10000 -10000 32 -10000 68 -10000 -10000 83 -10000 72 50 -10000 82 -10000 63 -10000 -10000 -10000 -10000 -10000 -10000 -10000 
-10000 69 -10000 -10000 24 82 -10000 26 -10000 11 -10000 -10000 30 6 -10000 3 12 -10000 47 94 78 -10000 79 -10000 81 56 -10000 9 58 23 12 -10000 45 27 61 32 -10000 -10000 15 -10000 -10000 85 -10000 31 94 -10000 46 -10000 48 -10000 56 -10000 -10000 39 -10000 -10000 -10000 29 -10000 -10000 2 53 -10000 21 -10000 -10000 -10000 55 72 -10000 79 -10000 92 80 -10000 66 -10000 41 59 -10000 -10000 18 59 95 -10000 5 55 -10000 -10000 -10000 94 -10000 60 -10000 -10000 -10000 -10000 27 3 -10000 -10000 -10000 41 69 -10000 11 50 -10000 -10000 89 62 8 -10000 -10000 -10000 -10000 75 -10000 94 -10000 -10000 91 30 -10000 -10000 -10000 
21 72 85 57 -10000 -10000 -10000 26 -10000 98 -10000 -10000 83 75 85 -10000 -10000 92 33 83 -10000 -10000 -10000 4 3 -10000 -10000 77 -10000 -10000 38 80 19 64 -10000 4 95 31 -10000 -10000 28 16 57 90 -10000 62 -10000 -10000 -10000 -10000 45 15 98 88 -10000 4 55 -10000 100 -10000 73 47 31 26 -10000 -10000 86 70 98 7 7 -10000 65 2 -10000 -10000 -10000 -10000 -10000 -10000 -10000 -10000 36 -10000 -10000 60 100 64 5 83 98 -10000 36 11 82 45 6 -10000 92 -10000 99 58 44 7 56 24 74 -10000 -10000 82 -10000 -10000 79 20 -10000 -10000 -10000 -10000 31 44 93 -10000 87 3 -10000 -10000 
67 -10000 83 96 97 -10000 31 -10000 -10000 82 97 63 66 -10000 -10000 94 -10000 -10000 61 92 45 55 -10000 75 53 52 76 52 -10000 -10000 32 -10000 46 72 -10000 -10000 59 56 45 71 15 80 -10000 17 36 39 79 62 59 75 9 57 -10000 -10000 -10000 -10000 13 13 57 -10000 35 52 -10000 -10000 32 4 27 -10000 56 88 5 -10000 -10000 -10000 -10000 36 56 32 -10000 -10000 -10000 73 84 -10000 27 -10000 58 -10000 -10000 2 -10000 -10000 39 11 5 -10000 51 -10000 15 87 11 -10000 95 -10000 -10000 74 51 -10000 47 -10000 -10000 11 -10000 -10000 -10000 -10000 -10000 41 -10000 25 60 -10000 -10000 -10000 53 42 
-10000 -10000 -10000 -10000 -10000 -10000 -10000 -10000 48 -10000 63 17 -10000 19 -10000 -10000 57 -10000 -10000 -10000 31 -10000 -10000 59 59 50 58 49 -10000 45 37 65 -10000 46 86 41 29 94 -10000 -10000 -10000 22 -10000 21 78 63 -10000 -10000 7 -10000 35 -10000 -10000 -10000 52 -10000 19 -10000 23 6 70 -10000 7 57 42 -10000 40 -10000 -10000 56 -10000 22 -10000 59 69 1 -10000 -10000 44 62 -10000 15 85 35 20 -10000 -10000 -10000 1 61 -10000 -10000 -10000 -10000 91 37 -10000 81 -10000 82 -10000 2 18 -10000 -10000 -10000 -10000 -10000 -10000 -10000 -10000 32 52 -10000 85 22 6 71 16 32 46 83 28 98 81 69 
70 81 50 30 -10000 68 2 84 -10000 -10000 -10000 -10000 52 73 -10000 -10000 18 -10000 57 -10000 75 58 94 73 -10000 -10000 13 -10000 -10000 -10000 -10000 -10000 75 -10000 -10000 -10000 -10000 53 -10000 7 49 73 -10000 -10000 39 50 91 -10000 -10000 17 15 57 72 5 28 -10000 38 -10000 74 87 62 87 100 90 83 -10000 7 3 61 91 19 54 -10000 -10000 91 99 36 -10000 35 65 9 -10000 88 7 -10000 -10000 68 -10000 28 75 89 6 -10000 70 17 59 24 -10000 77 53 15 53 -10000 97 17 37 -10000 -10000 36 63 1 -10000 73 -10000 23 -10000 -10000 33 23 18 88 -10000 -10000 -10000 -10000 -10000 
-10000 -10000 80 -10000 -10000 -10000 -10000 -10000 -10000 -10000 -10000 -10000 -10000 17 41 -10000 22 31 52 -10000 48 -10000 -10000 -10000 -10000 -10000 18 71 -10000 91 -10000 41 -10000 6 -10000 94 -10000 11 13 -10000 -10000 68 -10000 14 23 -10000 13 2 44 5 33 -10000 7 92 -10000 42 -10000 -10000 71 -10000 -10000 27 -10000 61 18 -10000 2 -10000 -10000 11 -10000 40 67 52 86 49 -10000 43 23 -10000 97 99 -10000 -10000 -10000 -10000 76 67 -10000 90 46 5 -10000 98 86 9 32 62 -10000 -10000 -10000 70 17 7 9 -10000 12 -10000 -10000 3 -10000 30 -10000 13 70 41 29 -10000 -10000 -10000 -10000 -10000 59 -10000 -10000 46 
-10000 -10000 8 5 -10000 44 -10000 -10000 78 -10000 -10000 96 -10000 71 95 -10000 -10000 -10000 74 28 86 -10000 99 -10000 46 -10000 46 -10000 47 23 -10000 66 -10000 9 -10000 83 89 -10000 -10000 74 77 30 93 49 -10000 -10000 73 -10000 35 -10000 42 -10000 89 18 -10000 15 32 -10000 71 95 25 -10000 -10000 -10000 -10000 62 -10000 90 -10000 37 13 47 91 78 87 -10000 28 -10000 -10000 -10000 66 50 31 9 85 -10000 86 96 -10000 81 81 -10000 -10000 79 20 -10000 -10000 -10000 -10000 -10000 85 -10000 -10000 -10000 83 18 90 11 7 -10000 63 -10000 -10000 -10000 -10000 57 -10000 36 75 65 84 -10000 86 49 71 45 
71 -10000 -10000 12 -10000 64 87 43 58 -10000 61 -10000 36 -10000 32 -10000 -10000 -10000 71 -10000 50 68 57 -10000 -10000 82 5 18 45 -10000 -10000 -10000 73 61 -10000 77 51 96 39 27 87 -10000 -10000 2 12 -10000 -10000 -10000 59 58 -10000 -10000 -10000 44 92 47 -10000 -10000 -10000 -10000 70 -10000 -10000 54 97 10 -10000 63 65 52 18 11 29 -10000 -10000 -10000 18 96 98 20 64 28 -10000 -10000 42 -10000 37 17 59 -10000 2 -10000 53 39 7 -10000 3 4 65 -10000 17 -10000 -10000 86 74 80 -10000 20 7 38 74 85 23 -10000 84 60 19 -10000 17 -10000 -10000 82 34 30 39 73 
-10000 44 32 -10000 -10000 -10000 11 12 61 -10000 -10000 18 -10000 -10000 -10000 100 -10000 42 -10000 -10000 21 -10000 86 -10000 35 -10000 -10000 -10000 -10000 22 -10000 47 84 -10000 74 -10000 -10000 82 72 -10000 2 -10000 -10000 -10000 53 71 -10000 87 -10000 -10000 -10000 -10000 -10000 48 -10000 -10000 11 44 -10000 -10000 -10000 93 -10000 26 -10000 -10000 -10000 -10000 32 -10000 70 37 89 36 -10000 -10000 -10000 33 30 -10000 68 57 -10000 76 -10000 1 64 38 17 19 57 53 40 89 22 -10000 -10000 79 83 92 -10000 -10000 95 -10000 -10000 37 -10000 81 -10000 55 64 -10000 49 3 75 63 88 -10000 -10000 39 -10000 -10000 72 -10000 -10000 73 
-10000 -10000 -10000 -10000 -10000 15 -10000 -10000 -10000 88 -10000 -10000 -10000 -10000 -10000 21 88 4 80 -10000 -10000 53 86 56 54 -10000 25 -10000 37 -10000 56 58 73 40 68 75 24 22 8 94 -10000 -10000 49 -10000 -10000 -10000 -10000 -10000 86 -10000 18 48 -10000 37 26 -10000 -10000 -10000 -10000 -10000 -10000 10 29 -10000 -10000 76 -10000 -10000 -10000 89 67 18 -10000 -10000 -10000 17 -10000 -10000 -10000 26 -10000 56 74 -10000 14 -10000 -10000 71 38 64 93 -10000 46 -10000 65 27 54 -10000 84 13 -10000 77 88 -10000 6 49 56 -10000 38 -10000 4 -10000 -10000 -10000 -10000 62 55 64 4 -10000 97 86 -10000 -10000 -10000 49 
51 20 -10000 24 73 74 89 -10000 -10000 -10000 54 60 -10000 89 99 98 -10000 48 -10000 -10000 52 97 -10000 60 7 -10000 -10000 -10000 31 77 80 21 -10000 30 44 9 45 40 -10000 -10000 57 18 -10000 -10000 15 -10000 -10000 58 -10000 8 17 53 43 -10000 73 -10000 12 78 -10000 56 17 -10000 -10000 21 66 19 28 21 50 -10000 -10000 69 -10000 11 -10000 1 49 -10000 88 62 -10000 -10000 50 14 19 57 65 40 91 21 32 83 6 46 67 78 -10000 -10000 23 -10000 22 7 78 -10000 -10000 -10000 -10000 -10000 64 -10000 -10000 -10000 66 -10000 -10000 15 75 33 71 -10000 68 8 20 -10000 84 24 
-10000 -10000 93 -10000 -10000 -10000 -10000 81 -10000 -10000 -10000 81 -10000 67 74 -10000 45 -10000 8 16 55 40 -10000 -10000 -10000 94 -10000 55 3 53 57 21 71 31 -10000 9 70 93 53 -10000 -10000 -10000 87 -10000 -10000 -10000 -10000 -10000 86 -10000 76 -10000 -10000 -10000 4 89 -10000 11 -10000 -10000 -10000 77 -10000 -10000 -10000 73 -10000 -10000 -10000 99 -10000 42 -10000 -10000 64 88 59 87 -10000 100 68 -10000 -10000 29 98 32 -10000 26 60 96 46 -10000 -10000 -10000 90 48 -10000 58 64 19 99 -10000 -10000 1 69 -10000 23 50 31 31 49 -10000 -10000 -10000 12 -10000 -10000 -10000 -10000 -10000 23 -10000 20 -10000 -10000 81 
-10000 -10000 -10000 36 75 -10000 33 31 76 -10000 98 76 81 100 -10000 15 -10000 4 -10000 -10000 87 -10000 -10000 12 -10000 -10000 33 -10000 -10000 -10000 -10000 -10000 75 -10000 -10000 2 -10000 65 89 -10000 97 28 -10000 30 68 82 -10000 12 -10000 -10000 10 -10000 96 77 -10000 15 4 -10000 -10000 -10000 -10000 39 -10000 14 -10000 63 49 -10000 -10000 -10000 75 80 -10000 67 -10000 -10000 66 85 5 -10000 80 -10000 -10000 -10000 52 46 46 78 19 48 -10000 -10000 17 8 -10000 79 -10000 -10000 -10000 -10000 -10000 17 19 63 51 31 -10000 19 43 -10000 90 -10000 50 -10000 47 -10000 82 76 19 -10000 -10000 -10000 51 43 96 -10000 
94 -10000 -10000 49 -10000 81 34 -10000 98 -10000 71 -10000 74 -10000 -10000 43 -10000 39 85 99 -10000 -10000 -10000 55 75 -10000 -10000 72 -10000 -10000 -10000 -10000 95 34 22 -10000 54 36 -10000 5 3 22 46 -10000 82 61 70 -10000 27 29 -10000 -10000 53 -10000 56 49 33 16 -10000 39 59 81 -10000 72 13 71 -10000 32 -10000 -10000 -10000 30 -10000 -10000 -10000 64 -10000 -10000 -10000 42 -10000 -10000 24 -10000 94 -10000 -10000 16 -10000 24 -10000 -10000 -10000 -10000 -10000 -10000 50 -10000 58 48 55 -10000 -10000 31 88 62 -10000 -10000 92 31 70 -10000 29 -10000 -10000 41 -10000 26 75 -10000 -10000 8 -10000 -10000 -10000 8 
68 -10000 85 80 20 96 75 -10000 -10000 -10000 3 -10000 99 51 95 31 26 14 1 -10000 31 71 50 -10000 40 -10000 -10000 -10000 44 -10000 23 -10000 83 -10000 83 98 -10000 72 85 74 -10000 97 85 -10000 6 -10000 99 -10000 -10000 -10000 43 9 -10000 5 89 -10000 -10000 -10000 60 5 -10000 -10000 -10000 32 76 -10000 91 -10000 54 93 98 47 -10000 -10000 46 3 -10000 6 14 96 72 28 64 -10000 47 -10000 15 -10000 -10000 -10000 -10000 -10000 -10000 67 -10000 -10000 87 -10000 72 92 -10000 54 -10000 -10000 -10000 -10000 -10000 88 -10000 -10000 -10000 60 42 -10000 -10000 -10000 -10000 99 78 -10000 -10000 29 -10000 -10000 46 51 
-10000 65 -10000 -10000 41 15 49 39 93 64 30 23 21 26 -10000 -10000 -10000 77 26 -10000 45 99 -10000 86 84 -10000 91 2 79 -10000 56 -10000 -10000 46 -10000 54 63 6 50 44 16 -10000 40 45 -10000 27 -10000 60 89 -10000 -10000 -10000 64 -10000 9 -10000 -10000 72 -10000 58 -10000 50 -10000 92 -10000 80 78 -10000 -10000 -10000 9 -10000 58 70 -10000 100 9 -10000 -10000 95 93 51 -10000 -10000 -10000 -10000 -10000 25 23 -10000 -10000 55 81 -10000 81 -10000 -10000 -10000 -10000 -10000 3 98 67 92 77 -10000 -10000 31 -10000 -10000 -10000 82 31 -10000 -10000 71 30 -10000 12 73 -10000 47 27 -10000 26 82 
65 10 95 19 80 -10000 32 82 -10000 82 -10000 9 45 -10000 -10000 77 -10000 97 44 -10000 -10000 53 36 10 90 -10000 27 13 -10000 -10000 73 56 48 -10000 85 -10000 -10000 34 3 95 40 16 -10000 39 -10000 -10000 70 -10000 -10000 100 22 25 83 99 93 -10000 55 -10000 53 43 -10000 -10000 -10000 23 20 52 -10000 59 68 -10000 97 -10000 16 79 -10000 -10000 -10000 93 -10000 -10000 -10000 36 -10000 -10000 33 -10000 39 48 19 -10000 -10000 -10000 83 -10000 -10000 2 -10000 -10000 -10000 29 33 59 45 -10000 -10000 -10000 -10000 -10000 -10000 57 -10000 -10000 41 100 -10000 53 -10000 37 -10000 -10000 -10000 68 -10000 -10000 -10000 -10000 
27 29 92 72 -10000 8 -10000 8 -10000 49 71 61 -10000 -10000 51 9 -10000 -10000 -10000 32 -10000 20 -10000 -10000 -10000 -10000 12 41 -10000 -10000 29 -10000 -10000 92 24 -10000 74 -10000 -10000 -10000 -10000 3 42 -10000 95 -10000 34 65 -10000 -10000 20 96 -10000 -10000 -10000 20 65 -10000 18 94 88 38 -10000 15 33 -10000 49 85 35 -10000 18 -10000 -10000 49 -10000 -10000 38 -10000 64 18 12 -10000 -10000 -10000 30 23 -10000 67 65 -10000 42 -10000 25 74 48 78 -10000 56 77 -10000 50 81 -10000 -10000 39 66 15 47 -10000 8 75 83 1 -10000 -10000 74 -10000 26 1 79 67 -10000 81 86 -10000 21 
67 -10000 72 44 -10000 43 67 -10000 -10000 -10000 -10000 -10000 41 15 96 -10000 -10000 20 -10000 -10000 5 -10000 81 -10000 64 83 -10000 18 46 -10000 -10000 21 92 88 -10000 -10000 23 70 19 -10000 67 -10000 -10000 35 -10000 80 -10000 -10000 -10000 -10000 39 81 28 16 -10000 -10000 54 52 -10000 4 69 -10000 32 61 15 -10000 -10000 -10000 -10000 -10000 57 -10000 -10000 12 -10000 34 99 88 -10000 -10000 48 15 -10000 41 38 -10000 -10000 -10000 86 44 99 -10000 -10000 -10000 -10000 14 -10000 -10000 -10000 -10000 67 -10000 45 25 -10000 86 53 69 -10000 -10000 73 -10000 -10000 -10000 41 -10000 34 76 18 99 -10000 69 70 90 -10000 -10000 
-10000 -10000 88 -10000 1 -10000 22 -10000 67 -10000 -10000 9 85 -10000 -10000 14 82 -10000 -10000 71 -10000 48 32 -10000 41 19 -10000 -10000 71 90 95 -10000 7 95 42 92 70 92 15 86 -10000 -10000 32 -10000 -10000 -10000 67 -10000 21 75 57 29 -10000 -10000 68 68 59 -10000 7 -10000 95 -10000 -10000 -10000 56 -10000 -10000 -10000 83 -10000 39 -10000 63 -10000 46 44 100 -10000 82 45 -10000 56 52 20 54 31 91 47 79 58 -10000 38 44 69 -10000 -10000 -10000 -10000 93 85 69 -10000 37 91 -10000 66 -10000 -10000 -10000 67 -10000 -10000 58 -10000 -10000 -10000 90 -10000 36 78 -10000 43 84 76 -10000 13 
74 -10000 -10000 15 94 -10000 81 26 -10000 -10000 -10000 -10000 -10000 -10000 56 -10000 -10000 -10000 96 -10000 -10000 98 -10000 -10000 -10000 -10000 38 1 57 -10000 -10000 33 -10000 71 -10000 53 21 39 24 -10000 3 -10000 25 -10000 -10000 -10000 -10000 16 -10000 27 -10000 -10000 -10000 -10000 -10000 -10000 -10000 -10000 -10000 59 45 -10000 27 34 82 -10000 -10000 7 -10000 -10000 45 79 8 59 -10000 47 100 -10000 -10000 76 65 -10000 55 95 81 -10000 34 -10000 -10000 4 13 93 -10000 -10000 -10000 -10000 -10000 -10000 11 -10000 -10000 -10000 -10000 -10000 -10000 17 -10000 38 -10000 18 29 65 -10000 -10000 16 -10000 -10000 -10000 -10000 -10000 -10000 -10000 -10000 -10000 -10000 -10000 
-10000 96 -10000 29 -10000 68 -10000 20 54 -10000 -10000 43 -10000 88 -10000 51 -10000 82 32 100 -10000 -10000 -10000 5 -10000 51 71 64 38 43 -10000 81 -10000 53 -10000 18 97 -10000 32 -10000 26 -10000 27 5 -10000 63 22 -10000 96 8 23 99 -10000 -10000 -10000 5 -10000 2 -10000 45 -10000 94 -10000 -10000 -10000 -10000 -10000 56 -10000 -10000 6 -10000 -10000 88 -10000 23 -10000 50 98 -10000 46 10 -10000 19 23 19 5 -10000 -10000 -10000 -10000 -10000 -10000 25 97 92 -10000 93 -10000 81 40 -10000 23 44 1 52 -10000 66 -10000 -10000 48 -10000 99 36 96 91 -10000 74 -10000 -10000 -10000 -10000 -10000 -10000 44 29 
79 60 22 7 -10000 -10000 -10000 -10000 10 -10000 -10000 28 35 -10000 79 78 33 10 70 18 69 -10000 25 -10000 99 -10000 70 -10000 -10000 99 47 -10000 -10000 52 22 21 45 5 4 -10000 11 82 84 -10000 23 16 -10000 -10000 55 64 -10000 40 -10000 63 75 -10000 -10000 -10000 4 -10000 -10000 -10000 -10000 76 24 45 -10000 76 96 -10000 43 81 -10000 -10000 -10000 -10000 50 80 -10000 10 8 82 35 -10000 51 -10000 79 94 -10000 91 -10000 -10000 67 -10000 -10000 89 32 61 65 -10000 93 43 53 -10000 84 85 24 50 23 -10000 -10000 -10000 -10000 -10000 41 14 84 -10000 -10000 -10000 -10000 41 51 37 83 16 
100 45 58 -10000 36 85 100 -10000 52 70 -10000 -10000 -10000 43 2 24 -10000 -10000 81 32 54 -10000 -10000 18 47 11 53 -10000 -10000 -10000 -10000 46 -10000 22 83 -10000 -10000 73 -10000 41 14 15 30 53 66 49 95 92 56 52 64 12 -10000 48 -10000 -10000 -10000 -10000 -10000 25 47 47 -10000 25 93 -10000 6 -10000 -10000 -10000 46 60 59 -10000 18 66 78 2 63 -10000 63 65 -10000 -10000 -10000 -10000 -10000 33 -10000 -10000 -10000 36 60 -10000 -10000 -10000 -10000 56 75 31 35 -10000 -10000 -10000 53 13 37 87 -10000 24 -10000 17 80 98 42 15 -10000 4 -10000 -10000 -10000 -10000 -10000 59 -10000 -10000 
-10000 54 -10000 -10000 54 -10000 39 36 -10000 4 22 95 13 -10000 57 50 5 94 55 4 -10000 23 -10000 72 -10000 -10000 -10000 17 63 -10000 -10000 -10000 77 -10000 44 -10000 -10000 91 -10000 48 20 -10000 -10000 -10000 -10000 85 -10000 69 15 68 -10000 50 -10000 95 -10000 73 -10000 51 -10000 -10000 -10000 -10000 65 72 -10000 -10000 -10000 -10000 55 -10000 -10000 93 9 37 -10000 -10000 2 22 -10000 15 -10000 -10000 61 -10000 -10000 -10000 98 69 -10000 57 72 -10000 26 -10000 55 11 -10000 36 -10000 -10000 25 4 -10000 62 48 45 82 -10000 -10000 16 40 10 -10000 -10000 -10000 46 18 -10000 22 78 -10000 -10000 89 -10000 25 -10000 
-10000 -10000 40 -10000 -10000 47 -10000 23 -10000 -10000 70 -10000 -10000 -10000 71 74 2 21 -10000 -10000 -10000 17 61 86 -10000 100 33 -10000 -10000 86 -10000 -10000 86 73 89 -10000 -10000 89 96 34 -10000 16 18 -10000 96 2 -10000 48 58 5 19 47 38 -10000 -10000 19 56 81 28 -10000 57 97 -10000 57 31 68 -10000 9 72 -10000 77 -10000 -10000 -10000 -10000 69 -10000 -10000 -10000 -10000 92 28 -10000 -10000 -10000 75 34 17 15 -10000 -10000 54 -10000 -10000 -10000 18 -10000 16 -10000 -10000 -10000 52 92 -10000 14 4 -10000 -10000 39 25 34 14 8 12 96 44 6 82 -10000 30 68 73 -10000 -10000 38 -10000 
94 90 92 96 95 -10000 -10000 -10000 73 -10000 92 34 -10000 37 -10000 48 5 -10000 91 -10000 -10000 84 -10000 2 -10000 -10000 31 -10000 74 -10000 -10000 -10000 -10000 -10000 -10000 100 52 -10000 61 -10000 -10000 -10000 -10000 16 59 -10000 -10000 92 -10000 -10000 -10000 25 -10000 3 11 38 -10000 87 68 13 -10000 -10000 92 -10000 -10000 -10000 14 -10000 95 21 69 39 -10000 -10000 19 23 -10000 -10000 22 12 -10000 -10000 43 -10000 94 -10000 -10000 -10000 -10000 13 -10000 -10000 -10000 27 -10000 48 70 -10000 2 -10000 9 91 100 55 -10000 78 96 -10000 -10000 8 -10000 -10000 87 -10000 32 34 -10000 6 13 -10000 -10000 88 70 -10000 -10000 -10000 
51 -10000 55 12 72 -10000 61 5 -10000 32 5 -10000 -10000 -10000 79 59 91 17 19 59 96 -10000 86 -10000 -10000 -10000 53 79 -10000 -10000 -10000 -10000 -10000 -10000 70 -10000 -10000 92 -10000 43 -10000 81 9 56 -10000 84 49 54 -10000 -10000 85 19 -10000 -10000 63 -10000 76 4 -10000 -10000 52 6 44 46 43 34 19 -10000 -10000 65 -10000 -10000 91 26 52 10 -10000 31 -10000 -10000 -10000 39 -10000 -10000 93 -10000 90 39 3 81 87 -10000 -10000 57 -10000 -10000 -10000 -10000 -10000 -10000 61 -10000 3 -10000 23 79 85 -10000 -10000 23 -10000 -10000 96 85 -10000 -10000 84 -10000 -10000 -10000 64 -10000 -10000 98 96 -10000 
-10000 -10000 -10000 20 -10000 -10000 61 93 -10000 -10000 -10000 97 -10000 -10000 49 -10000 -10000 81 61 54 -10000 -10000 -10000 22 48 89 75 4 -10000 -10000 -10000 61 24 12 74 18 -10000 46 -10000 20 -10000 -10000 98 -10000 -10000 43 48 -10000 27 81 -10000 20 32 -10000 -10000 5 79 -10000 -10000 34 -10000 6 49 30 86 18 15 40 91 37 15 42 4 -10000 -10000 20 -10000 86 8 96 36 -10000 85 -10000 85 -10000 84 99 95 -10000 -10000 -10000 69 59 18 79 55 -10000 -10000 -10000 31 81 -10000 89 72 -10000 -10000 27 51 21 3 -10000 -10000 -10000 -10000 77 -10000 82 100 -10000 -10000 45 31 -10000 -10000 -10000 
-10000 -10000 -10000 -10000 86 69 -10000 52 25 4 50 93 -10000 37 72 92 56 38 -10000 8 99 -10000 38 16 1 -10000 3 -10000 -10000 30 61 -10000 100 -10000 10 -10000 25 84 99 53 84 51 -10000 -10000 -10000 28 54 55 39 7 -10000 -10000 47 98 -10000 -10000 57 73 -10000 -10000 2 -10000 -10000 -10000 -10000 22 -10000 78 10 47 -10000 -10000 41 -10000 -10000 -10000 -10000 -10000 -10000 86 -10000 -10000 90 34 97 -10000 65 73 -10000 -10000 -10000 68 -10000 -10000 27 -10000 -10000 -10000 30 50 -10000 -10000 -10000 61 -10000 -10000 -10000 98 -10000 -10000 18 -10000 -10000 75 99 48 -10000 60 13 55 -10000 -10000 88 31 18 15 
-10000 -10000 -10000 -10000 -10000 -10000 83 49 35 -10000 6 -10000 -10000 -10000 84 -10000 -10000 -10000 -10000 5 17 -10000 77 -10000 -10000 86 46 -10000 54 -10000 55 -10000 21 67 83 -10000 -10000 70 79 -10000 -10000 43 -10000 -10000 -10000 8 -10000 -10000 99 -10000 39 71 90 -10000 -10000 4 -10000 18 -10000 9 87 -10000 39 -10000 20 86 89 -10000 -10000 -10000 -10000 21 93 61 67 99 5 45 -10000 -10000 41 14 -10000 14 49 7 1 88 -10000 -10000 98 17 -10000 53 53 -10000 33 36 8 53 49 38 -10000 21 40 30 -10000 56 31 71 22 46 -10000 63 94 89 -10000 -10000 95 -10000 -10000 17 43 50 94 -10000 
29 -10000 -10000 3 -10000 -10000 -10000 59 28 -10000 40 -10000 6 41 -10000 9 -10000 -10000 67 48 49 72 -10000 -10000 98 -10000 62 45 55 43 73 -10000 -10000 84 -10000 86 63 -10000 56 -10000 -10000 6 15 -10000 31 -10000 73 -10000 67 -10000 -10000 93 14 87 -10000 -10000 -10000 -10000 -10000 -10000 33 -10000 19 25 -10000 89 -10000 -10000 41 31 -10000 -10000 -10000 -10000 1 -10000 66 -10000 42 -10000 85 -10000 46 -10000 78 75 16 59 -10000 -10000 -10000 26 -10000 -10000 -10000 1 47 82 -10000 -10000 -10000 -10000 80 -10000 34 -10000 48 23 -10000 -10000 -10000 -10000 -10000 26 -10000 -10000 -10000 90 -10000 -10000 -10000 84 -10000 -10000 79 72 
96 -10000 36 -10000 -10000 -10000 -10000 -10000 58 41 -10000 -10000 26 6 -10000 -10000 -10000 55 -10000 -10000 34 -10000 -10000 -10000 27 -10000 68 58 8 63 68 -10000 -10000 -10000 -10000 -10000 45 -10000 -10000 3 -10000 -10000 43 72 90 -10000 92 -10000 61 -10000 64 5 56 64 -10000 -10000 -10000 -10000 -10000 12 -10000 25 -10000 5 -10000 20 45 -10000 90 -10000 89 55 -10000 -10000 -10000 26 -10000 13 -10000 -10000 30 6 14 11 20 71 -10000 75 -10000 95 -10000 2 88 -10000 84 -10000 95 -10000 -10000 -10000 -10000 78 95 8 95 80 66 -10000 96 -10000 -10000 -10000 -10000 97 -10000 13 -10000 5 -10000 -10000 -10000 16 -10000 -10000 96 20 
63 -10000 -10000 36 -10000 -10000 26 -10000 27 -10000 -10000 59 11 -10000 63 -10000 -10000 78 88 53 75 36 90 -10000 -10000 25 27 -10000 -10000 27 58 46 89 69 27 -10000 -10000 58 17 -10000 -10000 -10000 -10000 -10000 98 1 24 -10000 -10000 85 -10000 17 16 -10000 8 8 14 90 -10000 30 -10000 90 18 -10000 61 5 62 -10000 22 -10000 -10000 53 1 -10000 13 17 23 32 -10000 -10000 -10000 -10000 6 -10000 60 2 -10000 43 43 -10000 25 20 -10000 9 -10000 91 -10000 16 -10000 74 -10000 8 43 74 24 -10000 -10000 -10000 66 -10000 25 -10000 -10000 4 -10000 26 46 13 -10000 -10000 -10000 -10000 17 1 25 24 
29 -10000 -10000 24 -10000 -10000 50 -10000 -10000 12 -10000 -10000 22 -10000 56 59 20 50 63 -10000 -10000 -10000 -10000 16 1 -10000 45 -10000 -10000 63 68 -10000 -10000 -10000 54 -10000 38 -10000 -10000 -10000 33 2 92 13 -10000 -10000 -10000 99 54 43 83 41 15 76 -10000 -10000 29 -10000 45 86 -10000 -10000 -10000 12 49 -10000 -10000 57 82 95 -10000 39 60 92 -10000 -10000 23 13 38 91 -10000 -10000 -10000 61 -10000 -10000 89 56 -10000 91 80 81 76 72 48 -10000 -10000 -10000 -10000 6 93 7 -10000 -10000 45 -10000 13 -10000 26 -10000 70 -10000 -10000 94 -10000 -10000 97 -10000 -10000 -10000 59 16 57 60 21 47 
9 60 33 23 -10000 -10000 -10000 -10000 -10000 24 28 -10000 15 -10000 -10000 55 65 -10000 -10000 28 83 51 -10000 -10000 -10000 -10000 9 -10000 96 31 37 -10000 73 81 57 -10000 35 -10000 65 91 -10000 -10000 -10000 -10000 -10000 80 29 -10000 66 68 -10000 -10000 52 60 23 -10000 69 -10000 86 98 -10000 50 -10000 -10000 75 -10000 -10000 -10000 -10000 -10000 -10000 51 48 5 -10000 -10000 37 24 54 57 1 -10000 58 -10000 59 -10000 -10000 -10000 -10000 47 88 -10000 -10000 -10000 50 20 72 11 -10000 3 -10000 -10000 -10000 88 -10000 31 83 76 70 55 85 63 -10000 98 -10000 95 80 27 62 -10000 87 64 65 -10000 34 -10000 
25 -10000 98 12 -10000 52 -10000 92 68 -10000 96 -10000 27 56 29 91 -10000 -10000 -10000 -10000 83 82 -10000 61 -10000 -10000 97 -10000 81 -10000 18 -10000 89 28 43 -10000 15 17 3 75 -10000 -10000 -10000 -10000 86 88 30 28 66 3 -10000 13 -10000 13 -10000 48 -10000 -10000 -10000 12 -10000 85 61 -10000 56 -10000 74 -10000 -10000 50 94 1 38 91 -10000 -10000 -10000 -10000 -10000 16 -10000 85 52 15 -10000 1 -10000 -10000 84 86 88 -10000 -10000 8 -10000 -10000 89 -10000 -10000 13 76 -10000 -10000 -10000 99 -10000 -10000 -10000 61 -10000 63 21 76 -10000 11 58 -10000 76 -10000 -10000 40 26 -10000 -10000 32 -10000 
-10000 83 -10000 -10000 31 -10000 71 -10000 -10000 -10000 -10000 34 7 -10000 74 73 39 -10000 -10000 -10000 60 72 64 -10000 -10000 92 90 -10000 13 42 -10000 45 17 -10000 -10000 62 81 38 29 96 -10000 98 55 88 51 3 -10000 -10000 81 27 -10000 -10000 -10000 7 9 84 -10000 7 86 10 -10000 -10000 -10000 28 -10000 -10000 66 84 33 77 29 -10000 -10000 -10000 -10000 -10000 -10000 -10000 -10000 84 -10000 -10000 26 -10000 -10000 22 28 93 60 67 60 -10000 98 -10000 47 16 94 95 60 -10000 -10000 56 63 -10000 -10000 65 -10000 73 -10000 -10000 -10000 -10000 64 38 -10000 24 -10000 -10000 -10000 5 87 99 -10000 87 -10000 80 
62 32 -10000 29 20 -10000 -10000 -10000 -10000 -10000 83 76 -10000 24 -10000 44 73 51 -10000 96 3 -10000 -10000 72 -10000 34 -10000 -10000 -10000 -10000 -10000 -10000 72 -10000 96 43 7 5 -10000 -10000 -10000 94 49 5 58 55 -10000 -10000 2 61 -10000 -10000 68 88 -10000 -10000 39 7 76 43 49 -10000 -10000 -10000 -10000 -10000 -10000 -10000 35 75 92 -10000 76 -10000 -10000 -10000 98 70 27 -10000 8 -10000 -10000 -10000 76 41 99 32 -10000 -10000 -10000 -10000 13 -10000 -10000 43 -10000 -10000 -10000 24 -10000 89 -10000 -10000 31 -10000 -10000 74 49 85 53 -10000 81 90 -10000 79 -10000 77 19 96 -10000 -10000 -10000 100 -10000 60 
-10000 67 29 -10000 -10000 -10000 -10000 20 -10000 76 9 1 -10000 39 50 73 61 96 28 57 99 -10000 83 94 94 -10000 -10000 40 5 -10000 -10000 -10000 96 -10000 31 54 58 98 15 59 -10000 64 -10000 -10000 -10000 -10000 61 -10000 99 -10000 74 76 99 93 -10000 -10000 -10000 50 54 -10000 70 -10000 -10000 88 51 -10000 -10000 -10000 -10000 -10000 -10000 78 -10000 81 -10000 13 12 -10000 -10000 -10000 68 22 89 31 -10000 -10000 62 -10000 2 -10000 -10000 -10000 65 56 81 2 -10000 86 -10000 88 -10000 57 85 34 -10000 -10000 47 -10000 60 -10000 66 30 -10000 -10000 -10000 55 39 -10000 -10000 94 44 84 -10000 -10000 -10000 -10000 
-10000 13 73 -10000 36 -10000 -10000 -10000 35 -10000 93 -10000 30 -10000 -10000 77 -10000 -10000 12 61 11 30 89 -10000 -10000 48 87 21 84 -10000 1 -10000 77 48 7 52 75 -10000 9 25 -10000 29 -10000 -10000 42 59 91 -10000 36 44 35 34 -10000 26 -10000 -10000 15 90 -10000 -10000 24 57 79 -10000 -10000 51 72 42 44 -10000 15 -10000 79 66 89 -10000 -10000 48 94 29 98 -10000 89 52 50 91 -10000 -10000 -10000 -10000 -10000 41 -10000 -10000 95 -10000 34 -10000 -10000 -10000 -10000 -10000 64 62 -10000 -10000 62 -10000 -10000 14 -10000 68 -10000 43 -10000 98 41 23 -10000 -10000 -10000 -10000 -10000 99 -10000 68 
-10000 87 41 -10000 75 27 -10000 11 -10000 -10000 7 -10000 -10000 -10000 14 -10000 66 27 -10000 72 -10000 -10000 -10000 76 -10000 43 -10000 38 -10000 -10000 41 100 -10000 10 87 54 47 -10000 70 -10000 -10000 27 -10000 20 40 -10000 52 1 88 -10000 19 74 31 -10000 98 81 -10000 -10000 -10000 77 36 64 -10000 -10000 -10000 -10000 19 -10000 80 88 13 17 91 37 -10000 -10000 -10000 25 8 84 76 -10000 -10000 21 94 -10000 -10000 22 -10000 -10000 -10000 60 93 15 -10000 -10000 -10000 89 42 -10000 -10000 -10000 46 73 92 -10000 95 14 82 16 -10000 -10000 14 61 -10000 -10000 -10000 37 -10000 100 -10000 91 -10000 36 -10000 -10000 
-10000 5 -10000 49 -10000 47 -10000 38 -10000 92 64 -10000 39 16 -10000 -10000 31 9 -10000 -10000 -10000 62 82 -10000 78 -10000 14 -10000 -10000 -10000 78 -10000 55 62 -10000 -10000 -10000 52 -10000 -10000 22 -10000 94 -10000 -10000 66 86 -10000 -10000 12 97 25 82 -10000 55 -10000 26 80 -10000 -10000 5 -10000 46 22 17 99 98 -10000 95 -10000 49 -10000 -10000 4 22 -10000 50 40 67 11 -10000 87 -10000 45 -10000 -10000 -10000 -10000 29 66 26 22 -10000 -10000 20 10 73 -10000 32 -10000 -10000 -10000 -10000 -10000 -10000 -10000 -10000 -10000 -10000 59 -10000 23 -10000 3 -10000 58 -10000 88 29 85 73 89 30 -10000 7 37 
12 -10000 75 46 92 38 68 68 4 -10000 -10000 -10000 46 -10000 -10000 29 -10000 87 20 -10000 30 47 41 -10000 9 -10000 69 -10000 -10000 -10000 4 -10000 83 -10000 -10000 -10000 -10000 -10000 100 10 30 26 69 83 69 -10000 -10000 -10000 91 60 72 -10000 21 -10000 28 32 -10000 42 70 -10000 -10000 -10000 98 46 -10000 -10000 -10000 -10000 15 16 -10000 44 13 95 54 -10000 -10000 -10000 -10000 36 -10000 -10000 94 31 -10000 -10000 -10000 -10000 8 39 54 -10000 18 82 -10000 -10000 63 -10000 4 100 14 -10000 -10000 -10000 -10000 -10000 -10000 37 1 96 20 -10000 54 30 50 -10000 -10000 -10000 77 -10000 43 44 39 -10000 -10000 62 
-10000 -10000 -10000 57 20 -10000 -10000 -10000 -10000 21 39 -10000 70 99 39 52 -10000 -10000 72 87 -10000 -10000 -10000 -10000 75 81 -10000 57 4 -10000 58 46 4 -10000 24 7 -10000 -10000 71 18 47 -10000 -10000 31 -10000 65 15 -10000 -10000 51 -10000 41 22 89 98 83 95 -10000 -10000 -10000 2 57 -10000 66 39 37 -10000 -10000 49 -10000 64 32 82 -10000 46 97 35 -10000 70 56 -10000 99 56 95 77 -10000 97 53 46 -10000 93 -10000 7 70 55 74 97 -10000 94 71 52 16 -10000 -10000 79 59 92 67 -10000 -10000 90 37 -10000 -10000 -10000 5 74 -10000 98 8 -10000 89 13 -10000 -10000 -10000 
-10000 -10000 -10000 -10000 61 61 56 56 -10000 53 23 42 61 -10000 36 -10000 -10000 97 30 -10000 -10000 75 -10000 25 -10000 99 -10000 83 -10000 13 -10000 55 88 96 -10000 77 -10000 -10000 -10000 64 47 68 13 -10000 -10000 80 -10000 3 -10000 -10000 79 -10000 67 62 27 95 67 62 54 -10000 -10000 40 -10000 44 22 57 -10000 48 -10000 -10000 28 68 -10000 -10000 1 -10000 -10000 90 95 -10000 61 -10000 35 66 -10000 -10000 55 -10000 87 85 -10000 63 46 67 96 37 39 3 59 -10000 50 -10000 19 -10000 59 83 20 -10000 34 -10000 24 -10000 7 -10000 -10000 -10000 -10000 -10000 -10000 72 85 5 -10000 38 -10000 10 
60 -10000 49 28 -10000 -10000 93 80 20 1 46 -10000 -10000 -10000 -10000 -10000 99 -10000 14 -10000 74 77 2 87 -10000 3 93 73 -10000 8 -10000 6 -10000 53 -10000 18 -10000 11 27 -10000 4 38 -10000 -10000 71 28 -10000 40 -10000 33 -10000 53 -10000 -10000 13 90 93 86 64 -10000 -10000 -10000 -10000 37 -10000 -10000 61 -10000 -10000 51 -10000 47 -10000 55 47 -10000 -10000 -10000 63 -10000 72 -10000 -10000 24 81 -10000 -10000 70 38 41 -10000 -10000 94 -10000 3 -10000 21 -10000 43 3 -10000 95 1 -10000 -10000 -10000 -10000 48 4 -10000 11 -10000 -10000 26 55 74 88 -10000 -10000 14 -10000 -10000 -10000 54 -10000 -10000 
9 -10000 -10000 80 74 -10000 -10000 -10000 -10000 -10000 85 -10000 -10000 -10000 38 8 46 20 -10000 -10000 -10000 29 97 75 -10000 95 -10000 36 21 51 -10000 -10000 -10000 -10000 81 46 88 48 -10000 -10000 -10000 -10000 53 100 84 -10000 58 -10000 -10000 85 56 27 95 96 -10000 78 -10000 -10000 -10000 100 93 -10000 32 70 -10000 -10000 90 1 64 44 95 -10000 -10000 73 100 -10000 -10000 95 12 -10000 55 -10000 68 13 100 99 27 -10000 96 68 93 53 -10000 -10000 -10000 38 -10000 -10000 90 61 -10000 -10000 88 -10000 84 -10000 93 -10000 8 -10000 -10000 -10000 29 19 35 70 -10000 -10000 -10000 -10000 29 89 -10000 33 -10000 27 
93 -10000 -10000 -10000 68 24 -10000 -10000 -10000 73 -10000 -10000 53 -10000 21 94 -10000 62 -10000 -10000 -10000 60 -10000 91 73 88 35 -10000 72 -10000 93 37 -10000 79 -10000 -10000 68 8 98 -10000 80 -10000 53 -10000 -10000 22 -10000 56 44 68 51 18 -10000 -10000 38 -10000 42 24 72 -10000 53 7 26 -10000 59 8 23 79 10 -10000 -10000 -10000 -10000 -10000 -10000 26 -10000 -10000 -10000 90 -10000 -10000 -10000 75 57 84 56 31 40 -10000 7 2 -10000 92 37 9 81 -10000 -10000 17 3 24 91 39 -10000 -10000 -10000 36 -10000 -10000 94 77 -10000 -10000 22 -10000 57 18 33 56 1 9 -10000 -10000 -10000 53 
10 -10000 2 -10000 13 52 -10000 5 9 36 38 -10000 34 42 29 8 8 -10000 -10000 -10000 27 -10000 19 -10000 75 -10000 69 85 -10000 -10000 -10000 -10000 13 35 65 -10000 -10000 18 -10000 -10000 -10000 -10000 73 60 99 73 -10000 40 -10000 -10000 -10000 83 39 42 -10000 -10000 72 -10000 -10000 -10000 62 41 -10000 9 67 -10000 94 -10000 -10000 33 -10000 -10000 47 -10000 85 47 78 76 61 -10000 -10000 -10000 -10000 -10000 -10000 17 -10000 95 -10000 55 62 -10000 30 8 -10000 -10000 -10000 73 65 13 86 32 -10000 -10000 -10000 -10000 -10000 -10000 -10000 47 96 12 -10000 -10000 93 -10000 -10000 -10000 -10000 6 -10000 -10000 64 -10000 -10000 -10000 
53 74 -10000 29 -10000 72 -10000 99 -10000 -10000 -10000 -10000 49 -10000 -10000 34 -10000 -10000 36 -10000 50 60 10 27 81 82 65 58 -10000 7 41 -10000 -10000 -10000 -10000 17 23 95 34 2 6 84 -10000 31 61 62 4 -10000 -10000 -10000 9 85 33 53 -10000 -10000 -10000 66 71 72 43 81 -10000 -10000 100 48 52 -10000 -10000 2 15 26 -10000 94 -10000 94 70 -10000 60 93 -10000 7 -10000 -10000 58 34 57 -10000 26 82 27 -10000 -10000 11 69 -10000 -10000 35 -10000 57 -10000 -10000 -10000 70 -10000 76 -10000 52 -10000 23 6 9 55 16 43 66 26 -10000 57 -10000 -10000 39 90 81 15 -10000 
12 -10000 -10000 -10000 -10000 98 8 60 -10000 -10000 -10000 -10000 -10000 -10000 -10000 7 90 61 -10000 82 39 -10000 -10000 -10000 36 67 -10000 27 63 72 -10000 -10000 9 -10000 -10000 94 81 -10000 -10000 100 -10000 -10000 33 -10000 -10000 70 85 76 5 -10000 91 84 73 -10000 -10000 19 18 20 -10000 -10000 38 27 -10000 -10000 13 -10000 26 58 -10000 56 40 64 -10000 27 66 68 1 45 68 45 98 -10000 -10000 -10000 -10000 -10000 -10000 53 45 48 -10000 -10000 19 34 -10000 -10000 -10000 56 60 46 86 -10000 -10000 25 56 -10000 -10000 72 27 80 -10000 43 -10000 -10000 59 28 -10000 -10000 -10000 43 -10000 81 -10000 87 62 -10000 
-10000 58 72 29 81 -10000 -10000 75 45 97 11 21 20 -10000 -10000 72 20 -10000 -10000 -10000 14 -10000 90 16 33 -10000 -10000 -10000 -10000 -10000 40 -10000 100 -10000 50 10 63 -10000 37 13 99 86 -10000 -10000 4 -10000 15 -10000 81 6 -10000 22 -10000 50 78 98 -10000 -10000 85 -10000 10 -10000 76 -10000 36 -10000 -10000 -10000 36 -10000 73 47 -10000 43 -10000 76 -10000 63 52 44 -10000 16 -10000 48 80 -10000 19 4 -10000 72 34 -10000 -10000 73 -10000 98 -10000 6 -10000 -10000 -10000 70 -10000 61 37 36 -10000 -10000 -10000 87 -10000 73 19 14 -10000 74 -10000 -10000 -10000 47 91 59 -10000 20 -10000 55 
-10000 -10000 -10000 -10000 -10000 -10000 80 -10000 73 96 -10000 86 17 36 86 84 -10000 -10000 87 -10000 83 -10000 -10000 56 -10000 -10000 22 87 -10000 78 65 -10000 -10000 84 -10000 19 67 78 -10000 -10000 -10000 3 93 -10000 55 23 -10000 37 65 74 -10000 88 20 -10000 -10000 -10000 -10000 68 52 -10000 97 -10000 -10000 61 23 5 -10000 4 57 33 2 -10000 -10000 50 -10000 -10000 99 -10000 -10000 -10000 27 95 78 -10000 -10000 61 22 4 21 20 -10000 -10000 -10000 -10000 20 84 -10000 38 -10000 -10000 -10000 -10000 58 41 -10000 25 69 -10000 -10000 -10000 80 27 -10000 1 -10000 74 -10000 84 -10000 88 38 -10000 95 79 -10000 -10000 
-10000 47 16 -10000 99 -10000 43 -10000 20 -10000 20 33 11 -10000 -10000 -10000 96 13 -10000 90 58 70 35 7 -10000 -10000 85 31 -10000 48 -10000 58 -10000 -10000 -10000 21 -10000 -10000 64 38 -10000 39 48 25 39 -10000 -10000 31 62 22 83 12 -10000 26 -10000 -10000 -10000 94 -10000 63 -10000 93 -10000 -10000 29 83 17 35 22 -10000 2 18 60 98 91 5 45 -10000 3 -10000 -10000 88 -10000 67 -10000 90 -10000 -10000 12 23 -10000 79 -10000 -10000 31 -10000 44 -10000 -10000 -10000 26 84 -10000 42 -10000 -10000 -10000 25 73 95 67 34 25 27 96 69 35 -10000 39 -10000 -10000 -10000 32 -10000 12 44 
-10000 33 -10000 35 -10000 -10000 -10000 -10000 -10000 -10000 -10000 44 47 90 -10000 99 -10000 62 -10000 37 67 84 -10000 51 43 -10000 -10000 62 4 88 17 -10000 -10000 38 58 -10000 21 75 -10000 -10000 12 94 66 56 44 51 77 11 53 83 25 -10000 5 27 -10000 59 -10000 -10000 -10000 -10000 7 -10000 -10000 79 -10000 94 4 69 -10000 -10000 62 -10000 -10000 83 81 72 64 80 -10000 -10000 23 44 -10000 -10000 -10000 66 -10000 69 71 -10000 -10000 -10000 -10000 51 -10000 -10000 47 79 -10000 58 69 98 80 24 -10000 -10000 64 12 -10000 97 -10000 51 96 16 -10000 -10000 -10000 13 81 42 2 17 68 -10000 31 88 
-10000 20 -10000 -10000 15 -10000 65 5 -10000 -10000 -10000 -10000 40 81 -10000 -10000 -10000 -10000 19 -10000 -10000 -10000 52 5 -10000 27 44 30 -10000 99 -10000 94 -10000 -10000 85 -10000 28 17 -10000 -10000 42 -10000 49 -10000 22 -10000 84 53 42 32 -10000 79 -10000 -10000 3 -10000 42 -10000 -10000 84 -10000 -10000 -10000 80 -10000 81 -10000 -10000 -10000 -10000 -10000 37 31 95 -10000 32 -10000 -10000 -10000 83 99 1 -10000 89 -10000 70 -10000 -10000 -10000 79 -10000 57 -10000 -10000 89 42 -10000 32 -10000 -10000 61 -10000 -10000 25 70 -10000 29 1 -10000 20 92 -10000 81 6 5 79 -10000 26 84 -10000 -10000 -10000 -10000 -10000 -10000 4 
5 -10000 -10000 -10000 6 -10000 -10000 -10000 66 22 -10000 63 -10000 47 28 13 25 -10000 14 36 93 69 -10000 23 26 -10000 44 -10000 40 34 92 -10000 39 20 40 -10000 -10000 45 43 -10000 -10000 -10000 -10000 -10000 78 74 75 39 -10000 67 40 90 31 -10000 35 -10000 82 31 62 -10000 -10000 80 -10000 99 -10000 -10000 -10000 -10000 -10000 -10000 71 -10000 21 -10000 64 -10000 -10000 36 33 -10000 90 -10000 86 56 99 34 35 -10000 32 -10000 79 -10000 -10000 67 75 100 14 54 -10000 79 -10000 -10000 62 -10000 33 13 99 90 -10000 39 45 -10000 -10000 -10000 -10000 34 98 -10000 -10000 -10000 -10000 86 66 46 -10000 26 
-10000 12 27 65 61 64 -10000 93 79 -10000 10 15 -10000 -10000 54 38 -10000 -10000 84 -10000 86 77 79 92 48 -10000 91 -10000 75 -10000 4 -10000 60 -10000 -10000 37 82 -10000 -10000 81 38 -10000 -10000 -10000 46 10 -10000 -10000 28 12 80 97 42 87 -10000 -10000 -10000 37 -10000 30 -10000 -10000 34 92 48 41 16 81 13 -10000 54 -10000 39 -10000 12 -10000 -10000 71 65 65 71 35 19 -10000 52 50 -10000 51 87 -10000 47 92 -10000 17 10 44 -10000 66 64 93 38 -10000 85 96 -10000 28 28 -10000 41 26 75 -10000 -10000 67 31 58 -10000 -10000 -10000 -10000 37 -10000 -10000 -10000 80 41 
64 56 46 -10000 66 18 -10000 -10000 5 92 -10000 -10000 -10000 23 -10000 -10000 18 25 79 -10000 -10000 62 -10000 -10000 -10000 87 2 4 16 13 -10000 -10000 72 -10000 44 69 98 83 91 54 56 32 -10000 -10000 -10000 38 57 59 31 86 -10000 90 -10000 -10000 84 29 89 20 90 -10000 -10000 -10000 66 87 -10000 25 -10000 55 20 -10000 71 55 62 -10000 66 66 3 -10000 41 66 39 58 -10000 6 95 -10000 -10000 25 59 44 -10000 46 -10000 3 -10000 20 20 -10000 -10000 -10000 -10000 -10000 13 22 97 34 -10000 31 -10000 -10000 31 25 41 15 -10000 82 29 62 -10000 17 24 97 35 -10000 -10000 82 
-10000 -10000 -10000 43 -10000 40 92 18 -10000 -10000 -10000 95 -10000 73 51 -10000 -10000 -10000 94 -10000 19 87 97 79 96 -10000 -10000 -10000 92 -10000 41 22 -10000 -10000 17 52 17 -10000 13 -10000 -10000 39 -10000 72 -10000 14 69 -10000 -10000 40 32 -10000 -10000 -10000 -10000 57 38 -10000 -10000 8 -10000 -10000 100 38 -10000 21 -10000 17 -10000 45 -10000 -10000 -10000 -10000 -10000 89 -10000 -10000 97 -10000 -10000 60 77 19 -10000 20 -10000 99 74 16 27 17 -10000 -10000 57 -10000 86 71 58 -10000 -10000 -10000 54 100 -10000 -10000 10 59 44 86 -10000 -10000 9 56 -10000 -10000 86 74 -10000 -10000 -10000 -10000 97 -10000 96 -10000 
76 -10000 40 -10000 90 57 -10000 -10000 -10000 39 -10000 -10000 -10000 37 -10000 49 88 -10000 -10000 -10000 85 63 -10000 7 28 40 -10000 42 -10000 -10000 86 -10000 -10000 47 -10000 92 41 75 13 39 13 -10000 -10000 92 73 -10000 85 47 -10000 42 21 58 -10000 97 63 9 -10000 95 76 -10000 -10000 -10000 20 -10000 38 -10000 95 74 -10000 6 88 15 17 57 8 36 -10000 46 -10000 -10000 36 39 58 90 -10000 84 16 15 -10000 94 -10000 -10000 -10000 74 -10000 -10000 -10000 -10000 -10000 10 60 -10000 57 91 36 -10000 80 -10000 26 -10000 -10000 -10000 31 16 42 -10000 -10000 31 68 81 1 90 37 36 38 -10000 
57 -10000 1 39 -10000 93 38 3 56 48 61 -10000 55 -10000 34 24 -10000 17 -10000 82 -10000 21 -10000 58 11 44 -10000 -10000 -10000 -10000 -10000 29 25 -10000 -10000 -10000 -10000 -10000 81 83 -10000 -10000 -10000 -10000 15 85 32 27 80 -10000 -10000 60 -10000 47 30 37 91 -10000 -10000 33 66 -10000 58 88 95 28 -10000 47 11 -10000 87 26 -10000 -10000 21 39 62 -10000 80 15 29 -10000 -10000 -10000 11 29 96 25 -10000 61 98 5 -10000 61 27 -10000 91 -10000 -10000 -10000 -10000 -10000 67 -10000 -10000 -10000 93 -10000 -10000 43 -10000 95 -10000 69 -10000 100 72 71 -10000 -10000 -10000 40 83 -10000 -10000 -10000 
-10000 96 22 -10000 -10000 -10000 -10000 -10000 81 18 23 -10000 -10000 -10000 -10000 -10000 7 -10000 86 45 85 59 -10000 98 5 -10000 7 -10000 54 -10000 -10000 80 13 28 43 -10000 88 94 35 -10000 -10000 -10000 30 41 19 33 45 54 86 -10000 -10000 -10000 -10000 -10000 88 -10000 -10000 73 -10000 -10000 -10000 75 -10000 -10000 13 88 -10000 98 86 -10000 -10000 -10000 -10000 87 -10000 -10000 10 50 45 -10000 -10000 67 45 -10000 57 -10000 -10000 11 -10000 14 -10000 -10000 47 72 23 23 99 93 31 -10000 50 60 34 -10000 -10000 -10000 49 81 95 -10000 51 -10000 -10000 12 -10000 72 34 68 -10000 94 92 -10000 -10000 56 89 58 
-10000 92 -10000 10 63 -10000 -10000 20 -10000 5 24 72 -10000 -10000 66 88 64 -10000 21 -10000 -10000 73 -10000 39 -10000 54 73 -10000 -10000 -10000 -10000 35 28 8 51 23 13 -10000 -10000 91 50 -10000 -10000 25 58 94 67 50 -10000 -10000 5 -10000 -10000 11 -10000 -10000 80 30 99 -10000 -10000 -10000 55 25 -10000 -10000 96 68 -10000 -10000 4 23 35 28 65 87 72 45 -10000 28 -10000 22 67 8 8 -10000 16 3 -10000 78 92 -10000 98 -10000 -10000 -10000 -10000 86 27 -10000 -10000 96 46 47 19 90 35 37 -10000 -10000 80 -10000 -10000 -10000 -10000 2 -10000 43 -10000 60 -10000 -10000 -10000 17 -10000 99 
59 -10000 -10000 -10000 77 -10000 -10000 -10000 -10000 48 5 76 -10000 39 -10000 -10000 -10000 -10000 -10000 -10000 -10000 -10000 -10000 38 -10000 -10000 -10000 -10000 40 91 -10000 57 52 84 -10000 -10000 -10000 50 71 -10000 39 21 81 3 50 -10000 94 -10000 82 88 -10000 8 59 -10000 -10000 -10000 33 61 60 -10000 20 49 -10000 -10000 -10000 87 32 -10000 -10000 64 44 77 2 17 20 34 3 -10000 -10000 -10000 -10000 -10000 14 -10000 19 73 -10000 43 66 -10000 21 96 -10000 -10000 52 49 -10000 86 -10000 53 47 99 -10000 38 13 -10000 -10000 85 73 6 -10000 -10000 -10000 90 90 76 -10000 -10000 -10000 -10000 30 11 69 97 -10000 50 
60 75 -10000 -10000 68 47 98 54 -10000 76 1 -10000 -10000 -10000 59 85 -10000 64 6 -10000 44 45 84 -10000 -10000 -10000 -10000 -10000 -10000 27 12 22 -10000 65 71 97 -10000 -10000 82 81 89 -10000 48 54 100 52 -10000 -10000 10 -10000 -10000 49 -10000 -10000 -10000 66 86 2 23 -10000 99 88 -10000 97 55 8 -10000 -10000 -10000 40 -10000 -10000 -10000 -10000 -10000 -10000 -10000 -10000 100 32 -10000 9 -10000 1 -10000 70 -10000 69 67 37 13 -10000 22 -10000 -10000 -10000 49 -10000 -10000 -10000 -10000 -10000 -10000 40 -10000 25 24 98 -10000 -10000 32 43 84 78 -10000 -10000 -10000 31 1 -10000 -10000 10 25 -10000 19 84 
84 96 94 18 2 14 96 2 75 -10000 46 99 -10000 96 9 4 58 83 -10000 -10000 1 26 -10000 45 73 -10000 -10000 -10000 48 -10000 -10000 83 60 -10000 18 10 53 -10000 -10000 22 -10000 -10000 -10000 -10000 -10000 -10000 -10000 45 -10000 -10000 -10000 -10000 69 -10000 79 -10000 96 -10000 33 47 52 77 -10000 6 25 57 63 38 19 99 64 18 93 57 -10000 -10000 -10000 74 16 -10000 -10000 84 -10000 -10000 79 72 15 -10000 -10000 98 -10000 12 -10000 -10000 -10000 77 69 13 -10000 6 -10000 4 -10000 -10000 79 -10000 31 -10000 -10000 1 -10000 71 46 21 -10000 17 8 -10000 -10000 82 -10000 -10000 7 13 -10000 -10000 
84 68 59 22 85 2 84 50 -10000 -10000 -10000 -10000 63 71 -10000 93 24 -10000 41 6 -10000 72 -10000 -10000 1 -10000 87 -10000 46 58 68 -10000 60 -10000 -10000 -10000 66 -10000 -10000 39 -10000 14 6 -10000 -10000 -10000 -10000 12 87 18 -10000 -10000 27 -10000 48 28 36 3 19 81 -10000 -10000 94 -10000 -10000 55 -10000 33 80 43 79 57 -10000 -10000 -10000 -10000 81 -10000 -10000 76 -10000 -10000 -10000 61 -10000 -10000 28 -10000 -10000 -10000 -10000 99 -10000 70 -10000 -10000 15 47 7 62 -10000 48 -10000 -10000 -10000 -10000 99 23 63 78 58 53 -10000 69 -10000 -10000 97 100 33 53 24 33 6 36 -10000 68 
-10000 -10000 70 -10000 -10000 32 -10000 29 14 -10000 68 -10000 -10000 -10000 44 95 -10000 -10000 62 52 44 56 55 7 25 -10000 30 5 60 86 -10000 -10000 81 27 99 -10000 95 98 -10000 27 27 40 -10000 59 52 99 -10000 -10000 31 46 62 42 3 -10000 3 -10000 12 54 -10000 56 93 57 98 57 88 40 -10000 40 51 -10000 -10000 -10000 -10000 -10000 -10000 -10000 19 33 40 8 7 -10000 -10000 -10000 27 1 46 51 88 69 47 -10000 65 75 74 -10000 -10000 45 -10000 53 81 -10000 -10000 -10000 -10000 26 -10000 3 95 72 19 53 89 20 33 -10000 -10000 40 -10000 63 -10000 24 12 -10000 46 18 
