174 100
1733 -616 4338 -554 2458 -6292 9188 -9711 2266 -7414 4701 -1816 5601 -2612 5049 -695 6512 -3509 9528 -562 8226 -6787 8023 -4584 3849 -2206 5133 -2616 1424 -5070 8016 -7505 9961 -1392 9616 -7140 8127 -7802 2329 -1362 8023 -1914 6784 -2019 205 -5487 5008 -7287 7954 -1957 5463 -1569 5849 -1207 8036 -1751 1105 -5020 1664 -4484 5527 -4571 4920 -6042 4015 -3934 7296 -1316 369 -9752 4443 -3213 8094 -3739 8619 -7055 5191 -339 4020 -3392 3818 -7296 5511 -3373 2046 -184 7119 -3298 5010 -4963 9601 -2636 1851 -8378 913 -215 4729 -8516 7076 -6684 
-3436 9473 -4731 2457 -6939 6948 -177 6354 -2951 7657 -8795 8990 -1902 3560 -4573 6515 -6312 7259 -2362 8054 -1561 3562 -2287 5264 -6756 7100 -2526 7367 -8736 3642 -6059 8736 -4359 6773 -3798 5748 -8038 8406 -5007 9465 -8479 1284 -5232 8808 -7820 7942 -707 9266 -4437 7212 -6857 1433 -3909 4469 -240 2731 -5957 4065 -4998 1612 -5607 2630 -5404 5006 -4985 3764 -9620 8283 -1752 371 -9723 5387 -8134 1766 -3172 4492 -7272 5672 -7267 7168 -2724 317 -7067 3916 -5728 224 -5588 5433 -2837 9504 -4762 3208 -3029 493 -6175 508 -3054 215 -4205 3229 
7524 -2466 271 -1521 3562 -1482 1990 -8473 1690 -9584 6991 -5308 3947 -836 7326 -8204 7447 -2027 2058 -2647 6705 -4214 1713 -6069 9707 -9209 4927 -4265 2484 -5129 5456 -7727 7073 -6898 7521 -1112 3530 -3329 6173 -1690 5596 -1071 7425 -8939 5214 -2037 1951 -8011 2122 -6686 7905 -2671 9052 -7132 9537 -9163 1988 -8131 9954 -1529 54 -2564 918 -4715 5699 -4803 7192 -5532 6947 -8066 6845 -2376 2895 -1388 4813 -6220 2898 -4426 793 -6215 6195 -9570 9205 -4292 1903 -9947 5605 -733 4322 -5714 8274 -3921 737 -208 8788 -9647 6854 -6409 5032 -1969 
-5864 2506 -2939 3603 -6481 5684 -4655 8904 -7029 3168 -7485 1265 -792 1451 -5235 4928 -8589 3963 -4838 6145 -6936 6120 -1561 70 -3172 8372 -9 7345 -6994 6441 -7731 4402 -6456 7828 -5641 9323 -7084 910 -7165 4238 -5814 3205 -8596 6756 -545 6990 -5425 8502 -4758 367 -5195 177 -4544 4563 -9583 576 -4490 8259 -5595 8079 -2056 6985 -1480 56 -7539 6034 -2241 2655 -5848 7179 -294 8636 -7150 9726 -7010 4202 -7053 6080 -9025 5867 -355 2718 -6755 8321 -5746 8158 -807 2609 -3956 2921 -9449 5592 -3033 3081 -8152 9752 -4073 9898 -1304 2747 
2341 -1009 6903 -3265 417 -1312 4290 -7038 4382 -4068 7585 -6561 2291 -81 611 -717 3566 -3033 7935 -168 5677 -2763 4304 -8496 7428 -5233 1366 -3733 4003 -2615 6159 -5472 7646 -7933 3485 -5505 6755 -2465 4234 -6214 3597 -7719 9511 -9146 9025 -872 8646 -111 2746 -6967 8226 -2772 3403 -8723 4021 -4080 1397 -9867 1805 -5605 2464 -2092 4650 -2850 8385 -8894 228 -4250 6855 -7843 3608 -4602 8125 -959 1074 -1871 8184 -4319 4014 -4490 2468 -151 369 -5009 9869 -9943 2743 -3277 5960 -7681 3045 -9459 7734 -6937 155 -1489 1221 -4640 2992 -9643 
-9680 6763 -8758 5377 -1795 8609 -2818 4364 -1384 3398 -1010 6640 -7979 5994 -4419 4702 -9196 6845 -4706 786 -149 9313 -7551 2636 -7812 8993 -6489 1560 -8830 2535 -1079 2187 -1062 3775 -5746 6119 -8664 1431 -8513 6478 -8243 4249 -9959 8416 -4019 4994 -2769 123 -3043 87 -5617 5992 -9576 4389 -3532 7253 -7548 3362 -8893 527 -1572 5211 -2360 3996 -1118 4039 -1624 1733 -2540 9973 -434 7070 -2943 8856 -7491 4763 -498 1856 -9529 2735 -2712 2852 -1467 9245 -3485 9068 -505 5550 -9530 6082 -9821 8430 -5152 4859 -7008 6520 -1329 6610 -2610 1413 
906 -5219 5140 -243 5450 -4179 6423 -6180 4294 -9523 1868 -698 8912 -9412 7353 -4636 8375 -7111 7981 -9496 9966 -5119 7046 -6801 3458 -9570 7238 -3985 4710 -7405 263 -7628 1516 -1911 77 -23 6383 -1134 3861 -286 9109 -934 9574 -4731 1289 -3736 8734 -5712 4840 -2489 6288 -9525 6014 -3992 5612 -9348 6272 -3540 8253 -3379 8553 -2311 7844 -3061 684 -2556 4804 -4957 1294 -6538 4684 -9117 8390 -5150 189 -2865 8267 -1505 5947 -6066 3131 -428 3927 -5263 9107 -9047 8996 -7715 3392 -4366 8164 -2209 6674 -3935 5131 -543 4421 -8425 1524 -2607 
-971 31 -5996 7652 -2308 9574 -4503 3446 -1327 6982 -6115 1373 -7987 3429 -4401 8219 -8747 8936 -8663 650 -3772 2588 -2020 133 -6245 3682 -27 2088 -5478 7766 -9608 3775 -8974 7573 -7514 8827 -5145 6629 -4698 4131 -9942 372 -4842 1190 -1290 5853 -2751 628 -7587 8212 -1381 7009 -8218 6240 -9905 6498 -194 4414 -5862 2209 -3203 5179 -9717 3291 -3067 9411 -5295 4466 -996 1327 -5211 1303 -8752 1800 -1713 6555 -4612 8300 -6356 6556 -8574 1596 -8185 4279 -8599 7924 -4982 7693 -3353 4452 -1492 2449 -7126 995 -5249 6458 -2515 4517 -8742 8 
7911 -5973 258 -1875 9924 -3684 2715 -3947 5768 -6091 4361 -4254 5053 -6250 445 -3377 5718 -6374 2312 -3561 3649 -2363 2085 -6417 8765 -6054 2601 -7956 2231 -9860 356 -656 598 -6893 6892 -3421 4848 -9313 3599 -4144 5117 -6062 367 -7076 5301 -9312 5244 -6072 2712 -2184 5814 -6359 2432 -9870 4945 -8990 6028 -8119 7623 -2666 5505 -1844 5627 -2584 7874 -4473 1294 -3371 9966 -239 6912 -2249 4354 -8374 4606 -2166 2530 -2763 2299 -9544 2783 -3523 4721 -1477 6201 -7330 3291 -1029 7640 -3405 1655 -5473 7156 -1049 5652 -5220 5760 -6870 8350 -3382 
-8760 440 -9054 4905 -1384 8563 -4891 8400 -4721 9479 -4021 5792 -6289 647 -59 2288 -3391 7582 -6226 3297 -1735 5637 -8149 7477 -2248 1362 -3080 3244 -4870 2845 -2042 3547 -7516 705 -8058 5638 -8011 7886 -5342 832 -2989 8939 -7759 4331 -6904 9675 -6398 7192 -9804 2409 -4210 1298 -9388 1206 -6547 1580 -2922 5708 -8217 6662 -1358 6447 -8159 2427 -539 4358 -8309 6454 -3726 820 -5615 187 -3401 1598 -1247 8956 -1513 7998 -6387 871 -1716 6607 -3776 5233 -7192 3914 -3052 991 -798 1029 -6701 3611 -6365 927 -4 254 -548 5845 -7299 5605 
8826 -9399 3902 -4123 3902 -4585 8302 -9300 6980 -1769 8735 -3819 7342 -9149 4208 -7185 1398 -440 7810 -2591 7371 -5692 81 -8921 2899 -1734 710 -1625 4884 -997 3629 -374 5178 -1110 7739 -3974 7929 -6691 1792 -7487 3757 -5052 3108 -2838 5992 -5764 3724 -7127 7109 -7942 6159 -4782 2453 -5913 2391 -9158 7107 -1611 416 -6280 9770 -1219 7250 -3160 8951 -8110 5310 -9721 2138 -3062 1707 -1276 8684 -5903 9427 -6665 3572 -9069 105 -7082 6885 -3160 4234 -181 3732 -8983 5239 -6442 2348 -6692 900 -1696 9640 -8489 4920 -3019 5745 -5443 4745 -9940 
-8298 5215 -4014 5820 -9725 3250 -1666 8872 -1432 3567 -9101 5312 -1515 8186 -942 4832 -7493 472 -7545 1065 -538 6683 -4505 5457 -4662 9244 -6685 1870 -3920 3232 -7975 5144 -9515 3234 -9616 1394 -1572 2090 -7777 6260 -9446 6282 -8625 7496 -5477 4694 -7697 5955 -8435 9437 -4683 119 -2459 3688 -4411 56 -701 1780 -6409 1141 -1507 9502 -4816 3359 -6675 477 -597 8031 -8342 8084 -7930 6570 -2050 8167 -1120 5235 -3041 3945 -1674 3805 -4865 82 -5411 6463 -5610 4352 -8620 9135 -1335 767 -4343 6516 -2897 3075 -3169 4413 -9117 1371 -805 4096 
6799 -2715 9902 -7541 4027 -9837 5847 -4264 1537 -1997 5499 -6250 2940 -540 1547 -3114 8833 -2650 4290 -2097 5834 -396 7405 -2139 7280 -7794 8433 -9902 5066 -1073 233 -4730 5195 -9070 3795 -2068 6705 -1969 5859 -1634 3115 -2183 641 -357 5810 -289 85 -9970 8809 -3555 7715 -540 4882 -6522 5573 -9966 9673 -198 6135 -7210 5734 -2189 2468 -7179 681 -1730 9010 -7223 6025 -722 4848 -3002 8206 -7982 9327 -9517 3360 -1911 1884 -7184 3441 -6853 6710 -4148 8076 -7913 7887 -6966 2687 -5716 7702 -2418 5127 -2433 6304 -337 7905 -6426 3253 -9235 
-3196 6561 -371 4063 -8862 8219 -4590 3224 -141 9531 -9697 4023 -6598 7881 -8959 208 -3674 3848 -2379 8551 -2995 1895 -355 718 -9695 6091 -1840 3630 -9272 6526 -4215 4784 -7750 523 -3796 3439 -4913 8519 -2601 494 -5008 8356 -2543 536 -8214 5825 -705 1443 -8369 8959 -435 2850 -5167 7589 -3933 3588 -6924 3093 -1058 4135 -9498 7828 -6381 5575 -2951 7088 -1679 4585 -8885 3598 -7619 8816 -474 6267 -60 7897 -7706 3873 -9195 2652 -1700 8838 -3438 4220 -6745 7569 -3222 9270 -9667 9671 -8730 2243 -5807 7265 -7090 9156 -5595 7164 -1721 8079 
9200 -913 9130 -5480 3043 -6179 3197 -4037 953 -6133 7958 -7620 5368 -9617 7069 -571 1175 -3072 2843 -4314 652 -4598 6180 -5631 3146 -4527 7740 -6800 6175 -3525 3195 -7249 6866 -7800 4599 -5739 6844 -6812 3755 -9558 5468 -7399 3519 -5903 3208 -8188 3693 -3435 8875 -1329 3909 -4250 7556 -8382 2858 -8653 1128 -4664 297 -6237 8362 -4202 8768 -6857 860 -4663 7393 -6463 146 -2079 161 -1708 8228 -7713 2642 -3824 1053 -108 4958 -1035 1929 -2411 4439 -2183 9889 -2039 5741 -3607 9887 -2008 5092 -1649 6054 -8844 2177 -2013 9109 -7455 8004 -6701 
-6020 3627 -7292 8019 -6360 2784 -8076 8684 -3717 9341 -6329 1313 -9149 120 -5954 4869 -5527 2265 -9151 107 -882 2691 -9048 6050 -3914 3358 -1041 7959 -5611 9321 -1432 8651 -1932 7355 -6722 6611 -5937 2868 -3679 6834 -5441 520 -5441 3780 -5553 1152 -9369 4691 -6779 4170 -4181 9199 -5793 568 -4647 1500 -683 4762 -6805 2317 -5304 2979 -3959 3640 -6826 1078 -1636 9679 -6165 2567 -4333 4287 -204 5050 -9172 7717 -132 3892 -9762 496 -6911 4875 -6594 1039 -1582 941 -2312 3652 -7084 2910 -6315 8410 -6893 8917 -1036 7001 -4251 2085 -3156 7178 
8713 -2843 8480 -4341 7655 -7306 3835 -171 5883 -3969 866 -6525 5956 -9110 4479 -7927 3630 -8320 1769 -9716 7906 -2776 7412 -4738 4249 -4951 1326 -7148 6494 -7858 1914 -2152 9803 -6233 7892 -5322 5751 -1293 3422 -1698 2879 -2027 5327 -9994 5374 -386 4957 -3298 3012 -4796 6886 -2621 1189 -1618 7140 -6179 4500 -6827 8295 -5 1824 -1225 8952 -7819 6395 -2897 5590 -3407 6176 -350 7679 -3595 9724 -2525 4854 -1619 3491 -5544 5911 -8892 5042 -3922 7049 -4354 620 -1392 9953 -7252 4851 -2796 298 -1355 2675 -6149 8119 -1550 2296 -5436 1341 -8732 
-3787 579 -3921 5825 -6331 7845 -4276 4676 -3005 6415 -3173 3089 -316 3793 -8617 7905 -3764 2677 -5517 6420 -1317 9808 -631 1340 -4706 7627 -5673 879 -6339 4424 -9703 7146 -1344 4721 -9650 9531 -9847 6969 -4263 3750 -5270 8532 -7956 5493 -1075 2546 -9264 5094 -3806 2513 -8354 3897 -2911 4730 -7465 1661 -2649 9138 -2027 7643 -5167 3443 -4274 7959 -6379 7394 -9901 2508 -7007 8121 -5793 5342 -3278 5441 -9453 5820 -741 5058 -5569 2934 -2803 9392 -6525 2426 -7019 967 -4767 8841 -5171 5404 -5800 9229 -8535 565 -4087 5087 -2666 4799 -20 4728 
692 -7078 9431 -9551 8580 -17 6907 -2551 5736 -871 6211 -3803 234 -4630 655 -5267 7718 -798 7718 -432 5762 -8203 3006 -2322 4668 -4219 7494 -7775 9979 -7882 3272 -2125 7404 -9052 4187 -788 3326 -6710 7176 -8849 5352 -5888 8704 -3060 5608 -4976 2114 -2204 4544 -4934 8863 -6794 6067 -7895 6699 -3449 195 -9195 2084 -2144 847 -346 1228 -5046 5260 -6146 9341 -3810 6738 -4959 5559 -6829 9458 -8890 9450 -234 8007 -9223 5003 -9121 7887 -1028 2289 -9924 210 -8303 4710 -2149 2220 -7103 6086 -8059 3952 -4580 7025 -2316 1350 -8822 8008 -9008 
-7594 31 -8659 1276 -4984 6040 -6056 3832 -2566 9906 -5013 4758 -6209 6888 -3332 8811 -8960 829 -7218 1972 -6668 6833 -8483 9596 -8242 6251 -4513 9134 -5592 1279 -1885 8246 -8092 4272 -906 1848 -6224 3505 -3203 3541 -8052 5333 -4181 5027 -6084 9157 -4375 3727 -7139 2103 -5921 4019 -2193 3239 -2054 7648 -8722 3728 -3945 4291 -8380 526 -7587 1158 -765 5659 -5428 2350 -1062 2588 -6734 8081 -5318 7436 -3405 2663 -2093 1414 -1937 6659 -1513 2141 -2754 7881 -5000 3793 -9375 4511 -4924 4453 -9448 9823 -4710 7144 -7837 7689 -4072 707 -7724 2600 
2482 -8742 4430 -1809 7195 -4363 1134 -138 7060 -5332 7539 -1543 2387 -3356 9111 -1167 5618 -1380 5921 -2851 7063 -6393 1655 -6183 2101 -2663 148 -2553 9315 -6160 4629 -3272 4170 -1363 9547 -6407 2688 -2522 5165 -9364 7482 -2544 2824 -5877 7144 -864 1584 -6166 5617 -6868 9186 -6257 9735 -8774 7719 -6989 1357 -403 1197 -8007 7734 -8658 9631 -5416 9287 -510 2360 -1973 5951 -7981 9005 -8954 536 -9310 7573 -5292 7457 -1512 4663 -1978 5869 -5977 6420 -2112 3772 -7876 1751 -4543 9911 -9871 4324 -2666 1578 -2361 9638 -2733 7897 -629 2295 -5220 
-9614 3467 -8147 1537 -7337 3169 -9508 2114 -7189 1819 -6411 8790 -7635 3371 -6757 4566 -1999 9702 -4956 7991 -3204 7290 -5441 1999 -3909 9212 -982 3895 -1852 9716 -6838 4189 -9417 946 -2640 1201 -8272 8837 -7928 422 -6060 1133 -4806 1008 -4121 7932 -913 3938 -6659 9011 -5760 8431 -7832 7084 -5317 8627 -5202 4055 -9373 9329 -9627 6539 -8977 2344 -3455 2033 -5376 953 -2425 30 -5851 8201 -9407 6950 -5576 5370 -4465 2985 -4027 4685 -4618 3547 -2740 3783 -8139 8202 -1038 5345 -7294 4882 -4634 9786 -7180 4146 -3182 7083 -3572 5950 -5871 3084 
1195 -8944 581 -7065 3705 -1959 5273 -6354 9005 -1275 169 -3498 4709 -8771 515 -8004 6128 -3086 3874 -4705 7576 -7181 5859 -770 2252 -8213 9142 -5808 3370 -6594 1540 -5127 5800 -6413 5 -9908 2893 -5371 9050 -7170 5611 -2940 3458 -5161 7012 -4109 8794 -390 7004 -5586 3883 -428 415 -5452 6572 -5586 7185 -9368 2571 -5587 8856 -2974 672 -7817 5750 -4636 2879 -9943 5622 -4252 6320 -8339 9562 -8681 2507 -3676 6509 -7919 8470 -8157 5340 -2362 8337 -8584 8815 -5704 9927 -7135 7451 -6436 9498 -9135 6127 -8947 525 -7676 4358 -8042 1137 -8471 
-1656 1655 -1474 3697 -3322 478 -7631 2773 -4642 3435 -5697 1733 -3627 7677 -1269 2221 -8917 5145 -2942 4036 -5271 1289 -9504 4090 -9965 1044 -5086 1457 -7119 3711 -4728 5562 -4708 1184 -3702 7611 -8964 7563 -7387 7544 -2323 4899 -7066 796 -2876 4503 -2285 8296 -2519 1620 -2777 2557 -546 3388 -1803 73 -6180 4706 -7227 9660 -9233 9923 -2879 3953 -883 7892 -9052 592 -7809 1551 -7977 9155 -4375 6374 -7982 2271 -6639 6105 -6547 7499 -6783 3402 -5111 7710 -360 7598 -6793 3219 -7765 1199 -1914 6363 -3858 4641 -9425 3987 -5481 7480 -6997 4216 
7317 -998 6866 -8900 3652 -7024 8300 -2223 8636 -4112 8525 -3661 2183 -8382 2746 -5707 5652 -3498 8155 -617 8520 -8738 6317 -961 5284 -269 972 -8769 4115 -6562 4244 -829 6034 -7771 5594 -1539 6983 -1926 6366 -2750 5251 -1688 4293 -456 6085 -549 4827 -5144 2204 -2061 548 -3828 4194 -5810 1648 -3380 9485 -7128 5133 -7061 2340 -8531 4830 -2766 9053 -8845 7975 -5467 6599 -6717 9362 -4457 6991 -9821 107 -3112 1784 -5573 7553 -9401 6362 -5474 5813 -3760 5629 -9212 6013 -215 5024 -7103 8731 -8957 1974 -4874 6472 -7740 2161 -2440 9062 -5336 
-2037 5136 -1326 5960 -7541 2682 -9340 9432 -1812 3127 -5105 4337 -6997 898 -8141 7292 -8656 6983 -6507 7725 -6773 3685 -4547 6395 -2580 16 -4133 6058 -6802 8438 -4448 8784 -8010 5584 -9519 9919 -4158 5624 -7796 7183 -8178 6677 -460 7366 -4401 2741 -2284 4982 -9187 6749 -3712 7720 -9459 7537 -2858 961 -1671 9756 -8071 2283 -5612 5762 -867 2106 -2627 1190 -6596 789 -1058 660 -767 1369 -1703 1391 -642 2371 -7771 4654 -9443 3984 -945 9377 -5184 5798 -1977 2063 -5716 8758 -4533 3019 -5317 9674 -6528 6261 -7193 4759 -4906 6740 -6615 6859 
9112 -9101 4465 -8471 7703 -1569 6902 -6119 6724 -642 6477 -3484 2512 -4460 1775 -7766 2188 -7504 8752 -1478 5151 -9611 2376 -4875 6207 -4721 8492 -8277 7382 -3967 8784 -5537 8487 -2469 5825 -7475 2148 -5957 3142 -8752 3964 -2246 9317 -9680 6333 -8533 7113 -6873 893 -7016 7900 -9230 8315 -9426 8669 -2525 3729 -7024 5820 -6737 8281 -6247 9103 -4645 651 -2507 3130 -2399 1691 -309 864 -830 7317 -671 8438 -1717 59 -9003 6897 -7581 551 -907 6801 -2131 1240 -6073 2039 -6619 5065 -8871 3578 -5774 122 -135 9372 -530 4708 -8257 676 -8988 
-5026 8050 -5794 7196 -1406 8585 -2152 911 -8190 3255 -8359 2507 -1046 1569 -3921 6973 -8270 2585 -3951 8450 -5315 298 -5436 1773 -9649 9589 -4239 1698 -5791 3653 -2090 9339 -4308 7252 -4078 9457 -5570 4571 -6657 4457 -4842 5984 -6652 7565 -4053 9375 -2429 10 -7634 468 -4154 2807 -2085 5294 -6131 4087 -8801 9320 -3536 5004 -8440 4845 -469 4036 -1018 3341 -2853 9068 -6793 8624 -7636 3194 -2176 8340 -7068 9623 -7107 9461 -1667 4335 -2448 2747 -8544 2090 -3606 3109 -5078 8027 -3425 4277 -2280 7909 -9723 4825 -8347 1281 -1426 7882 -6330 7095 
8354 -73 872 -7291 9980 -5670 2393 -3242 9033 -8743 3872 -7685 235 -3360 4992 -7145 2180 -4146 5978 -8058 5714 -5475 1254 -2951 6064 -4786 5605 -701 6340 -52 3294 -3780 1753 -3581 2675 -8991 6345 -51 2312 -2634 9530 -8122 1140 -5666 1583 -5811 2917 -5919 6210 -6645 3402 -7202 9225 -1651 6541 -6388 6039 -7544 7401 -9165 9107 -8725 1804 -8890 6438 -2582 7168 -6120 59 -3930 5023 -874 292 -6279 5413 -4007 712 -7586 4139 -7478 1209 -5477 2448 -1196 2937 -7851 8505 -2001 5472 -8662 1939 -9187 5850 -5395 3838 -8753 7887 -2844 8258 -870 
-7127 4852 -8893 4665 -7286 7269 -2758 7544 -4311 3683 -4979 3888 -8684 6188 -319 3695 -2770 1240 -6483 1466 -4987 5067 -4903 8843 -6942 8036 -1552 7728 -966 1722 -8028 5512 -8839 937 -3735 959 -58 4783 -7962 4817 -4399 4818 -2223 7963 -710 3355 -3211 8912 -5431 2390 -492 512 -9801 8363 -5291 2916 -3888 4276 -9827 3435 -4774 2314 -4443 1265 -422 9812 -9288 4104 -3464 213 -113 4933 -1323 8056 -7666 3726 -7799 2953 -62 1488 -7467 3579 -220 6892 -5348 802 -6113 6276 -4432 4492 -5101 5933 -6605 8254 -5166 5377 -1739 9291 -9752 1244 
5340 -3812 6262 -3308 672 -6283 706 -5369 9742 -3075 4682 -6897 3183 -4958 2226 -9593 7338 -8997 3530 -53 6233 -4842 164 -8294 4791 -9560 4050 -1349 5166 -1872 5623 -8393 1180 -7040 1717 -6021 6116 -9395 3018 -311 5984 -7734 3985 -9547 3966 -4970 120 -3954 8677 -1692 3550 -9459 8835 -5859 8984 -4813 9611 -1637 5531 -5987 7027 -2467 8802 -7594 3633 -245 8226 -4239 7860 -823 4283 -7747 6750 -6014 9534 -7749 546 -9791 4620 -6355 7405 -5427 4943 -7385 1646 -2281 8734 -1045 3269 -180 6716 -4501 5202 -3303 3966 -332 3864 -3074 9376 -7777 
-9863 8002 -1871 934 -6919 2578 -8737 1698 -2934 9096 -4169 4924 -9195 6006 -6207 9281 -4938 452 -1304 4412 -1438 7466 -9766 2465 -3508 6030 -3618 7370 -1689 7100 -6194 9364 -7400 7764 -3732 9553 -6134 9453 -9109 3834 -1076 1521 -5251 6148 -2384 7425 -8439 1993 -5745 5289 -9887 4371 -2226 8934 -3270 5813 -8111 5121 -6599 1075 -4860 625 -7826 768 -3752 338 -4103 3484 -6219 5202 -1749 5626 -6132 9238 -5255 9009 -1677 5372 -2370 165 -7014 9988 -7834 3097 -6029 6909 -4573 4969 -4905 1411 -2479 1590 -3174 9933 -417 5372 -2702 2975 -8440 6185 
5013 -4930 8398 -4448 525 -7891 3710 -6329 8329 -8731 3129 -7913 3064 -2370 9262 -9895 2366 -673 3639 -6034 500 -2640 2259 -1952 5231 -4328 9991 -3111 3250 -5654 7152 -239 2170 -7582 7729 -9722 3144 -1380 8252 -8674 8252 -8310 1204 -6031 8145 -7188 518 -3103 6190 -7759 7154 -7736 4905 -6391 6845 -2141 3064 -6562 1835 -5641 254 -4958 4585 -2395 741 -4010 1466 -5084 751 -1162 9663 -4492 6727 -8842 2821 -6130 3572 -1487 7208 -779 659 -6914 151 -2567 3267 -384 8365 -9952 8254 -2752 2237 -1672 3111 -3172 7019 -1175 1932 -1055 6139 -304 
-9442 4113 -2286 902 -8893 3110 -9074 8300 -7398 5726 -1319 8409 -4264 7979 -1311 5363 -1411 2857 -4219 8698 -9492 2666 -6698 4233 -5864 332 -6767 6808 -1832 6827 -3231 2833 -8300 1542 -9600 7546 -6671 5505 -9851 4984 -2384 1166 -1023 7207 -161 4923 -388 522 -4207 5687 -6989 6066 -2107 3639 -4546 2656 -5300 1117 -6611 6930 -9846 29 -6943 1221 -5181 2610 -8973 158 -2756 4779 -6827 3731 -4766 5661 -2418 6949 -169 6269 -7487 8501 -2049 5685 -1177 3197 -3485 5830 -9401 2267 -5783 2673 -7565 6147 -9119 9929 -3177 75 -1088 7249 -2649 8809 
5190 -777 8028 -700 4335 -7778 8701 -2984 7262 -6714 4868 -2698 9983 -4663 7364 -7813 1071 -6680 9158 -6020 3588 -6196 7331 -6902 4122 -2848 8098 -3844 8026 -6089 2717 -4818 3983 -1456 7559 -1766 1640 -4421 8617 -4824 8861 -8240 2135 -7316 1727 -7711 834 -2719 1403 -5190 3170 -7267 9164 -4901 6587 -5222 2868 -57 5170 -9019 7789 -4140 5112 -7749 2626 -5736 2831 -1674 2394 -1388 1570 -9156 6246 -6708 5360 -4416 1405 -4467 2981 -2394 5105 -8888 2923 -358 8545 -4907 333 -3443 4123 -1271 4303 -1723 5749 -1819 1011 -4932 8307 -4077 3593 -750 
-6380 2417 -3389 8551 -6990 6669 -6599 5257 -1182 9308 -7095 375 -7645 4725 -2644 3374 -5354 4376 -2854 1828 -2290 2087 -5747 6394 -6034 7307 -4829 169 -6909 2110 -5930 5703 -2803 3436 -4854 4745 -2227 6556 -2600 9340 -7874 9438 -5678 4779 -2553 5861 -6741 4313 -8363 1517 -3010 9629 -2461 144 -2016 2125 -44 5386 -6230 5772 -9298 2395 -9118 4289 -9885 6134 -573 158 -6535 8843 -3448 7123 -1837 6867 -6835 1597 -3308 220 -3896 4827 -7434 7269 -1324 3418 -402 4608 -6083 3819 -7320 8521 -4871 1715 -6494 1372 -1708 6003 -9018 3624 -5975 1174 
8535 -8441 7734 -3925 7887 -9349 6118 -3542 1320 -4518 2815 -1332 8436 -6565 5399 -4699 1395 -4026 5220 -8397 9486 -7810 2291 -6985 1724 -4457 9011 -2581 9991 -6400 1693 -7744 6714 -2972 7237 -912 8299 -5033 2644 -9924 7804 -6489 5726 -1999 5395 -2826 9071 -1296 8684 -779 476 -5773 6200 -3768 3245 -3788 7722 -6566 8071 -6800 9217 -892 9801 -3845 2782 -3384 8937 -6268 7220 -7562 9694 -5060 4105 -4744 4830 -6588 7744 -2649 6520 -4134 2507 -1762 2621 -1845 6604 -4540 4432 -444 5122 -5483 1320 -6849 8652 -8489 7935 -5963 39 -3725 2062 -7672 
-1911 241 -3835 5033 -98 6149 -4137 7337 -1668 7525 -3611 6913 -7783 1208 -9631 8431 -3340 3609 -9356 9753 -7142 3648 -9915 1767 -6097 3555 -3035 8715 -9468 243 -2512 9483 -7640 4630 -7089 9512 -6810 3469 -7751 3255 -8405 3330 -8055 7382 -1442 8652 -239 8653 -3218 5360 -1746 4619 -5216 797 -6216 8857 -4936 6401 -3787 1424 -2440 4669 -9492 4117 -3627 2951 -8139 5790 -6621 6379 -3807 6705 -9817 8453 -1439 7298 -6048 2184 -3755 7467 -7235 7415 -4611 4425 -7132 357 -9419 2478 -5989 3262 -9718 8276 -728 754 -4003 802 -8153 7727 -2935 9596 
5330 -1404 4520 -8199 5429 -8501 2904 -7932 9541 -1107 6124 -5465 8591 -8313 5054 -9343 4430 -4137 9488 -1258 1236 -1434 4758 -2930 5999 -2383 6052 -1174 2055 -203 4023 -1860 5253 -4083 9698 -9387 6584 -7011 3647 -1117 4577 -2805 7946 -4693 6653 -2120 2107 -3514 1304 -8190 2235 -4094 4945 -8107 778 -6176 9223 -203 7811 -7507 1515 -1876 6817 -9216 4442 -1010 8118 -2976 1479 -8206 7256 -3883 2903 -6151 1483 -222 7664 -5492 9458 -6502 7743 -1632 8003 -2819 5831 -8728 7795 -3299 6007 -125 4336 -5972 501 -6255 4312 -5329 5939 -9987 2451 -3397 
-3801 4868 -7159 995 -9126 1062 -1517 2929 -9481 1572 -4507 4961 -4418 9926 -8244 3560 -1130 9315 -3488 1687 -2300 2422 -7363 8035 -9869 2655 -6376 5699 -2290 3033 -547 3066 -4886 7680 -6636 8687 -4202 5330 -7950 1787 -7131 7455 -7141 2496 -7924 3291 -725 4850 -5413 1185 -48 9711 -8665 3456 -8060 401 -2853 8727 -9678 8076 -3906 6915 -8904 8747 -2063 4051 -5964 9587 -3136 8929 -6067 4636 -6561 8589 -6759 9105 -4173 2951 -8209 2443 -8775 2593 -4352 3854 -4741 7244 -6811 2197 -3531 1219 -4715 7197 -7744 2405 -5563 4032 -4630 9253 -1347 8966 
4948 -1314 704 -1665 6113 -3143 3086 -3259 4352 -7655 5618 -650 9309 -1600 9524 -4784 9206 -129 8476 -4188 4301 -2227 382 -6159 2671 -1532 1616 -8650 3765 -6263 5429 -2985 6168 -3789 4210 -1965 382 -4307 347 -1791 9522 -701 2184 -9703 4014 -5377 6047 -3487 1953 -4258 5611 -4381 2428 -2453 2960 -9332 5300 -4380 3183 -5707 852 -222 1389 -3924 7901 -8068 754 -3070 3128 -6751 1433 -4508 5221 -6184 7372 -8308 9032 -7046 4471 -7690 69 -9160 7119 -9026 3926 -5452 2151 -1709 2953 -341 4016 -4776 9285 -5706 8178 -3727 9536 -2308 8754 -2832 
-2953 2889 -2032 8295 -6348 4054 -7655 1462 -6998 9240 -1068 9092 -8035 6303 -3257 5912 -6389 4737 -8394 2338 -9509 7699 -8467 4694 -6406 5958 -7140 6178 -8289 152 -5156 8546 -7348 2895 -7307 4705 -8199 6218 -9617 6083 -3946 1609 -4213 7219 -2256 1412 -6154 3389 -5141 2253 -9509 319 -2674 5300 -2392 1271 -6667 2153 -3021 2749 -6180 1586 -2789 9543 -1061 168 -5933 1622 -1397 2129 -7881 6680 -9872 9541 -7596 3510 -4317 7404 -898 3945 -7712 2856 -878 8096 -8349 3349 -4036 5839 -735 4787 -9036 1459 -9934 5324 -7312 3754 -3346 9393 -1970 3734 
4480 -1937 4265 -3574 8784 -5636 4802 -7705 5886 -9770 5072 -6168 5839 -2483 3299 -3889 3079 -2560 2107 -9435 7811 -9089 3028 -7468 3043 -60 2726 -340 8228 -5768 9839 -2556 4965 -1259 4583 -6447 4096 -7610 4353 -7076 6696 -2571 9231 -2641 3762 -4501 9968 -9738 9334 -5244 2989 -4333 6670 -7237 7095 -8692 6920 -7836 7362 -2805 738 -7193 2369 -5229 443 -2530 9022 -2501 9622 -1984 3241 -6603 1711 -1285 7171 -3156 5899 -9361 1799 -1908 495 -2206 7285 -9619 5358 -6201 4448 -5119 4354 -9228 1478 -8600 3581 -4687 3344 -1447 9719 -7762 9047 -7075 
-2697 7623 -4094 2861 -4185 4793 -3497 6763 -3032 5868 -1131 5031 -5944 3469 -7950 8223 -5426 6422 -4387 1621 -7347 2691 -8225 9410 -6231 9972 -6929 7143 -9958 6286 -6096 9774 -2665 2567 -4768 2816 -4227 5213 -6979 3067 -9725 8288 -6150 2087 -172 4478 -4044 5059 -9195 4352 -864 8851 -8727 6129 -6827 9334 -6133 3376 -691 508 -9716 1001 -8077 2470 -1676 9099 -7908 6143 -3399 7776 -9200 6695 -9424 3826 -6044 4623 -7296 7803 -3908 7775 -8283 6226 -8356 8581 -2245 1682 -4526 1305 -5446 3948 -1268 3567 -9368 6259 -1080 4089 -6037 4846 -995 3740 
1794 -4898 5702 -9732 1106 -9777 4553 -9450 5431 -3895 4366 -4596 27 -4103 8387 -9467 1155 -5542 428 -2633 4559 -4981 9065 -507 6885 -3289 6258 -7010 6159 -7081 3841 -8144 6368 -5172 8500 -2073 3589 -6896 6289 -4704 6066 -396 8129 -8102 233 -1327 2854 -2518 9280 -5546 4803 -2548 4961 -8295 6846 -3497 9331 -4364 149 -5048 5040 -2084 2552 -8408 3523 -162 8155 -7608 7394 -3188 8163 -494 755 -5674 5756 -4009 5089 -4996 6894 -883 1117 -9523 6782 -3359 7856 -2793 3669 -8731 9970 -2280 4925 -8135 6178 -7083 9477 -7537 8571 -2302 8912 -1963 
-2126 3704 -6175 5808 -2209 657 -8900 7901 -4376 3863 -6101 4581 -2225 9256 -7297 8363 -9309 9941 -829 5210 -311 6204 -9434 3106 -567 5682 -6266 9066 -1788 7931 -107 513 -5463 4687 -7390 5012 -214 4189 -430 461 -1974 8637 -982 7027 -8388 9333 -5351 4530 -7672 3106 -1952 8394 -6441 9274 -8932 6897 -2919 2257 -139 3984 -5873 1302 -8188 1029 -931 5621 -5169 5748 -8466 8941 -8547 7056 -3238 8362 -790 8833 -2935 7702 -7611 1873 -9585 1885 -161 8741 -1071 9771 -6984 6220 -885 903 -9422 8549 -6917 7696 -2640 8803 -5426 646 -7178 2591 
6013 -2693 8623 -3215 4447 -9975 9788 -9648 3093 -3727 7574 -7930 3880 -421 6435 -9913 1238 -7181 871 -4439 4343 -5600 9957 -4392 6593 -2483 6914 -1792 5909 -1146 7100 -8996 7915 -3462 8633 -6666 2381 -4268 7246 -3440 4101 -1560 3205 -8145 3169 -8863 3976 -6779 4204 -8509 4013 -1866 3056 -9187 4348 -3736 8287 -9250 1 -8367 6277 -2047 9993 -4935 3651 -937 6356 -7629 6448 -4066 6930 -1985 9346 -3886 1232 -6760 7411 -6873 586 -4691 294 -3126 3873 -1170 7061 -483 7756 -3405 3083 -8570 529 -3383 498 -9864 1756 -6030 7584 -8168 2280 -8921 
-8785 9341 -4334 6659 -301 9589 -1776 9420 -2414 864 -7428 7807 -7071 5978 -3 227 -6681 1977 -6999 4470 -5589 9042 -5543 2881 -1457 3244 -4917 4894 -3978 741 -4755 4859 -699 3166 -8196 6276 -9045 7338 -867 5743 -4542 4180 -8471 7182 -2122 6687 -149 7345 -2961 7572 -2312 5935 -9146 7921 -936 7596 -4897 9533 -2940 3833 -2739 9605 -1193 4329 -4697 2518 -4164 1745 -5884 6358 -6271 8806 -4328 4727 -9605 4889 -4708 8644 -3286 6499 -4687 7662 -5432 2355 -4427 7518 -6624 218 -3121 6746 -6814 8000 -9322 1019 -4828 5023 -1193 4750 -7560 589 
8243 -8175 3894 -2814 6893 -7564 3895 -8938 4277 -3096 5152 -4488 9816 -1574 4546 -6986 3523 -1197 8370 -8150 5130 -6159 779 -3416 1101 -8000 1162 -2509 7282 -1336 8847 -5520 1070 -9501 6196 -2549 3097 -974 1935 -2745 1781 -2293 7610 -5740 7872 -8606 209 -7323 5029 -5573 3268 -1818 3222 -4908 5400 -6463 1373 -1787 9012 -6233 3540 -5418 6767 -6258 8459 -5575 8786 -4989 3415 -1937 5809 -129 9943 -3858 2453 -5796 4457 -986 6225 -6041 5208 -974 1851 -9846 6078 -3642 934 -8619 9453 -9594 2316 -8661 8884 -5525 9527 -9448 4513 -6406 8235 -6902 
-1407 4296 -8014 532 -487 1849 -907 8252 -6737 6346 -5151 7994 -2840 5186 -6457 518 -3465 5149 -3520 4065 -5046 642 -124 2170 -7504 5633 -7360 5098 -8077 3420 -377 3426 -5738 7723 -4838 9171 -1038 6250 -4838 4231 -433 9336 -2749 7626 -602 508 -7779 148 -3450 486 -1011 748 -7395 6501 -4749 3412 -7854 6820 -3965 5886 -5136 7460 -3578 3088 -9001 3698 -8288 7409 -1092 9151 -2991 5580 -3209 9545 -549 7358 -4679 1110 -6088 1829 -7574 3346 -9109 5442 -7718 6883 -2790 7402 -5818 1595 -8409 6874 -4011 7490 -19 3533 -2198 8384 -3478 1714 
1688 -7927 5862 -9940 7083 -3815 9121 -3395 6778 -1875 2726 -531 5652 -3747 2571 -2662 4844 -4500 6244 -5215 2740 -1139 9337 -3464 9309 -2928 372 -8376 9051 -2936 9171 -9494 7320 -8608 4636 -2752 7194 -9211 2211 -9969 6832 -9223 888 -3943 9531 -84 6427 -6214 3 -4816 7490 -5967 7534 -4330 1348 -4870 877 -8483 9042 -693 40 -160 1280 -9810 1605 -8069 4395 -7797 5971 -568 3126 -2947 4266 -2936 6075 -1072 2083 -6207 6609 -6322 9487 -4116 8105 -636 6233 -5837 7656 -5105 1435 -2382 9594 -86 1683 -1872 2358 -1115 1764 -3040 4750 -2466 
-3065 6980 -8814 2035 -1291 9339 -6022 4207 -6885 8360 -4953 1393 -929 7032 -9807 9543 -8416 4692 -9964 5957 -6196 519 -3222 8425 -558 2128 -5971 161 -201 1170 -3065 1733 -1465 6073 -9505 7827 -985 8805 -8057 2865 -5486 9704 -4373 8991 -6246 5939 -5889 4956 -2174 5959 -1213 121 -7908 678 -9536 5034 -2469 222 -866 8534 -7204 966 -9471 710 -8877 7978 -2793 5626 -1591 1578 -7338 3822 -4283 5172 -5820 7317 -6958 7904 -4902 7969 -5227 8554 -1181 4876 -4611 6340 -7565 1691 -1787 5443 -3868 1043 -7209 1237 -6803 6122 -55 9106 -4009 8349 
5278 -8039 6747 -1551 1947 -2582 7624 -936 5032 -2792 6943 -4268 9926 -5753 4060 -1603 8037 -5435 2629 -1678 8734 -6825 7796 -1226 604 -1609 8087 -2387 5425 -9215 5501 -2974 9451 -7228 3420 -4096 5974 -9448 8588 -2020 9166 -684 8317 -9517 6168 -2776 2523 -2189 9389 -6002 5927 -6623 5023 -6750 8748 -4702 1401 -9352 9525 -6924 2737 -4405 3840 -5425 6209 -8417 6827 -2909 6185 -9534 7257 -3409 3506 -1757 6376 -830 7799 -476 8102 -4612 3286 -5370 5766 -9549 7625 -9447 2466 -1468 2535 -9083 496 -4246 8674 -1635 328 -4672 8817 -8892 9159 -5435 
-4115 1267 -3737 2242 -2206 9587 -177 4228 -5630 4568 -7626 921 -7349 8475 -9707 4325 -4397 8717 -3328 8715 -591 7755 -1172 172 -4788 8875 -4199 8901 -643 9218 -1873 9231 -237 1979 -4278 4028 -240 4193 -4548 6141 -6353 1259 -4496 6948 -1742 2389 -617 5562 -3728 2590 -5291 7364 -4122 430 -2630 6004 -7224 4552 -3653 9756 -5905 8599 -6943 7243 -8978 346 -1633 2625 -3953 3926 -1002 509 -1750 3517 -3765 3327 -3937 1451 -8450 2342 -8107 1907 -2134 7517 -2892 4101 -2615 8012 -3459 5475 -3629 7310 -5022 3450 -9108 5907 -5382 5525 -8787 7229 
7785 -299 7019 -2216 2710 -155 7965 -1036 42 -3813 9895 -5372 6582 -7818 9286 -5708 720 -1494 8323 -730 200 -859 1725 -638 2140 -44 994 -8423 3689 -8310 3062 -4849 4447 -5915 5320 -6601 6711 -8966 2234 -2515 3113 -1824 2804 -2033 9498 -3582 3558 -5974 8649 -8297 1608 -5527 8828 -7805 112 -7705 7157 -7410 836 -8341 2820 -5401 4726 -7714 962 -2944 755 -5459 7654 -4614 9541 -9271 9253 -5525 6811 -8043 987 -6972 523 -4859 7846 -2968 3159 -3506 6149 -7667 7683 -9693 6701 -6033 6179 -4792 2284 -1805 8240 -4289 6942 -8654 8730 -9726 
-1512 6922 -8404 9222 -8850 6831 -2866 2043 -9719 5483 -5095 7503 -2620 5512 -2462 128 -6062 5767 -1421 9647 -620 4925 -5401 130 -3331 5535 -5682 8057 -6521 936 -7034 4351 -6519 1044 -1470 8169 -7187 8902 -25 4987 -8575 8528 -9919 2700 -5727 4119 -2072 5048 -3879 3958 -7915 5014 -5071 5113 -1743 9078 -7421 3662 -8037 6866 -2914 1257 -7828 5639 -7617 1442 -1047 7959 -9571 2599 -9383 9038 -9917 5633 -6394 3868 -2674 674 -4777 2715 -2390 3022 -7427 5655 -1168 9032 -1772 5957 -1797 8632 -5079 897 -1078 3289 -9965 4554 -7438 318 -475 568 
1476 -8553 5566 -2008 66 -4789 5589 -4142 7058 -1518 2440 -3895 9093 -9085 2894 -7397 917 -4263 6973 -6278 3346 -8780 2192 -2369 2200 -1169 8429 -6401 7036 -8775 8895 -7248 5038 -2841 3135 -3470 638 -5934 7320 -4524 9070 -4597 673 -57 8680 -2711 3852 -4324 2866 -3505 4966 -20 9592 -9347 761 -7103 1211 -7903 8039 -3943 6933 -3495 7121 -9880 2090 -3174 6493 -1652 9111 -9856 5273 -2558 3683 -5093 9403 -6328 6828 -6830 1467 -997 1413 -2708 1669 -6215 6716 -2364 9922 -5830 2535 -7981 7306 -8471 8276 -6893 2885 -373 1791 -7772 4092 -1476 
-2119 3782 -2594 8356 -7135 4751 -3106 2385 -4319 8339 -3126 2535 -8264 2397 -9076 2710 -7064 1564 -6504 148 -5937 6145 -9915 6502 -4504 6406 -4023 3114 -4755 3623 -4200 7193 -9272 3027 -9839 3272 -9332 1806 -7837 5357 -8036 7554 -7468 3601 -2899 7960 -1143 9873 -1874 3042 -3220 8672 -4591 9869 -1717 405 -8723 7019 -4685 4272 -8624 6256 -3230 9496 -9651 1579 -4738 8527 -4003 563 -3163 7648 -2348 6765 -493 8718 -7141 8351 -7320 8816 -9595 1364 -9243 2071 -8567 376 -978 3460 -3180 6951 -5909 8540 -8775 6884 -3499 5366 -6345 4022 -4752 9174 
9069 -2341 133 -1235 6338 -6034 7220 -4414 1840 -313 1385 -7243 9647 -2732 4060 -2612 8079 -9838 4539 -8603 8209 -3610 4316 -3856 4248 -9314 7046 -6785 79 -5781 1980 -8353 8720 -5512 178 -6598 3329 -7965 9973 -9615 9557 -7196 2746 -862 705 -3184 4004 -9210 6873 -6992 8124 -2263 6710 -8927 2786 -4277 4252 -1843 8140 -6493 6696 -9907 1696 -8932 9101 -9181 6288 -8597 2085 -7465 3788 -6052 2643 -5843 2424 -2954 6948 -5985 6257 -3818 792 -5187 8882 -8386 1473 -8613 7814 -9066 4025 -2393 1599 -8877 5906 -4994 2322 -9527 5251 -5190 9859 -9442 
-5355 1448 -3865 9560 -7255 1077 -2138 1087 -7168 4822 -2102 9263 -2468 9558 -9831 6810 -9636 2437 -6975 3752 -5526 6061 -2910 9560 -1416 843 -2705 1549 -5515 9633 -6361 7347 -5229 9999 -6868 4749 -71 6484 -5213 3414 -1371 6580 -8671 675 -6162 5706 -9142 5661 -531 8341 -6265 4665 -5243 5130 -3565 7162 -9704 7502 -5521 7396 -7758 110 -1076 6657 -5861 4501 -814 2498 -721 4546 -9323 5432 -7772 8545 -6134 9713 -2331 4405 -8563 8583 -9945 4373 -3262 8750 -7587 8773 -7134 828 -1810 3301 -6555 9602 -4093 2615 -4769 1066 -128 6382 -9886 506 
891 -5286 4789 -436 6866 -8508 4109 -6346 1502 -8814 7045 -9089 7971 -5617 211 -340 6800 -8065 4771 -1164 8326 -8362 2684 -8329 583 -1267 3689 -7666 3747 -5042 3856 -4912 9980 -5073 4334 -6751 4127 -5284 9404 -8405 600 -137 1638 -6537 7884 -9686 8049 -7061 5223 -8423 5180 -1848 1082 -9101 4836 -8413 288 -1956 7210 -9930 2687 -1646 6162 -9522 2709 -5565 5272 -627 7154 -1046 8952 -2453 7371 -664 3620 -8461 2278 -3953 8431 -1223 7271 -7125 2646 -2912 8891 -9253 1761 -4045 3757 -7733 6993 -7834 5335 -515 1469 -6944 1496 -5762 8443 -4556 
-9103 3501 -3663 3904 -3258 7353 -6486 9359 -7580 6925 -4814 2548 -6681 9257 -9695 9239 -7503 9936 -7170 6327 -1625 4441 -684 8233 -1216 6180 -967 490 -4097 3757 -490 4016 -8302 5731 -9276 1543 -1541 8940 -3241 1853 -5439 3465 -3641 4372 -110 6197 -3326 6121 -5604 8362 -230 5974 -885 5822 -8087 27 -8425 8050 -45 9026 -2120 7359 -4052 9357 -5492 1567 -4272 2725 -9682 8550 -9655 6875 -7165 4372 -4122 9728 -5942 324 -1912 1531 -5230 4376 -4777 6380 -3140 3250 -8837 292 -6232 9591 -3242 9698 -9273 7664 -9782 7594 -7432 1751 -9350 8430 
2027 -1757 9677 -578 7091 -6734 1923 -7566 5312 -9587 9700 -2922 9813 -5555 1010 -2321 3747 -2020 1332 -9513 7470 -6086 643 -4448 6324 -729 9995 -3739 7198 -1159 5705 -2750 1512 -1396 1509 -6250 4595 -949 8388 -2463 4359 -3373 7841 -3970 9972 -9483 273 -5436 9927 -7046 2297 -6477 2873 -4482 697 -2510 4501 -2066 3841 -5583 5168 -2853 6625 -6103 8554 -1204 4915 -1642 8333 -1152 3250 -4578 486 -5992 7899 -9635 4309 -971 7238 -9733 8004 -9908 4923 -5710 5321 -9256 8123 -8141 507 -8344 6495 -69 7900 -7708 7326 -3232 878 -3833 6950 -2504 
-430 1498 -6396 8200 -1998 3017 -3827 3348 -3198 5129 -1058 3243 -5207 8870 -943 2165 -8230 3927 -4590 9792 -5594 9655 -82 8626 -1669 8554 -6424 3608 -1706 5815 -3983 2999 -5842 3749 -8503 9360 -668 5396 -8951 590 -9982 8948 -419 9793 -7531 774 -4102 2074 -9304 8440 -3040 504 -2218 9764 -4645 8107 -4983 1786 -4513 273 -4500 2485 -3958 8816 -3336 8040 -3341 908 -1052 8007 -4205 4822 -8966 1837 -774 1502 -5218 2378 -8808 359 -4140 1749 -4574 2127 -6000 7805 -1735 7728 -5671 6133 -4304 7278 -4665 7878 -4471 4016 -3430 1194 -8602 6534 
2305 -7208 8631 -8310 2381 -5803 5904 -8291 4101 -1696 9936 -1654 5602 -2937 8647 -2692 1709 -4825 2826 -1474 1054 -5849 4551 -2851 2633 -3995 8401 -7518 1479 -4522 8680 -5021 811 -187 3055 -2307 7768 -2823 9319 -1167 4176 -7942 4945 -823 481 -1218 5640 -2550 4069 -2370 4926 -3875 8496 -3384 1151 -6300 130 -599 9962 -715 4172 -5417 7345 -164 6622 -5454 452 -1993 6629 -5424 831 -4024 3512 -8769 614 -9289 2204 -3452 7611 -1702 9499 -6928 5212 -8269 8011 -7379 6044 -3541 5826 -7888 569 -7961 5950 -9489 7492 -3624 7579 -6283 7691 -7167 
-627 4480 -2989 1027 -3639 9396 -6776 6094 -2068 5127 -6023 7987 -8539 7218 -7025 7898 -3798 3107 -5272 9102 -3771 2835 -7809 6113 -4003 7383 -5736 4825 -7364 9305 -510 583 -8068 7186 -4110 7784 -5308 7840 -9491 6414 -7394 527 -1154 9331 -8327 8203 -1073 5462 -5277 4062 -5508 4223 -765 2352 -8012 5458 -1087 169 -5543 4188 -365 1367 -4049 4619 -5248 743 -9430 7205 -4476 6371 -4222 8583 -6414 747 -8600 9893 -9801 5247 -1307 7182 -118 9465 -9172 5867 -2315 9561 -4870 5573 -2684 9458 -9916 4322 -2401 1817 -1343 6755 -9971 1887 -7857 6457 
1095 -3424 3066 -3243 9147 -7771 3281 -3942 5155 -4051 6617 -2676 9931 -1630 7891 -6970 3079 -1760 2207 -9957 9240 -9282 4205 -9066 4169 -8855 746 -9579 8977 -7734 818 -3109 5254 -5202 5450 -9185 9645 -660 6305 -7741 403 -169 8557 -4917 1408 -1445 1010 -112 1588 -2109 1823 -1731 600 -5562 5966 -9217 1800 -9104 7467 -2569 6789 -1387 7817 -5118 6770 -4277 895 -7751 3625 -1579 8943 -8725 892 -8607 4991 -1940 9167 -789 834 -1362 7774 -8007 7701 -6329 2430 -7410 8260 -7457 4832 -5468 5253 -8720 4446 -7353 6118 -1189 9331 -4041 5281 -2766 
-1724 3939 -3419 4308 -7046 9654 -4724 2278 -3655 4280 -7170 325 -8483 9512 -1289 8681 -9020 2293 -6865 3 -7580 4395 -4377 7017 -9357 1165 -6093 5385 -4696 7063 -6528 664 -4890 9104 -2843 4138 -7895 9250 -9808 2042 -5434 9719 -2051 473 -9390 4893 -1721 3649 -9548 8851 -5748 8369 -4426 3645 -4552 8105 -6705 8818 -2537 2653 -1524 5337 -8483 5279 -1716 1443 -9941 5296 -8458 2898 -4770 3106 -9768 9669 -1911 6597 -5203 6501 -1591 7576 -9370 6284 -6778 4667 -9918 4226 -3722 9588 -9268 2506 -1493 7121 -5983 5675 -2521 2706 -859 4338 -7378 7201 
6350 -1901 5001 -3393 4801 -78 4067 -2545 8705 -1317 6457 -5787 9014 -3505 3543 -5865 6852 -6671 4546 -1735 4199 -6124 6550 -2694 2712 -5621 3972 -4113 8271 -1285 7967 -5619 9821 -5591 8197 -1463 1706 -8582 7745 -9139 5378 -6426 4361 -7437 8586 -25 656 -9401 1706 -7632 5438 -7417 5790 -7102 9645 -3752 196 -6825 2392 -684 718 -2344 6664 -3611 3874 -274 9194 -366 5672 -6514 177 -1025 2644 -1448 5542 -7192 147 -1475 1090 -7402 5750 -8165 2188 -3896 2755 -5412 937 -1171 9688 -8465 5286 -231 7106 -1112 8499 -2480 1740 -6961 484 -849 
-234 6699 -75 5977 -9953 5950 -960 4417 -9988 6436 -9908 6958 -2027 6942 -3786 3677 -5681 5545 -4786 8391 -6143 7915 -2348 4938 -7490 2225 -5926 759 -8002 2379 -4121 8327 -1054 3413 -8825 1025 -7421 6146 -4889 4004 -680 5674 -2244 2584 -3949 4447 -2182 2428 -8934 1086 -7815 9747 -3775 1953 -4595 1365 -6244 8728 -553 7236 -8949 3634 -5229 9550 -6916 8271 -7342 1232 -379 5206 -940 875 -2683 9594 -7106 3033 -4126 9660 -1549 406 -1209 4009 -3491 2869 -7511 8406 -6826 6907 -312 4910 -983 9601 -9155 7804 -2163 424 -9769 6732 -8577 9127 
5733 -3356 8012 -1524 8672 -6099 8670 -9688 1548 -7126 8083 -5025 4605 -1 1559 -4021 6008 -2755 3774 -8656 3630 -4902 2042 -616 4845 -8792 7506 -6327 3796 -6733 238 -917 958 -274 4035 -7455 5868 -7616 126 -5120 5893 -7531 1463 -9420 1140 -8112 8325 -4524 9579 -203 1803 -567 4388 -1093 9787 -7697 4665 -5351 4714 -9899 1762 -6662 5917 -6932 9555 -8269 7420 -3002 6805 -9690 1192 -5025 2720 -4765 8792 -5780 5572 -8607 149 -3483 3223 -836 204 -9251 8823 -8801 8009 -3510 271 -5855 8460 -4103 4068 -8479 4226 -1443 4770 -5108 3438 -6031 
-2302 1637 -3223 7958 -4885 54 -4979 8041 -3067 5383 -4947 8970 -4092 6871 -3290 21 -4357 4651 -9025 4660 -3091 7533 -7150 8333 -7897 4 -7554 8177 -5803 9689 -687 7209 -415 1666 -6187 5731 -3011 6914 -79 4972 -7465 5370 -7085 4185 -1946 9457 -2430 3856 -1759 461 -5092 1277 -2187 4227 -6054 6996 -728 9829 -3987 5740 -2285 5252 -6219 5720 -1586 4150 -9389 5188 -5872 1094 -1358 7126 -8457 8157 -1741 8935 -4702 1610 -9421 3145 -1408 8339 -6122 9026 -5002 1733 -1208 5957 -2937 6890 -7791 574 -3119 8830 -6365 6717 -1249 7929 -5867 1768 
4309 -7279 4485 -2234 1201 -4642 4125 -8528 1093 -6863 5386 -5435 421 -3685 7438 -3900 4761 -300 6611 -5495 1780 -4843 6800 -3310 910 -7113 7811 -1099 83 -6746 6290 -4306 18 -9461 8868 -1225 3939 -9792 2335 -1767 7803 -1072 3154 -7122 5671 -6165 6590 -8445 9185 -4368 8383 -9686 8309 -6140 3466 -417 8159 -5496 6531 -3507 40 -1000 3843 -7692 5596 -2059 1825 -6654 3635 -5344 5598 -2431 6119 -4746 6895 -2511 1166 -4506 3756 -9715 8166 -7584 3065 -631 6855 -9562 1174 -3169 7842 -588 8769 -2144 8241 -4315 5105 -1334 68 -3062 5043 -6339 
-7213 8437 -4694 9253 -2293 7141 -9292 3361 -1187 4206 -3163 1475 -6612 7683 -5234 9213 -8127 7616 -2926 4163 -1784 1560 -8889 3779 -7749 1815 -6097 6511 -5696 723 -1447 6353 -4659 3364 -1701 8268 -9979 4258 -1992 3267 -7626 4732 -5010 2988 -5253 4121 -7250 9194 -30 2769 -9599 2321 -4339 6579 -7301 6493 -5177 8106 -8216 6564 -2202 5038 -6191 6262 -3008 2606 -7998 1218 -1404 1462 -3544 8701 -3143 3149 -3985 7707 -5540 6130 -2245 3556 -536 5121 -5300 3667 -8729 8281 -9780 6482 -2612 3133 -4290 599 -5479 9645 -5853 523 -1611 8080 -6609 2955 
3786 -8139 5303 -564 2854 -5912 5703 -9871 2391 -139 2146 -8549 9928 -1253 5774 -822 4792 -703 9316 -887 5568 -9386 826 -7827 7131 -3246 7883 -5854 1992 -6984 6853 -9917 4292 -9724 2942 -9732 5471 -3004 2186 -7092 3254 -7247 6862 -9381 9981 -494 4237 -5814 880 -3223 203 -4827 4024 -3713 7391 -3406 9965 -3609 8251 -6203 8215 -4300 9032 -2578 7499 -3786 5123 -6161 1469 -3233 7519 -5763 7683 -5476 962 -2919 2562 -8461 8820 -434 2382 -647 4993 -3273 2409 -6692 3652 -8981 8648 -2965 3604 -8644 3119 -437 4516 -5059 5244 -1637 9 -4959 
-3476 6014 -6827 9935 -9744 2607 -1509 8245 -1008 7673 -3092 4613 -5944 4837 -6030 7662 -1878 7780 -3462 7589 -5680 5812 -9558 118 -2948 6259 -6852 860 -5055 2864 -2922 384 -6207 3032 -8532 1299 -2293 3220 -8257 3594 -7256 4945 -5934 9739 -4483 1927 -4059 43 -9019 2956 -1873 6060 -7363 7831 -9382 5431 -4057 5717 -3613 5182 -7928 7772 -9233 7625 -1181 3632 -9791 7746 -1149 7501 -4741 7203 -4862 9417 -2623 7736 -1810 1404 -5470 1388 -1646 7706 -1620 9039 -5260 9853 -6001 3992 -9661 9686 -6129 5858 -9856 3059 -6016 3373 -8174 9512 -7821 7072 
54 -5500 7802 -1474 6278 -7973 9374 -1117 4954 -4668 8577 -6569 3225 -7350 2312 -3684 6353 -6046 8670 -9122 9369 -1931 7061 -107 1630 -9984 1296 -4545 1392 -3418 8320 -1139 9960 -4381 3877 -4999 718 -8231 340 -789 434 -5472 1633 -2810 6692 -6937 6948 -3066 8547 -3238 4766 -511 112 -3919 8927 -4928 3349 -1318 8848 -9618 1174 -7159 7812 -2522 1604 -3323 8813 -7249 1863 -482 2739 -3906 843 -5413 5605 -2268 1573 -7205 7433 -5686 6945 -9546 3803 -8429 1931 -3144 1063 -1733 4537 -6353 4605 -3888 9513 -5202 8430 -7594 302 -7758 3787 -619 
-8768 4599 -3046 8497 -5695 6158 -2050 5942 -1366 3719 -9437 699 -4012 5090 -716 7321 -7929 8811 -126 7530 -8023 1416 -8554 2354 -6299 6752 -7108 5111 -3853 1336 -2312 3979 -4732 4451 -7881 594 -9599 1472 -9495 555 -5639 9822 -8550 6010 -5167 9181 -773 5118 -7202 5376 -6712 9594 -2056 6911 -9562 3766 -7818 8212 -4563 4674 -5941 2156 -8636 1015 -1311 4634 -7950 4615 -2842 1077 -9939 8719 -6847 6472 -6277 5989 -5680 2919 -6132 8657 -5179 1337 -5656 9283 -3848 6373 -8673 58 -1587 7476 -1250 5792 -2532 3756 -9526 9678 -8501 9756 -1054 4738 
4153 -2500 9024 -7331 927 -9376 9194 -9375 473 -4853 7891 -3913 7107 -9709 1433 -171 2206 -8478 8410 -4113 4538 -6115 6902 -8752 1523 -9431 9393 -2492 8488 -7859 156 -3112 6145 -8605 4247 -7009 2150 -8716 1090 -4506 3930 -1073 8162 -2494 533 -9541 3863 -7244 6524 -1365 1334 -9099 848 -1293 9878 -1224 6187 -4649 3781 -9374 2924 -7503 7878 -1785 5946 -5310 4503 -8315 6338 -8128 4991 -2682 980 -9998 2634 -1709 561 -5063 190 -8602 4607 -601 8194 -3045 5882 -8480 1351 -2076 3076 -4132 4346 -297 9630 -3115 5862 -8756 1584 -8400 3348 -7266 
-8741 1391 -2644 4907 -7870 1534 -5093 5009 -2096 9111 -111 3908 -3025 6588 -5361 9660 -7031 418 -5663 9924 -7479 4741 -9685 7796 -4956 9278 -6758 9886 -566 4622 -314 5175 -403 3629 -6401 5313 -6493 2296 -198 9469 -4706 2944 -9013 6956 -7667 8522 -998 840 -5650 8114 -6855 7590 -7396 6401 -7365 2040 -5847 5632 -2768 70 -9305 4070 -6259 9123 -7547 7123 -9585 3847 -4019 8985 -2582 1736 -7359 7988 -3378 5128 -8836 1808 -9173 39 -6383 2768 -9810 5256 -6175 6904 -3273 5327 -37 58 -3201 9105 -8227 2210 -2381 3913 -7258 5959 -3683 3832 
8677 -9960 9240 -2910 6378 -5757 8219 -7742 8906 -8963 4514 -7919 2613 -6370 3313 -7465 763 -6019 7038 -1476 795 -1422 8761 -613 765 -3412 5042 -3606 8133 -8090 1765 -5660 9065 -7172 5271 -4504 3480 -6643 5652 -664 3075 -419 2741 -322 8394 -7709 1965 -6105 350 -3014 9126 -5811 9719 -4930 2615 -8371 213 -3998 4613 -1196 1241 -4439 8037 -1137 6671 -1113 259 -1267 6447 -1101 6878 -6703 8474 -1571 405 -5413 2604 -1932 3682 -8049 935 -6477 3866 -6538 1888 -4443 2042 -1510 5211 -2065 6890 -1476 3433 -4481 2263 -7390 8734 -8219 1108 -6371 
-846 8785 -1727 8895 -3842 4621 -6347 6252 -4033 9121 -5649 8002 -585 6543 -6381 1931 -6758 849 -890 3515 -4795 1117 -9589 1057 -9206 2370 -6948 2769 -5223 3352 -599 5301 -2665 6746 -5206 9131 -8773 5979 -9848 9531 -141 8128 -1590 1896 -5894 6879 -3938 830 -7430 3435 -8665 9567 -1779 3061 -7601 9952 -2674 4883 -6296 4546 -7925 624 -1691 3844 -8298 4233 -4151 2758 -2166 8977 -3820 7334 -1527 18 -7953 897 -1726 717 -9746 6284 -693 7624 -9050 3953 -2830 5900 -8809 7710 -6926 3347 -3806 1567 -9951 8712 -586 7670 -1918 4780 -3640 5913 
4683 -1700 6302 -5681 3285 -9229 5798 -8512 7000 -975 6741 -7903 8611 -960 1503 -4362 3414 -9655 646 -5218 2145 -3303 417 -7362 6342 -8762 2853 -2958 6892 -6899 9438 -9519 5124 -5840 6764 -6204 4618 -1616 9381 -8696 7047 -5442 5043 -8974 3482 -4641 2429 -8000 9962 -4801 3233 -6697 3984 -1545 8553 -5583 3139 -6515 6840 -9989 7190 -434 6472 -3966 2095 -2356 5364 -76 4747 -7800 401 -9978 231 -5018 5575 -9126 2011 -4494 3939 -1068 4675 -1928 8741 -6009 3060 -5739 462 -4057 5018 -8026 4681 -6197 6426 -4377 7203 -2210 5478 -1210 5049 -3820 
-9835 7416 -1990 1913 -3517 9751 -5740 730 -2400 7490 -1530 7081 -2704 965 -3890 5479 -7943 7667 -1777 610 -8868 8920 -2110 167 -9575 4572 -6945 5587 -2422 8657 -3018 456 -6919 3079 -3219 9822 -9147 6529 -8022 4933 -1660 6599 -3697 5504 -4444 4656 -4271 4886 -4392 4275 -1334 687 -7611 1281 -263 8897 -7028 8395 -2963 4041 -7751 4182 -9354 9126 -3045 781 -7567 1715 -9695 1339 -5614 6003 -6099 512 -9894 4982 -3803 4779 -3531 8043 -3704 7675 -9965 6167 -5553 632 -4559 5174 -241 3293 -2628 6691 -8476 3354 -2598 251 -6074 6370 -466 3775 
9655 -1353 8928 -4789 6304 -4717 6827 -2025 280 -4688 4855 -8097 1958 -6431 9226 -4279 8480 -2698 1304 -7238 1536 -2118 269 -8345 2658 -4219 9901 -6561 722 -5159 7274 -3067 5565 -8861 4930 -5285 4819 -1978 2263 -5004 4047 -4879 6722 -7732 5472 -1321 8381 -3456 3473 -9932 9007 -6926 4062 -1137 7350 -7728 1252 -217 9568 -6618 6116 -1059 6821 -9029 52 -6781 9602 -4013 7967 -8212 3534 -4828 8928 -5047 5662 -7313 4344 -4624 7266 -9326 3903 -1211 2287 -6959 1085 -8917 8357 -3540 4023 -8263 5789 -3475 102 -3236 663 -6544 2780 -5730 8970 -5622 
-1012 6991 -632 9448 -8767 3642 -9690 2295 -8580 7314 -8877 4668 -7875 5578 -7973 1045 -8099 8179 -8952 7955 -9725 6664 -110 4229 -8447 891 -7000 7170 -7403 5161 -6325 1165 -4265 9484 -9315 51 -1012 8764 -5440 7909 -1998 3393 -6318 7600 -4187 3926 -7902 3911 -6178 4866 -1135 4610 -6572 3900 -8711 9430 -2771 9448 -3076 6810 -7496 5310 -685 5630 -8453 3512 -3885 4424 -5060 2155 -9853 8730 -3158 3772 -6746 9628 -9009 2377 -6150 3520 -7587 1108 -3536 9727 -7449 2072 -5487 3591 -860 8849 -232 1725 -8887 2719 -6337 2183 -5124 8432 -190 8365 
3915 -1809 4329 -4759 5440 -9414 6668 -578 1599 -5610 3952 -3597 5118 -4544 3521 -1473 4665 -2650 2511 -346 7644 -3344 855 -6885 8491 -3395 5814 -3790 5132 -1883 667 -4183 5590 -1192 2311 -7055 6610 -9077 5803 -6056 3491 -4856 686 -8657 968 -5388 4758 -6321 8534 -2176 9814 -1054 1281 -3885 1487 -9571 9418 -8792 3009 -4083 896 -8037 2469 -7360 7758 -1549 4647 -7640 1721 -6180 819 -1435 4476 -1568 722 -8435 574 -6608 6616 -2730 1513 -6330 9402 -5360 3311 -1578 583 -1703 4358 -457 1241 -6241 1509 -2691 4016 -585 299 -7581 6643 -7950 
-3412 9565 -9805 3511 -6358 9365 -7722 2020 -335 8527 -6013 8837 -4596 5839 -4330 8099 -7091 6388 -4020 9371 -8474 9013 -5414 7042 -4341 3514 -545 5502 -9195 8026 -1412 3037 -4218 60 -5938 1087 -1202 1468 -7980 9802 -1042 1802 -6821 163 -2339 1307 -1932 5496 -99 7877 -2833 4746 -2375 5870 -7927 2051 -3549 1350 -5712 7911 -679 836 -4045 7285 -4583 2695 -9039 7650 -1201 87 -8397 3390 -6088 3015 -7951 7888 -6349 1163 -2140 4824 -6737 2633 -1820 7441 -2335 914 -5423 3127 -8197 3245 -4269 6072 -6226 1796 -901 1913 -206 2305 -5510 9108 
4618 -4989 4293 -7683 8909 -9218 4006 -6873 7196 -1324 4726 -7241 6387 -1348 8538 -1482 5079 -9436 4491 -7443 1859 -3230 2616 -6273 3409 -3796 94 -7481 5132 -9855 6262 -7783 2314 -4712 8275 -972 9242 -5126 7106 -346 361 -1426 9828 -6106 7679 -1354 9277 -9173 8281 -1041 2557 -5152 4534 -8913 5725 -6594 3453 -8425 2425 -3574 5927 -5515 9701 -915 9523 -2555 6950 -6614 2660 -6231 7556 -4679 235 -5873 5916 -2228 4332 -6188 2953 -1164 7305 -7787 1369 -846 6635 -2996 723 -7148 6481 -9858 8201 -4468 8267 -920 322 -7062 8405 -6244 8602 -9560 
-5410 773 -9718 7164 -782 3260 -5717 2418 -5178 7530 -2766 5192 -2672 4631 -1631 3080 -3852 6945 -8806 663 -2709 9116 -8459 653 -6953 9368 -5181 2946 -3136 3984 -3401 385 -7585 4194 -8410 6101 -2469 6076 -5519 7507 -358 7227 -8592 7959 -5114 2395 -881 9480 -553 5384 -3829 7611 -1242 830 -9380 626 -3442 9234 -1730 2501 -9376 3470 -7738 1501 -1539 3939 -3760 5970 -9091 3698 -2327 4767 -2901 9346 -6556 3254 -8206 6443 -8573 2228 -8181 4579 -3831 3063 -4389 9530 -7240 5865 -6907 783 -2462 3842 -9306 9443 -978 7585 -6424 1787 -6029 4589 
6173 -3933 6638 -6463 4254 -8180 8898 -1194 8115 -3775 7589 -5758 5902 -4528 3690 -5874 725 -3051 9866 -4993 2175 -2465 7837 -9706 2962 -6690 8900 -18 3257 -8794 9508 -1137 2321 -1827 9540 -4821 6446 -2306 5604 -5897 2397 -3989 8243 -6904 7117 -2880 5646 -3136 8897 -2301 2460 -931 8302 -4905 6024 -6033 1467 -1098 4463 -876 1515 -9756 6125 -3223 3143 -547 2127 -7164 535 -5304 6284 -2961 7572 -4648 2750 -2087 8233 -9699 7904 -1678 9669 -3218 2480 -82 789 -6182 312 -1554 8933 -8607 7895 -9975 845 -7362 1780 -1765 7406 -1603 9495 -8735 
-1572 2474 -8028 7199 -4213 5217 -1779 3131 -5726 1337 -9086 1060 -5898 1876 -6585 1607 -5895 5973 -8635 2610 -3702 4112 -4437 9346 -4772 9736 -4022 8288 -7639 4481 -2509 6546 -6213 2253 -1342 5345 -3055 8225 -2349 1235 -8292 7004 -6325 5856 -4160 8545 -8995 6167 -2233 8347 -9440 3112 -7309 9401 -4147 9070 -2970 4836 -2753 3308 -6553 2623 -6086 7166 -8248 3749 -2823 4663 -7144 8944 -1954 3466 -4540 426 -196 4904 -1156 4136 -1027 7450 -3926 11 -5109 8994 -4388 7122 -8031 9156 -6508 3224 -8406 8579 -2418 2865 -8090 5604 -7318 8087 -6450 2848 
121 -6774 8635 -8088 8535 -7722 8700 -618 6427 -5817 2190 -5577 8580 -5482 2806 -6455 4456 -7519 2259 -8647 3681 -5170 4042 -9795 3935 -3740 5712 -2983 8654 -8484 8881 -7249 4018 -4461 393 -8623 2749 -5181 444 -5348 9913 -7435 4812 -5795 9614 -9390 7932 -959 9860 -4224 25 -4073 4974 -5460 799 -3361 9324 -7148 8530 -9150 9722 -4503 9288 -7829 1017 -1332 5480 -9214 4277 -978 970 -8575 2013 -1354 2243 -7571 5329 -1132 2080 -4328 4713 -7717 6852 -8613 9601 -4215 157 -2017 6118 -9204 7962 -8106 4600 -7391 5408 -2710 3028 -9716 1572 -2294 
-1995 914 -5940 2331 -5611 5944 -5462 9414 -9844 7767 -4856 1980 -6910 2029 -560 900 -1461 3451 -8213 2061 -5263 2963 -9510 9695 -9958 7849 -6471 9173 -6716 3036 -5772 8431 -9029 4468 -4621 8078 -3480 3620 -6060 7726 -6551 4792 -694 5117 -6018 3822 -4190 6243 -9544 4335 -6416 8936 -2782 4577 -6456 9174 -1874 7028 -5312 602 -6397 4695 -8806 7193 -6002 5578 -4787 4261 -7037 2156 -9233 816 -60 1848 -5474 7094 -1373 7690 -239 4581 -6906 54 -1246 231 -2456 8442 -9528 9808 -757 5042 -2028 6274 -9386 7877 -2006 6251 -2777 5115 -641 1560 
6733 -2587 3728 -8883 5313 -7545 2783 -5367 2882 -7655 9046 -2774 5086 -9393 2254 -3920 4421 -3919 8705 -244 1771 -8466 1050 -7859 6400 -6083 8972 -9893 2334 -7794 8600 -7500 5987 -6789 6609 -950 4134 -7682 737 -3423 4021 -2188 564 -8757 475 -5587 3526 -5727 1697 -6063 4987 -7803 6199 -9130 6709 -3900 3890 -4763 9786 -8612 8801 -8907 1501 -2071 3471 -1388 1384 -9754 6021 -1344 7068 -6553 8266 -666 5803 -1689 8425 -8530 7459 -5123 1311 -6405 3351 -1879 7536 -3838 2753 -2134 1533 -7063 1282 -2373 5246 -2501 5611 -9827 7111 -9135 8208 -4943 
-4628 9742 -1696 3486 -3709 7208 -1774 1995 -6885 63 -9571 6314 -2686 4898 -3258 4137 -7258 5006 -5099 1441 -3639 3068 -4218 4883 -5362 2302 -503 3277 -9716 2365 -3816 5885 -1859 6494 -3310 3915 -2682 6840 -777 7173 -9925 3522 -2839 8185 -4826 5699 -9972 8171 -2543 844 -9077 6769 -3509 6867 -9200 7357 -4931 4791 -6058 2768 -2813 3328 -1262 3079 -1341 4018 -8011 9944 -4109 7992 -7506 875 -6847 133 -2605 5675 -7920 9340 -4181 3301 -8526 7841 -6325 1285 -1182 284 -1073 975 -3558 5607 -5388 3026 -5736 3218 -5258 2340 -3322 2801 -423 2159 
4129 -7226 9023 -8685 4809 -9907 9322 -4813 3200 -9325 1948 -5720 6937 -7591 3692 -8696 8327 -5945 840 -3330 6876 -5726 1956 -7058 2806 -817 7715 -6048 6432 -1590 2919 -4595 9872 -5120 2776 -7877 9257 -5145 9282 -8456 9184 -3922 1593 -6075 7569 -923 795 -8410 5113 -5301 9098 -2898 3111 -8896 1572 -9802 6025 -6413 6533 -9449 4102 -5428 558 -2797 2212 -747 1474 -1621 1858 -8849 5267 -1652 2338 -9864 8888 -2708 5045 -9076 8918 -5572 7492 -7050 1045 -6727 3267 -4214 7378 -6714 5149 -3289 4849 -4514 758 -3379 5922 -4272 8822 -7078 8718 -9986 
-6540 7563 -2816 6684 -7157 6326 -6357 7055 -3510 2479 -5551 4682 -4405 1630 -4328 1009 -9685 8728 -5096 6953 -7278 7955 -8800 1293 -7587 1578 -9178 8406 -1144 1095 -542 9041 -3540 358 -308 6755 -3561 2535 -9776 7909 -9519 3121 -5373 1766 -8996 1903 -5842 1242 -3823 9357 -5264 9724 -9364 7530 -486 8155 -9661 1645 -4443 206 -177 3966 -3104 8822 -1863 1520 -703 6712 -9723 8735 -4921 6562 -2922 4246 -4162 6714 -5982 6224 -4771 3431 -3075 5177 -4063 2545 -8428 4735 -1475 8740 -9518 3780 -1564 4989 -5619 145 -3917 1070 -2349 7682 -9409 3261 
9460 -6919 5603 -9194 5020 -7703 8820 -4161 9587 -7341 6594 -8354 7579 -1385 2293 -5324 3490 -3149 8459 -3337 4079 -9652 6322 -8842 3500 -6943 3457 -783 5320 -6243 3315 -2280 4840 -1484 5312 -2915 8167 -1728 9621 -3091 972 -9706 411 -8122 4709 -2619 5933 -68 2833 -657 4684 -2706 7045 -1859 4593 -7260 2772 -1850 631 -4892 7236 -6983 2491 -6572 1717 -6738 1602 -3476 1427 -8181 2716 -3994 3491 -6599 7725 -8204 9773 -3170 1074 -5897 860 -3741 4259 -2016 647 -470 9676 -8591 9869 -1218 4542 -7726 3846 -6024 4097 -8066 4047 -2845 4154 -7534 
-1408 4230 -2777 7696 -6363 5128 -9072 4023 -7364 8340 -3552 4638 -2916 30 -714 1035 -9198 1466 -2984 1022 -2386 3331 -3327 8997 -8987 6568 -13 3377 -6203 1556 -9171 5936 -8462 1951 -2419 4892 -3402 9545 -2435 2864 -5042 800 -3961 7228 -3702 968 -9877 3428 -1088 2521 -9622 6617 -6819 5653 -6637 2070 -751 9073 -7229 9142 -1946 3199 -5321 245 -2910 9212 -3493 1659 -4364 6069 -73 773 -6990 5151 -8120 2685 -1918 8373 -7990 4132 -2374 83 -9095 2220 -3706 7563 -174 42 -9113 4994 -5627 8999 -7380 6378 -101 3449 -2709 5791 -5025 1249 
2568 -7464 9060 -4413 1879 -2847 1487 -6796 3727 -7407 2135 -6270 4579 -7281 2627 -563 3893 -4148 9499 -360 6703 -855 801 -1966 1080 -2005 2804 -4941 5699 -3783 8769 -1943 4089 -8434 353 -402 1201 -2354 6959 -6837 2845 -7176 9268 -2275 2452 -5744 552 -4442 8932 -4136 3632 -3954 2428 -5072 477 -7384 8805 -7124 4922 -199 4354 -6397 9160 -1898 5483 -9140 8251 -6024 9264 -7577 2143 -8542 7064 -485 266 -3333 9446 -6508 1579 -7542 2152 -8972 2427 -7508 1973 -5973 9478 -8633 3379 -6239 1969 -9249 6851 -987 8567 -7386 3046 -130 8314 -1990 
-4193 9361 -3960 2132 -7808 1830 -6199 5825 -2287 7452 -9350 3763 -255 9852 -2566 990 -5497 9906 -508 421 -3631 9070 -1128 6037 -1603 2090 -1773 1110 -1107 2831 -8551 9371 -7216 7012 -501 846 -7 152 -9539 2714 -7614 1438 -5104 1442 -4552 2630 -1277 8203 -9537 7583 -6737 8498 -4735 1977 -8383 1729 -7516 630 -2639 8121 -3841 5995 -6313 7047 -665 6887 -9012 2078 -3624 3640 -7944 6001 -4352 9535 -705 9288 -7880 4671 -8923 9110 -984 6655 -7420 1634 -1266 3703 -1868 9424 -5679 7713 -9728 3195 -9979 130 -7998 5510 -2589 913 -2047 7657 
6137 -7153 5904 -6929 2268 -6317 3976 -928 735 -7297 4334 -9092 4244 -4158 3620 -8384 7330 -5745 1397 -1270 4567 -1933 3050 -6269 582 -8312 5887 -5920 7053 -6407 5929 -7941 5850 -3198 344 -806 1592 -5829 749 -8711 3545 -7929 3875 -1722 1772 -8191 4503 -1554 6454 -8376 2310 -2261 8131 -2496 9960 -3621 6088 -5295 5985 -9734 5948 -2543 8966 -9119 9713 -3947 2698 -8249 7858 -6934 6675 -2155 1861 -3766 9269 -1917 2149 -561 8440 -3188 3423 -852 717 -7271 5503 -8979 3591 -1462 6570 -4402 4688 -3114 7531 -387 9059 -1834 1001 -7002 1641 -488 
-9120 4326 -98 5761 -8931 302 -4333 2205 -5598 8733 -3347 6950 -9691 8152 -9085 8590 -4740 1431 -5022 90 -2659 1439 -493 7948 -9809 3117 -6239 2944 -9027 1352 -9275 9761 -5272 3384 -8977 3679 -4220 8135 -3728 936 -7086 4806 -916 3478 -2635 1639 -580 8033 -9373 6594 -9756 1932 -1630 2210 -3732 9371 -6630 1875 -4963 9424 -857 7044 -7842 8096 -4250 7129 -8315 5157 -4984 4744 -7366 5527 -221 926 -6307 6333 -2942 4765 -9438 5848 -9253 6289 -6241 213 -8896 5413 -7686 5662 -1183 4917 -3098 35 -9761 3924 -3839 4702 -5019 7765 -1551 2233 
6681 -3013 4990 -195 5478 -4528 84 -2733 2941 -9663 3855 -1487 2277 -8555 7808 -6967 9441 -2866 307 -7262 9607 -6788 8225 -4648 7269 -2247 1542 -7785 8338 -7520 3426 -4599 2768 -9989 4654 -982 2605 -8318 9983 -7315 616 -155 528 -9045 460 -4889 3729 -3728 4662 -1525 920 -5388 725 -3944 9885 -8826 4995 -7685 2019 -5848 7287 -6990 3412 -6936 1147 -2527 1764 -7069 5274 -5428 2863 -5962 537 -172 3561 -1121 5620 -1221 608 -8901 6932 -1513 6514 -9000 5344 -9176 450 -5090 5994 -3492 9534 -3820 7578 -3056 6952 -917 4544 -8613 7803 -9845 
-1054 7573 -9684 8232 -8462 1844 -9280 816 -168 1764 -153 263 -8402 8676 -5135 5877 -5117 39 -9433 2424 -4774 7914 -8759 2153 -9556 6119 -9329 1829 -9703 8578 -3762 4187 -2462 5870 -7818 3383 -6095 2262 -5048 6471 -6942 5459 -9564 5024 -8505 4754 -8634 1859 -7351 1209 -862 7455 -7696 8593 -7654 999 -1295 887 -3479 1995 -9136 7254 -4776 6542 -9590 5693 -3914 2362 -9858 5939 -9314 6805 -5930 6077 -9990 5169 -1200 1360 -3172 9858 -3304 6958 -3121 6169 -4745 9228 -9828 2905 -9840 87 -8508 8051 -2616 8046 -1974 4147 -5293 2395 -7796 3888 
3800 -785 806 -4774 6564 -8655 4791 -1940 6884 -5655 7376 -4110 6829 -5339 5922 -1126 6888 -4483 9725 -9327 4192 -5995 3865 -9811 5683 -708 3099 -7717 9763 -4160 5059 -8935 3615 -3085 6538 -7005 5610 -8786 5512 -3485 3857 -1855 6820 -5669 8135 -3288 6881 -8465 1898 -5389 1557 -2446 5101 -8353 466 -6148 9898 -8742 3572 -2484 5619 -9019 1391 -4623 3740 -7726 831 -113 4969 -6590 1830 -1235 6718 -1255 7854 -2365 3617 -9049 2057 -8473 6629 -965 1144 -7186 2339 -6667 3241 -3906 2518 -7417 1035 -1509 1809 -8650 2124 -6603 9209 -9948 8282 -6406 
-383 946 -5588 7360 -6284 613 -8948 7039 -5004 6270 -8234 7948 -4360 2576 -1462 138 -9331 7767 -7780 8625 -5250 6633 -4483 4971 -4594 8562 -5967 3345 -8925 6686 -1727 4194 -2921 1548 -419 6765 -1784 6535 -1124 4797 -8386 6875 -1359 1571 -7855 927 -3786 5160 -986 8635 -7287 8833 -4479 5545 -1358 9169 -7486 5785 -8291 8520 -5825 3667 -4734 9544 -1370 8366 -8662 9793 -7735 813 -4298 8551 -7812 8660 -371 7961 -9696 1338 -9072 4997 -1097 1642 -8684 5025 -4199 2416 -9524 4182 -3493 8167 -8206 510 -4040 699 -4323 9353 -8370 5859 -7426 4313 
8765 -7271 490 -5681 9793 -7469 467 -8707 3661 -6930 1552 -1683 6323 -3093 309 -5409 8247 -7079 2437 -4810 3619 -992 1813 -4182 5136 -695 3801 -8488 4553 -3026 755 -129 3161 -6411 582 -3493 2346 -2319 8366 -2702 74 -489 1473 -663 2240 -3263 9450 -4326 6934 -2877 4657 -4242 7790 -6540 5436 -7270 5883 -3940 9586 -632 7524 -7095 1968 -5899 8550 -856 8403 -2362 9920 -5348 8862 -6515 5356 -3181 6430 -9908 9601 -1850 3920 -4437 4681 -3068 1891 -2303 7755 -1912 7256 -5551 3040 -7682 3896 -5990 6052 -9832 7451 -9850 6916 -6005 4965 -1383 
-5798 6234 -4066 1918 -8665 5380 -6788 1068 -3957 3120 -9254 9433 -1403 9273 -9095 7504 -5644 7744 -9851 2697 -9074 7888 -489 1917 -6372 9891 -7210 8819 -5277 3962 -640 5500 -5269 6503 -8247 472 -2412 7454 -9340 7829 -8885 2263 -8225 7805 -1693 9057 -3382 693 -173 5890 -7528 307 -1723 4288 -2136 1079 -7837 1416 -4176 3223 -5980 479 -4467 5721 -6971 8115 -6268 7809 -4826 424 -7639 926 -7648 854 -9799 5821 -2085 143 -4269 7062 -1456 7612 -6335 2532 -1322 7727 -1502 7839 -4685 9508 -3930 7658 -2062 2563 -493 5205 -868 1714 -2863 1674 
606 -6580 3889 -639 9472 -4025 8037 -9330 3381 -2392 3063 -8247 2539 -3724 2087 -4057 4465 -9807 9214 -3046 8393 -2721 7635 -5125 4826 -5351 8664 -1544 1030 -3444 9552 -2439 5111 -9975 1929 -6747 6772 -64 8910 -9304 5374 -1619 1847 -5032 2490 -6668 7310 -1373 5956 -8973 9490 -8663 7987 -4142 9736 -3827 8414 -472 1957 -1937 8823 -6651 3008 -3852 1833 -3664 2290 -1532 237 -579 4431 -6847 3286 -5694 4069 -8281 858 -4421 4194 -2682 2289 -4916 792 -7320 9707 -2076 3811 -9035 284 -5038 299 -1903 7270 -8578 1420 -9901 5164 -4201 8460 -7811 
-8734 7001 -4971 3251 -8611 9075 -738 9070 -8341 1471 -7690 5 -6587 2306 -7870 3458 -6157 1775 -7955 3822 -9766 3509 -7219 4515 -7226 8379 -9411 3190 -8417 4482 -4357 9788 -4387 9464 -7882 4510 -7925 1030 -4154 5031 -9446 4101 -47 6754 -1432 877 -1394 8795 -1027 9951 -4222 7654 -3185 9765 -6551 1820 -3245 6447 -2436 1447 -1115 2764 -2136 1876 -5358 2247 -3609 5805 -7018 4000 -2845 6767 -1810 2090 -6671 9055 -8564 7008 -3869 1603 -8111 7419 -5972 6528 -3144 6317 -8305 9200 -546 3466 -2187 5483 -3120 6340 -9706 792 -8996 5968 -806 895 
3303 -7240 8275 -7543 364 -4799 7495 -9726 4191 -7682 2771 -3495 7866 -3179 1301 -2875 8740 -5733 8063 -9174 8723 -8441 8884 -5742 3529 -4005 6422 -9882 2568 -7632 4223 -8549 7540 -8727 5570 -932 7587 -7911 8593 -1399 7046 -9817 1171 -120 7128 -3676 545 -3054 2496 -7031 5043 -544 7832 -1496 2806 -1348 8342 -2842 2118 -4512 8681 -1200 9820 -5568 1187 -2219 7463 -5190 2122 -4384 4612 -6196 5874 -8476 2596 -6782 5151 -1363 5435 -1294 6341 -9977 3581 -806 1638 -3208 299 -8941 9481 -2855 7640 -5979 6979 -2565 6582 -4588 5347 -556 7285 -6653 
-8186 4435 -1040 4202 -9110 6649 -3442 9464 -4541 8691 -4111 671 -9461 1649 -4133 9328 -23 3865 -3273 8757 -6880 8387 -8574 8219 -6123 8327 -4179 1348 -4189 1239 -3544 6429 -1403 5308 -470 9931 -2332 3244 -5643 3208 -3304 2195 -7555 5253 -9893 8713 -453 4428 -2262 2080 -3726 7673 -9343 8096 -2633 4963 -6591 7345 -1834 4078 -3079 261 -8124 681 -120 2957 -7271 8811 -3308 4751 -1194 4328 -7845 7315 -5077 355 -4860 7536 -9788 6651 -1708 9178 -5694 4985 -8365 1772 -9236 3122 -1205 7910 -1640 3996 -2167 1618 -1702 1352 -8639 4276 -3486 7747 
6766 -7345 7970 -2586 7476 -9440 4027 -7645 7123 -4450 2375 -2699 6029 -5617 8272 -145 816 -9705 1912 -9720 766 -1007 3569 -6928 6119 -4563 5790 -4763 7152 -2313 961 -5280 8204 -3464 7625 -7824 9318 -3706 8975 -1344 9719 -7557 4791 -4365 4581 -1761 6770 -6707 7840 -7571 9744 -8663 2238 -2452 5333 -4968 4369 -6303 5835 -6082 9516 -647 7224 -3562 6780 -8687 2706 -6791 9856 -9369 7604 -996 4675 -1115 4940 -7644 8475 -6597 3918 -6237 3871 -1077 7817 -2654 1048 -953 7383 -8117 6757 -77 1768 -8941 5764 -8442 8580 -2180 2745 -9876 9392 -2814 
-7353 5165 -7498 1432 -8244 4558 -7854 353 -9023 4283 -7822 9141 -4615 8741 -1861 6808 -3491 510 -1970 251 -7496 9494 -1326 5072 -5039 7304 -7115 8901 -5134 4528 -1454 8334 -7196 9241 -1894 8222 -6952 7065 -9547 397 -6286 6238 -8196 1821 -6622 2598 -2137 7203 -6975 808 -9030 2673 -7414 8967 -6978 5887 -8780 8336 -3353 7501 -2735 7394 -3218 6729 -5917 4287 -2865 1139 -4956 2492 -1078 5144 -180 7076 -1573 2448 -5509 9289 -1004 4070 -2922 3624 -5552 2306 -3907 3756 -6736 5450 -9864 1492 -5441 688 -4991 3815 -8400 396 -8474 9586 -9607 9132 
2763 -8295 1629 -1235 7484 -7248 9397 -82 6624 -7269 5195 -9177 2369 -5533 2192 -5143 7331 -5818 2499 -6141 2491 -1883 3162 -3883 5520 -3205 9480 -7956 2360 -6638 3802 -6301 3166 -5641 7764 -5986 6576 -9588 6879 -8161 9380 -4579 8395 -3036 2313 -6310 2548 -6247 8889 -1471 9079 -440 6910 -1517 7176 -9178 4131 -2378 1516 -6767 8258 -4869 8695 -2510 1038 -8613 4873 -1501 8585 -7089 1354 -2523 758 -2293 2520 -4188 7745 -9972 9110 -8968 8139 -6280 6340 -3916 4510 -9264 6212 -3673 1495 -7027 689 -3027 6346 -3713 4161 -1695 6608 -1157 1814 -8693 
-6753 4227 -4611 6974 -9669 5620 -691 3101 -1818 7207 -9645 419 -8693 8634 -7302 8177 -5618 8378 -8140 2332 -6920 4337 -1969 4790 -8035 9211 -2097 5792 -5042 1095 -6936 7143 -1081 3681 -4165 6557 -7001 2808 -416 2880 -8774 4123 -285 3820 -7668 3095 -5611 3067 -3287 6289 -6206 3955 -7693 1282 -6709 6056 -8257 9129 -4192 4313 -578 7393 -9115 4893 -7928 1850 -8110 172 -5363 8467 -8315 7050 -6610 1003 -4200 4825 -6029 9115 -3334 8805 -9007 4772 -3326 4301 -4822 2335 -2504 9034 -2246 5455 -7586 3321 -8289 5675 -650 2299 -2541 4859 -5830 3346 
6972 -388 2799 -7105 8413 -6418 5240 -4592 6964 -6215 2861 -4150 4239 -1659 7040 -8378 1713 -3002 3464 -9902 392 -7317 406 -9157 1995 -4745 7622 -1521 1819 -3287 4509 -6110 2648 -1090 8166 -7349 9708 -4620 244 -7073 3865 -8181 7661 -7582 8909 -6070 2746 -7545 979 -35 2487 -2958 7962 -3073 3854 -566 8250 -2793 6574 -2125 6472 -6692 4087 -6033 9725 -3461 1675 -3165 8108 -4830 541 -4311 5683 -5991 7897 -4462 5821 -9909 7137 -8213 6795 -5360 4116 -258 7856 -250 2212 -6276 4411 -9254 5267 -3494 4422 -1149 1371 -9145 4716 -8169 1864 -5686 
-6867 3372 -5390 3952 -1794 1867 -4978 6558 -9467 9788 -5031 9487 -5569 8978 -354 9590 -8448 3730 -6651 6594 -4707 478 -9023 5246 -5775 2365 -6357 3747 -1290 2035 -4178 2274 -7652 1920 -187 3020 -4289 5683 -627 9240 -6005 8371 -4118 474 -2027 2987 -1475 9460 -3759 696 -3778 5643 -5608 5615 -236 9916 -7614 1526 -3394 3521 -1809 9314 -4378 6180 -4628 4972 -9170 253 -2415 702 -4566 8798 -2066 8841 -5431 4684 -3943 1256 -4714 4145 -9568 9493 -7869 7286 -6775 7364 -7695 8285 -9708 5458 -5763 5639 -5851 4316 -8281 3249 -3331 7663 -1880 7456 
4201 -9316 3372 -1675 7000 -6954 7307 -64 9102 -6378 9473 -9811 4316 -8052 3598 -7512 1956 -1792 1161 -3724 7548 -4964 2007 -2090 3166 -3864 6055 -7584 2092 -2820 3164 -5346 2118 -3026 1471 -159 6517 -2313 9380 -9763 2976 -5155 2284 -1415 3370 -5988 8226 -5933 5667 -7217 272 -5436 9572 -7282 7229 -1033 3262 -8040 8979 -9101 9840 -7771 6489 -5713 1740 -6369 3067 -3395 4100 -8953 6699 -6732 1000 -5005 6432 -7492 7784 -6189 8867 -3480 4356 -3158 5565 -3833 5706 -4052 8769 -3650 3920 -2616 5668 -5966 2197 -3371 6306 -3619 9191 -4500 9677 -9269 
-8220 9727 -2578 2336 -1261 1729 -3051 183 -3933 7590 -275 6230 -3463 5053 -8950 8626 -9064 4082 -9623 5857 -3470 6488 -9759 9237 -6138 5854 -256 9674 -4757 3140 -8798 8718 -9531 5642 -5177 5858 -3183 8686 -7252 4121 -1488 2979 -3212 762 -1024 98 -879 4260 -8100 994 -2182 4963 -5925 1570 -2159 8574 -5778 3453 -5183 7789 -4012 1527 -3738 2443 -1004 1924 -3174 172 -2532 321 -7972 3045 -9574 9924 -5575 9629 -6812 6251 -2546 7508 -3214 9410 -1522 2596 -8956 3011 -1146 2530 -5525 8300 -7750 2668 -7833 4390 -8809 8403 -5092 225 -6926 3628 
7577 -6725 1103 -468 2138 -3849 1992 -9434 6039 -3942 8476 -5509 1865 -6497 7519 -7165 652 -9725 2021 -6427 538 -9388 258 -1967 2868 -3198 4275 -7754 3903 -2524 1988 -369 2647 -7762 7765 -8356 2087 -8758 456 -3212 9142 -5675 2895 -7450 2325 -4267 9325 -1925 4056 -6621 4228 -4780 3545 -3603 5634 -7305 5830 -1005 8778 -9632 9921 -5004 3078 -7197 29 -6353 1301 -7346 697 -8 2404 -1039 6094 -6597 6272 -8827 1102 -9657 2596 -7506 934 -8250 1149 -194 6446 -1159 6955 -6793 7045 -3757 3055 -5418 8697 -7050 4333 -6791 8393 -940 3170 -3212 
-6921 5083 -1027 3566 -1622 1330 -6852 7763 -3580 2956 -8821 8453 -753 2673 -3763 1117 -6426 149 -5548 8712 -9485 1907 -2728 8321 -9359 3090 -939 5740 -5074 1617 -444 990 -7109 4504 -648 8202 -3940 419 -4149 8376 -8384 4712 -5924 3362 -4693 4611 -8332 8249 -9119 4340 -296 2599 -7863 8197 -3952 6993 -8249 8611 -1545 161 -5072 2772 -1813 2851 -1123 1372 -2023 9317 -5544 2007 -1641 7316 -5323 4671 -1665 9451 -9592 5576 -5671 4857 -366 6449 -3595 6810 -353 5007 -516 3565 -4193 4767 -745 1461 -712 2231 -4588 5446 -8808 3348 -9102 4411 
3462 -1187 3097 -2761 2276 -9860 3256 -5639 928 -5965 9727 -128 2648 -9398 3100 -4802 8936 -5589 5867 -6585 2237 -8778 5884 -3693 9774 -1817 5796 -6264 1681 -6623 5590 -6869 4693 -1593 4340 -4583 5731 -2723 2321 -6375 8191 -5866 8182 -6286 7459 -7834 9852 -425 7309 -93 1794 -9891 7919 -3439 1418 -7078 3536 -9596 8683 -9570 3934 -3845 8070 -189 1780 -6327 1147 -5029 1716 -9974 8095 -1749 1512 -8527 8334 -7916 3683 -8871 8437 -9737 4223 -9898 2287 -4741 8786 -9216 4113 -5692 2911 -2751 5372 -2881 6961 -5304 2775 -5701 2905 -7886 7732 -3460 
-1551 7511 -5538 3601 -7187 100 -5929 2098 -4249 3497 -7550 9436 -6183 8426 -9457 5529 -7886 5374 -2924 5750 -5149 4789 -1291 3517 -9480 6762 -4307 663 -5166 6648 -250 2846 -4128 4338 -6545 7486 -2123 5409 -6035 2390 -382 9387 -9627 3850 -7950 3520 -8582 6397 -2932 3995 -5066 6718 -4939 4848 -3208 677 -3315 5229 -5507 8613 -3719 1575 -1919 8093 -8263 9133 -4111 5202 -5271 4817 -8359 3945 -3419 4072 -7503 2380 -272 5477 -8190 7560 -5905 4599 -9339 5766 -6176 6830 -1032 1844 -849 8196 -4970 5987 -9822 6082 -1450 4836 -486 6470 -9404 7957 
6648 -2412 5903 -8037 9227 -1528 3572 -1652 2708 -6991 3209 -2435 8956 -5982 2646 -704 3246 -774 3003 -8191 6592 -1695 1873 -1106 8309 -1797 8433 -5955 7562 -4626 4694 -2285 4791 -9497 505 -9503 2286 -9208 823 -5903 8860 -3892 5675 -3189 5698 -9364 431 -7606 7208 -8257 5242 -6481 9033 -9477 909 -5062 4400 -2708 6956 -1453 5314 -277 548 -1179 1971 -7107 4053 -1954 1477 -4849 9227 -7052 3578 -3081 3899 -9924 3416 -5314 2073 -5337 4715 -4198 6914 -8305 8515 -5609 2942 -6134 6536 -2583 4897 -925 1428 -4062 5439 -9566 9717 -4794 7138 -7805 
-1935 6822 -4184 3944 -1868 9070 -2089 925 -676 7352 -9220 4525 -3950 8010 -9197 5717 -4503 7376 -2345 6745 -1719 4962 -5387 1520 -7962 4430 -1765 9535 -9097 9908 -5205 5011 -1997 9656 -4534 474 -8352 636 -3798 1069 -815 8832 -8891 5345 -81 6156 -1763 640 -1810 9688 -4110 6587 -5549 729 -6184 487 -7798 4620 -7216 2315 -6473 7544 -5850 478 -510 5792 -4794 7879 -1702 5577 -8067 872 -9657 7644 -3796 8580 -6326 314 -1303 2742 -2816 8754 -6601 7560 -7889 1071 -5167 1330 -5045 453 -5281 5921 -2804 311 -2525 3796 -8457 8616 -9816 6416 
3805 -1165 6695 -8287 1832 -9514 4320 -9470 9283 -1462 3183 -6685 4356 -8913 1518 -7489 6142 -6612 1771 -7614 1822 -2184 1492 -7153 9808 -7608 8157 -7615 5498 -6033 391 -1677 2809 -5825 485 -9242 4261 -4624 5197 -3317 632 -9166 4838 -4432 6528 -5449 9501 -393 9808 -9500 3626 -1053 6238 -5576 8298 -6364 7936 -882 1969 -8222 7201 -7835 4475 -3006 7766 -3231 4889 -3882 3360 -7419 3227 -3724 6623 -1739 1462 -9471 9046 -4640 8149 -5203 1892 -3123 1338 -7585 2891 -4037 2520 -9048 9577 -1929 5433 -7642 4753 -8185 6028 -5564 9217 -9885 9841 -8374 
-126 283 -1583 4761 -9026 4156 -835 1673 -7936 4940 -6282 2280 -4776 8469 -5966 1816 -1916 9878 -3373 5473 -2794 1348 -2315 9862 -2627 6869 -6603 1171 -6616 2721 -2974 8626 -7397 5115 -7706 1741 -4277 74 -7316 9824 -2272 2503 -9555 8570 -7914 9611 -1007 4982 -9692 2124 -9068 9524 -746 3027 -1180 8104 -672 5965 -6656 9140 -5592 4945 -219 4148 -843 5694 -5605 5467 -5179 2391 -2005 1758 -7070 9713 -9051 8098 -4522 6521 -1028 872 -3968 145 -8829 518 -8137 8810 -8960 2454 -2732 6125 -2019 5100 -1753 5200 -3778 3374 -4899 1820 -3886 6077 
3773 -4074 3097 -7866 9409 -587 2835 -3119 3948 -9831 1150 -6012 9947 -3572 1123 -2417 3062 -7457 4735 -6406 1694 -317 7204 -2110 2271 -9754 9784 -3902 4578 -7959 660 -8542 9794 -9678 4035 -9569 4293 -7299 2222 -7148 4226 -126 4785 -6443 2054 -4713 6556 -8636 5757 -6844 1809 -9606 2389 -6403 9455 -8931 2472 -1040 8651 -5598 3020 -7374 6285 -8322 7856 -9267 5674 -5161 6022 -3943 145 -7942 7993 -3231 652 -6088 375 -7523 7787 -5612 4614 -8568 2785 -6830 6885 -166 5132 -3221 6490 -1899 6291 -8351 1339 -1110 5568 -4974 9043 -69 3862 -1566 
-8344 3709 -7607 2600 -1251 6977 -8856 7580 -5052 5308 -2723 3868 -3825 2869 -3767 4357 -8467 2251 -7355 8341 -6488 2815 -5944 6053 -8238 7534 -9669 1302 -4641 2809 -3205 5609 -6965 5567 -3164 225 -8626 7827 -6126 5594 -9474 6569 -7986 5663 -5334 1512 -721 4339 -2665 2951 -4345 4861 -2352 3258 -1186 8074 -8260 6573 -9852 5660 -3012 9301 -6278 6507 -2812 6196 -573 3133 -3899 2408 -5667 3544 -9649 7069 -5272 7284 -3366 6294 -9673 2016 -6293 5754 -4488 9733 -1646 4877 -1382 9363 -6501 6474 -3453 7569 -333 4201 -7362 5320 -7346 8373 -5664 404 
1147 -8112 299 -364 2409 -800 8904 -5639 9973 -2238 7001 -8660 8384 -7437 6106 -1605 2870 -2370 368 -3353 1088 -4714 2332 -7651 6917 -2821 9793 -7713 3195 -6672 7819 -9862 6704 -1480 7260 -3809 368 -6298 3604 -2563 1124 -5185 4235 -8989 7546 -2599 2517 -9195 4050 -3036 2247 -1626 6733 -3689 6029 -3763 8070 -7075 6315 -8494 7115 -9125 3975 -8016 7859 -9597 9699 -9285 8420 -3264 9414 -4160 4616 -4701 2422 -1686 2298 -4462 8373 -530 2603 -664 3958 -8791 4816 -5202 343 -8948 9713 -8453 1951 -6615 4809 -1227 2227 -6659 1175 -3375 6272 -771 
-6468 8910 -8136 252 -6508 847 -6234 8950 -8015 7295 -4747 7648 -2115 3825 -2582 696 -2569 7146 -3166 9831 -9020 933 -9101 1915 -8317 6672 -3124 7290 -8133 8688 -8480 9472 -9438 9579 -5160 3194 -1017 5637 -4745 3135 -5721 4906 -3280 7544 -2763 7257 -736 6465 -8040 5172 -8058 4325 -7639 4321 -3826 573 -8900 5729 -5989 8297 -6734 5340 -2125 464 -4386 2587 -5863 8315 -2537 2171 -7701 9704 -4406 8697 -1917 9383 -3086 7707 -2388 3898 -2502 8842 -6208 4406 -844 9836 -7694 7149 -8035 5793 -2196 8912 -9678 8120 -825 6645 -9325 4090 -9992 5276 
129 -5841 1748 -493 6767 -9135 5941 -4796 858 -896 5865 -7112 1159 -6695 8593 -1843 1752 -2787 5675 -8613 4273 -2209 1138 -5903 3400 -7189 4617 -2633 8750 -2037 4953 -9013 3587 -9365 9177 -2154 445 -8162 5703 -8066 4921 -6675 5439 -1213 5403 -4903 1133 -7716 2649 -5285 7146 -1918 9929 -1862 8217 -462 646 -2683 8376 -9994 1326 -3000 6050 -5390 8703 -7522 4708 -4628 4827 -6317 7331 -1689 6814 -2871 6570 -1778 1246 -868 4787 -8461 2168 -1224 3229 -6460 9427 -8672 8329 -6401 2026 -9077 6375 -2453 8243 -4659 9000 -9544 2184 -1879 7312 -9114 
-833 9955 -7297 7860 -4109 5861 -2558 2940 -2752 8912 -9387 6126 -7758 689 -1675 9023 -2092 3874 -4191 5095 -3814 1497 -7473 3866 -2217 5346 -9013 7455 -5075 8712 -9355 4772 -8836 3090 -1219 2687 -505 2948 -5477 6537 -8944 2649 -4847 795 -2973 7057 -4685 7803 -7700 6771 -52 2258 -3572 4790 -3874 1746 -3709 1353 -5656 2847 -9596 9781 -6653 2796 -6598 6576 -9388 6282 -9920 3698 -6934 4061 -8566 7314 -169 8552 -1675 2604 -7806 7775 -8690 6430 -8088 7905 -2201 5205 -8787 2162 -7749 8988 -7214 2664 -7151 1541 -993 8644 -9286 9217 -1644 7519 
2054 -5262 9439 -1161 9362 -2479 4387 -8886 3553 -9299 1543 -8219 1729 -9452 990 -6803 6964 -4209 183 -9100 8370 -7308 5479 -5886 8704 -9876 6529 -2019 9152 -8435 3859 -6844 7906 -1786 2057 -7178 235 -6628 3579 -1315 1382 -826 4861 -1753 5601 -862 1316 -5978 2238 -9279 7209 -7366 9933 -5307 9571 -372 6127 -3921 6303 -2005 6046 -7671 3982 -8000 2042 -8914 823 -629 4964 -3185 580 -4281 9095 -1974 1492 -6983 6481 -272 2480 -8258 617 -622 8120 -3749 3413 -4070 3897 -50 4499 -5231 267 -6015 1250 -4876 7170 -5425 6752 -1771 623 -9900 
-7786 7518 -3451 5654 -1503 8551 -4065 7915 -485 1965 -4784 2674 -6215 2800 -3108 2725 -6539 2494 -7697 7408 -1356 7043 -7857 34 -938 5559 -3081 2355 -3590 3472 -1677 2206 -102 763 -5139 6870 -6227 650 -5395 2483 -1574 509 -7686 7648 -1894 7000 -3751 4841 -6680 1461 -6040 6244 -5357 1832 -9463 4978 -4600 7284 -8227 6061 -6394 8758 -1358 7101 -6789 6215 -6794 5542 -3141 2480 -1137 1314 -7909 8408 -5159 6114 -7571 3251 -3328 3372 -2192 2387 -755 5356 -5945 9748 -828 5933 -8269 5705 -4871 7471 -4221 4010 -8451 1716 -3566 2627 -4807 354 
8243 -2919 4460 -2416 202 -6478 8887 -3662 6586 -6100 886 -8895 6966 -4285 429 -1082 9757 -210 3654 -4734 672 -8560 2432 -6330 2223 -8623 5495 -8871 1863 -6971 8477 -2325 255 -3922 9389 -7546 5033 -8169 1885 -2566 8823 -9710 6163 -1117 5577 -5529 8325 -504 9644 -7360 704 -169 6590 -437 6674 -62 7271 -2583 6813 -7994 3576 -4193 2834 -1139 6384 -7726 3468 -937 6841 -5068 9892 -2798 6106 -5034 1634 -4044 9948 -905 4767 -2503 192 -2970 9327 -1140 2201 -9106 6702 -3439 6584 -5561 889 -6873 270 -8808 6588 -5854 5666 -9007 824 -1193 
-9162 5737 -9593 8726 -3083 2567 -1827 3365 -8300 2147 -9400 8787 -7504 7140 -390 9537 -4559 3805 -422 5649 -8867 2174 -9344 4156 -3611 7270 -622 5083 -8147 4808 -8628 1528 -6051 8573 -3511 3100 -5646 2111 -5158 3564 -5861 4433 -5204 4007 -6966 5232 -9337 6964 -4310 5678 -6752 790 -3055 9527 -8998 435 -6166 4170 -801 7942 -2818 5574 -3990 5014 -5119 6520 -1296 6109 -9668 8197 -4251 1091 -1250 8711 -8998 5818 -234 8523 -994 2091 -5947 5022 -5129 3991 -1910 3427 -1007 5565 -9520 6645 -7511 4409 -8164 9431 -2215 8981 -9674 973 -3160 6117 
8216 -9854 153 -1832 2040 -7778 8417 -5269 5503 -7391 3647 -6417 3010 -679 6297 -1290 593 -1183 5815 -5743 4860 -1542 641 -8514 8389 -1734 4495 -5151 2562 -5322 4702 -7992 6321 -905 1966 -3999 8762 -5774 857 -6656 5206 -1593 4905 -1204 7563 -6353 783 -6110 8525 -7240 5000 -3090 4617 -9036 3593 -9973 3454 -1742 5885 -4471 4878 -1302 8909 -1153 8211 -5641 7113 -5923 2053 -934 3853 -1235 8285 -5388 4851 -6972 6562 -4811 6910 -3616 1177 -2902 4635 -4630 8683 -5608 5938 -2965 9604 -5743 9420 -4051 2651 -3554 6428 -7419 1903 -3125 3036 -7131 
-9532 9097 -2177 6926 -7267 5241 -6290 265 -8596 5852 -8162 4735 -7178 5324 -1714 6166 -5499 7061 -5984 4132 -2746 2640 -8321 2385 -3764 2150 -6183 4180 -5342 6163 -4404 5265 -6586 8295 -4734 5234 -8570 2789 -9513 9472 -4955 9784 -3020 2832 -7383 9380 -2792 4513 -5763 5269 -3980 4383 -4922 8325 -6271 5960 -9052 5588 -8089 6652 -5572 6789 -1330 8835 -7323 2784 -9869 2716 -4030 4140 -8195 4233 -8416 2160 -7269 2449 -1630 6196 -8302 539 -4697 1199 -5078 2677 -9740 4321 -1684 6817 -6591 4457 -3469 1136 -1989 7738 -8451 6136 -8739 72 -5515 222 
9195 -4779 3370 -9650 3968 -6602 604 -2525 2237 -5854 9879 -577 3494 -2148 9081 -1019 4936 -4384 3637 -7551 2460 -8099 2212 -6357 7420 -6486 8279 -1828 4024 -4282 9009 -3426 9000 -9918 5667 -5126 9701 -1028 1257 -446 2055 -9808 5148 -8801 9458 -6223 1237 -1814 3024 -1381 5539 -7035 5027 -4283 8142 -4559 9122 -2966 4885 -5768 4330 -2403 2569 -646 4963 -9277 6805 -6626 8631 -7366 2840 -692 6784 -7054 2291 -9190 2024 -7858 2982 -9842 6594 -5283 2185 -3608 2920 -4316 5458 -7289 8129 -7599 8408 -4713 3606 -8733 2383 -9178 5143 -5245 1072 -6935 
-5175 3024 -7757 1878 -9072 5831 -2059 5490 -1199 1362 -5913 6418 -7205 3784 -7044 2040 -71 2699 -3455 6553 -5392 5932 -4925 3726 -4845 1037 -9219 2158 -3980 7579 -6428 6016 -8698 7592 -5252 7787 -3021 4359 -6146 3116 -1375 8137 -4285 501 -6565 7109 -7782 5066 -8836 3405 -7225 3213 -6127 1897 -1236 788 -3003 6098 -1887 1752 -1314 3105 -5370 3009 -7540 8175 -2949 8775 -7525 1658 -9972 917 -7662 4183 -5565 6926 -335 1428 -52 4879 -9816 2166 -66 7093 -1276 6282 -8165 8993 -1095 7121 -6154 4185 -7114 7167 -6783 6014 -5849 5097 -5674 1866 
3209 -3364 1249 -2891 5406 -7400 1810 -4102 9652 -1965 181 -530 5731 -4643 5728 -9062 4740 -6615 1932 -7688 5967 -9765 1230 -1784 3148 -9589 2754 -7719 7776 -9506 6640 -7501 3551 -3978 4217 -1379 8737 -1228 4278 -1298 4316 -3267 6226 -7846 8062 -2720 9473 -716 1721 -3871 1477 -9365 4317 -718 6262 -8472 9215 -5029 2116 -2656 5949 -1781 2835 -2331 9259 -1710 3851 -9600 7930 -4368 2894 -7990 5525 -985 5716 -2815 5786 -8757 2108 -1622 8116 -7853 1116 -2298 2680 -9549 9359 -289 9214 -1742 1754 -1545 3172 -6389 2806 -4054 8072 -9529 118 -4058 
-6337 8564 -2397 905 -9334 1485 -1770 4676 -4306 1778 -249 5919 -5914 4226 -6425 6433 -6140 7553 -516 6679 -4178 9206 -23 4313 -7805 724 -4934 4355 -1087 4339 -5330 7028 -5198 3898 -6 5159 -1558 8597 -5065 2581 -167 8195 -6691 1523 -5549 6699 -3804 7598 -3890 9909 -6140 8456 -2832 1728 -2325 2270 -2580 7795 -6924 1502 -276 3322 -5856 653 -7709 6820 -7190 2957 -830 3761 -4491 3714 -8243 8623 -4501 9554 -7227 8751 -5426 7186 -7263 5196 -1987 2257 -3836 1521 -6883 7827 -5005 5609 -7853 1145 -439 9696 -3314 8165 -1607 7429 -5660 7501 
1789 -8206 1185 -7036 6743 -7226 628 -7241 901 -8314 9618 -7363 5027 -7663 6064 -2760 4269 -7368 3662 -8535 5824 -363 2244 -1642 9296 -6780 9004 -6640 6989 -2660 7660 -9356 149 -7892 7773 -3457 5282 -5055 8045 -892 5234 -1779 7387 -9728 6484 -7657 6708 -9213 959 -2704 4311 -4576 2985 -30 2110 -9537 4687 -7260 9645 -2114 3805 -3613 824 -4741 9585 -6542 7039 -7490 5417 -1753 5223 -5151 7884 -841 4857 -2438 1663 -2396 4028 -1310 7430 -4009 2589 -6550 715 -7659 5005 -7497 6740 -4816 8044 -4928 9723 -6978 277 -3671 751 -4886 1298 -2629 
-5295 7245 -8086 946 -8182 4185 -8645 3564 -6197 5797 -3275 8129 -2942 1082 -9932 7980 -8103 309 -3724 5036 -8592 5560 -3782 3598 -9695 7345 -6193 691 -951 8835 -7823 5857 -8577 1482 -8077 213 -7582 834 -5508 2881 -2044 5877 -1184 1662 -9161 6583 -2563 9264 -5834 2740 -4014 3131 -429 794 -9228 94 -3735 7634 -8278 6232 -8435 7758 -4305 3973 -869 8954 -4931 7284 -352 1857 -174 7701 -3037 2052 -3935 6802 -1518 4892 -65 9768 -6296 6889 -3955 549 -2853 2832 -6978 2974 -3502 7226 -5017 9888 -2965 3140 -123 13 -133 2373 -8012 8242 
5191 -5044 8202 -537 2644 -3020 5355 -7524 4683 -3545 4583 -6922 1581 -2339 3082 -7207 4914 -1469 9971 -901 8486 -2363 6895 -558 9510 -1847 510 -2950 7294 -3397 5538 -9118 2444 -7282 5610 -2711 1401 -5226 5786 -7169 2285 -6326 288 -5140 7209 -7491 9175 -3474 2125 -6929 6299 -6315 1153 -7600 8582 -8164 4394 -8847 5952 -452 3217 -5480 3316 -2110 3121 -57 9327 -8149 4791 -2214 8006 -9907 9347 -2708 3738 -1066 5159 -2896 953 -2882 3184 -3222 2014 -137 5151 -6702 151 -4914 5372 -5051 5686 -5819 4630 -2643 1379 -2703 4155 -7716 8482 -3996 
-4082 463 -9153 8576 -7786 9379 -6096 7699 -8655 8036 -2940 1894 -6347 1230 -1140 9676 -3796 3332 -572 5964 -8655 1262 -6159 2042 -3294 4458 -6038 5185 -6274 4277 -6219 653 -297 5058 -1606 3736 -7785 644 -8956 4607 -6331 4238 -5775 2560 -5297 7083 -3355 3024 -4837 7717 -6981 2420 -3999 3096 -2834 6238 -3459 4050 -9612 9419 -8033 1805 -5514 1752 -615 2548 -755 9888 -4406 6620 -2770 8890 -8517 9699 -5605 9274 -7909 9252 -2918 5351 -2444 3052 -1116 1391 -8358 8642 -6908 8197 -7359 5680 -4941 9348 -9638 9471 -5491 3507 -383 2126 -9249 2859 
378 -8314 2849 -2500 2618 -578 7564 -5658 6757 -5372 111 -6780 4095 -8778 163 -2503 8721 -9094 7932 -9174 5500 -9423 3928 -7064 9338 -108 106 -1328 538 -5571 5342 -7040 9343 -9055 9841 -594 6426 -9171 5776 -5278 4523 -4645 7479 -1618 3611 -1407 4746 -5957 9204 -8390 3049 -4481 3190 -1846 4665 -7033 7079 -9227 1587 -5315 68 -4347 102 -446 7317 -1294 8795 -1377 4140 -4076 9026 -4479 9762 -8738 2189 -5738 3815 -9686 6074 -7388 7281 -6370 1291 -4448 6306 -3393 92 -9426 3749 -5103 1513 -9062 8112 -328 3963 -9817 813 -9496 8249 -6213 
-1559 5095 -7540 3965 -8434 1157 -7310 2679 -6464 9720 -4830 6410 -8650 5217 -6347 1853 -3014 1947 -2425 8538 -5737 9702 -5709 4966 -7177 2444 -2460 3612 -5880 3585 -4808 2115 -3099 3745 -7059 8322 -2460 1898 -7745 3891 -6677 5160 -4655 7153 -4667 2915 -146 1060 -8239 5702 -3496 1323 -7780 8237 -8048 6157 -5759 8010 -7033 647 -6346 113 -4903 2542 -3966 5793 -7521 2856 -9725 8566 -7536 2613 -4196 6632 -8611 4580 -8334 1377 -8881 7834 -464 621 -1718 8612 -7566 4803 -7730 8551 -2912 2527 -8972 3753 -2627 1235 -8380 2284 -3360 9713 -8998 8968 
3944 -5047 56 -426 8158 -7447 9476 -6391 3601 -2924 167 -4849 438 -8739 1631 -2029 5206 -7713 7538 -8132 4433 -130 3755 -6394 4822 -1283 6732 -3360 5005 -3845 3791 -9349 7870 -632 3043 -4009 9549 -7109 7962 -2389 7172 -8464 8291 -5597 6340 -9326 4583 -4386 8646 -8776 1899 -52 8130 -4035 1962 -7265 1096 -3394 7789 -6868 2094 -6275 4372 -3687 2793 -4526 5133 -1177 221 -7604 2922 -2029 2432 -5437 1741 -4633 7636 -6683 6430 -3723 3055 -8533 4413 -1188 4485 -5180 4282 -8080 8603 -5733 9863 -9508 7292 -7021 4359 -6657 7901 -4921 1039 -3413 
-3595 4734 -586 7928 -4816 7446 -1690 5804 -400 5574 -8664 9271 -9819 551 -3913 3000 -1848 2627 -5169 9920 -4262 1815 -6759 5872 -4838 2652 -5890 9918 -9030 8345 -9202 2779 -4652 1553 -6288 5932 -4385 3624 -5750 2318 -4275 1868 -1139 2296 -143 1226 -4149 1531 -731 60 -7590 1111 -8253 8579 -3034 4738 -1674 3132 -4593 3358 -2212 4081 -906 8809 -888 2788 -9324 8386 -3941 1052 -5976 2940 -8679 8550 -3330 8068 -2637 1195 -2020 5244 -4276 6277 -8966 4325 -8310 8241 -5508 7708 -5284 6456 -1422 8770 -836 8980 -7103 8610 -4791 9922 -3423 6744 
269 -7129 7311 -6060 6778 -6222 3822 -8549 5998 -6925 4536 -6140 4588 -4649 6368 -2799 4911 -3302 4624 -9685 484 -191 5066 -3388 1286 -8482 3657 -6339 2636 -6814 9508 -8760 7048 -2829 5175 -3483 404 -6766 4815 -8270 642 -8529 3492 -8680 6749 -90 5363 -4726 2868 -5634 916 -189 6360 -4701 5303 -7873 7929 -7909 4674 -2407 5640 -2333 2775 -236 6880 -6143 7264 -9124 9558 -1187 5704 -9964 1695 -7734 3841 -9688 9244 -2572 7051 -582 1842 -6357 2342 -5101 2130 -188 7998 -4332 5213 -4124 4267 -1348 9549 -205 7303 -4149 8569 -9049 7942 -8821 
-7582 9629 -6074 5950 -2664 3098 -7205 1839 -106 3731 -7721 1962 -6975 8575 -7677 9594 -1008 5685 -7256 9146 -2488 2934 -4262 6835 -1458 4723 -6700 887 -734 1629 -6380 566 -7261 7307 -7530 3970 -2500 3448 -421 1789 -8029 6524 -7282 6848 -370 4694 -300 5864 -4000 9805 -8275 3182 -9481 1937 -9330 4489 -5051 2413 -1177 1341 -2259 809 -1267 7331 -7534 7760 -1196 6714 -2399 7921 -8264 7602 -2903 8200 -455 3473 -3952 9279 -4907 4525 -5515 7744 -1433 5950 -1430 9816 -1032 1110 -7214 4651 -6652 9166 -8786 8001 -3841 7648 -7978 5820 -1086 5513 
7504 -1168 4927 -1134 1509 -7534 1363 -1119 8792 -2136 3376 -9088 332 -6715 4815 -5293 760 -8287 9079 -4423 4312 -8797 8430 -9403 5021 -8310 563 -7189 9852 -2437 539 -6886 5655 -5812 6894 -347 7193 -7452 2121 -867 5557 -1972 1804 -4289 1640 -1630 4196 -5239 4790 -5578 7408 -2412 3808 -9381 3745 -2711 9844 -1980 1124 -3938 9478 -5414 6364 -9148 2088 -29 9663 -3916 6823 -7878 817 -1891 6283 -8096 2581 -9078 4461 -6482 4857 -6798 3053 -9914 2437 -4078 3568 -7002 4117 -888 7657 -4622 2873 -1572 2910 -7364 7159 -8760 4981 -9583 4377 -1170 
-4315 7412 -8636 4868 -1167 3439 -869 597 -3873 7535 -2609 8540 -180 2035 -5933 7113 -9360 9658 -7215 1019 -4227 3339 -1777 6519 -6262 3206 -4123 8913 -8697 5011 -6605 4017 -3215 2392 -7598 3522 -447 1730 -9742 6666 -6678 738 -6621 1059 -2182 8842 -6182 3202 -2445 732 -2456 2944 -7300 323 -1225 1724 -5992 9443 -3342 3585 -7264 4887 -2736 9377 -5257 6020 -5059 9899 -7065 491 -6781 9951 -3253 5133 -3751 2706 -8883 4036 -4840 922 -4809 1401 -1769 9609 -743 2470 -2927 220 -9457 5643 -1080 9219 -7159 5967 -4594 3801 -171 6138 -9050 4643 
2191 -4413 6554 -7519 5954 -5295 4713 -2601 9142 -7176 6207 -8147 2178 -1736 6274 -8720 3943 -8665 4449 -6366 5353 -8451 300 -968 6337 -619 1834 -1105 9902 -4897 4244 -6586 8379 -2402 349 -1820 5473 -1938 2197 -6484 5631 -1095 363 -476 6160 -7024 1344 -7553 4146 -6407 7148 -8660 1995 -4973 3485 -9175 6885 -5580 2438 -286 5096 -6207 655 -2939 8012 -8075 410 -821 7990 -4278 3782 -1887 510 -2515 9043 -4250 2736 -4602 5099 -6754 8534 -6267 2902 -8466 5478 -4279 6043 -6123 5902 -4451 4595 -2073 98 -5271 4200 -5393 2351 -420 328 -672 
-2198 3058 -373 9930 -9251 5293 -783 792 -784 7485 -2953 5228 -5742 5294 -1709 7324 -3407 8027 -9171 2958 -9580 5555 -2835 2561 -8819 5390 -3424 3501 -2362 6062 -7862 4330 -2035 421 -8253 2625 -7694 4172 -4364 9332 -5202 2299 -8019 4997 -9675 5866 -5953 9901 -9881 8423 -1319 7176 -7980 1839 -1907 1149 -3034 4897 -1165 6033 -4897 1683 -3934 7734 -7258 6582 -9864 8103 -111 7981 -8563 5132 -6738 8359 -3660 3805 -9884 5720 -6684 5740 -9922 4839 -4581 4670 -5767 7418 -7130 3049 -6176 759 -3425 9785 -8611 2543 -5716 8841 -1849 8763 -3362 57 
5521 -1803 1836 -3394 372 -4338 8150 -1244 6270 -3987 7295 -7166 1379 -9948 2579 -1749 8676 -3304 2174 -7438 6444 -7733 13 -9785 4058 -946 7011 -8866 2127 -933 1419 -9643 306 -8051 167 -2616 170 -4239 7416 -2298 8905 -3182 8598 -2472 4448 -4706 2279 -7813 2144 -1210 5330 -1152 8129 -9736 1847 -1562 3051 -3184 6424 -9716 751 -2318 6483 -435 6836 -8987 1015 -1154 1721 -4444 8431 -9352 7088 -4010 2023 -2186 4595 -3025 5792 -3841 9420 -8429 9947 -3623 467 -6292 9027 -3489 9597 -3358 2941 -6627 1692 -6455 1765 -7216 9252 -7552 1349 -8777 
-4463 9794 -8634 2447 -9092 3538 -2984 3499 -4658 3061 -7630 4535 -9030 4456 -5216 4239 -239 3708 -9549 8717 -3461 4032 -4734 9370 -5702 7012 -7692 376 -9760 7966 -7381 3128 -2449 1943 -2716 3131 -3602 781 -1725 5811 -8033 9524 -6982 125 -1759 8680 -2581 3402 -5430 9387 -9963 7445 -1392 9465 -3006 2058 -94 149 -7960 4310 -6091 1160 -1773 7955 -1762 6919 -3746 4123 -6487 7527 -1552 4590 -5239 4499 -9513 4298 -8635 6394 -2920 6689 -5673 1452 -9784 3276 -1022 2072 -9973 536 -2069 6982 -826 1643 -3883 3872 -308 3954 -38 1623 -3730 2026 
1354 -1169 2198 -8937 9034 -5704 5718 -530 8724 -4264 4543 -8461 723 -7604 4706 -8030 8678 -4034 5023 -5011 9274 -7591 7238 -2282 7802 -6937 3616 -5182 273 -2432 6709 -8009 6940 -5832 5505 -4959 1443 -9922 7926 -2862 7183 -7311 5598 -2860 3795 -3571 2604 -2192 7418 -184 550 -2146 6817 -5944 8010 -542 4988 -9322 5048 -1169 7996 -5374 9655 -6512 9207 -4976 33 -5686 7797 -5310 4851 -9815 8156 -8279 7423 -8735 4597 -3828 4427 -6919 3292 -2234 399 -3753 5030 -6210 1851 -1263 5147 -3392 3957 -3844 7144 -8625 4287 -5027 1707 -5225 1563 -4306 
-8881 6095 -4088 2645 -4560 1954 -7156 6533 -9901 9072 -7694 4902 -4390 2115 -6792 5504 -3241 8568 -2927 6180 -9398 3134 -8174 8704 -9820 820 -4473 2946 -6324 1310 -1875 3370 -2944 3938 -4721 1263 -6381 4653 -7561 7053 -5009 814 -3040 6197 -598 43 -7333 3370 -658 693 -9527 3557 -737 3679 -1274 9607 -9013 8472 -183 2561 -8133 7931 -767 721 -7502 6249 -7660 6672 -3409 2572 -1301 8875 -4324 5843 -9481 7348 -5657 7282 -9284 1485 -573 7117 -2638 4594 -3150 6555 -3793 1009 -8010 4035 -8083 3319 -1417 9400 -3782 8870 -7547 5739 -5071 5256 
2505 -3524 9169 -6960 611 -6718 3568 -5823 1395 -2320 4643 -9571 4550 -9920 1202 -5635 4339 -7747 4406 -3991 7272 -7412 8299 -9392 7541 -8049 5161 -8905 7447 -9598 2138 -8490 4656 -4011 6140 -4764 9431 -2958 8438 -2565 234 -6267 6418 -526 625 -134 3770 -9740 716 -880 8069 -3346 9127 -2699 6885 -6135 4311 -2590 525 -1413 5820 -6777 5166 -1879 8228 -1291 3856 -3363 3624 -3487 2244 -421 5824 -542 9598 -7866 5853 -4884 5295 -9414 3890 -9019 3870 -7195 4802 -6510 4020 -8459 9479 -4651 8658 -5610 4999 -1142 6499 -3581 3253 -2444 1477 -3540 
-3539 9236 -2481 4456 -2463 6751 -7077 7178 -3982 6550 -2544 9201 -483 2715 -6545 3145 -6442 755 -8508 6841 -8521 7292 -2613 9830 -6942 3290 -2923 9253 -1958 6800 -3621 2316 -567 7570 -2052 1359 -6495 3227 -9886 5456 -1112 2870 -9353 7978 -8030 8147 -6638 1004 -7456 4410 -1391 1416 -2267 6309 -502 1348 -9440 1212 -6815 7522 -435 5590 -2445 3454 -859 9123 -4337 4333 -3463 7749 -90 8970 -6188 4298 -3552 774 -6392 2487 -1358 8157 -5844 7856 -9436 1638 -2891 757 -3849 3638 -7226 2537 -4405 4305 -866 5295 -652 4283 -9725 6218 -5190 5639 
8129 -5634 6100 -5030 2327 -7065 5255 -4072 8869 -7672 2597 -1995 2305 -723 3498 -7478 6627 -3325 3930 -3695 3031 -8540 3626 -6097 3817 -8234 4151 -6246 9639 -6535 4260 -445 4488 -1425 3990 -1110 3477 -7127 8710 -6065 241 -118 3444 -7571 9655 -8194 5399 -9157 8453 -7346 329 -2419 6836 -5604 8414 -4066 2025 -7358 2874 -290 8320 -3713 7858 -5025 145 -8840 434 -1918 8301 -853 411 -6404 1867 -8224 7816 -8344 9818 -9174 9478 -2150 9608 -1700 4930 -6428 4515 -7561 5879 -5173 357 -5628 843 -1863 6522 -7671 4538 -4054 1674 -8953 4339 -8756 
-3355 2312 -4401 4875 -299 3353 -6000 468 -1211 9570 -6179 6950 -4173 1502 -4206 2371 -5691 2202 -9775 3233 -9438 927 -4100 6508 -1100 3947 -1719 5061 -9895 5223 -3839 5799 -753 7804 -9126 3307 -5314 4805 -7969 2493 -6149 6121 -5126 2824 -9303 9299 -1195 421 -6386 1279 -2328 2681 -7427 1989 -2693 1009 -1240 5615 -2209 2931 -4651 9913 -2364 177 -4477 6211 -5121 2683 -7456 8044 -6541 6114 -2702 846 -2707 2346 -3480 2579 -1039 2514 -2432 2616 -7443 2388 -8463 4961 -1192 2214 -2379 3059 -6153 2184 -4970 8635 -7343 5461 -9897 9569 -2292 7945 
1047 -6671 8353 -1742 6343 -7974 4254 -9767 217 -8451 2040 -8543 2833 -2325 7236 -9982 7552 -7204 9859 -3591 1825 -9648 8616 -336 5998 -6182 6728 -3280 5810 -2066 1444 -218 2620 -1062 1463 -2827 6916 -7269 311 -3311 4187 -5933 6207 -8088 4781 -4062 9708 -7777 9067 -173 4238 -2232 6321 -9846 2714 -8333 8942 -3754 6535 -1993 6874 -9525 2476 -96 4833 -4569 2759 -244 9795 -1626 2205 -599 8649 -3364 7375 -9545 539 -1304 2528 -3600 2779 -4691 1238 -4522 7982 -3661 5104 -4762 3708 -2119 7820 -1779 6178 -2653 9685 -7836 3680 -2081 692 -8914 
-6390 1926 -5637 8604 -7360 882 -9693 8278 -4687 5367 -3267 5465 -9765 7276 -8266 413 -2304 1769 -6928 9637 -4779 6273 -5863 1279 -1977 7455 -3602 5241 -169 6427 -1507 1296 -725 5132 -3208 2718 -6786 9842 -8715 5223 -4066 4008 -5256 7349 -1530 7913 -5211 5458 -4365 345 -8183 5742 -7071 282 -9340 5884 -4506 7918 -2302 9020 -456 9833 -5548 5429 -7615 4862 -2718 1179 -796 4973 -2159 5815 -5561 7700 -5404 4868 -1103 5521 -2323 1286 -3380 8264 -4212 2247 -1842 7159 -8524 2484 -7410 4171 -5957 6179 -6574 8031 -4999 3749 -9579 9362 -7558 9207 
4233 -3953 9987 -6602 4223 -5962 1779 -7647 5083 -817 6460 -9216 623 -671 3485 -6402 3886 -3966 1627 -6454 2397 -6829 146 -3597 3935 -105 5460 -8897 5679 -4999 7095 -6663 7598 -8847 5053 -4404 7560 -7131 4494 -7346 8674 -6826 1778 -5373 8963 -3930 8922 -1511 4637 -5842 1630 -7307 9112 -3076 3302 -7928 2208 -4777 2127 -2111 5337 -6072 7549 -4876 5856 -9734 9520 -7745 1073 -4745 8526 -3030 6433 -9592 6158 -7899 8180 -473 1132 -2137 6858 -2876 3494 -1014 8920 -321 8322 -28 802 -577 3455 -4282 2124 -621 4996 -5430 4740 -8594 4653 -1768 
-3193 7709 -1986 8151 -9855 5290 -6458 4479 -6775 5592 -9269 885 -8357 8883 -5694 6048 -180 9579 -7533 5549 -2744 2922 -688 8124 -3613 2701 -3761 6396 -5265 1082 -6702 2969 -1546 7857 -7387 7326 -3525 6934 -40 4047 -2528 4771 -280 4698 -7665 5064 -559 9676 -2202 7473 -9781 2319 -9303 4096 -8549 116 -2711 994 -4291 3768 -8787 681 -6747 4593 -2144 5581 -243 544 -6298 6678 -580 8379 -1492 3190 -7886 5294 -9937 9649 -848 6856 -2914 8566 -7697 9261 -8105 6374 -6929 8459 -4556 5574 -3257 8308 -8307 6643 -2502 6144 -8130 8408 -4466 2674 
8996 -9561 4281 -9671 6707 -5178 378 -6847 4370 -1633 5414 -6714 3704 -6754 3834 -7171 6943 -4871 5693 -8299 3182 -6660 3801 -9714 1010 -6045 264 -4282 9207 -6983 4449 -7206 6666 -7479 2187 -9165 3518 -4373 4863 -5829 3217 -4998 5681 -7512 5982 -9583 7969 -7898 3444 -6007 6048 -6697 4679 -721 3654 -2680 348 -1104 8131 -7045 124 -2761 5485 -7963 7445 -4057 5563 -4380 8550 -3485 1133 -7543 3114 -4616 4756 -6207 9506 -2799 3557 -6103 589 -2028 9056 -1720 8834 -6879 4128 -6719 4611 -7084 5464 -4184 3262 -2949 6382 -9879 6149 -8629 5019 -4279 
-9745 6676 -3529 407 -4646 6463 -9804 7454 -1026 8868 -2642 3661 -949 3963 -8416 6729 -443 351 -1669 9123 -8950 2692 -1460 777 -7820 4084 -3309 4644 -658 8460 -6784 3862 -8295 83 -6789 1931 -615 7599 -2958 2370 -9896 9369 -9048 1379 -4945 7240 -8582 7228 -3885 667 -5580 1979 -7764 2810 -4873 5628 -4611 4315 -2882 2086 -4360 1475 -5937 7545 -8979 2629 -8199 6359 -9935 9175 -4319 5625 -8769 678 -5300 2761 -727 8065 -7674 9775 -4283 9019 -1298 3138 -5246 6543 -8597 3847 -153 9074 -6185 6679 -8223 9737 -9781 9359 -1858 5154 -5392 7566 
