25 909
19 15 40
20 23 36
6 3 37
1 3 36
11 18 38
6 19 16
23 6 42
13 8 8
23 1 6
22 8 6
23 5 18
0 24 27
17 19 10
9 19 9
17 1 50
20 14 15
16 8 45
5 2 6
0 13 5
23 19 14
0 2 17
2 15 39
5 12 21
16 14 1
3 9 32
14 17 40
6 21 38
3 11 2
5 23 36
7 21 23
7 1 1
10 9 29
14 23 24
10 0 22
4 4 23
2 22 33
6 0 1
14 0 35
9 1 3
14 11 47
14 5 18
23 7 50
5 20 15
8 21 20
20 23 24
16 24 16
18 18 17
18 16 19
14 5 35
5 16 37
9 24 21
14 17 1
2 18 30
18 8 18
1 4 12
18 18 36
17 0 41
5 0 40
19 7 49
18 18 30
20 7 35
10 23 49
6 2 50
4 20 35
7 22 42
12 19 7
19 1 12
10 5 10
4 11 7
9 4 44
2 2 8
10 19 32
20 17 27
22 0 3
17 23 26
18 12 3
21 10 43
19 5 1
3 15 42
7 22 14
10 12 47
8 7 10
19 3 34
12 14 25
17 22 23
5 21 30
18 13 4
10 19 28
7 6 29
12 19 16
1 6 36
18 6 11
0 9 49
24 2 19
22 10 3
12 23 30
20 12 21
0 14 23
0 1 4
6 12 44
7 23 22
1 14 10
8 3 47
17 5 44
5 25 41
4 24 45
15 24 9
8 3 32
10 24 14
11 20 10
5 13 9
0 1 45
17 23 3
24 10 30
9 11 33
21 14 21
23 2 21
6 9 22
0 8 41
1 3 16
16 20 42
14 2 38
2 11 19
7 23 10
8 17 30
0 15 27
0 16 32
16 12 37
21 25 37
21 23 1
6 25 29
10 9 11
11 5 33
20 17 7
3 11 40
14 20 17
0 20 17
10 8 19
18 4 40
19 21 12
22 0 16
16 13 45
21 12 37
22 7 39
1 12 37
5 11 24
11 6 43
5 3 24
0 10 48
9 14 40
18 24 38
0 14 25
7 6 32
11 18 25
14 21 18
24 14 24
23 18 36
2 2 45
9 9 15
12 19 6
2 11 5
14 20 40
21 15 19
23 3 22
5 2 4
20 20 21
17 9 42
18 0 33
20 6 12
19 22 36
18 18 47
20 22 34
12 18 31
24 18 25
1 14 23
12 2 27
16 0 22
13 24 28
21 16 34
6 8 18
24 2 16
8 21 14
24 1 6
1 3 11
11 0 13
20 17 46
7 12 17
8 24 17
9 4 20
14 23 19
19 0 43
12 1 43
7 25 50
10 17 20
6 21 5
16 0 34
9 10 41
11 20 9
0 2 40
20 1 27
4 0 50
23 24 6
3 6 25
23 25 34
10 4 21
9 1 33
12 8 18
12 5 3
10 20 9
3 14 2
2 17 14
18 19 40
20 8 50
8 17 41
12 25 23
4 19 18
1 5 34
3 5 20
13 0 34
11 11 19
1 24 7
1 1 40
16 22 38
8 14 35
14 14 18
7 10 42
1 14 18
2 10 43
0 8 23
16 0 6
1 12 6
17 12 12
8 19 21
0 23 41
3 16 32
10 15 4
10 24 32
23 20 1
16 6 39
17 13 45
24 18 20
14 0 33
1 20 22
15 1 4
6 15 24
21 2 32
4 17 19
8 14 3
10 12 12
2 7 14
17 20 22
5 15 44
12 9 31
7 15 48
3 22 47
13 5 19
0 22 3
24 24 2
20 20 6
14 18 7
11 16 23
4 12 36
3 3 24
16 4 22
23 13 50
16 19 2
20 16 47
1 2 31
1 20 31
14 2 31
24 0 19
20 4 16
23 2 22
20 0 47
7 14 47
24 11 16
13 25 1
7 16 2
17 10 40
4 1 5
24 10 27
19 16 19
4 8 33
4 3 41
14 23 18
11 5 22
10 2 23
4 23 14
17 18 1
4 1 34
7 6 34
10 17 36
24 12 38
19 13 35
11 9 35
6 17 40
11 8 44
7 3 49
23 14 13
1 12 6
10 10 45
16 9 25
24 8 23
17 11 10
11 3 35
1 20 33
9 13 13
11 22 41
17 19 4
14 1 29
6 8 49
20 1 34
18 22 30
13 18 50
8 20 17
3 24 23
10 20 21
6 3 1
20 21 44
7 22 5
16 13 39
9 20 17
19 7 30
16 1 25
16 15 35
0 7 10
0 17 40
4 13 48
23 5 9
8 8 44
11 20 40
7 5 15
10 13 4
8 19 13
8 14 37
18 4 24
5 4 13
3 7 48
2 25 42
3 11 16
11 6 44
18 4 43
8 7 41
9 22 30
22 7 17
4 4 11
4 18 13
18 20 20
21 3 29
8 16 45
15 23 50
1 20 1
1 21 12
12 7 2
12 5 14
7 5 15
20 24 19
17 2 14
19 18 47
7 23 30
11 6 3
11 22 31
4 14 4
4 20 32
5 3 41
11 21 31
24 6 10
0 15 50
7 11 9
0 18 48
1 11 41
22 11 41
9 6 12
16 0 40
6 12 46
16 16 18
11 10 40
0 18 5
20 8 38
7 25 47
10 3 30
24 11 12
2 2 2
15 24 35
22 8 33
11 0 4
6 24 30
24 17 1
19 7 5
21 11 17
1 14 40
15 24 2
19 5 1
11 7 36
17 5 2
8 16 30
5 18 16
12 14 46
5 5 40
24 15 4
3 14 26
5 21 23
20 14 49
14 13 18
3 15 3
17 8 19
7 20 25
0 15 22
23 25 14
11 8 16
5 4 26
21 22 50
13 10 46
21 20 13
23 17 20
23 2 29
7 12 10
17 3 1
24 3 26
3 1 41
21 4 11
2 23 9
19 10 42
24 14 44
1 4 41
16 18 37
4 14 40
24 19 13
8 15 45
12 16 42
15 25 13
11 17 30
21 24 34
23 0 48
12 6 4
2 25 49
19 11 8
5 16 39
20 15 25
8 18 50
14 15 36
7 5 48
11 19 31
19 14 27
12 6 16
23 13 37
7 23 35
12 2 17
0 22 7
15 4 45
13 19 2
11 11 45
1 20 22
20 22 11
23 6 4
8 23 42
4 5 50
12 7 47
22 15 48
21 16 6
19 21 8
4 0 19
13 17 28
3 13 22
3 16 1
12 18 44
8 2 32
19 3 18
24 25 3
20 2 48
7 3 24
5 6 10
7 0 7
3 10 4
14 3 20
10 19 44
24 20 11
21 9 12
15 24 34
4 8 8
19 5 1
24 5 50
1 0 3
22 7 8
7 18 4
5 24 44
8 12 34
0 2 45
20 20 15
8 18 24
13 10 20
13 20 12
14 0 49
9 13 44
15 14 34
20 19 26
19 4 16
1 16 3
5 20 4
19 4 11
9 4 48
2 17 43
22 13 2
22 5 42
17 16 9
21 15 19
14 13 14
2 12 45
5 1 37
22 12 46
18 2 42
23 10 49
6 3 36
17 19 47
4 6 13
20 15 38
0 14 25
1 2 46
4 14 35
7 12 1
11 10 29
23 3 15
14 4 14
20 21 37
0 7 36
12 13 2
1 14 15
23 15 37
12 20 14
22 6 47
10 12 9
9 15 27
15 22 2
3 15 3
1 24 37
10 24 38
8 2 22
18 16 13
13 13 29
3 25 30
2 9 16
11 3 31
8 0 4
6 22 16
16 13 27
9 18 3
2 22 28
23 18 46
22 4 38
13 5 21
5 8 9
0 11 42
11 22 33
8 16 13
0 12 26
15 19 21
4 24 28
3 16 41
14 23 22
15 17 17
17 7 15
12 18 1
8 8 21
13 20 4
1 6 23
3 17 24
11 24 42
5 21 39
3 3 46
4 1 4
12 3 1
8 18 44
0 14 19
19 1 26
0 25 25
15 9 25
18 1 30
13 5 48
7 24 29
23 20 24
4 5 42
1 9 8
5 8 28
3 23 21
6 20 50
6 15 28
20 16 15
20 4 3
6 1 41
7 12 47
17 14 19
6 23 45
12 2 37
10 7 3
23 24 12
0 7 24
0 11 40
21 6 36
0 17 48
18 4 36
18 1 16
23 22 45
12 19 1
15 0 3
13 1 17
12 18 22
19 21 50
1 5 49
20 17 11
2 24 47
1 14 33
19 17 17
5 16 39
3 16 10
7 11 31
24 23 1
13 18 21
19 1 4
18 4 7
20 19 4
10 0 40
6 24 37
19 13 8
16 22 31
6 21 37
15 2 12
2 8 39
20 25 8
4 11 10
11 0 35
3 20 31
12 13 19
22 24 27
17 19 39
20 15 28
18 24 3
4 14 34
16 16 14
4 10 33
10 17 7
7 21 46
6 11 32
11 16 34
6 22 34
0 20 29
6 7 1
23 7 3
20 20 16
12 3 18
23 17 37
6 17 49
6 17 48
12 7 17
17 7 10
9 4 22
14 10 41
3 22 32
8 13 15
16 17 40
22 18 5
4 6 43
0 25 34
8 11 6
3 20 48
1 7 13
6 5 6
24 9 2
7 22 25
16 2 6
20 24 6
4 3 2
1 12 3
17 3 47
15 0 19
3 2 1
24 22 32
24 10 15
14 23 49
22 15 32
4 6 31
19 5 1
5 17 4
13 22 16
15 25 7
24 18 6
23 25 18
22 9 44
18 17 33
20 0 24
1 0 5
11 9 24
0 1 17
8 23 47
4 25 46
24 7 34
13 1 46
0 19 39
24 8 46
14 14 9
9 10 50
6 16 40
8 1 12
2 13 48
11 4 8
8 19 24
17 25 6
17 24 45
5 5 42
15 23 46
12 6 29
1 7 40
9 21 46
13 25 25
5 15 14
3 5 18
9 5 2
1 14 37
6 25 44
21 12 25
23 0 37
10 10 35
9 12 37
18 22 28
12 19 30
9 14 32
6 9 1
6 17 11
6 7 21
17 16 5
16 24 30
9 16 34
15 21 26
2 1 25
21 17 37
23 4 29
8 9 24
9 20 40
17 24 23
20 25 47
12 14 5
18 20 6
23 13 26
1 21 48
18 8 45
11 12 49
8 22 47
24 1 31
2 21 8
12 17 22
22 23 38
22 19 28
23 20 49
7 6 18
3 0 2
2 13 41
9 20 29
14 9 43
3 12 46
15 10 49
9 0 48
16 13 9
4 4 11
10 14 44
1 12 50
24 24 13
0 10 25
5 7 20
14 4 37
13 16 39
24 22 20
21 0 8
10 3 47
23 23 14
16 8 28
20 23 41
17 24 43
0 0 45
1 8 14
20 4 1
14 10 27
14 25 25
9 17 34
1 25 8
23 23 46
23 20 8
17 16 23
16 13 22
8 24 13
22 12 3
23 12 42
19 15 44
1 9 16
14 24 16
9 19 23
16 6 27
18 21 1
19 14 12
2 5 19
6 18 28
3 9 4
12 12 50
6 25 46
0 5 7
0 2 29
5 15 20
10 3 25
9 3 25
9 1 23
13 21 23
17 6 40
9 2 5
0 2 17
16 13 27
11 9 1
11 16 44
5 5 8
1 13 25
13 0 22
24 20 26
0 18 20
2 15 7
11 12 3
7 17 9
22 14 35
6 1 27
8 19 20
14 18 34
7 16 11
8 10 11
19 23 8
2 7 13
12 11 10
18 24 34
5 24 13
1 8 26
14 10 44
23 2 26
19 7 20
22 23 36
6 15 50
14 2 20
10 1 21
16 16 2
0 20 17
16 12 22
3 25 4
22 19 22
7 25 46
0 8 5
21 7 9
7 15 26
5 23 32
4 0 45
14 3 41
5 5 39
23 9 45
8 0 39
2 11 37
12 24 15
1 0 10
19 0 13
24 6 20
15 19 33
19 7 25
17 14 1
1 9 39
24 2 28
4 8 34
18 0 33
20 11 2
5 0 31
17 11 23
17 17 12
11 5 1
1 1 37
24 6 16
18 10 11
5 7 44
14 23 41
23 18 6
0 3 37
5 16 21
1 8 26
2 3 2
17 8 27
17 19 20
16 25 14
7 2 21
10 13 33
9 23 45
3 16 8
22 6 12
22 8 24
10 20 13
19 7 13
19 8 3
1 2 13
23 14 23
14 25 29
22 13 43
6 12 24
0 23 41
24 20 45
21 12 29
21 18 6
8 0 41
22 17 18
13 20 2
1 10 4
