3 523
1 0 36
2 3 35
2 1 45
1 3 42
0 2 49
1 0 1
1 2 7
0 0 10
2 2 19
2 3 18
0 3 22
0 0 35
2 3 15
0 0 34
2 3 4
2 0 10
0 1 5
0 2 45
0 3 25
0 0 38
1 0 35
1 3 40
2 1 43
1 0 13
0 2 38
0 1 23
0 2 23
0 3 44
2 1 49
0 0 14
0 1 40
1 3 21
1 3 39
0 1 7
0 2 7
0 3 41
2 0 32
0 1 30
2 3 35
2 1 31
1 3 32
0 0 26
2 3 3
1 0 17
2 1 40
2 3 4
0 2 9
2 3 25
1 1 12
2 2 31
2 3 21
0 0 2
0 3 36
2 3 36
1 2 47
2 1 47
1 1 7
2 1 31
1 1 40
2 3 45
1 0 3
0 1 11
1 3 18
0 2 41
0 0 2
0 0 38
1 1 49
1 3 46
0 0 24
1 3 27
2 0 13
2 2 19
0 3 5
2 2 36
1 1 20
2 0 4
1 2 31
0 2 4
1 0 5
2 2 30
0 3 12
0 3 4
2 1 22
1 0 40
0 0 9
0 3 31
1 1 12
0 3 8
1 2 47
1 1 14
1 3 49
1 3 31
2 2 18
0 2 3
0 0 41
0 2 9
0 3 31
1 3 28
0 2 20
1 3 21
0 2 15
2 1 17
0 2 40
1 0 34
0 1 22
2 0 43
1 2 32
0 0 19
0 1 39
0 1 22
0 0 48
2 2 1
1 0 15
1 1 35
0 1 2
0 0 4
1 3 2
1 3 12
2 3 40
1 1 26
2 1 18
0 1 42
0 3 19
1 3 35
1 2 19
2 3 18
2 3 11
1 2 21
0 1 35
1 3 23
1 1 32
1 3 11
0 2 8
1 0 47
2 3 24
1 1 2
2 1 38
1 3 37
0 1 15
1 0 2
1 2 49
2 1 35
1 2 14
0 1 8
2 3 41
1 2 45
0 3 1
0 0 35
2 0 11
1 3 15
1 2 3
1 2 5
0 2 18
2 2 48
0 1 37
2 3 39
0 0 34
2 1 8
0 1 43
0 1 25
0 1 37
0 2 33
1 3 35
1 3 11
1 1 28
0 2 28
0 2 33
2 0 2
2 0 40
1 1 28
1 2 33
1 1 31
2 1 46
0 0 29
2 3 28
2 2 42
0 0 5
0 0 22
1 0 8
2 1 16
0 0 16
2 0 24
0 1 22
1 1 48
2 2 22
0 2 14
1 1 21
0 0 9
1 0 22
0 3 20
2 0 37
2 2 18
2 3 45
2 2 42
0 3 10
2 0 1
0 2 45
0 1 2
1 3 27
1 2 8
2 1 14
2 0 44
0 2 46
2 2 11
0 2 14
0 0 33
1 1 33
1 2 8
0 3 39
0 2 6
2 3 48
1 2 37
0 2 32
2 1 44
1 1 36
1 3 22
2 0 44
2 3 28
0 0 5
2 1 14
0 3 42
1 1 36
2 2 27
0 2 33
0 0 33
1 2 43
1 1 6
1 1 9
1 1 31
1 0 31
2 2 2
0 0 33
0 3 12
2 0 23
0 0 46
0 3 19
2 2 22
0 1 50
2 2 35
0 3 28
2 1 9
2 0 50
1 1 41
0 3 18
0 3 24
2 3 12
0 3 29
2 2 11
0 0 47
2 1 5
2 1 44
0 2 1
0 0 20
2 3 4
1 2 32
2 3 16
2 2 10
0 3 18
1 1 4
0 2 29
2 3 25
2 0 44
0 0 38
2 3 18
0 1 7
1 3 27
2 0 27
0 0 45
0 0 2
0 1 21
0 2 28
0 3 26
1 0 30
1 3 11
2 0 45
1 0 46
0 1 2
1 0 28
2 0 27
1 1 19
1 2 21
0 2 46
2 0 39
1 0 38
1 3 16
0 2 43
2 1 49
2 0 48
0 3 48
1 3 48
1 0 34
0 0 44
0 2 34
0 3 19
1 0 14
0 2 7
1 0 50
0 3 13
2 2 36
0 2 13
2 0 42
0 2 3
0 3 37
0 1 25
0 2 3
1 1 41
2 2 35
2 2 8
0 2 33
0 2 31
0 3 47
2 0 14
1 3 16
2 0 19
0 1 8
2 1 24
1 0 6
1 1 14
0 1 14
1 1 28
1 2 22
0 0 9
1 1 46
1 2 29
2 0 28
0 3 33
0 2 26
1 2 28
1 2 45
0 3 9
0 2 29
0 3 50
0 3 7
2 3 21
2 3 36
2 2 30
1 3 10
2 0 30
2 2 32
2 0 40
1 1 30
0 0 37
1 1 46
1 3 46
2 2 42
0 2 40
2 1 22
1 3 25
1 0 1
1 0 17
1 0 25
2 3 17
2 0 7
1 1 1
0 0 20
0 0 30
0 0 47
0 3 12
2 3 37
1 1 39
0 2 44
1 3 24
1 1 5
1 1 28
1 0 34
1 0 32
0 1 2
1 3 13
0 1 50
0 0 49
1 0 24
1 2 48
2 2 5
1 2 18
1 0 26
1 3 35
2 3 9
2 0 28
1 3 15
2 2 41
1 2 26
2 3 19
1 1 1
2 0 32
2 3 8
1 3 20
0 2 39
0 2 46
0 3 12
0 0 20
0 1 41
0 1 19
0 0 20
2 3 49
1 2 37
1 0 7
2 3 5
1 1 6
0 1 26
1 1 30
1 2 3
0 3 37
1 1 5
0 0 1
2 2 8
2 1 27
2 2 9
0 3 49
0 2 47
0 3 34
1 3 23
0 0 39
1 2 42
0 3 32
0 1 25
1 2 36
1 1 18
2 0 44
0 1 50
1 0 18
2 3 29
2 1 35
2 2 38
1 1 43
2 0 24
2 0 42
1 1 5
1 2 11
0 0 40
0 3 37
1 0 16
0 3 22
0 1 5
1 3 14
2 3 46
0 3 4
1 0 15
1 3 49
2 2 34
2 3 41
1 0 35
0 2 40
2 1 31
0 3 18
1 0 5
1 3 24
0 2 29
0 1 45
0 1 12
0 2 39
2 3 17
2 3 44
2 2 21
0 1 49
0 1 38
1 1 22
0 3 10
0 1 31
2 3 1
2 1 14
0 3 22
1 1 32
1 0 14
0 2 26
1 2 37
2 3 20
0 1 3
0 2 43
0 0 45
1 2 36
1 0 4
1 3 10
0 3 15
1 1 31
0 2 10
0 2 44
1 1 27
0 3 27
0 2 48
2 3 38
1 0 29
2 0 16
2 3 7
0 2 2
0 0 25
0 3 24
0 3 37
2 2 16
2 0 49
0 2 43
0 2 37
0 0 42
0 1 38
2 3 30
2 3 29
2 0 50
1 2 48
1 3 26
2 0 49
1 1 6
2 2 9
1 2 10
0 1 7
2 0 44
2 1 36
0 0 41
2 1 44
0 1 17
2 0 19
1 3 37
2 0 48
0 2 47
0 0 43
2 3 39
1 2 50
1 1 36
2 3 13
1 0 39
0 3 33
0 3 1
2 3 7
1 3 32
0 0 6
