4 751
0 1 32
1 1 14
2 1 29
1 3 45
3 3 2
3 4 6
3 2 6
1 2 8
0 4 39
3 2 32
1 0 14
0 1 1
1 0 3
2 1 27
0 0 26
2 0 8
0 4 36
1 1 44
0 0 39
1 1 3
1 2 5
3 1 48
1 0 22
2 4 49
1 3 42
1 3 34
2 0 40
1 3 45
0 0 35
1 1 22
1 4 9
1 1 2
3 1 46
3 2 13
0 0 50
0 0 31
2 1 8
0 0 43
0 3 16
1 0 8
0 1 31
1 3 43
1 1 43
1 2 6
2 3 39
0 4 22
0 3 28
1 1 19
0 3 48
0 3 3
0 2 38
3 4 32
0 0 27
0 2 45
0 1 4
1 4 42
1 0 15
1 2 44
0 0 35
1 1 35
1 1 18
1 3 15
3 3 33
3 2 26
3 4 43
0 3 13
3 1 50
2 4 50
2 0 5
2 2 14
1 0 20
3 4 31
0 0 38
2 2 24
1 1 45
0 2 37
0 0 27
1 2 48
0 3 6
3 4 48
0 3 38
2 0 41
2 2 33
0 3 20
3 4 34
0 2 31
3 2 44
3 4 10
1 0 46
3 1 16
2 0 33
3 0 26
2 4 16
2 0 7
1 2 47
0 0 50
3 2 45
2 0 1
3 2 45
2 1 35
1 0 26
2 1 37
2 2 10
3 2 39
0 1 11
2 2 24
1 2 10
2 1 39
1 4 1
0 0 35
0 0 34
2 2 23
0 1 36
2 1 18
3 1 29
3 0 28
3 4 19
1 2 12
3 0 13
2 4 39
1 1 11
3 0 41
0 3 34
0 0 6
0 3 32
3 2 35
0 4 31
3 0 13
3 1 23
3 0 27
2 4 10
0 0 4
1 4 7
1 3 10
0 4 31
2 2 50
0 4 50
3 4 5
2 4 31
2 2 11
3 1 25
2 1 30
1 3 17
1 0 7
1 0 6
0 0 30
0 4 29
1 3 13
3 3 10
1 0 12
2 0 41
0 2 40
2 0 2
2 2 41
3 3 6
3 4 29
2 1 8
1 0 3
2 2 50
0 2 49
0 1 48
3 1 26
2 1 41
1 3 42
1 1 50
2 3 2
2 4 24
3 1 13
1 3 21
3 1 49
3 3 46
0 2 47
1 0 29
1 2 43
1 4 41
1 0 9
1 3 10
0 0 1
2 3 36
0 2 35
3 2 16
3 4 7
2 3 50
3 4 2
2 4 46
3 3 5
2 4 27
0 4 2
1 1 17
2 3 31
1 1 1
3 2 44
1 1 22
0 1 50
2 2 1
0 2 29
2 2 42
1 0 10
0 2 15
2 1 9
2 0 43
1 4 5
0 3 50
0 1 29
0 2 14
3 0 5
2 1 17
0 0 41
2 4 45
3 1 43
0 3 38
2 3 2
0 3 32
0 0 4
2 3 39
2 4 30
3 4 16
2 2 22
1 0 17
3 3 14
3 2 32
1 1 24
1 0 12
1 2 19
2 1 3
0 2 35
2 1 16
1 4 37
2 2 2
3 3 2
2 4 32
3 2 19
3 2 13
1 2 36
1 0 12
2 0 19
2 2 27
3 4 42
0 3 12
0 0 31
3 0 22
0 3 31
3 1 3
2 2 25
1 0 2
2 0 28
3 1 29
2 3 17
1 0 20
3 4 15
0 1 5
1 3 49
2 2 25
2 1 19
0 1 50
1 3 27
3 0 26
2 0 16
2 0 32
0 2 47
3 2 30
3 0 45
0 4 34
3 2 27
0 2 17
0 2 5
3 4 44
3 0 14
1 0 32
1 3 18
1 3 50
3 1 23
1 4 5
3 2 25
1 1 20
1 0 28
2 1 36
3 2 21
3 4 32
1 1 2
2 3 36
3 0 23
0 1 9
1 2 15
1 4 20
1 0 2
0 4 27
3 3 3
1 2 48
2 1 28
3 1 45
1 0 12
0 0 15
1 1 19
3 4 29
0 1 29
2 1 4
1 0 46
0 4 16
2 1 11
1 0 28
2 4 47
3 2 35
1 2 28
3 3 7
0 1 20
0 4 6
1 4 38
3 1 28
3 1 23
0 3 38
2 4 10
0 2 37
1 0 35
0 4 45
3 0 33
0 2 40
3 1 43
0 3 7
0 0 16
3 3 3
1 4 5
0 4 15
1 4 48
2 3 5
1 3 42
2 4 45
0 0 9
0 4 8
0 2 19
2 4 23
0 2 38
0 1 45
1 0 21
1 1 42
0 0 25
1 2 23
0 0 43
3 2 17
0 3 46
0 2 39
0 1 9
1 3 47
1 1 29
2 3 31
1 4 26
0 3 28
0 3 24
0 2 26
3 0 15
0 0 4
3 4 37
1 3 31
1 0 33
1 1 4
3 1 5
3 2 40
3 1 31
1 1 42
3 0 32
2 0 29
1 4 8
1 1 20
3 0 44
0 2 15
2 3 20
3 1 24
2 4 24
3 4 15
2 1 2
3 1 22
1 1 28
2 3 30
0 3 39
3 1 9
2 0 35
0 1 28
0 2 30
0 4 41
2 2 26
0 4 32
1 3 37
0 4 14
0 1 1
3 3 21
0 0 48
3 0 41
3 2 37
1 2 19
0 4 3
1 0 44
3 0 13
0 0 34
1 0 28
3 2 15
1 3 41
0 4 38
1 2 41
2 3 36
2 4 20
1 1 47
2 2 25
2 0 7
1 0 44
0 0 11
1 0 18
0 3 26
2 3 49
3 4 20
0 4 9
1 0 48
3 1 29
0 1 32
2 3 13
1 1 3
3 0 28
2 2 8
2 2 32
1 1 4
2 3 40
3 0 13
3 4 38
1 2 13
2 0 34
3 0 40
2 0 8
2 4 32
1 1 25
0 3 10
3 3 44
1 2 3
1 3 8
0 0 49
0 0 38
2 1 42
2 3 3
2 0 27
2 0 23
2 4 49
0 0 14
1 1 31
3 3 48
2 1 2
3 4 36
0 0 17
1 2 13
2 3 32
0 1 36
0 4 48
1 2 23
3 4 6
3 3 2
1 2 6
1 2 22
1 4 24
3 3 44
2 2 14
3 1 12
1 2 11
3 3 28
0 4 47
3 4 42
0 0 28
1 3 14
3 2 32
1 1 20
2 4 32
2 0 13
1 4 37
0 1 44
0 1 46
0 1 18
0 3 5
0 2 22
3 1 47
0 4 4
0 1 10
1 4 42
3 3 33
0 4 14
3 4 45
3 0 21
1 3 6
2 3 38
0 4 34
0 2 37
1 2 19
2 0 41
1 3 22
1 1 39
0 0 45
0 1 10
1 1 46
1 3 47
3 0 50
0 3 34
2 1 43
0 1 28
2 2 46
0 1 34
3 0 35
1 0 23
3 1 33
2 3 37
0 2 31
0 0 1
0 1 37
0 3 35
1 2 15
1 3 19
0 2 19
2 3 29
3 1 2
3 4 47
3 1 34
3 3 34
3 3 18
2 4 15
1 0 43
0 1 7
0 3 32
1 1 1
0 4 23
3 0 5
2 0 39
1 2 23
3 3 25
1 2 13
2 2 28
1 3 9
3 0 20
1 0 8
2 4 49
0 4 1
1 4 15
3 0 10
3 3 19
2 1 43
2 1 36
2 4 19
2 0 24
2 1 16
2 0 38
2 2 19
2 4 44
1 4 50
2 1 18
2 1 38
2 2 25
2 0 8
2 3 37
0 3 41
0 2 42
0 2 16
0 2 38
0 1 38
3 4 24
0 3 30
3 2 25
1 3 9
1 3 50
0 1 19
0 1 24
3 1 27
2 0 24
1 0 36
0 4 25
2 2 43
3 1 46
1 2 37
0 4 8
2 0 27
0 2 10
2 3 3
0 0 36
1 4 35
2 3 19
2 0 50
1 4 2
0 4 37
1 1 39
0 4 13
3 1 45
2 0 10
0 1 39
1 3 12
0 0 10
3 3 9
0 2 16
1 4 14
3 4 21
2 1 36
1 3 4
2 3 20
1 2 13
0 1 35
1 2 18
0 3 3
3 3 13
3 4 45
3 2 17
0 3 22
2 4 5
0 4 48
1 0 46
0 3 17
2 3 45
1 3 31
2 0 21
0 2 48
0 0 33
0 4 14
1 4 50
1 3 48
0 0 27
2 3 9
0 2 38
1 1 21
0 0 1
1 2 31
2 4 30
0 3 5
3 0 20
2 3 22
1 4 38
1 2 23
2 4 6
3 4 39
1 4 27
2 2 27
3 4 31
2 4 21
3 0 26
0 4 4
1 2 42
1 2 20
3 0 4
0 0 45
1 1 43
0 0 41
3 1 17
1 4 12
0 2 4
2 2 1
1 0 40
3 2 11
2 1 24
1 3 22
0 1 21
2 0 23
0 0 32
1 4 16
0 3 30
1 1 46
3 1 10
0 2 27
2 4 44
0 3 20
0 3 21
1 4 31
1 3 11
2 2 31
2 4 48
0 4 29
0 4 47
3 3 5
3 1 33
0 3 47
1 0 8
2 1 41
3 2 14
2 3 38
3 4 14
0 3 12
3 4 11
3 3 18
1 0 13
0 4 21
0 2 30
1 3 31
1 2 40
2 1 1
1 3 14
3 2 28
2 3 15
1 4 1
0 1 13
1 2 45
3 4 38
0 2 6
2 3 14
0 1 24
1 3 48
0 0 8
2 0 15
0 3 43
0 1 39
0 3 32
2 4 12
1 1 50
3 3 31
3 4 25
2 2 1
1 3 23
0 4 14
2 1 31
3 2 17
2 1 16
1 4 3
0 3 43
2 2 23
0 1 34
2 3 46
0 0 33
2 3 49
3 4 13
0 3 15
2 1 33
1 3 50
3 0 5
3 2 17
3 2 40
0 2 22
2 4 23
2 4 14
0 1 15
2 2 14
2 3 36
2 2 29
3 3 23
1 4 12
1 4 4
2 3 13
2 2 20
1 4 36
3 0 32
1 1 7
2 1 6
3 1 31
3 3 10
2 1 14
1 1 9
0 4 27
2 4 14
3 3 4
0 1 35
3 4 17
2 1 35
3 1 30
2 4 36
3 4 46
