7 916
2 0 35
2 3 31
3 2 24
5 7 50
5 6 3
2 1 49
1 3 30
0 7 37
4 1 9
3 1 2
0 2 5
4 7 13
4 3 14
4 1 14
1 4 25
0 6 19
4 0 11
3 6 20
5 0 9
3 5 6
0 5 5
5 2 12
2 0 19
4 1 25
0 5 31
1 3 5
4 0 27
5 0 39
4 0 13
4 2 46
5 5 27
2 7 39
4 3 10
3 1 44
0 3 27
0 5 27
2 2 5
6 2 14
5 7 47
6 2 50
3 6 20
0 1 17
3 6 27
6 1 2
4 7 14
5 6 49
3 1 44
1 3 11
4 3 13
6 5 6
3 3 27
5 2 42
1 1 26
0 0 50
3 2 47
0 7 39
0 3 46
2 5 41
6 6 19
1 0 20
1 4 24
2 1 49
0 4 8
4 3 40
3 7 29
4 6 27
5 0 2
4 1 13
5 6 15
4 5 47
1 0 13
1 4 24
2 0 20
6 0 30
2 7 6
3 1 50
6 3 28
6 2 36
6 6 20
0 2 28
0 7 23
5 7 45
5 7 31
2 5 19
0 1 26
4 1 26
4 4 11
0 4 28
4 1 46
1 5 22
3 1 14
4 7 22
1 4 35
3 6 18
1 3 28
1 5 12
6 7 34
3 0 31
1 6 37
3 3 34
3 6 38
6 7 26
1 0 49
0 7 31
1 2 31
3 6 2
5 7 28
4 3 8
5 4 42
1 0 18
6 4 1
6 0 24
6 3 7
5 3 49
6 6 34
4 3 34
3 6 36
1 0 39
1 3 7
0 7 21
2 7 42
6 7 38
2 3 5
3 4 6
1 1 38
5 5 5
0 3 31
2 2 48
5 7 30
5 1 3
5 0 23
4 4 43
0 3 11
5 3 18
4 5 40
1 6 42
4 0 34
1 5 44
1 0 10
5 3 48
4 0 36
5 1 19
1 2 19
3 3 31
1 7 12
2 1 7
0 2 30
6 3 1
6 6 32
6 1 49
6 2 12
5 0 14
2 1 8
3 4 6
5 2 16
6 0 14
4 6 42
5 7 11
1 7 38
6 0 4
3 7 40
4 1 43
1 2 11
1 3 32
4 0 38
2 5 17
0 6 24
4 6 28
0 6 18
0 7 2
1 1 19
5 6 36
4 5 47
5 7 1
1 0 5
4 1 31
4 7 3
4 1 43
3 2 19
5 1 5
2 7 10
0 0 42
2 1 20
3 3 20
1 4 25
3 3 15
1 5 24
4 6 9
4 3 20
3 3 5
1 7 41
3 5 25
6 4 18
5 2 18
5 0 41
4 5 24
3 1 21
5 5 23
2 7 2
1 0 9
3 1 31
6 7 3
2 7 7
2 7 27
2 3 4
2 0 39
4 6 44
5 5 44
0 4 26
1 4 48
6 7 47
0 2 40
2 1 18
6 5 42
0 1 9
4 1 34
5 2 34
3 4 49
5 1 20
3 6 50
1 4 48
6 1 19
3 4 31
2 5 16
6 5 6
3 2 26
0 2 1
4 0 42
6 6 1
0 0 32
5 1 10
4 5 25
2 0 45
5 2 10
5 0 6
2 6 4
0 4 25
4 3 43
5 1 31
3 0 17
5 1 30
3 5 13
0 3 42
2 0 24
6 2 49
5 1 37
2 0 25
1 1 36
6 5 11
2 0 30
0 0 48
3 4 31
4 2 32
1 5 23
5 1 45
3 6 21
2 6 41
6 0 49
5 1 14
1 2 8
6 4 29
3 0 22
4 7 18
6 0 29
0 7 10
5 6 17
0 6 1
1 3 21
0 2 27
5 1 40
1 3 50
1 4 18
5 6 28
4 0 28
3 4 34
3 1 21
3 0 32
0 3 15
4 4 10
4 3 4
1 1 16
2 5 11
6 4 32
6 0 30
0 4 17
3 3 36
4 1 27
3 2 32
0 7 14
4 4 36
5 0 49
4 2 46
5 6 9
6 0 27
4 5 13
5 2 42
1 3 26
5 1 2
0 0 45
3 3 30
5 4 40
1 0 39
2 7 33
1 7 31
4 0 36
0 5 17
5 1 38
6 0 45
5 2 13
6 3 16
0 0 44
5 0 36
2 4 11
4 5 13
3 5 16
6 3 42
5 6 7
1 0 23
2 3 47
1 4 40
1 1 47
0 3 22
3 7 46
1 4 29
4 4 11
3 1 26
4 3 14
5 5 34
5 2 49
3 2 46
6 6 19
1 1 50
2 2 18
0 2 48
1 6 10
6 0 7
4 6 32
5 5 39
0 3 50
2 2 44
6 4 23
6 1 29
6 5 20
5 2 29
1 4 39
2 4 20
4 5 25
4 0 25
2 0 31
3 3 20
6 0 32
0 4 3
1 7 28
4 3 38
3 3 25
6 1 48
3 2 8
4 4 15
4 1 39
0 7 45
0 6 26
1 5 39
2 5 7
1 5 50
5 0 42
3 2 45
4 2 32
1 0 11
6 0 50
6 7 35
4 0 33
3 5 33
5 3 21
2 2 25
3 5 16
3 7 26
0 0 25
6 4 4
5 6 2
1 7 7
6 7 10
6 4 12
2 2 37
4 7 13
0 1 16
5 2 32
0 3 27
6 3 7
0 1 19
2 6 43
1 4 8
0 3 28
0 2 29
2 7 13
6 0 27
6 3 48
0 7 29
6 1 6
0 1 14
0 5 11
3 6 19
3 7 27
3 2 49
5 7 44
1 1 19
0 1 42
4 2 45
5 6 41
2 4 16
2 7 18
4 3 22
4 1 34
5 1 35
3 0 33
5 0 20
1 4 48
0 3 30
1 4 36
6 3 21
6 1 48
2 4 30
4 2 22
4 7 26
0 1 21
5 7 24
6 3 14
3 7 31
6 0 46
6 6 10
0 5 24
3 1 2
3 1 24
3 0 22
1 1 7
5 0 30
0 7 7
3 4 49
6 6 20
2 3 47
3 4 5
5 5 18
3 0 15
5 0 27
6 0 48
3 1 17
3 2 33
6 2 19
4 7 14
0 6 28
5 7 2
2 3 29
5 0 26
1 3 29
5 5 34
2 7 44
6 2 11
4 7 48
1 5 34
6 6 2
2 7 49
2 5 18
0 0 42
6 2 49
1 3 48
1 3 37
0 2 33
3 6 22
5 6 5
2 0 19
2 2 30
1 1 23
6 0 45
2 2 43
1 3 15
5 5 43
2 6 43
3 4 13
6 5 33
0 5 11
4 0 19
6 1 48
2 1 45
1 7 39
0 1 32
3 6 39
0 5 24
5 6 48
4 5 3
5 0 20
1 5 35
4 2 41
2 4 40
6 1 24
2 5 3
4 2 17
4 4 19
3 2 31
3 1 12
3 5 3
5 6 3
6 3 12
0 7 47
4 2 12
6 6 41
4 3 34
3 4 4
0 3 13
6 7 30
2 7 48
0 0 32
3 3 50
1 3 6
1 4 31
2 5 12
5 0 24
5 5 38
6 2 43
6 0 9
4 6 8
0 2 19
1 1 22
3 0 14
0 1 48
1 3 5
3 4 5
6 1 49
1 3 38
5 2 36
2 5 16
0 6 1
0 0 21
5 5 15
6 7 21
0 7 5
1 4 9
2 2 39
4 4 19
1 0 21
3 5 11
0 5 37
4 3 10
0 0 14
1 2 47
4 5 17
3 3 32
1 3 21
0 5 21
4 7 50
6 6 31
3 1 16
5 6 11
4 5 11
6 7 24
3 5 31
0 1 25
2 1 15
5 4 31
6 2 6
4 0 29
2 7 2
5 1 42
3 5 43
1 3 23
4 3 22
1 3 10
3 1 48
0 6 29
2 0 1
0 2 7
1 6 1
3 3 50
6 2 41
1 7 11
2 7 15
6 1 37
3 1 43
2 3 23
0 4 20
1 6 2
5 3 9
6 6 5
1 0 43
5 6 40
3 3 2
3 5 45
0 0 49
1 2 5
4 1 18
6 0 35
4 2 35
5 6 39
4 2 29
0 1 5
5 3 8
5 6 5
1 6 23
5 3 6
3 6 43
1 5 29
3 5 42
0 3 25
5 2 46
5 5 35
3 1 1
6 4 8
5 4 21
5 5 47
1 3 43
3 6 28
2 3 42
2 4 5
0 2 5
3 7 38
1 2 22
3 7 35
0 3 29
1 2 4
4 5 44
0 6 39
1 3 4
2 1 31
5 4 10
5 7 31
3 4 3
4 0 19
5 3 8
5 6 48
2 4 15
4 4 22
3 0 33
2 4 5
3 0 23
1 6 49
0 5 28
0 0 10
2 2 29
6 0 25
5 3 46
0 1 16
4 0 43
6 3 34
3 4 20
1 6 35
0 3 27
3 3 49
2 2 15
0 3 12
6 1 14
1 5 1
4 5 30
3 7 27
4 3 40
2 2 3
6 5 44
1 1 39
4 3 10
0 1 50
2 1 14
1 6 46
1 4 47
1 5 2
3 5 20
1 2 2
5 5 40
2 0 7
6 1 1
0 7 49
0 5 3
5 5 3
1 5 10
6 5 19
1 7 17
5 3 49
5 3 36
3 0 46
2 2 32
3 0 24
6 0 19
6 4 44
0 5 9
6 3 38
1 7 35
5 0 22
4 2 29
5 7 2
5 3 28
4 7 27
0 5 46
4 5 9
1 1 19
0 6 31
1 2 18
5 6 28
2 5 12
4 6 15
2 4 24
0 6 7
3 0 15
3 2 15
3 3 31
0 6 19
4 4 32
4 5 13
4 4 24
3 0 12
1 4 39
0 2 13
2 3 25
3 1 1
5 4 49
2 2 14
2 4 37
3 6 34
2 7 19
2 1 22
6 2 5
0 4 43
0 4 38
5 2 43
2 1 13
5 6 14
6 0 11
4 6 48
2 6 40
2 7 8
5 2 30
0 5 2
1 6 2
4 1 46
5 6 44
1 6 30
3 7 10
3 3 27
5 2 44
4 1 36
6 3 23
1 4 12
2 0 45
2 4 3
2 7 31
3 3 3
0 7 19
3 3 44
2 0 35
2 1 8
2 1 30
2 3 13
5 6 22
2 5 26
0 3 16
6 0 38
0 0 12
5 3 9
5 5 34
6 3 46
2 5 14
0 0 25
2 6 13
4 1 27
0 2 22
5 0 31
2 1 20
4 5 4
5 1 15
3 1 5
3 3 16
1 2 14
5 4 4
0 1 4
5 6 36
0 7 40
3 0 39
3 4 13
4 7 24
1 5 50
1 7 25
6 4 28
6 6 43
2 5 44
5 3 15
0 7 36
4 1 6
1 7 41
2 4 7
1 4 45
4 0 27
0 0 2
1 6 4
1 2 40
3 4 49
0 1 34
5 4 44
0 3 23
0 3 18
0 5 47
2 2 43
4 7 44
5 1 49
5 3 36
3 4 27
4 7 45
1 6 12
3 2 10
1 4 6
2 2 21
6 2 13
1 7 23
5 1 9
0 7 29
3 4 4
1 3 18
5 6 19
4 5 35
0 4 19
6 6 20
3 3 18
4 6 19
1 5 14
3 5 32
5 5 41
6 0 13
0 4 10
5 5 34
1 5 34
0 7 32
3 7 5
3 6 1
6 1 50
1 1 35
1 6 26
6 4 27
5 6 19
2 0 24
1 1 5
5 5 6
5 7 20
4 0 47
4 0 16
6 5 28
1 0 28
3 7 45
2 1 26
2 1 33
0 4 4
5 7 9
1 6 12
2 5 24
0 0 28
3 7 9
1 1 4
5 2 46
2 2 5
4 6 43
2 6 3
2 1 38
5 3 3
4 7 2
4 1 19
4 2 24
6 2 34
2 3 18
0 5 1
2 2 7
0 6 34
2 2 30
2 6 31
5 5 27
2 3 39
6 7 28
2 7 29
6 4 37
5 2 1
3 3 30
2 1 35
5 0 25
1 4 38
5 2 7
3 6 14
2 1 15
4 0 20
1 5 32
5 3 20
3 0 10
4 6 46
2 5 39
3 7 48
6 6 7
2 0 30
4 3 44
6 1 10
4 7 27
1 1 20
2 2 35
2 6 22
1 7 38
6 1 18
4 0 19
0 1 5
2 4 33
6 2 2
1 1 1
3 1 32
5 7 3
4 2 32
0 7 33
1 6 46
2 3 12
2 3 24
6 0 46
6 5 31
6 1 11
4 1 44
1 4 19
6 7 2
4 2 3
2 0 13
