20
0 0 1 1454 7038
2 97 4321
1 0 1 1930 9810
3 14 2433
2 0 1 1009 6156
3 4 4580
3 0 1 2909 9917
9 83 7670
4 1 1 2303 8369
4 15 3379
0 1 1 2885 6941
7 89 4675
1 1 1 406 8031
7 17 3468
2 1 1 2885 8751
1 46 8712
3 2 1 217 8218
5 83 444
4 2 1 6 6339
4 58 3970
0 2 1 1823 7344
8 24 3489
1 2 1 3901 6086
2 58 3555
2 3 1 1443 7289
10 54 5682
3 3 1 1664 6216
4 81 1967
4 3 1 3059 6744
4 20 755
0 3 1 3178 9808
10 60 6460
1 4 1 3158 6129
6 45 2116
2 4 1 1923 8365
1 95 5337
3 4 1 2680 9796
5 1 7987
4 4 1 2325 9383
10 88 4335
