20
98 -47 1 990 8298
29 98 2471
-25 56 1 2028 7714
43 60 7711
64 -52 1 630 6665
47 97 107
87 -79 1 2494 8088
36 34 2833
-48 58 1 2183 6077
7 65 5586
9 83 1 1678 8664
39 54 5142
-97 72 1 2134 7672
49 1 3285
94 59 1 909 8641
97 47 5832
27 29 1 1428 7465
27 49 7409
28 -79 1 3018 6858
3 20 6173
15 15 1 2105 8711
30 50 1241
-59 -23 1 3521 9705
17 12 6612
100 -7 1 1182 6964
69 13 194
88 75 1 2717 7184
19 17 2691
-38 -70 1 3083 6268
6 53 615
-62 -45 1 2472 9876
24 52 4320
29 42 1 1746 6157
92 5 108
-56 -82 1 1963 7040
53 60 4646
-50 29 1 1867 9464
52 53 391
21 71 1 3705 6273
15 34 5831
