20
8641 -172 1 579 7193
2867 4097 9580
-2931 -6906 1 1766 8721
2069 8440 5103
-668 -4777 1 2574 9190
5297 2847 2848
-2986 -3974 1 3872 6211
4009 9174 1108
2535 -2355 1 3828 8848
5947 2336 8140
-8364 -3814 1 3780 9722
719 6746 165
5894 -2257 1 3555 9573
2698 6861 701
7561 4940 1 1347 8644
7688 2253 2516
397 -9986 1 680 8732
6095 105 9407
-6021 5882 1 2111 7326
843 578 8833
4773 -6737 1 3866 6558
1541 3595 5325
1620 2589 1 893 8604
2559 4565 5796
-4483 -9013 1 2783 7791
9524 2864 6220
-805 4464 1 1747 6412
9090 7936 288
-4483 -4908 1 615 8022
1129 84 863
1201 4139 1 549 8669
229 6015 1921
-777 1975 1 1095 7428
3540 6963 2781
-6210 1094 1 2061 8531
4002 7175 9064
5712 2356 1 824 8809
6193 3402 3874
5678 949 1 3833 9294
3312 6354 8406
