20
-901 -2964 1 1704 7381
9427 2483 3355
-728 -591 1 96 6763
7285 8973 144
7679 2606 1 3928 6973
1133 392 9997
-2386 -5082 1 767 8722
4533 9349 5522
-3928 4548 1 2216 9499
7347 9887 9215
-9658 -8152 1 1953 7217
3946 863 4134
5141 -7612 1 1584 8282
8496 5054 9031
-5317 -4582 1 1085 8529
2828 2366 6605
9159 710 1 2464 8906
1488 2048 5234
6838 -7549 1 1356 7856
2451 3314 4942
-4109 -7819 1 1353 9288
2264 2473 1792
-2314 -4950 1 1306 7422
7706 4879 2311
-1404 2658 1 3924 7106
1708 2630 3487
-4182 5588 1 764 9034
8285 4835 1993
-1455 7016 1 3636 7089
6762 3088 4237
-6854 -1854 1 2666 9279
4397 8395 5505
6513 -233 1 2855 8343
2252 2234 4635
-9474 -7784 1 206 9667
4147 8408 8020
-1294 9447 1 690 6123
8739 3352 1200
3414 2073 1 766 8536
2019 3165 2009
