20
-8916 7 1 1293 6753
2354 7810 5892
-8407 4834 1 1439 7887
395 8780 1005
2953 -2787 1 844 7751
631 4425 5094
1869 6153 1 778 7025
8220 5602 9226
5213 6094 1 2760 8293
1537 3928 2823
596 -2147 1 3114 7631
9128 3863 5706
5305 2322 1 3316 6316
3838 3951 1072
2088 2095 1 2053 6547
5851 1570 1698
-8117 2447 1 1844 8778
2716 3843 6345
-3193 5279 1 755 7800
3590 9675 1873
1599 -6487 1 1314 8453
5707 7858 5994
7560 -4228 1 365 7231
5186 8307 1531
-1852 -8336 1 2170 8005
2455 3261 3111
8195 -9725 1 655 8963
6985 2473 1417
7888 -2188 1 48 6727
9467 8182 943
-9042 -7769 1 864 8511
3707 4741 1611
268 -2466 1 1408 8518
7492 1899 7005
-7931 -8823 1 2113 8782
7606 1346 5904
-1234 -6644 1 1023 8980
7644 7827 8451
-538 1442 1 2516 7299
7823 7927 4916
