20
5423 2006 1 359 6545
120 2305 1723
9623 5318 1 1382 9297
3696 7846 9986
3734 7370 1 704 6090
715 6814 903
3215 4920 1 3552 9157
2314 8856 3996
8019 -8866 1 996 9102
8972 7139 9379
2191 8988 1 1938 9154
7077 3168 9633
-6276 6980 1 75 6277
3948 7302 7729
-7612 2151 1 3024 7965
3469 695 8174
-3567 -9759 1 1904 6817
9364 6796 6357
-5021 3206 1 2849 9010
2039 4272 4831
1060 -8836 1 3195 9585
6254 9264 1457
952 715 1 989 8214
1027 8644 8215
-8545 7730 1 1353 6387
3435 2971 9107
-2372 4919 1 1239 7182
4788 5792 8157
-2520 -5846 1 176 6777
1908 4324 5869
9162 -3668 1 1483 9936
8133 4365 9026
1271 -6805 1 1086 6199
212 4537 2349
1369 9167 1 3545 7551
293 1512 2672
-8564 -2658 1 932 6154
4670 997 2550
9231 -5751 1 1898 7580
7847 4410 3372
