20
5469 8138 1 1591 6445
8947 1380 3134
3778 9202 1 705 9098
7003 4538 8535
1117 -6042 1 1118 6032
1854 7189 8393
7789 -5094 1 1149 9442
5984 233 9144
-5415 -2928 1 3146 7866
138 3024 1933
-9930 -388 1 918 8769
9037 4430 3702
9282 -9370 1 3307 7449
4252 3087 3039
-5993 -4608 1 1710 7270
53 8043 4037
524 -3465 1 3751 9430
6988 6328 4197
-6415 2477 1 1105 9736
7635 31 8270
1158 -6971 1 1880 9973
8554 5620 9485
-457 7453 1 3503 9575
5054 2773 2627
5443 8896 1 1293 9661
9926 9241 8638
8756 -3370 1 9 7849
4775 556 6218
4130 -6420 1 1633 9541
6928 6310 1877
1792 6608 1 3130 6895
9072 5432 6018
2969 1701 1 1434 7743
4249 2848 4066
2416 -7642 1 3544 9392
806 688 5020
8373 9575 1 3557 7144
3777 4624 9003
1867 -2859 1 1883 9374
9801 1961 1179
