20
8147 -2689 1 3584 6648
5538 7991 1080
5977 5920 1 2780 7264
5499 3482 8110
-8233 2193 1 3703 8399
6060 5780 353
-378 2094 1 2001 7447
4032 706 6781
134 -2557 1 1594 7057
2026 8836 9492
-5828 9936 1 3327 9388
1404 9190 1618
3485 385 1 622 9658
3388 7059 4731
3366 -6896 1 809 6233
898 4607 1353
73 -8081 1 699 6749
5438 8290 7901
-8371 -5679 1 208 6014
6324 1891 1026
-6063 1729 1 1654 7841
9000 2736 8811
3934 -888 1 1162 8863
6094 1721 2150
-3553 -4796 1 3168 9412
6783 6686 4150
7990 5667 1 127 6164
9255 4971 3168
-9261 -1752 1 557 9132
3980 1189 9710
2094 -5551 1 314 6688
4938 2214 8270
8332 6346 1 2433 7531
8923 9930 2022
240 8267 1 2381 9118
737 6950 4240
8276 -6166 1 2991 9003
8494 2181 8126
-1766 -7752 1 247 6728
9083 8232 5639
