20
-6950 -7478 1 940 6850
2019 3382 8424
-8811 -175 1 1241 9681
376 6382 3216
-460 1542 1 1643 7711
9666 3625 6638
4525 2266 1 3039 9981
386 3850 6091
-9944 1460 1 2857 9149
9755 346 5507
9677 -5464 1 3828 8239
7845 2644 9903
-1623 -7806 1 2524 8135
2007 5667 2649
9965 -639 1 3313 6227
1353 7678 1776
-8903 -5782 1 2031 7972
1821 4525 275
-7530 608 1 3455 8909
8143 8722 2235
-5626 3965 1 2897 9236
3480 2806 7195
-4567 3772 1 1866 9225
9282 3929 1969
-4412 2949 1 581 6827
6718 3402 2662
-2868 -8967 1 2151 9787
5551 1567 986
-8213 -9356 1 1924 9390
8587 8700 3918
-5983 5213 1 1705 9081
8504 3053 7899
4493 4575 1 906 9803
6735 3574 3104
-6820 -9265 1 2208 7528
2085 2167 794
5129 -3467 1 3095 6269
6397 2710 7607
2419 -701 1 706 7500
4572 9390 7752
