20
-1705 5177 1 2151 7495
7718 5331 9200
-1627 180 1 1351 9011
8802 3624 7297
-1005 4878 1 2058 9295
2124 7831 7214
-905 9421 1 2079 8644
929 1766 8624
905 482 1 1327 6351
162 1023 7312
4212 -8157 1 3550 7419
9748 1494 7350
-447 -1432 1 3638 9489
4508 6569 1506
-8592 -704 1 139 6112
897 8410 3547
-9159 5415 1 1678 8185
2179 2989 425
-1623 4733 1 1620 8560
3534 751 4349
1598 -4024 1 542 8942
2819 1223 4890
-7616 7782 1 3805 8692
8230 9434 6337
4319 -853 1 1519 9779
79 8115 397
-8973 6040 1 3378 9368
6325 7552 1647
-5427 -8804 1 3649 7258
4269 3114 6565
1700 -7156 1 3731 6526
8225 2413 2274
2739 -1352 1 1564 7290
3534 6491 7475
2554 1760 1 3279 8651
2915 390 4528
-7494 49 1 1681 9450
2672 2205 3235
-7259 1743 1 1292 6289
8615 9050 6518
