20
-2718 -4398 1 1961 8118
3743 7859 5814
2547 -5531 1 694 6319
2680 2286 5279
6577 593 1 1527 7945
1209 4984 5754
8297 -5979 1 1141 9622
2719 2256 4838
5962 -6039 1 737 8963
161 533 1878
7158 -6438 1 35 6325
300 2670 5506
9556 2279 1 3492 7532
9885 8208 9802
3205 -3873 1 2853 6654
4301 3239 7217
-2712 -3101 1 2561 9281
5251 3431 6078
2793 5837 1 2697 8010
6214 5298 1783
9824 8324 1 1121 8095
6185 8509 2809
-2410 -2073 1 1209 6170
7754 1700 1616
-8394 -4501 1 3144 9445
2940 2260 1812
211 -321 1 1374 7079
7697 184 7324
-1976 -5734 1 1337 8054
1955 2563 8504
-5531 -2055 1 1496 7019
2537 6426 4002
2614 -9292 1 2669 8015
4100 8737 8085
4303 7243 1 2189 6833
3265 6547 4968
-6860 -7895 1 1754 7685
2014 4426 7419
4880 -8185 1 1520 6010
7092 7667 8697
