20
0 0 1 1673 8740
61 62 355
0 0 1 1135 6470
20 76 9626
0 0 1 3908 6286
86 10 9322
0 0 1 3042 7319
51 34 4822
0 0 1 991 8817
197 99 6714
0 0 1 17 6652
66 77 7178
0 0 1 1914 6257
89 80 4576
0 0 1 2016 6313
142 1 8701
0 0 1 3496 6030
53 17 5609
0 0 1 2748 7681
198 72 9381
0 0 1 1155 8440
95 75 7716
0 0 1 1381 7666
151 84 2132
0 0 1 3421 8612
130 89 9645
0 0 1 3533 7310
4 55 1299
0 0 1 1009 8237
133 29 6098
0 0 1 3249 9250
11 7 2594
0 0 1 2306 7647
116 24 7618
0 0 1 22 8307
143 17 4887
0 0 1 2259 9673
158 66 7611
0 0 1 3102 9462
73 56 1814
