20
8241 6170 1 3377 7626
6352 9129 9574
-6717 -6691 1 2899 7265
3490 9940 271
-382 4450 1 1479 9129
8466 8822 709
-9149 7506 1 327 9354
469 1395 5899
-2732 832 1 1952 9527
9818 5505 8212
-4912 -9056 1 2595 7861
3362 3076 6314
-6013 730 1 1849 8524
33 9743 1234
-983 6953 1 1339 9065
6437 4870 5530
9336 -2467 1 772 6978
2575 7933 8604
5602 7590 1 1187 8582
3914 5995 6589
-2855 -3140 1 1185 7749
4492 6394 5108
8740 -6704 1 1339 8138
4001 6389 7413
1258 -6894 1 250 7891
2064 9385 1644
-3203 6786 1 2365 7784
6625 5709 2999
2118 -2528 1 2495 8813
7732 679 8046
-1760 -7820 1 3332 8517
2768 3677 8236
7357 536 1 508 7815
7041 4432 6048
-668 -7536 1 3814 6469
3769 5855 9334
-4331 -996 1 119 6651
5153 6873 8268
5323 9844 1 3581 7318
4358 7431 9695
