20
0 0 1 16 9790
61 7773 9427
0 0 1 441 9077
61 7773 9427
0 0 1 40 9283
61 7773 9427
0 0 1 799 9639
61 7773 9427
0 0 1 642 9295
61 7773 9427
0 0 1 666 9645
61 7773 9427
0 0 1 55 9928
61 7773 9427
0 0 1 543 9729
61 7773 9427
0 0 1 646 9290
61 7773 9427
0 0 1 31 9427
61 7773 9427
0 0 1 738 9380
61 7773 9427
0 0 1 342 9138
61 7773 9427
0 0 1 393 9412
61 7773 9427
0 0 1 733 9734
61 7773 9427
0 0 1 134 9616
61 7773 9427
0 0 1 442 9943
61 7773 9427
0 0 1 616 9989
61 7773 9427
0 0 1 5 9077
61 7773 9427
0 0 1 147 9826
61 7773 9427
0 0 1 226 9913
61 7773 9427
