20
0 0 1 12 7820
5000 30 5316
-2036 4566 1 7 9747
16 179 8110
-205 4994 1 884 9644
28 289 3259
-4699 1692 1 132 9918
17 130 7121
3194 3844 1 887 9612
14 139 7551
4389 2391 1 354 9777
23 238 5473
1410 -4792 1 264 9061
26 106 3631
325 -4994 1 884 9678
27 170 9719
4474 2232 1 353 9177
13 40 1033
-1420 -4797 1 636 9970
13 288 8418
-4799 -1401 1 856 9472
18 170 5188
-4898 975 1 339 9789
20 38 5869
4138 2808 1 1000 9302
18 71 3901
403 -4985 1 982 9862
28 253 2708
-3717 -3344 1 632 9193
24 126 5772
-4709 -1685 1 485 9182
13 246 9076
3599 -3473 1 33 9861
10 54 8934
4155 -2784 1 804 9234
12 71 2938
-4983 440 1 139 9497
27 231 3131
4788 1433 1 188 9172
22 68 441
