20
4 0 1 738 9527
32 2 374
4 0 1 738 9527
32 2 374
21 14 1 766 9120
26 2 6540
21 14 1 766 9120
26 2 6540
19 42 1 461 9441
23 1 9418
19 42 1 461 9441
23 1 9418
-9 65 1 282 9784
18 1 99
-9 65 1 282 9784
18 1 99
-58 67 1 560 9149
25 1 7871
-58 67 1 560 9149
25 1 7871
-102 30 1 259 9241
10 1 6645
-102 30 1 259 9241
10 1 6645
-116 -34 1 267 9817
24 2 1107
-116 -34 1 267 9817
24 2 1107
-98 -113 1 192 9786
28 1 1155
-98 -113 1 192 9786
28 1 1155
-23 -166 1 10 9641
35 2 1211
-23 -166 1 10 9641
35 2 1211
75 -164 1 256 9012
20 3 6477
75 -164 1 256 9012
20 3 6477
